-4.379075535357522853e+01 -3.103446514583258153e+00
-7.200409004628158982e+01 -2.605221853806920951e+00
-8.986433606817844577e+01 -2.106997191467287145e+00
-1.009109086819013470e+02 -1.608772525722999669e+00
-1.074734032821110503e+02 -1.110547854127134082e+00
-1.110849310135670436e+02 -6.123231731920226739e-01
-1.127544343299953766e+02 -1.140984777690529917e-01
-1.131458988100089584e+02 3.841262398668101596e-01
-1.126962930805447769e+02 8.823509913904958868e-01
-1.116931854874692505e+02 1.380575794502404419e+00
-1.103258238824806341e+02 1.878800676074957599e+00
-1.087187513852038734e+02 2.377025676929303444e+00
-1.069539290041518598e+02 2.875250859090987987e+00
-1.050852945801887302e+02 3.373476316813869946e+00
-1.031483440504088520e+02 3.871702193331034270e+00
-1.011664368906581188e+02 4.369928706308923161e+00
-9.915494573958903857e+01 4.868156186527055063e+00
-9.712398728678768123e+01 5.366385136655212662e+00
-9.508021950784949183e+01 5.864616320570130270e+00
-9.302802449023876363e+01 6.362850899078707378e+00
-9.097028695911325258e+01 6.861090636158158063e+00
-8.890890679760401838e+01 7.359338212349419095e+00
-8.684513660561719917e+01 7.857597700973524724e+00
-8.477980426244525347e+01 8.355875291761980961e+00
-8.271346003110653555e+01 8.854180390438402881e+00
-8.064647433802251442e+01 9.352527289565353286e+00
-7.857910359947780421e+01 9.850937707437829260e+00
-7.651153578990765425e+01 1.034944464598564018e+01
-7.444392384813598085e+01 1.084809825292554919e+01
-7.237641285696858517e+01 1.134697472939280694e+01
-7.030916582520980285e+01 1.184618986520992401e+01
-6.824239265268224131e+01 1.234591960589744986e+01
-6.617638742402910168e+01 1.284643130449074455e+01
-6.411158065633517822e+01 1.334813120903964467e+01
-6.204861578164451430e+01 1.385163662042697297e+01
-5.998846345002426972e+01 1.435788553706872683e+01
-5.793259395648642140e+01 1.486830326148699655e+01
-5.588323841899948263e+01 1.538505556137435981e+01
-5.384378509872023955e+01 1.591143335173525664e+01
-5.181938125742501455e+01 1.645243722579009216e+01
-4.981784745450475782e+01 1.701566566005733705e+01
-4.785106668133153818e+01 1.761266465860976282e+01
-4.593708993353732950e+01 1.826097846858865026e+01
-4.409901670282838637e+01 1.898845129890511174e+01
-4.235108417675051840e+01 1.981802616569710906e+01
-4.069097300832699204e+01 2.073938380443881613e+01
-3.911075768018868359e+01 2.173411099646095934e+01
-3.760020246044821590e+01 2.278129524739397027e+01
-3.614844701008357930e+01 2.386027546299404989e+01
-3.474490857988262604e+01 2.495019441598669729e+01
-3.338015070116684768e+01 2.603013100987022455e+01
-3.204634038520634931e+01 2.707802296572354095e+01
-3.073805594099063399e+01 2.806924438939158861e+01
-2.945276871265953389e+01 2.897496051364331748e+01
-2.819141802663837382e+01 2.976075625166131999e+01
-2.695992641779369237e+01 3.038608077082460923e+01
-2.576789668834524605e+01 3.080552465366034554e+01
-2.462371993656380553e+01 3.098270476894677117e+01
-2.353720986563454076e+01 3.092662579545498147e+01
-2.251337310774959732e+01 3.067686940376016480e+01
-2.155184657834043449e+01 3.027587728958672741e+01
-2.064851662525090958e+01 2.975987471412574337e+01
-1.979699086975788447e+01 2.915812030589452419e+01
-1.898983413023425015e+01 2.849312333853749735e+01
-1.821944599647263985e+01 2.778258317906032815e+01
-1.747929018850724603e+01 2.703932634891891240e+01
-1.676386047043644822e+01 2.627264497738146432e+01
-1.606879278278434242e+01 2.548943947888200157e+01
-1.539096961899779181e+01 2.469443213586939123e+01
-1.472826947692146859e+01 2.389103551829871819e+01
-1.407940028765091967e+01 2.308137749333211630e+01
-1.344355268091355882e+01 2.226688673816062547e+01
-1.282032819826616965e+01 2.144847124471562338e+01
-1.220957656646867306e+01 2.062646107309236498e+01
-1.161119741074975664e+01 1.980102957468712432e+01
-1.102510927069827318e+01 1.897230298625239442e+01
-1.045117564257869702e+01 1.814039174977686741e+01
-9.889278856615371538e+00 1.730559862123898185e+01
-9.339430964330032836e+00 1.646794548036702466e+01
-8.801613786850651877e+00 1.562746134593308689e+01
-8.275691880590967386e+00 1.478393271335798964e+01
-7.761252703942467690e+00 1.393723785422129247e+01
-7.257727035819835137e+00 1.308754898038331760e+01
-6.764532007427120242e+00 1.223504115300432460e+01
-6.281133912884810933e+00 1.138014903733020589e+01
-5.807189163512535224e+00 1.052328374436369707e+01
-5.342522392060131686e+00 9.664893771100818043e+00
-4.887010024059728508e+00 8.805354468468685525e+00
-4.440392962394775545e+00 7.945368815186577116e+00
-4.002352265898809769e+00 7.086282285264604575e+00
-3.572582679313980325e+00 6.229811638270608576e+00
-3.150806905405423741e+00 5.378861628006165851e+00
-2.736778021550605455e+00 4.537205643674940170e+00
-2.330185993456831195e+00 3.710688550697907928e+00
-1.930415435196305207e+00 2.907330834010254605e+00
-1.536742296922126494e+00 2.140020022170745939e+00
-1.148342993935787204e+00 1.428148537990515665e+00
-7.640415817046626312e-01 8.008632677303346714e-01
-3.818658057005794859e-01 3.020747072239656772e-01
-1.326640757065025746e-08 3.312987540944556078e-06
