-1.087974458638685071e+01 -2.020227366982463746e+00
-1.788605194588560465e+01 -1.942114107941959267e+00
-2.257494813848739668e+01 -1.854252663931841072e+00
-2.578221767651811192e+01 -1.752638006299554352e+00
-2.801805333921159047e+01 -1.636271218136520211e+00
-2.961064045792916843e+01 -1.505226493415447120e+00
-3.077590881194175410e+01 -1.359848149292670394e+00
-3.165583559453737550e+01 -1.201046928452986995e+00
-3.234404618073320847e+01 -1.030066871496665204e+00
-3.290266917220397147e+01 -8.478054705067246122e-01
-3.337264084837006095e+01 -6.550058363197024391e-01
-3.378073861643073172e+01 -4.518885777065326792e-01
-3.414405655448633325e+01 -2.383996712245538829e-01
-3.447296617374998817e+01 -1.393472873485348228e-02
-3.477309293132975654e+01 2.221317857284568764e-01
-3.504632871375858372e+01 4.709097440548909441e-01
-3.529166248613590540e+01 7.335328020861945353e-01
-3.550538079476245201e+01 1.011280254941429479e+00
-3.568137539995924357e+01 1.305144534595669592e+00
-3.581141700690751861e+01 1.615487041233034660e+00
-3.588643854166224401e+01 1.940968266680024756e+00
-3.589729685784628543e+01 2.278653492849601836e+00
-3.583929532373472426e+01 2.623026897001704327e+00
-3.571482454897982706e+01 2.967240576760360682e+00
-3.553229180053614300e+01 3.305229881724169871e+00
-3.529991143278966348e+01 3.632222821952604708e+00
-3.502524014346742831e+01 3.944740450850578117e+00
-3.471477020477316699e+01 4.240278051644623680e+00
-3.437354574665335605e+01 4.516803937234306510e+00
-3.400570159963353944e+01 4.772843341416542984e+00
-3.361490838959902305e+01 5.007569030300645707e+00
-3.320383725182083623e+01 5.220142098299790590e+00
-3.277516237185963632e+01 5.410674369983214049e+00
-3.233176540444084424e+01 5.580428924653586087e+00
-3.187632015119213591e+01 5.731148253609917198e+00
-3.141100483327214121e+01 5.864495422986910178e+00
-3.093776866388217783e+01 5.982320338110747038e+00
-3.045813305013410854e+01 6.086184689756146682e+00
-2.997340083220856144e+01 6.177607908902183809e+00
-2.948452532246733426e+01 6.257645630023183969e+00
-2.899222584994571861e+01 6.327061427349158329e+00
-2.849706552628104461e+01 6.386451029028701321e+00
-2.799950325699615661e+01 6.436338962351468851e+00
-2.749992605500276355e+01 6.477261788598850600e+00
-2.699871243225484463e+01 6.509845651853201964e+00
-2.649608807882278683e+01 6.534353712860814234e+00
-2.599231454488091586e+01 6.551265212810102767e+00
-2.548758783132725725e+01 6.560796872441523320e+00
-2.498201904380944072e+01 6.562931258159395931e+00
-2.447577958426546374e+01 6.557933240094796723e+00
-2.396896432740279437e+01 6.545849100305992430e+00
-2.346171651352129928e+01 6.527019049605975454e+00
-2.295415283909076010e+01 6.501598849757058929e+00
-2.244633315642429494e+01 6.469572043542282103e+00
-2.193836213200181007e+01 6.431232416736929025e+00
-2.143033043984476294e+01 6.386719096963429543e+00
-2.092228238538174523e+01 6.336025644464549522e+00
-2.041429990856971699e+01 6.279466331533784640e+00
-1.990645674008883148e+01 6.217233829151896707e+00
-1.939882797946044590e+01 6.149418007948605158e+00
-1.889145280807727545e+01 6.076003228645362242e+00
-1.838439174915503571e+01 5.997300244859901319e+00
-1.787769583982991861e+01 5.913530864144286525e+00
-1.737141121554239120e+01 5.824849550236095297e+00
-1.686558407381868463e+01 5.731353875176203871e+00
-1.636026635137140417e+01 5.633085613267700076e+00
-1.585552200604011297e+01 5.530023096688230666e+00
-1.535138905336700077e+01 5.422056411244017049e+00
-1.484791596159560001e+01 5.309349113576995016e+00
-1.434515924494338890e+01 5.191956444139450788e+00
-1.384314798115841150e+01 5.069813270633881430e+00
-1.334191541654264590e+01 4.943085978516349677e+00
-1.284151024644435068e+01 4.811818745011906095e+00
-1.234196477546489668e+01 4.675922102612415365e+00
-1.184332801633069998e+01 4.535509230841990203e+00
-1.134563593101019485e+01 4.390540413276379894e+00
-1.084893900555782054e+01 4.241156094948272504e+00
-1.035327805286286385e+01 4.087335824376014060e+00
-9.858707556338339728e+00 3.929217395756314790e+00
-9.365279704087660306e+00 3.766766323236206748e+00
-8.873068536993653055e+00 3.600076228086186436e+00
-8.382162252934385549e+00 3.429046404265730263e+00
-7.892649690976819343e+00 3.253638861585238296e+00
-7.404670514507714074e+00 3.073853089814055473e+00
-6.918370425138598456e+00 2.889397731928342594e+00
-6.433924065428088923e+00 2.700222348416972729e+00
-5.951529695146065890e+00 2.506133295656829407e+00
-5.471413086600737330e+00 2.307025673332080640e+00
-4.993794728312257014e+00 2.102796999946734413e+00
-4.518894202616322353e+00 1.893605412753896156e+00
-4.046894093677138926e+00 1.679800585358284248e+00
-3.577956408407004130e+00 1.462244839459439616e+00
-3.112263308635380810e+00 1.242350114358788282e+00
-2.650067897137442952e+00 1.022208295055854199e+00
-2.191843597198729565e+00 8.048696759601986495e-01
-1.738240242812572500e+00 5.944411434962506569e-01
-1.290322025515538762e+00 3.972121812778736105e-01
-8.496776772541232425e-01 2.222953378043067141e-01
-4.185547706242064847e-01 8.316168129833781397e-02
-2.256690831377757865e-06 1.086573834728968975e-07
