2.819001913584768815e+00 3.030429455858306298e+01
4.632674002660503554e+00 3.048251077053608071e+01
5.685742889194948191e+00 3.066120168354194320e+01
6.165573938906208085e+00 3.084087831081459896e+01
6.215683882057515319e+00 3.102212706758396621e+01
5.946718006080591756e+00 3.120565462881792840e+01
5.444913947289623302e+00 3.139234198619693572e+01
4.778698423547432128e+00 3.158331183942286557e+01
4.003921639427161949e+00 3.178001447665135970e+01
3.167905309325996566e+00 3.198439001008625837e+01
2.262393024907777495e+00 3.221005519765725467e+01
1.305710633739315396e+00 3.244402708633598564e+01
3.118908807312820719e-01 3.267556175878234370e+01
-7.079522253326960834e-01 3.289622776412569749e+01
-1.746464880708776812e+00 3.309952622884925688e+01
-2.798651853068158335e+00 3.328110669936697263e+01
-3.859976884919731788e+00 3.343843884215421980e+01
-4.927233624242747467e+00 3.356997032933962544e+01
-5.997645745381379179e+00 3.367505981793051717e+01
-7.068653443921987467e+00 3.375346653553133791e+01
-8.138209700642626387e+00 3.380492422227371208e+01
-9.204233378486986084e+00 3.382911528433466941e+01
-1.026539860924490810e+01 3.382530287895652776e+01
-1.132023910919668275e+01 3.379280947560611992e+01
-1.236747886856671386e+01 3.373063384688306598e+01
-1.340637599307497929e+01 3.363752317153733884e+01
-1.443631382019463238e+01 3.351269867974815497e+01
-1.545684578139379717e+01 3.335599003331837054e+01
-1.646732498481753382e+01 3.316797149143093293e+01
-1.746719609461434075e+01 3.294931530650667639e+01
-1.845595377854902353e+01 3.270085653322298924e+01
-1.943278366293781900e+01 3.242372059931242489e+01
-2.039712298429557080e+01 3.211858467691101282e+01
-2.134784505178969027e+01 3.178654260964058764e+01
-2.228379583768683503e+01 3.142781174087106066e+01
-2.320329055713195388e+01 3.104249469237859671e+01
-2.410442775970112450e+01 3.062986921886292535e+01
-2.498494683642734060e+01 3.018901621498570265e+01
-2.584222380129681795e+01 2.971878665119879770e+01
-2.667320055365787468e+01 2.921776988758439231e+01
-2.747496037372986422e+01 2.868383946227239534e+01
-2.824456990307680471e+01 2.811608654612363978e+01
-2.897965297648591232e+01 2.751317431350394926e+01
-2.967846393086945511e+01 2.687556968989834516e+01
-3.033963495323927972e+01 2.620427593629438690e+01
-3.096208834668016507e+01 2.550078234559686052e+01
-3.154497580192137107e+01 2.476698193125882952e+01
-3.208735357926526888e+01 2.400540737142672398e+01
-3.258797660293372189e+01 2.321800381584552042e+01
-3.304543267054410194e+01 2.240726446387189341e+01
-3.345787331970871037e+01 2.157502643723364955e+01
-3.382340886913839739e+01 2.072325905926711087e+01
-3.414006940497004194e+01 1.985400079938190743e+01
-3.440576090127817110e+01 1.896934674653316222e+01
-3.461828839739897745e+01 1.807104540435781104e+01
-3.477588598563012567e+01 1.716126203698460628e+01
-3.487717537583350946e+01 1.624189850943149693e+01
-3.492187029710795798e+01 1.531508050369197171e+01
-3.491057660068747737e+01 1.438350947605233188e+01
-3.484384518230534411e+01 1.344990314568251932e+01
-3.472225680022508953e+01 1.251713285202422732e+01
-3.454673567462180728e+01 1.158866078282738599e+01
-3.431791746110479124e+01 1.066802104555121034e+01
-3.403649248396565241e+01 9.759228579342835275e+00
-3.370239884956303911e+01 8.866556769652980563e+00
-3.331473945294405326e+01 7.994318148230676435e+00
-3.287251916440995103e+01 7.146728053030440009e+00
-3.237571475741597027e+01 6.328542437315891611e+00
-3.182328373757677653e+01 5.544262977210683729e+00
-3.121503788555865810e+01 4.798516528037419349e+00
-3.055144074857512138e+01 4.096627233830510306e+00
-2.983146466732989310e+01 3.444065179648609476e+00
-2.905484808147667053e+01 2.846133380345254871e+00
-2.822150535422968787e+01 2.307024404989149957e+00
-2.733311180589926082e+01 1.828789934350244506e+00
-2.639310905922246064e+01 1.410530458703149970e+00
-2.540776899529354438e+01 1.048262646571385348e+00
-2.438433836514539266e+01 7.367215340821273717e-01
-2.332902579816913757e+01 4.706529891778037378e-01
-2.224764474677283488e+01 2.448019881034556311e-01
-2.114538256807212591e+01 5.450101924576723766e-02
-2.002600382367735321e+01 -1.040374096996849046e-01
-1.889312622486526649e+01 -2.341167382283191045e-01
-1.774934702728278424e+01 -3.383035967998828664e-01
-1.659707726418967155e+01 -4.187875624161733201e-01
-1.543861500186874203e+01 -4.773705971720718644e-01
-1.427573270378428383e+01 -5.154779489267067305e-01
-1.311036437592663439e+01 -5.344222601160132369e-01
-1.194456978837276040e+01 -5.354086801077158064e-01
-1.078059788039819011e+01 -5.195810618678464721e-01
-9.620509987680504693e+00 -4.881057505125409035e-01
-8.466421017344657685e+00 -4.426036323662837502e-01
-7.321318258485024266e+00 -3.855881861063714111e-01
-6.188431895648827563e+00 -3.203687791615451030e-01
-5.072258405854709551e+00 -2.510830701151453570e-01
-3.978814544915981077e+00 -1.822283658074028423e-01
-2.915409065922412779e+00 -1.182644036797282222e-01
-1.892057423870391109e+00 -6.358031225497025318e-02
-9.194792787959410463e-01 -2.264160913095263419e-02
-5.838979962951599898e-10 -2.670532419146513789e-08
