-1.057181733296408943e+01 2.757435089589832522e+00
-1.693782910282956067e+01 2.498597310840710239e+00
-2.096278646760258013e+01 2.194135810837395173e+00
-2.350195562553606621e+01 1.845048971070000654e+00
-2.507882982204135658e+01 1.460681390906749311e+00
-2.602596648111628141e+01 1.051061196005118603e+00
-2.655835810310698264e+01 6.243195694683389974e-01
-2.681482794827718052e+01 1.870984259014915330e-01
-2.688462209171996165e+01 -2.554353460298365852e-01
-2.682427267813119087e+01 -6.988671303392899326e-01
-2.666976031830871463e+01 -1.138901941995603018e+00
-2.644469895978818030e+01 -1.571624775885756664e+00
-2.616484933174081462e+01 -1.993850706228809999e+00
-2.584178077805671236e+01 -2.403489119860074741e+00
-2.548434116821928797e+01 -2.799492366142296795e+00
-2.509943183632534058e+01 -3.181601786889949768e+00
-2.469240351926355359e+01 -3.549999224715809198e+00
-2.426715187931172224e+01 -3.904972184080697684e+00
-2.382690064571507449e+01 -4.247143333001772270e+00
-2.337408922027561786e+01 -4.577014699152455179e+00
-2.291010186734098042e+01 -4.894562086443331239e+00
-2.243624824303227783e+01 -5.199976062659064979e+00
-2.195325715946336942e+01 -5.493127470537901402e+00
-2.146210493787916107e+01 -5.774383116131735605e+00
-2.096351916988286135e+01 -6.043965205507786820e+00
-2.045808921488436383e+01 -6.302049420495564824e+00
-1.994633991061704492e+01 -6.548844880959947545e+00
-1.942878323226664250e+01 -6.784671231766269628e+00
-1.890602617704488964e+01 -7.010012696762743190e+00
-1.837833469234742978e+01 -7.224892053201553033e+00
-1.784608564993272495e+01 -7.429628130712749190e+00
-1.730982085253868519e+01 -7.624867094363215081e+00
-1.676990888083525277e+01 -7.810933828204159823e+00
-1.622652483125743217e+01 -7.987901774794226917e+00
-1.568005816862748958e+01 -8.156301903312638046e+00
-1.513079296102453952e+01 -8.316464740238849629e+00
-1.457894069888540045e+01 -8.468558982427191850e+00
-1.402466081311519908e+01 -8.612600651241409722e+00
-1.346799895043162110e+01 -8.748457151123156805e+00
-1.290920148652714339e+01 -8.876468520230396564e+00
-1.234844806748735024e+01 -8.996801245833502492e+00
-1.178587121421666239e+01 -9.109455683488514310e+00
-1.122149522178764869e+01 -9.214263027241676340e+00
-1.065550768027602402e+01 -9.311465619183291409e+00
-1.008804050729539625e+01 -9.401098493615558382e+00
-9.519113814777512061e+00 -9.482994426903925245e+00
-8.948887041680075427e+00 -9.557356347292348175e+00
-8.377472284178409723e+00 -9.624157854077656893e+00
-7.804879921351673744e+00 -9.683138623522966171e+00
-7.231257540084945923e+00 -9.734358506657768473e+00
-6.656646165234143098e+00 -9.777595177965631379e+00
-6.081209237411854041e+00 -9.812916185449044093e+00
-5.505010414825981968e+00 -9.840080807009174535e+00
-4.928228347422463962e+00 -9.859129758852017034e+00
-4.350950808163161376e+00 -9.869776172385883228e+00
-3.773370157215663490e+00 -9.872012126454968950e+00
-3.195600310832434232e+00 -9.865474950670758858e+00
-2.617853894196477516e+00 -9.850063639477976807e+00
-2.040283056648510396e+00 -9.825267298163739227e+00
-1.463143481553374814e+00 -9.790780836928451691e+00
-8.866681035185782767e-01 -9.745774089373195892e+00
-3.111559961989825984e-01 -9.689466376351088428e+00
2.630234542026333999e-01 -9.621012228132824973e+00
8.355032790177443491e-01 -9.539360980421335512e+00
1.405802414330588279e+00 -9.444011512753059279e+00
1.973399099499803633e+00 -9.334021480854794106e+00
2.537710008710130971e+00 -9.208792145354916414e+00
3.098086257573341662e+00 -9.067994134016878149e+00
3.653706267009443120e+00 -8.911562021393036659e+00
4.203475287891825118e+00 -8.738716933053234825e+00
4.746019369467088467e+00 -8.548818704043876338e+00
5.279558203926593585e+00 -8.341256659549152630e+00
5.801712152708800474e+00 -8.115332087028070518e+00
6.309200027413660372e+00 -7.870111188140987757e+00
6.797378319370755761e+00 -7.604217597914700200e+00
7.259633129735885149e+00 -7.315475015605415798e+00
7.686798551138121383e+00 -7.001523788384077740e+00
8.065951006822592362e+00 -6.659079469190583467e+00
8.380093680845385862e+00 -6.285359697653136735e+00
8.608282079787731078e+00 -5.879315762214092800e+00
8.728385325876651279e+00 -5.443139229498496157e+00
8.729134452349992301e+00 -4.987236354730462118e+00
8.617723274936995637e+00 -4.527977435128963890e+00
8.406308113151387928e+00 -4.080235999733784702e+00
8.106563530811015994e+00 -3.655001255910944824e+00
7.733764451554195674e+00 -3.257684913825955153e+00
7.302993939351686059e+00 -2.889761078469625044e+00
6.826664668453623186e+00 -2.550528556396153501e+00
6.315327823905491300e+00 -2.237407075541879120e+00
5.777651279969418852e+00 -1.946862931273338981e+00
5.220838253429691989e+00 -1.675327881654099293e+00
4.650242332260722478e+00 -1.419997469381014454e+00
4.070176472336632933e+00 -1.178842462092990484e+00
3.483997992907775121e+00 -9.508375225817313758e-01
2.894535211276908271e+00 -7.360632298819792529e-01
2.304446869953211241e+00 -5.359904682333723747e-01
1.716576498278060470e+00 -3.540265028844790662e-01
1.134146441333629962e+00 -1.963338834467347749e-01
5.609718402806095350e-01 -7.306764099523191391e-02
-8.532292134831385156e-08 -8.303341438067837332e-07
