1.189048359369506791e+01 1.410267443226580752e+01
1.901125035513879169e+01 1.410940928272270156e+01
2.298597683055823282e+01 1.411606710892201200e+01
2.488908609112505488e+01 1.412255726070402950e+01
2.542852640472807124e+01 1.412875942562992471e+01
2.507100754495323969e+01 1.413450234523248561e+01
2.412456359935232442e+01 1.413953351871624875e+01
2.279304542177628790e+01 1.414347453457262382e+01
2.121218265987663187e+01 1.414575412809629107e+01
1.947359487297360658e+01 1.414550712241142350e+01
1.764099940155566770e+01 1.414142137527155896e+01
1.576148322408817037e+01 1.413150565590749075e+01
1.387383283668594558e+01 1.411273738840256620e+01
1.201539574935074839e+01 1.408052794691287524e+01
1.018089124523303290e+01 1.402684441487768829e+01
8.367885719119991350e+00 1.394380272089866324e+01
6.579624626405859544e+00 1.382567323830293660e+01
4.819524365793027343e+00 1.366722716785562675e+01
3.091405238771364861e+00 1.346399193776082726e+01
1.400093143661853556e+00 1.321183388030499728e+01
-2.485091689449338836e-01 1.290572559312527012e+01
-1.846759979672300434e+00 1.253964022918538923e+01
-3.385795138928473058e+00 1.210597971222634683e+01
-4.856274826723826266e+00 1.159681967467447272e+01
-6.250104029076724466e+00 1.100545792837471559e+01
-7.561715430317411446e+00 1.032934358954216947e+01
-8.789222964278456729e+00 9.570573615485656660e+00
-9.934406023100702754e+00 8.737809126744192412e+00
-1.099988177954442570e+01 7.842047544947313931e+00
-1.198682623182926221e+01 6.892670506569900546e+00
-1.289506615700287817e+01 5.899145293323724282e+00
-1.372154682066347320e+01 4.869720555750575386e+00
-1.446051301343574202e+01 3.811516309042044082e+00
-1.510424518529021398e+01 2.733114543267440855e+00
-1.564039155177828455e+01 1.641704084624485249e+00
-1.605502428681414884e+01 5.442075094081760822e-01
-1.633704378103118060e+01 -5.553043417412139027e-01
-1.648907144374330613e+01 -1.652437379779658766e+00
-1.652639057007079870e+01 -2.740790061809344369e+00
-1.646496976649725141e+01 -3.813668840717166386e+00
-1.631585631786206037e+01 -4.864998042362818964e+00
-1.608740584846611199e+01 -5.888752258534248440e+00
-1.578445864276228860e+01 -6.878720851735939945e+00
-1.540923120747893904e+01 -7.828934679637461258e+00
-1.496462815793259615e+01 -8.734555175103274394e+00
-1.445474595667533890e+01 -9.592319525674477987e+00
-1.388565717406066469e+01 -1.040053381554497669e+01
-1.326326226201201486e+01 -1.115810824455725836e+01
-1.259409502558539629e+01 -1.186470369248073098e+01
-1.188355818001710418e+01 -1.251953710788055929e+01
-1.113636407295443931e+01 -1.312165648646465499e+01
-1.035677426309176141e+01 -1.367014000910126548e+01
-9.548766098967016447e+00 -1.416423780809099320e+01
-8.716137941405904144e+00 -1.460347288017186251e+01
-7.862606684622290842e+00 -1.498769565958817651e+01
-6.991877077503816373e+00 -1.531710038898875759e+01
-6.107636472490358237e+00 -1.559227678361887826e+01
-5.213946008494661832e+00 -1.581417389792018113e+01
-4.314113607313837306e+00 -1.598212785778521905e+01
-3.412014129574193699e+00 -1.609581406334624631e+01
-2.511198678143444329e+00 -1.615294848992250820e+01
-1.615604841851290496e+00 -1.615108701739503161e+01
-7.291398882142113846e-01 -1.608717895944787557e+01
1.441473287209730503e-01 -1.595960611953028874e+01
1.000318497531907047e+00 -1.576788478471841159e+01
1.835725743070128591e+00 -1.551260321515400520e+01
2.647220006516580959e+00 -1.519554981355958923e+01
3.432496239037501784e+00 -1.481996564865499622e+01
4.190217704849848346e+00 -1.439112934415997280e+01
4.919633425754552647e+00 -1.391428398289038704e+01
5.620697561321340352e+00 -1.339539468949282330e+01
6.293080520849831494e+00 -1.283972134595367720e+01
6.935468741360576672e+00 -1.225038091172423194e+01
7.546548678665619292e+00 -1.163043356000389039e+01
8.124716483493966024e+00 -1.098319399389880680e+01
8.666903234667453049e+00 -1.031059791393818870e+01
9.169314641339646244e+00 -9.614820023095099089e+00
9.626859557783582488e+00 -8.898284598467997242e+00
1.003252646032678896e+01 -8.163429720332182171e+00
1.037799127334867322e+01 -7.413843342093264788e+00
1.065408319361595879e+01 -6.655767602492255186e+00
1.084940372913741058e+01 -5.897893563919735627e+00
1.095035766401832156e+01 -5.153295716500061019e+00
1.093875992932047758e+01 -4.439335954235366088e+00
1.079323393066050940e+01 -3.778847448144815324e+00
1.049253611502766503e+01 -3.196031937595434247e+00
1.003234255749934256e+01 -2.703690216159166937e+00
9.444976590837310226e+00 -2.293072918021671125e+00
8.768002558186605455e+00 -1.946705264086667109e+00
8.029847428534550247e+00 -1.649165118511773498e+00
7.251014086275253234e+00 -1.388649005220820465e+00
6.445547227527165468e+00 -1.156638106410108779e+00
5.623681623267915874e+00 -9.469684270468432530e-01
4.793340916563010090e+00 -7.555561200147197232e-01
3.960586499674888294e+00 -5.801331847551451926e-01
3.131196035131713185e+00 -4.200112244280552187e-01
2.311544480295962156e+00 -2.763744455366877739e-01
1.509141906791000798e+00 -1.528263083653980947e-01
7.344389471834874561e-01 -5.660278125877939853e-02
3.634515287602832845e-10 -4.178202625724930413e-08
