-3.137600554119146423e+01 1.807823810902558392e+01
-5.045372592783819243e+01 1.823590792839054586e+01
-6.156115670529215578e+01 1.839357858626858189e+01
-6.752476024053014214e+01 1.855125108455655081e+01
-7.016873418393858231e+01 1.870892678375414775e+01
-7.067044740758166199e+01 1.886660766805644229e+01
-6.978984995831633853e+01 1.902429673197318039e+01
-6.801754908465508720e+01 1.918199856380727653e+01
-6.567040390445245635e+01 1.933972023968298615e+01
-6.295326530424762268e+01 1.949747270232462171e+01
-5.999889107019129852e+01 1.965527289324012372e+01
-5.689381370127701842e+01 1.981314705376407659e+01
-5.369520124020947804e+01 1.997113583816669902e+01
-5.044199644962542095e+01 2.012930223511490979e+01
-4.716250479885703584e+01 2.028774384097783212e+01
-4.387990977840343731e+01 2.044661187642310196e+01
-4.061679019991944983e+01 2.060614065167681730e+01
-3.739951967701132673e+01 2.076669322173615839e+01
-3.426340552554262331e+01 2.092883212742643195e+01
-3.125956798472709153e+01 2.109342900615684613e+01
-2.841705500287478969e+01 2.126380290761929004e+01
-2.571447324201694684e+01 2.142428373515210183e+01
-2.313580506128859327e+01 2.154267205684077524e+01
-2.066806661084675767e+01 2.159087267294425772e+01
-1.830785590429846366e+01 2.155074891663901582e+01
-1.605514724406012661e+01 2.140975968150196707e+01
-1.391014994966777785e+01 2.116198014483750001e+01
-1.188427808245328166e+01 2.081425800438022833e+01
-1.000084661895054872e+01 2.037716392134920795e+01
-8.297185614873175297e+00 1.986386857007620321e+01
-6.834413879089725086e+00 1.929544737414552813e+01
-5.708647300981499306e+00 1.870074981986259033e+01
-5.063750760400974826e+00 1.811986471544998878e+01
-4.999031094011440857e+00 1.752623399269532811e+01
-5.310805623780576745e+00 1.692545844821231071e+01
-5.860659309110485715e+00 1.631910013371020085e+01
-6.558548042434348524e+00 1.570693915868032420e+01
-7.346121835407031675e+00 1.508777897182168992e+01
-8.185601968388041882e+00 1.446031026915136941e+01
-9.052512864452271657e+00 1.382269946747851819e+01
-9.931277878119448843e+00 1.317416305642883145e+01
-1.081147046151019531e+01 1.251334475791310297e+01
-1.168641446300590481e+01 1.183965372900081015e+01
-1.255144343683912922e+01 1.115242990104711751e+01
-1.340322523561760626e+01 1.045107778061636239e+01
-1.423915673161501516e+01 9.735361033266414665e+00
-1.505635679516798930e+01 9.004202698521181603e+00
-1.585222961049741386e+01 8.256810974895909538e+00
-1.662407266275593543e+01 7.492825362289915248e+00
-1.736781838989605831e+01 6.710872386070998452e+00
-1.807862694563900163e+01 5.909697505625204350e+00
-1.875046611611017511e+01 5.087682122382553906e+00
-1.937698859510203420e+01 4.244075603611525693e+00
-1.995082048639148553e+01 3.378717739126002595e+00
-2.046281544288697773e+01 2.491525235464554733e+00
-2.090328833592736402e+01 1.583823813387990054e+00
-2.126123713416598804e+01 6.571837439775127798e-01
-2.152977226503977803e+01 -2.838701679545290735e-01
-2.170559009033150488e+01 -1.232259545138972401e+00
-2.178495294629563617e+01 -2.180189263578864001e+00
-2.176715144311712180e+01 -3.118094607155059705e+00
-2.165029551317869050e+01 -4.035279183389477886e+00
-2.143087385906625997e+01 -4.920112423434840565e+00
-2.110725266707748560e+01 -5.760664263764364357e+00
-2.067883154223945041e+01 -6.546110299230702090e+00
-2.015486650368964305e+01 -7.271178342480816958e+00
-1.954948310135159062e+01 -7.935566204240862120e+00
-1.887851561590611382e+01 -8.542477128741277070e+00
-1.815465781804577361e+01 -9.094896067234939707e+00
-1.738902797633991071e+01 -9.596545795441723925e+00
-1.659051104697894630e+01 -1.005032219476981936e+01
-1.576508506297583345e+01 -1.045688372805177302e+01
-1.491829824405932037e+01 -1.081720318644648415e+01
-1.405423686583427134e+01 -1.113057422495311677e+01
-1.317737693440223623e+01 -1.139698568146643254e+01
-1.229183914925355836e+01 -1.161465787637318137e+01
-1.140156506912114942e+01 -1.177979618372822301e+01
-1.051163207374398212e+01 -1.188843401286235668e+01
-9.627765802039920828e+00 -1.193307505968332372e+01
-8.757141168787548224e+00 -1.190385347967048979e+01
-7.908847714539862572e+00 -1.178956107705199052e+01
-7.093521348477055177e+00 -1.157853367301267689e+01
-6.321778713961754725e+00 -1.126323655358685905e+01
-5.601122753790551911e+00 -1.084549199646878392e+01
-4.933550199739291209e+00 -1.033837858608807636e+01
-4.317950962885431565e+00 -9.757677949498487990e+00
-3.752544138366975091e+00 -9.116792297567283043e+00
-3.234427481165127016e+00 -8.428452129207812504e+00
-2.762049169831519269e+00 -7.701774234596456381e+00
-2.333065851502174937e+00 -6.945302180878625720e+00
-1.945637253315943616e+00 -6.166296307388115849e+00
-1.598141402120191401e+00 -5.371568152201502855e+00
-1.289043636684005900e+00 -4.568252727892371468e+00
-1.016885587726795270e+00 -3.764672793127597838e+00
-7.802844546815336235e-01 -2.971157349716472051e+00
-5.767175175370076179e-01 -2.202514079092714461e+00
-4.028661306373035322e-01 -1.479992201761697324e+00
-2.537532444371308205e-01 -8.353532367826418392e-01
-1.223437518383045652e-01 -3.169844652909284966e-01
6.210907733466824821e-10 -1.562501579351280255e-05
