8.638468745546111549e+00 2.212910539445022451e+01
1.389628721192961613e+01 2.175957267944667706e+01
1.718572720990879432e+01 2.134462737748066985e+01
1.926875398187213762e+01 2.087239538939428840e+01
2.058599732754961309e+01 2.034983450468152100e+01
2.141736529155676294e+01 1.978454319718595400e+01
2.193143834525362834e+01 1.918992047716879767e+01
2.223702192428822855e+01 1.857618387419341843e+01
2.240634712860596167e+01 1.794998433686654238e+01
2.248735381728988258e+01 1.731570965216058156e+01
2.251208670989383265e+01 1.667619026573327901e+01
2.250205345320754091e+01 1.603305178901226569e+01
2.247143412362374448e+01 1.538730342206334356e+01
2.242950421934407856e+01 1.473956210997910965e+01
2.238225615240432376e+01 1.409021682542348408e+01
2.233348356357190312e+01 1.343952834490956860e+01
2.228550216756271141e+01 1.278767303034751102e+01
2.223962263761144342e+01 1.213477344784510414e+01
2.219645070236815343e+01 1.148092466947636225e+01
2.215609438321361679e+01 1.082643536622001967e+01
2.211847398021860300e+01 1.017137719447759459e+01
2.208322487014249447e+01 9.515903642600497037e+00
2.204977021134608961e+01 8.859956328265536030e+00
2.201732203030241664e+01 8.203809701346630234e+00
2.198500776286366332e+01 7.547498527899788812e+00
2.195188261196567581e+01 6.890843158641265731e+00
2.191706673065892019e+01 6.233699523534682818e+00
2.187982513664993434e+01 5.575882009221468039e+00
2.183960936133190955e+01 4.917477727258658504e+00
2.179590678823825201e+01 4.258532998269211056e+00
2.174826298053470452e+01 3.599335154675622039e+00
2.169608561090112175e+01 2.939870296819518725e+00
2.163886520540380332e+01 2.280381233638411498e+00
2.157595785401106525e+01 1.621088506568148180e+00
2.150653928221823108e+01 9.619796593820907349e-01
2.142991479606389049e+01 3.033537453776539161e-01
2.134516512898176543e+01 -3.547270723424985062e-01
2.125155114272841672e+01 -1.011884344834830252e+00
2.114808782990914082e+01 -1.667957283239096977e+00
2.103407399634003383e+01 -2.322515230649866425e+00
2.090865196433257722e+01 -2.975115152587204381e+00
2.077085161292973581e+01 -3.625262512951672900e+00
2.061963448355647088e+01 -4.272387258328742554e+00
2.045394687921163523e+01 -4.915845649716643173e+00
2.027279268608001317e+01 -5.554945022870911409e+00
2.007542071631820590e+01 -6.188764203788215568e+00
1.986052495909463644e+01 -6.816355198993897524e+00
1.962721678586357399e+01 -7.436728341469843073e+00
1.937522046274298759e+01 -8.048745796421782117e+00
1.910392425995726029e+01 -8.650984481494235823e+00
1.881238153630225440e+01 -9.241612938123019205e+00
1.849910753800041618e+01 -9.818413955818208194e+00
1.816301140989021334e+01 -1.037891671406811867e+01
1.780313312399374581e+01 -1.092023658414963982e+01
1.741837961625263986e+01 -1.143879115202531338e+01
1.700707351287886482e+01 -1.193008761527133643e+01
1.656757042309344286e+01 -1.238903458541985181e+01
1.609878757994345833e+01 -1.281040788880458159e+01
1.560094122195918409e+01 -1.318920799683428946e+01
1.507426812501631552e+01 -1.352056342333385963e+01
1.452088811896773457e+01 -1.380160468531965634e+01
1.394349366813385949e+01 -1.403117631020306000e+01
1.334631837742590044e+01 -1.421072478526849459e+01
1.273360491225848179e+01 -1.434283548497972482e+01
1.211011930016073990e+01 -1.443126463504883716e+01
1.147984263153378492e+01 -1.447882606307924647e+01
1.084655465799476737e+01 -1.448775052095019156e+01
1.021336434401436044e+01 -1.445884017022082091e+01
9.583567874898191619e+00 -1.439277809296470956e+01
8.960489268749427083e+00 -1.428913239950962044e+01
8.347404306545900710e+00 -1.414638653420601777e+01
7.747792951934832750e+00 -1.396321059857402069e+01
7.165354674776439836e+00 -1.373846779326333944e+01
6.604053397531322922e+00 -1.347126383776838665e+01
6.068156546389231742e+00 -1.316093643190823137e+01
5.561923999864020196e+00 -1.280674121960736400e+01
5.088825818841838711e+00 -1.240936589837911086e+01
4.650793853163128766e+00 -1.197053701885714716e+01
4.246960731676357348e+00 -1.149486808484938649e+01
3.874710606715879191e+00 -1.098855414888311266e+01
3.531363010737969876e+00 -1.045691108824937210e+01
3.213988610128388768e+00 -9.904894735624411695e+00
2.920105137332864587e+00 -9.336676679239495513e+00
2.648083545934555971e+00 -8.755075032250376310e+00
2.396319816020884730e+00 -8.162468903009312271e+00
2.163157395050326670e+00 -7.560882347099584067e+00
1.946830984149195087e+00 -6.952096369662137398e+00
1.745429592047653022e+00 -6.337766223979092395e+00
1.556954479879124165e+00 -5.719755353628173999e+00
1.379722811203350386e+00 -5.099872640115703959e+00
1.212268539764619124e+00 -4.480133630344928619e+00
1.053258651892926556e+00 -3.863032072204382494e+00
9.014807045371505678e-01 -3.252080209941969446e+00
7.560434188207153516e-01 -2.652034955986160014e+00
6.163393241279938595e-01 -2.069702339049088291e+00
4.819901067887795154e-01 -1.514868794490818571e+00
3.527765608354582749e-01 -1.002379864659975528e+00
2.288499140449800628e-01 -5.543272678891978389e-01
1.108136642561925039e-01 -2.036214783587597943e-01
8.679896466367407774e-09 -6.391838572420827245e-06
