1.962773222157552055e+01 2.444444141650772551e+01
3.221533467512752225e+01 2.395245259657290049e+01
4.011442564247743547e+01 2.346046359732070030e+01
4.492796206039765394e+01 2.296847420755403135e+01
4.771100978128161785e+01 2.247648414665040306e+01
4.915787203085046997e+01 2.198449301467763561e+01
4.972544600558024541e+01 2.149250022130587467e+01
4.971440007197082878e+01 2.100050488088326617e+01
4.932259407211362401e+01 2.050850565503060707e+01
4.868023376033323046e+01 2.001650051478576842e+01
4.787300515905790377e+01 1.952448638003471970e+01
4.695729905586909325e+01 1.903245857216369785e+01
4.597023054718834345e+01 1.854040998268252594e+01
4.493623378842160321e+01 1.804832981010740411e+01
4.387140363879741045e+01 1.755620164068707467e+01
4.278635558655322058e+01 1.706400053198268196e+01
4.168811208635628418e+01 1.657168858115799992e+01
4.058135046475651819e+01 1.607920819063025064e+01
3.946923411922443847e+01 1.558647183464487540e+01
3.835397469934792980e+01 1.509334650869108252e+01
3.723722516127148197e+01 1.459963009902493347e+01
3.612037353651228955e+01 1.410501547408140866e+01
3.500478961503031172e+01 1.360903591819928060e+01
3.389206837559645180e+01 1.311098221329495139e+01
3.278431341755773332e+01 1.260977663696994533e+01
3.168451075414184714e+01 1.210378149107132195e+01
3.059705938093667754e+01 1.159050814297564891e+01
2.952855288625423213e+01 1.106617488622015344e+01
2.848895097128424680e+01 1.052503506713449966e+01
2.749334902142216563e+01 9.958356107666078927e+00
2.656465295996753895e+01 9.352868112308707182e+00
2.573102798426283044e+01 8.684747133067295621e+00
2.499504939343738030e+01 7.955234578349817731e+00
2.434612197331237837e+01 7.176670911395479635e+00
2.377078068368574648e+01 6.362466240170538967e+00
2.325676936789206550e+01 5.523544973695567073e+00
2.279275696177072774e+01 4.668722674746297763e+00
2.236865074922759433e+01 3.804670213441990967e+00
2.197520552687822359e+01 2.936510642499198021e+00
2.160430498801450483e+01 2.068094837381236228e+00
2.124909643092485823e+01 1.202299101284034721e+00
2.090397770216389262e+01 3.413197732204721335e-01
2.056436517673721553e+01 -5.131657362727570781e-01
2.022649654032924715e+01 -1.359734402408953491e+00
1.988714642563270374e+01 -2.197080353055527624e+00
1.954355504362402129e+01 -3.023803564530935795e+00
1.919293038024861175e+01 -3.838495945665386433e+00
1.883300963303743458e+01 -4.639850381759390352e+00
1.846155472111889395e+01 -5.426573101957015588e+00
1.807678530026526786e+01 -6.197596387976388677e+00
1.767757802313976612e+01 -6.952010899480857375e+00
1.726314563769871313e+01 -7.688704428412193259e+00
1.683258134900531999e+01 -8.406025255196430734e+00
1.638491486611174253e+01 -9.101701043691576842e+00
1.591909203087408819e+01 -9.772688218323555276e+00
1.543388302143444157e+01 -1.041493864713942585e+01
1.492765952364836757e+01 -1.102311632883498405e+01
1.439886675294887297e+01 -1.159082205243224628e+01
1.384645802543166937e+01 -1.211091531319169690e+01
1.327009780516026360e+01 -1.257611429745867859e+01
1.267143573420579372e+01 -1.298083177885269990e+01
1.205312265350113776e+01 -1.332097471163536895e+01
1.142015453564876459e+01 -1.359644962687706204e+01
1.077800199349532129e+01 -1.380789424339438298e+01
1.013256828203995319e+01 -1.395654964456903890e+01
9.489810323393827574e+00 -1.404277453658409591e+01
8.855738300857426637e+00 -1.406589879909612328e+01
8.236385145797155971e+00 -1.402537206988320406e+01
7.637562649621503219e+00 -1.392215928861957330e+01
7.064742612551933476e+00 -1.375881178376492819e+01
6.523217681373710164e+00 -1.353798069686365402e+01
6.017794101700181031e+00 -1.326230539083131177e+01
5.551566922083145172e+00 -1.293557679886000855e+01
5.124411408442616001e+00 -1.256421479553730691e+01
4.733468319288935966e+00 -1.215610427338049426e+01
4.374579719079997098e+00 -1.171890977477572271e+01
4.043603539501823718e+00 -1.125912342369844055e+01
3.737362807869451409e+00 -1.078152456633518064e+01
3.453146671445423088e+00 -1.028976786129715570e+01
3.188362830142862148e+00 -9.786848959003441095e+00
2.940871969048360235e+00 -9.275108399898124745e+00
2.709216733251271769e+00 -8.756134488522672399e+00
2.491876739786903272e+00 -8.231320392434440691e+00
2.287620595954386715e+00 -7.701731476070931670e+00
2.095344167916474376e+00 -7.168234923423924876e+00
1.913967185908596269e+00 -6.631661234648030145e+00
1.742739754340126179e+00 -6.092638352318611616e+00
1.580732613247197715e+00 -5.551859024818145194e+00
1.426793963575894164e+00 -5.010202407324172214e+00
1.279854503470571947e+00 -4.468677239868416251e+00
1.138855949418912994e+00 -3.928567657361587528e+00
1.002722568884560683e+00 -3.391675987407054560e+00
8.705423008801893570e-01 -2.860502730902340307e+00
7.415063822323476606e-01 -2.338676339870114251e+00
6.148872184728998436e-01 -1.831628399296226339e+00
4.900957380677375963e-01 -1.347428813392669289e+00
3.665952513659540002e-01 -8.983543909367862623e-01
2.439660517629371472e-01 -5.029146545338899488e-01
1.218602305610416436e-01 -1.892401792091895352e-01
3.822644732735288386e-08 -3.062057619487812180e-06
