-4.306469604634170167e+01 -2.189781035304883616e+01
-7.051644527603833978e+01 -2.210940421558901292e+01
-8.766529610824498775e+01 -2.232099808278635678e+01
-9.806954962143629473e+01 -2.253259196014718313e+01
-1.040586767968658677e+02 -2.274418585503093482e+01
-1.071575907805368075e+02 -2.295577977799192482e+01
-1.083645264499137397e+02 -2.316737374470345756e+01
-1.083329455293148555e+02 -2.337896777881506338e+01
-1.074906150715042656e+02 -2.359056191626360999e+01
-1.061175584720418072e+02 -2.380215621182404107e+01
-1.043970836934336859e+02 -2.401375074909362795e+01
-1.024491873518107923e+02 -2.422534565572951948e+01
-1.003524217511724856e+02 -2.443694112671645158e+01
-9.815820960633274694e+01 -2.464853745990511413e+01
-9.590021497329057354e+01 -2.486013511029780076e+01
-9.360047802135161987e+01 -2.507173477297416042e+01
-9.127343157073417501e+01 -2.528333750976920768e+01
-8.892853132241074832e+01 -2.549494494278860302e+01
-8.657197908527551533e+01 -2.570655955002569115e+01
-8.420785302547139395e+01 -2.591818511695067784e+01
-8.183885090573676280e+01 -2.612982742636416233e+01
-7.946678175831198132e+01 -2.634149531222513829e+01
-7.709289559201734221e+01 -2.655320226948825990e+01
-7.471811121885922091e+01 -2.676496891330350891e+01
-7.234318371951789572e+01 -2.697682673570514567e+01
-6.996884206711381182e+01 -2.718882384435005761e+01
-6.759592199024997683e+01 -2.740103372904195567e+01
-6.522551828844899546e+01 -2.761356865351316259e+01
-6.285918435756563127e+01 -2.782660011276987078e+01
-6.049921528541723603e+01 -2.804039008382701681e+01
-5.814906610631965123e+01 -2.825533876448578852e+01
-5.581398143240853216e+01 -2.847205749935023888e+01
-5.350195119757939466e+01 -2.869148018205019568e+01
-5.122516667549756164e+01 -2.891503343401937443e+01
-4.900224209524078844e+01 -2.914489657083781893e+01
-4.686160668883226776e+01 -2.938439872886118565e+01
-4.484668528676964883e+01 -2.963862551916547616e+01
-4.302376398030707350e+01 -2.991534903283573144e+01
-4.138944247359795270e+01 -3.023830811439217925e+01
-3.990151454749559434e+01 -3.052799422674799246e+01
-3.852592873388537953e+01 -3.072835703532215490e+01
-3.724173350793628856e+01 -3.081656061484949660e+01
-3.603668606701218380e+01 -3.078961278183909300e+01
-3.490324934462759643e+01 -3.065168167784411679e+01
-3.383648559749313023e+01 -3.041267952577464939e+01
-3.283121066889567885e+01 -3.008412136746810006e+01
-3.188024155769794987e+01 -2.968131723049828352e+01
-3.097518951048502700e+01 -2.922086646529528409e+01
-3.010799234531903323e+01 -2.871797451190695583e+01
-2.927156614270860757e+01 -2.818511346002566498e+01
-2.845952168730543619e+01 -2.763210625879015581e+01
-2.766584581392633879e+01 -2.706666170920651737e+01
-2.688545613389895905e+01 -2.649503675836687222e+01
-2.611410773643865824e+01 -2.592193694386640246e+01
-2.534872515110509283e+01 -2.535111974703762527e+01
-2.458671293685095094e+01 -2.478552876478993028e+01
-2.382642077196877750e+01 -2.422771886774582129e+01
-2.306636427404276191e+01 -2.368022871667974627e+01
-2.230544174517496359e+01 -2.314564232165823654e+01
-2.154265330532747313e+01 -2.262664095345221682e+01
-2.077742473493576369e+01 -2.212589489870424941e+01
-2.000868554319554349e+01 -2.164577404598024302e+01
-1.923593769298197742e+01 -2.118701818875747023e+01
-1.845929219819806377e+01 -2.074832356398464484e+01
-1.768043955736319361e+01 -2.032668103679340277e+01
-1.690139562876722579e+01 -1.991851902756560833e+01
-1.612414923084449470e+01 -1.951965887292362822e+01
-1.535097471619062048e+01 -1.912534640339141490e+01
-1.458467150584616334e+01 -1.873065663793003921e+01
-1.382800394777954978e+01 -1.833028632741869046e+01
-1.308389689229534802e+01 -1.791892509655195553e+01
-1.235562578497952302e+01 -1.749186523432088691e+01
-1.164676859565000200e+01 -1.704477375229256708e+01
-1.096118027246220095e+01 -1.657381931405556941e+01
-1.030272960194654885e+01 -1.607543815160986966e+01
-9.674619756543087590e+00 -1.554692059174550778e+01
-9.078460689075559031e+00 -1.498693775111427939e+01
-8.513563386718180581e+00 -1.439641600196702953e+01
-7.977185232466742271e+00 -1.377885306715467983e+01
-7.465850331549010122e+00 -1.313865209145726176e+01
-6.976323819656880865e+00 -1.248009734683574123e+01
-6.505945799609164304e+00 -1.180612862760642123e+01
-6.052074698580466539e+00 -1.111976041919874625e+01
-5.612620410457604514e+00 -1.042322586296271503e+01
-5.185894669588959616e+00 -9.718493697897852002e+00
-4.770722011173385901e+00 -9.007063155295956136e+00
-4.366264777089538640e+00 -8.290177986517608844e+00
-3.971983302535228688e+00 -7.569139392117094189e+00
-3.587771650887642938e+00 -6.844943931967038431e+00
-3.213693822867035976e+00 -6.118809437140116714e+00
-2.849965677248143425e+00 -5.392155497541926579e+00
-2.496709118935318994e+00 -4.667001652921032750e+00
-2.153815040745895804e+00 -3.946644525370345491e+00
-1.821080453343711714e+00 -3.236098406969900587e+00
-1.498354245404269092e+00 -2.542920623596455432e+00
-1.185437580503067911e+00 -1.878031037966786609e+00
-8.813766973596908194e-01 -1.257564881895868014e+00
-5.841460559197209079e-01 -7.072433443819129417e-01
-2.911311020253204984e-01 -2.672708516145625435e-01
-1.317670397550897067e-10 -1.819077430646474553e-06
