-2.565654781487345915e+01 -2.289597734679520880e+00
-4.184995001612221444e+01 -1.959299361351964031e+00
-5.181712520552219559e+01 -1.628998448422238621e+00
-5.771479523293530178e+01 -1.298691990073542968e+00
-6.095262002845976212e+01 -9.683759624731396176e-01
-6.245196987202561445e+01 -6.380445850859096657e-01
-6.281506890819023425e+01 -3.076892594963057115e-01
-6.243555038193466089e+01 2.270300907004185048e-02
-6.157071912868987340e+01 3.531519972986955636e-01
-6.038878713778100149e+01 6.836878943472646242e-01
-5.899975360988573669e+01 1.014356843905193761e+00
-5.747559841445395534e+01 1.345229415151751651e+00
-5.586349602604290965e+01 1.676413557692230327e+00
-5.419447573047857958e+01 2.008074418711325304e+00
-5.248911792608945603e+01 2.340464660333540170e+00
-5.076133223688355400e+01 2.673970842785598823e+00
-4.902091101701136466e+01 3.009184388280776723e+00
-4.727532701439979945e+01 3.347010153020443024e+00
-4.553110520557337537e+01 3.688832538724343024e+00
-4.379502064085021118e+01 4.036769638082505551e+00
-4.207534219849908652e+01 4.394062069597159059e+00
-4.038335057448545484e+01 4.765667883267933114e+00
-3.873540917835746455e+01 5.159172748610060921e+00
-3.715596810771518932e+01 5.586182515339162435e+00
-3.568205266717530577e+01 6.064453789979572740e+00
-3.437005975973397653e+01 6.621153655008743755e+00
-3.321373129708184280e+01 7.329123590101673358e+00
-3.215431163501442313e+01 8.118822224918980979e+00
-3.115108888029358525e+01 8.943085324764888711e+00
-3.017744423691148015e+01 9.772480059519880413e+00
-2.921737297052304427e+01 1.059067872161781665e+01
-2.826197587225682284e+01 1.139072608451283664e+01
-2.730851425402877908e+01 1.217212749881990241e+01
-2.635677899267657054e+01 1.293667503747796843e+01
-2.540781745308239081e+01 1.368720562799601481e+01
-2.446369107444435187e+01 1.442692018576380875e+01
-2.352663854924713860e+01 1.515909757874629094e+01
-2.259922509364882970e+01 1.588663534189902471e+01
-2.168386984300645892e+01 1.661212727698240954e+01
-2.078231768466994822e+01 1.733758724784127736e+01
-1.989547207679606800e+01 1.806341781475130404e+01
-1.902296748964624840e+01 1.878920564766914936e+01
-1.816311953453119443e+01 1.951198047459354612e+01
-1.731333938788602822e+01 2.022745101609369911e+01
-1.647016511502538805e+01 2.092948136009836801e+01
-1.562923040661549834e+01 2.161037548580067025e+01
-1.478582728948389580e+01 2.226101453007119702e+01
-1.393502844537523089e+01 2.287132159801705811e+01
-1.307278581283005892e+01 2.343118759681308561e+01
-1.219593374645655359e+01 2.393117994953160732e+01
-1.130349244489807781e+01 2.436485737736731849e+01
-1.039757676687255739e+01 2.472996767166706888e+01
-9.481367462467101603e+00 2.502556521718661386e+01
-8.559723854098226781e+00 2.525273751793971755e+01
-7.637575051738666687e+00 2.541099335685345295e+01
-6.720918772963105248e+00 2.550064066374451244e+01
-5.816654473310540752e+00 2.552072760698000664e+01
-4.933092784713183576e+00 2.546893632444563593e+01
-4.080583451463909661e+00 2.534116344793210374e+01
-3.272090831408667189e+00 2.513065698023127936e+01
-2.523162438979254851e+00 2.482880878544166947e+01
-1.849120309857937849e+00 2.442753175846915425e+01
-1.255675616238810743e+00 2.393039613365082374e+01
-7.328378154027707092e-01 2.335653375895810768e+01
-2.642048741083568575e-01 2.272788642304660200e+01
1.657684345474571830e-01 2.206233761761315648e+01
5.698891163189221398e-01 2.137330080531098631e+01
9.578735484375924258e-01 2.067031140010563206e+01
1.336916431898616642e+00 1.995998731276944937e+01
1.712131422404979286e+00 1.924681832775489099e+01
2.086643743413442831e+00 1.853379058378874333e+01
2.462110137241456886e+00 1.782275816333925889e+01
2.838778482319172181e+00 1.711467684668974343e+01
3.215478457966473691e+00 1.640974612839134750e+01
3.589552041975923924e+00 1.570752167882626615e+01
3.956721870625133697e+00 1.500705511236648171e+01
4.310924143842699507e+00 1.430686572891955599e+01
4.643995891412276755e+00 1.360504294919101653e+01
4.945666831650586737e+00 1.290006723430736990e+01
5.202948661199463309e+00 1.219027406903743938e+01
5.401388202438543118e+00 1.147496595571751676e+01
5.526764480204080066e+00 1.075470057108614164e+01
5.570417333089867640e+00 1.003246728397033039e+01
5.530898419554329593e+00 9.312404279563173404e+00
5.415031355773182398e+00 8.598691645079467705e+00
5.232321633693001850e+00 7.894220821394393184e+00
4.994981391726483366e+00 7.200415771563534406e+00
4.714009192554835970e+00 6.517876951342613800e+00
4.398293010861792141e+00 5.846807484489738194e+00
4.055154146615375765e+00 5.187192536647970087e+00
3.690774095930208443e+00 4.539219284325566761e+00
3.309723761237297612e+00 3.903593442656839052e+00
2.915826794057072124e+00 3.281808558976171852e+00
2.512240243867300382e+00 2.676702031029543960e+00
2.101440864973343370e+00 2.093068427331886028e+00
1.685473573160177096e+00 1.538661853032901705e+00
1.266161823722789181e+00 1.026049233218444101e+00
8.448818698208322431e-01 5.750341580881420667e-01
4.226767161613419477e-01 2.168414795447004551e-01
-1.116504253940647711e-08 4.809372923723849998e-06
