-3.005003922239810521e+01 4.335105794373480137e+01
-4.949114091132376103e+01 4.280722755066219776e+01
-6.185003730878388239e+01 4.226339715513933726e+01
-6.953912912984357320e+01 4.171956675428400274e+01
-7.414931619006226526e+01 4.117573634427387930e+01
-7.672951846387012154e+01 4.063190591967276077e+01
-7.797131406856850333e+01 4.008807547247230474e+01
-7.833067622269442154e+01 3.954424499068063881e+01
-7.810823779245768606e+01 3.900041445620905733e+01
-7.750221191021013567e+01 3.845658384168462618e+01
-7.664328397150970318e+01 3.791275310562728862e+01
-7.561761685646683873e+01 3.736892218514198305e+01
-7.448201887024390544e+01 3.682509098483885168e+01
-7.327394435235525805e+01 3.628125936003035434e+01
-7.201808733183169409e+01 3.573742709124637429e+01
-7.073072889924246454e+01 3.519359384558005388e+01
-6.942260356495675921e+01 3.464975911805821340e+01
-6.810078917628177919e+01 3.410592214271393630e+01
-6.676995308583536826e+01 3.356208175770473900e+01
-6.543317394499807449e+01 3.301823620073037802e+01
-6.409248379300255749e+01 3.247438279873443179e+01
-6.274922587472359936e+01 3.193051749726473432e+01
-6.140429118161677735e+01 3.138663414664335605e+01
-6.005827536055544869e+01 3.084272341928960515e+01
-5.871158361645917978e+01 3.029877116761468159e+01
-5.736450207890185027e+01 2.975475593343617575e+01
-5.601724819866608129e+01 2.921064517051281584e+01
-5.467000904814604922e+01 2.866638951528704382e+01
-5.332297426965582332e+01 2.812191409737449632e+01
-5.197636947313625200e+01 2.757710536028599080e+01
-5.063049596352024651e+01 2.703179107259256142e+01
-4.928578379195088388e+01 2.648571001114360968e+01
-4.794286747020179718e+01 2.593846598004196125e+01
-4.660269767680411235e+01 2.538945807187411674e+01
-4.526670861870356788e+01 2.483777489585194331e+01
-4.393707050890129295e+01 2.428203415493312889e+01
-4.261707160289399354e+01 2.372013933418551090e+01
-4.131169704206219961e+01 2.314891067230135135e+01
-4.002850639473424366e+01 2.256352545895291684e+01
-3.877896436340918740e+01 2.195666913728394931e+01
-3.758045889451915400e+01 2.131724778525089548e+01
-3.645935487394866925e+01 2.062843545314679261e+01
-3.545202405673698109e+01 1.986296920383071196e+01
-3.458383872751162613e+01 1.900501110050825204e+01
-3.385428190016094874e+01 1.806400494627071041e+01
-3.324912774702147544e+01 1.705846624760132357e+01
-3.275017146742592899e+01 1.600717241002895008e+01
-3.234083686486861353e+01 1.492519760293617814e+01
-3.200577137871660227e+01 1.382462417920913467e+01
-3.173129507679851358e+01 1.271474119282802029e+01
-3.150443889858193813e+01 1.160342855218902258e+01
-3.131361695928664446e+01 1.049751942964733509e+01
-3.114759568720159777e+01 9.403934040928778160e+00
-3.099508146458123647e+01 8.330559485460007352e+00
-3.084354521516361913e+01 7.287299059799235756e+00
-3.067767326377957104e+01 6.288166750861077681e+00
-3.047802601669207689e+01 5.353358654969486707e+00
-3.021837767946720632e+01 4.510876090990307397e+00
-2.985963518682893536e+01 3.785530303010926634e+00
-2.939485819931657673e+01 3.183491369096550727e+00
-2.884370154532504671e+01 2.690115812948683072e+00
-2.822790411546377243e+01 2.285677750264027086e+00
-2.756625842965650719e+01 1.950308658224080283e+00
-2.687282120673564734e+01 1.667689949397332727e+00
-2.615758641515330396e+01 1.425543265046585129e+00
-2.542737830998044402e+01 1.215219137976291996e+00
-2.468700158669835787e+01 1.030310591048894553e+00
-2.393975814504114652e+01 8.663025534565202967e-01
-2.318793204924515905e+01 7.199057227812637461e-01
-2.243319224320446992e+01 5.886438995850085121e-01
-2.167663668613631245e+01 4.710237264560354076e-01
-2.091906870904609761e+01 3.659207872945589024e-01
-2.016109278452933395e+01 2.725096208703501888e-01
-1.940307469982465349e+01 1.902179971355156540e-01
-1.864536168502575819e+01 1.183142005257193097e-01
-1.788812026047710546e+01 5.628488011642024391e-02
-1.713143522736716662e+01 3.436499995691421651e-03
-1.637540085341845142e+01 -4.110606509687519255e-02
-1.561995433862103155e+01 -7.810275719278995943e-02
-1.486514122285094786e+01 -1.085464775826100736e-01
-1.411089889439953104e+01 -1.331733512322254842e-01
-1.335721050371842900e+01 -1.527815349467481210e-01
-1.260410386417626327e+01 -1.680693076761221594e-01
-1.185161708828042570e+01 -1.795224435284464293e-01
-1.109974165996880302e+01 -1.874718923666608694e-01
-1.034854470252078329e+01 -1.922828436981194600e-01
-9.598111040336652522e+00 -1.942083347319946696e-01
-8.848562208586256972e+00 -1.933954661782039952e-01
-8.100089662862457018e+00 -1.898752073777592864e-01
-7.352827810790484975e+00 -1.835359063397969948e-01
-6.607010428069654218e+00 -1.742872798463353523e-01
-5.862883217099607691e+00 -1.619791678212949004e-01
-5.120703629766032883e+00 -1.464449709491685570e-01
-4.380605330452720381e+00 -1.275787076004229748e-01
-3.642719171726953586e+00 -1.056197138286536635e-01
-2.907211670453993868e+00 -8.134571371244787852e-02
-2.174702179581596173e+00 -5.624345837487108868e-02
-1.446194119882136642e+00 -3.237879615409839512e-02
-7.226747992615520921e-01 -1.245958854965921458e-02
-6.883963529692509592e-08 -1.302475916018092209e-07
