-4.068847417239212660e+01 -4.482758557688382695e+01
-6.652980835771820978e+01 -4.395883264831884674e+01
-8.256882928762941276e+01 -4.309007951258373481e+01
-9.218415446508147681e+01 -4.222132592493055370e+01
-9.758999480300788321e+01 -4.135257155864105272e+01
-1.002373390629203129e+02 -4.048381594576901676e+01
-1.010770306790553832e+02 -3.961505839227170611e+01
-1.007321642409129652e+02 -3.874629785214089139e+01
-9.961105848139064278e+01 -3.787753273770982787e+01
-9.798128864763435786e+01 -3.700876063174012387e+01
-9.601820088703118472e+01 -3.613997784908407596e+01
-9.383670467392292380e+01 -3.527117876844410915e+01
-9.151210748736170331e+01 -3.440235481306757492e+01
-8.909376923136750293e+01 -3.353349289556430080e+01
-8.661405205754034853e+01 -3.266457304487605029e+01
-8.409418827289557896e+01 -3.179556478514659901e+01
-8.154813024220833029e+01 -3.092642160995403344e+01
-7.898508031433601673e+01 -3.005707255004698197e+01
-7.641115947948591725e+01 -2.918740930576509029e+01
-7.383051730852398009e+01 -2.831726661118011279e+01
-7.124608442418028176e+01 -2.744639226987099434e+01
-6.866010394087305713e+01 -2.657440142965731411e+01
-6.607453823383633562e+01 -2.570070680604458246e+01
-6.349142479325172417e+01 -2.482441220347810784e+01
-6.091324568670841444e+01 -2.394415002912893442e+01
-5.834337761963199398e+01 -2.305783333933838364e+01
-5.578670419547103165e+01 -2.216227746288834055e+01
-5.325050138468138528e+01 -2.125262259835568557e+01
-5.074575674566904837e+01 -2.032145269751321592e+01
-4.828916158282162741e+01 -1.935745088042601125e+01
-4.590613350968800432e+01 -1.834334767396691035e+01
-4.363148498760069316e+01 -1.725144391695193136e+01
-4.149236066364846209e+01 -1.605355214548702847e+01
-3.948983394186195994e+01 -1.476827371387858889e+01
-3.761358597082688959e+01 -1.343819255524977585e+01
-3.584983152313667887e+01 -1.211440897077247492e+01
-3.418368051932046114e+01 -1.085842390327996476e+01
-3.260664480499936246e+01 -9.743995597839269607e+00
-3.112215925101778780e+01 -8.859277097836011805e+00
-2.974558408269800225e+01 -8.306445324571649635e+00
-2.851008890672614982e+01 -8.177666157230840227e+00
-2.744735664156979382e+01 -8.491167681780321885e+00
-2.653693658518673359e+01 -9.137102312348705624e+00
-2.574246317501809145e+01 -1.001051721771293224e+01
-2.503376902596734510e+01 -1.103665509455047200e+01
-2.438846762816601910e+01 -1.216491457055221659e+01
-2.379001647859877977e+01 -1.336090532181473378e+01
-2.322686892172653117e+01 -1.460175867828529306e+01
-2.269069439188432469e+01 -1.587217678483887795e+01
-2.217525969219338933e+01 -1.716164662822961162e+01
-2.167604632707854151e+01 -1.846302291804751405e+01
-2.118972470769434935e+01 -1.977107704322008530e+01
-2.071398598365724908e+01 -2.108203545682835056e+01
-2.024697011290334459e+01 -2.239264143770853721e+01
-1.978699705098514627e+01 -2.369990234268737694e+01
-1.933232859323185693e+01 -2.500011057421330563e+01
-1.888118921288130281e+01 -2.628875393240955560e+01
-1.843161154020115333e+01 -2.755949465911426088e+01
-1.798140892543947089e+01 -2.880310351464508756e+01
-1.752800243389613755e+01 -3.000615205946873232e+01
-1.706848683463935146e+01 -3.114846491527607952e+01
-1.659957167684036961e+01 -3.219961702911911061e+01
-1.611728548360948565e+01 -3.311383326597407262e+01
-1.561701915895273807e+01 -3.382212496557204418e+01
-1.509124342047007516e+01 -3.422365362576412906e+01
-1.451495645040589011e+01 -3.419841779848567853e+01
-1.393413325882814213e+01 -3.382603514026171609e+01
-1.336461164171867466e+01 -3.321257820806081185e+01
-1.281226438636442921e+01 -3.243442343544202799e+01
-1.227860994996250277e+01 -3.154414749074669899e+01
-1.176327845042929710e+01 -3.057738192143076716e+01
-1.126500559316138173e+01 -2.955803756326796616e+01
-1.078179299516606626e+01 -2.850252118612554142e+01
-1.031159440995746479e+01 -2.742206024547325072e+01
-9.852712074014439381e+00 -2.632414802262479370e+01
-9.403699340828733710e+00 -2.521384184476281831e+01
-8.963292630672505368e+00 -2.409460258159192136e+01
-8.530355408560843955e+00 -2.296882012471104417e+01
-8.103897579192409495e+00 -2.183833664177158695e+01
-7.683159743849016010e+00 -2.070422205566658747e+01
-7.267426844829715016e+00 -1.956743820237216980e+01
-6.856163680700017693e+00 -1.842866755013881530e+01
-6.448979308837949453e+00 -1.728844223677021219e+01
-6.045534465830953330e+00 -1.614703694823566593e+01
-5.645463072002666394e+00 -1.500494278131267123e+01
-5.248461553145016723e+00 -1.386263654584103833e+01
-4.854278573672744734e+00 -1.272066500187794524e+01
-4.462716131393557717e+00 -1.157973008653532077e+01
-4.073628458181949519e+00 -1.044080071629580075e+01
-3.686929434181823062e+00 -9.305281741428565567e+00
-3.302613295545818506e+00 -8.175272443052637783e+00
-2.920712634491053450e+00 -7.053759587788944962e+00
-2.541350641412260636e+00 -5.945585195745499263e+00
-2.164752242133030968e+00 -4.857877348038027954e+00
-1.791283667428184234e+00 -3.801616146198289137e+00
-1.421456593587901995e+00 -2.793406576741981340e+00
-1.056029194445821107e+00 -1.858789081260870057e+00
-6.960701692568613819e-01 -1.036661854526659932e+00
-3.432004272529494693e-01 -3.866596880762825927e-01
-1.379637493270960818e-09 -2.410513044126603825e-06
