-1.719924991728998975e+01 -2.036146195468207054e+01
-2.822323518726759417e+01 -1.968230832600812974e+01
-3.512496016812098532e+01 -1.900315354700538606e+01
-3.929726157283913324e+01 -1.832399626900196665e+01
-4.166236769540926588e+01 -1.764483471244087909e+01
-4.283090408645460911e+01 -1.696566636004353512e+01
-4.320717968277519105e+01 -1.628648752277312184e+01
-4.305889912624846971e+01 -1.560729270375996158e+01
-4.256332130665639824e+01 -1.492807365051494095e+01
-4.183782294101835220e+01 -1.424881793201082658e+01
-4.096013706548934152e+01 -1.356950679528778103e+01
-3.998175602927376815e+01 -1.289011193201243444e+01
-3.893680998024923667e+01 -1.221059059747114084e+01
-3.784795170092331773e+01 -1.153087824039976894e+01
-3.673026247811375811e+01 -1.085087737286347043e+01
-3.559385246966359517e+01 -1.017044076109803719e+01
-3.444560393225482642e+01 -9.489346039027948265e+00
-3.329035788359043124e+01 -8.807257367248650937e+00
-3.213174880728694660e+01 -8.123667526601176192e+00
-3.097283132316119136e+01 -7.437810461941592344e+00
-2.981660687557700484e+01 -6.748529196642928163e+00
-2.866654125331913150e+01 -6.054076343256427961e+00
-2.752716217363868267e+01 -5.351812813789301515e+00
-2.640483996810814915e+01 -4.637752780332080604e+00
-2.530888597904551318e+01 -3.905876426798534418e+00
-2.425315790887721690e+01 -3.147091994396386205e+00
-2.325611977814601872e+01 -2.346286576754565978e+00
-2.232855575986862107e+01 -1.493274399262100705e+00
-2.146637787168416978e+01 -5.933596984034117394e-01
-2.066025169475375378e+01 3.436639246041967022e-01
-1.989973186441238084e+01 1.307525871689616315e+00
-1.917544445794185037e+01 2.289285743688962427e+00
-1.847923189371357822e+01 3.281776306049473124e+00
-1.780353877419355868e+01 4.278644685660883518e+00
-1.714167318486072844e+01 5.274457754679220400e+00
-1.648764329527060823e+01 6.264401356024241529e+00
-1.583617434156470694e+01 7.243842582794382423e+00
-1.518242295535458553e+01 8.207963993266991665e+00
-1.452158518318766944e+01 9.151529145009174471e+00
-1.384885010025926277e+01 1.006890537477849712e+01
-1.315974647930853436e+01 1.095413954812681112e+01
-1.244984201374022348e+01 1.180095570592211907e+01
-1.171549021229059662e+01 1.260319208181699047e+01
-1.095365286668078753e+01 1.335502539811983702e+01
-1.016306923509447557e+01 1.405234230572584586e+01
-9.344589867604451427e+00 1.469322600616953878e+01
-8.500066773236849116e+00 1.527719973974033429e+01
-7.632555954635540374e+00 1.580568173867147230e+01
-6.745562658797934041e+00 1.628093222134046769e+01
-5.842351079586112661e+00 1.670513219379650494e+01
-4.926255634214487422e+00 1.708081170676823746e+01
-4.000184928215618996e+00 1.740988140829342612e+01
-3.066960991867975661e+00 1.769394450002588570e+01
-2.128880191163823543e+00 1.793324774240034714e+01
-1.188194368746792406e+00 1.812816674467636702e+01
-2.471206800506416390e-01 1.827930360114390496e+01
6.919177450529845341e-01 1.838754374828291915e+01
1.626520546860051430e+00 1.845274269818586177e+01
2.554033638106910420e+00 1.847511590162381623e+01
3.471278829236629004e+00 1.845522214067311140e+01
4.374291055657989702e+00 1.839254355057189017e+01
5.257892482986178173e+00 1.828532081698756073e+01
6.115275351467460929e+00 1.813012911734203314e+01
6.937436358980224149e+00 1.792253593129763090e+01
7.712485316036355343e+00 1.765600505685082666e+01
8.425897191371682027e+00 1.732328416602773657e+01
9.062282849187539568e+00 1.691951787466309653e+01
9.608540466490641307e+00 1.644597625665436169e+01
1.005598065113327877e+01 1.590951726574504121e+01
1.040233571150031189e+01 1.532237816010461451e+01
1.064851332778324000e+01 1.469737696390420645e+01
1.079975468996182819e+01 1.404733439829740682e+01
1.086300380548234834e+01 1.338329689328284466e+01
1.084656100093037345e+01 1.271418246650665473e+01
1.075981128606948012e+01 1.204666981703275752e+01
1.061297844519331335e+01 1.138537435427820022e+01
1.041507292813497187e+01 1.073341869072387667e+01
1.017363378254051298e+01 1.009294307800052515e+01
9.894371937292989472e+00 9.465545391700242561e+00
9.581901111534879334e+00 8.852286269289560749e+00
9.240320966547567849e+00 8.253747762806927568e+00
8.872595710661192570e+00 7.670533203388869126e+00
8.480822571153780132e+00 7.103193959212378061e+00
8.067406151864211949e+00 6.551767012197108997e+00
7.634155393033623227e+00 6.016236377573444649e+00
7.183278162905901709e+00 5.496061626366352648e+00
6.716653781060593076e+00 4.990744894512214813e+00
6.235856586898288256e+00 4.499752910707884190e+00
5.742909988011628108e+00 4.022129911212579678e+00
5.239682221237632831e+00 3.557019819827429874e+00
4.727965706381477062e+00 3.103712519997856578e+00
4.209597011816343048e+00 2.661820847764240217e+00
3.686168557978523719e+00 2.231728074004458939e+00
3.159193921546791906e+00 1.814907973215247106e+00
2.629924218673152847e+00 1.414447088133268693e+00
2.099712831271959068e+00 1.035670933734498256e+00
1.569896133822088480e+00 6.872406046628525278e-01
1.041984509365423861e+00 3.826945338500891136e-01
5.179059565385892849e-01 1.429569111473642795e-01
-1.573428076129705292e-07 8.236017118399106733e-07
