4.137089980960217872e+01 4.607798156625496233e+01
6.764525601418060319e+01 4.584299891320463871e+01
8.398392428418465272e+01 4.560801624342317240e+01
9.382074156648481278e+01 4.537303353712503906e+01
9.940281125428541031e+01 4.513805076785845216e+01
1.022006165616270863e+02 4.490306789767648610e+01
1.031764278030419462e+02 4.466808487020993113e+01
1.029599456328915323e+02 4.443310160037721346e+01
1.019632403880382299e+02 4.419811795885316741e+01
1.004559673947988756e+02 4.396313374846158695e+01
9.861458727540239977e+01 4.372814866818232815e+01
9.655457542538088944e+01 4.349316225820312098e+01
9.435149985035974396e+01 4.325817381598594125e+01
9.205481469547450502e+01 4.302318226802756129e+01
8.969688719840181079e+01 4.278818597390618805e+01
8.729890575546656351e+01 4.255318242684664654e+01
8.487474750091078590e+01 4.231816779614783997e+01
8.243351134993355345e+01 4.208313622795144937e+01
7.998117886346916805e+01 4.184807877672097476e+01
7.752170609401268564e+01 4.161298177239395102e+01
7.505774570868160822e+01 4.137782432516403475e+01
7.259113120005049780e+01 4.114257451244169062e+01
7.012321156899328400e+01 4.090718355200159095e+01
6.765509757024099713e+01 4.067157689774427354e+01
6.518786446873386353e+01 4.043564063278697063e+01
6.272274831660720196e+01 4.019920067622186366e+01
6.026137157782976317e+01 3.996199100816178884e+01
5.780603928420212867e+01 3.972360511320424337e+01
5.536015978036537888e+01 3.948342177930448571e+01
5.292886685653099477e+01 3.924049170814116394e+01
5.051995682672902177e+01 3.899336423997490186e+01
4.814531159710550412e+01 3.873982256508554656e+01
4.582306747623069754e+01 3.847647908990375498e+01
4.358092559930356202e+01 3.819815709994745134e+01
4.146120659617514548e+01 3.789694586104979379e+01
3.947620599756758253e+01 3.755543919479853088e+01
3.761961272231786779e+01 3.721484685270490900e+01
3.587802829620708422e+01 3.692721397175024833e+01
3.423233275099251216e+01 3.673336539822066982e+01
3.266859861107312923e+01 3.664842514406826979e+01
3.117566677712308376e+01 3.667020573766917835e+01
2.974510525177441878e+01 3.678384049652430576e+01
2.836927471318754712e+01 3.696985939185588421e+01
2.704126028726624398e+01 3.720724223419160381e+01
2.575424242598823099e+01 3.747578826978786992e+01
2.450142844019206834e+01 3.775658177816635686e+01
2.327789853996259239e+01 3.803214603427856133e+01
2.207996823958774257e+01 3.828652558623100788e+01
2.090610399744015169e+01 3.850461496667843875e+01
1.975508512298765851e+01 3.867109199718278489e+01
1.862717523156001675e+01 3.877200116629990845e+01
1.752418120962922288e+01 3.879536981509244242e+01
1.644947327882763943e+01 3.873202186324107998e+01
1.540758028637336707e+01 3.857647326726142012e+01
1.440388105589697609e+01 3.832786731117599999e+01
1.344367039233181593e+01 3.798798695522395263e+01
1.253135093410922352e+01 3.756151104540082031e+01
1.167061279703677101e+01 3.705659455965827220e+01
1.086495496060693178e+01 3.647988109892305886e+01
1.011700348531574534e+01 3.583913895527899030e+01
9.429284024881319226e+00 3.514109712449695166e+01
8.803835688631496126e+00 3.439107123262100174e+01
8.240853962646468744e+00 3.359467593227663684e+01
7.737983456478888300e+00 3.275713183146636709e+01
7.288837849465681806e+00 3.188576866553446010e+01
6.885721963137869217e+00 3.098797147309355182e+01
6.521402037468329027e+00 3.006946384970682473e+01
6.188714053352524225e+00 2.913557561123667838e+01
5.881873930949118368e+00 2.819047484220806155e+01
5.596442541894285583e+00 2.723677809911785630e+01
5.328357743839879035e+00 2.627674505901993740e+01
5.074284570314294029e+00 2.531223481688174459e+01
4.831749288157291211e+00 2.434456565791284177e+01
4.598825856879728669e+00 2.337443173846092748e+01
4.373772956502525844e+00 2.240265326155101278e+01
4.155208374431637708e+00 2.142985235896915697e+01
3.942045326334970845e+00 2.045654813381044690e+01
3.733453225839237444e+00 1.948319523392962438e+01
3.528839972849195039e+00 1.851022224695075735e+01
3.327783860647344660e+00 1.753779882452593952e+01
3.129937180229222182e+00 1.656585810497438871e+01
2.935041085383696124e+00 1.559441140451255770e+01
2.742937951392615759e+00 1.462347624418427294e+01
2.553460911067995553e+00 1.365271548933412937e+01
2.366445896474533850e+00 1.268232313319603399e+01
2.181753418045075055e+00 1.171263212433906986e+01
1.999314420803109060e+00 1.074419455547552538e+01
1.819094964573860551e+00 9.777457590156181766e+00
1.641144492722093062e+00 8.813252896956232263e+00
1.465654629383262630e+00 7.852827227471536276e+00
1.293041778987729984e+00 6.898018747749715907e+00
1.124001231644053078e+00 5.951657847672573887e+00
9.593792771792162277e-01 5.017229728217090567e+00
8.001994428287269034e-01 4.100531881318901561e+00
6.475322256728665016e-01 3.210175817559060008e+00
5.022272480449001542e-01 2.359320292482558035e+00
3.647614810955202569e-01 1.569444944974574874e+00
2.353008740275587263e-01 8.738159795900244387e-01
1.137233995198369263e-01 3.240902604031948853e-01
6.038948929475704190e-11 8.024355241525548095e-07
