3.301881977825090075e+01 4.221698113047414580e+01
5.387346018782380241e+01 4.200956927547782271e+01
6.675140906125443507e+01 4.180215734727073595e+01
7.442046909616955475e+01 4.159474525914303911e+01
7.868805987893931331e+01 4.138733289489777434e+01
8.073444930778072148e+01 4.117992008742591281e+01
8.133036737855951515e+01 4.097250658789416633e+01
8.097911077550827486e+01 4.076509201986443287e+01
8.000933902750119842e+01 4.055767580988536025e+01
7.863567166659481700e+01 4.035025708175869141e+01
7.699825908332753954e+01 4.014283449498530132e+01
7.518862301544089632e+01 3.993540599760396503e+01
7.326653104920286808e+01 3.972796844785175807e+01
7.127101639508359199e+01 3.952051703488892542e+01
6.922757472583239746e+01 3.931304439178295240e+01
6.715286500529492741e+01 3.910553923720665637e+01
6.505778103095944687e+01 3.889798429541080083e+01
6.294946001116736767e+01 3.869035311096283181e+01
6.083259851208974567e+01 3.848260517096409927e+01
5.871031840479323449e+01 3.827467843539724868e+01
5.658474247324802064e+01 3.806647789837574436e+01
5.445738581235919185e+01 3.785785807126002567e+01
5.232943518103882496e+01 3.764859615794032521e+01
5.020196781680833453e+01 3.743835097644129917e+01
4.807615005648516160e+01 3.722660005296095420e+01
4.595345238416499711e+01 3.701254328996516563e+01
4.383592055646383301e+01 3.679495544699832976e+01
4.172655279426080455e+01 3.657196023513073868e+01
3.962985258630183694e+01 3.634068437334536128e+01
3.755265902867452610e+01 3.609672782294151006e+01
3.550540779521470114e+01 3.583335252353054301e+01
3.350405523210866221e+01 3.554024005243122986e+01
3.157302003403480839e+01 3.520158915469336591e+01
2.973224302707433964e+01 3.479064569369587190e+01
2.799287443927876851e+01 3.430042855762157217e+01
2.636413886500994153e+01 3.373619614403268940e+01
2.485578596944274210e+01 3.310492514245510876e+01
2.347971622727600050e+01 3.241578857499246169e+01
2.225294953454210045e+01 3.167936439466835452e+01
2.120092614095165118e+01 3.090793511334538834e+01
2.035697663815081526e+01 3.011341422881839236e+01
1.975441647494114150e+01 2.931103146599883758e+01
1.941456155607258083e+01 2.852692532198607012e+01
1.933889162292185659e+01 2.779386960142032592e+01
1.950331711035166293e+01 2.712979796226863982e+01
1.984096338131358195e+01 2.652682518491839048e+01
2.029042503344732751e+01 2.596890082661096599e+01
2.080582063559101513e+01 2.544109338984095103e+01
2.135253215742628186e+01 2.493108505944585218e+01
2.190258988395900275e+01 2.442860125867254339e+01
2.243039928442891906e+01 2.392484865332163935e+01
2.290932498934127182e+01 2.341188530238719778e+01
2.330915018053707755e+01 2.288248358898442802e+01
2.359641257212224019e+01 2.232994963436769353e+01
2.374473596871093406e+01 2.175267590859806432e+01
2.375452960727450957e+01 2.116208422468978156e+01
2.364082007583973777e+01 2.057168258701389263e+01
2.342162963394575215e+01 1.999163000643624599e+01
2.311492318676707214e+01 1.942727446476003195e+01
2.273942971935573709e+01 1.887979726231295885e+01
2.231231789196123927e+01 1.834817007415073320e+01
2.184670376583889606e+01 1.783060119130797716e+01
2.135245484144952144e+01 1.732512371102569304e+01
2.083662043960433863e+01 1.682983694320575196e+01
2.030432092640451103e+01 1.634290327382038299e+01
1.975955356470704771e+01 1.586277929445622092e+01
1.920485730557994941e+01 1.538802447842304311e+01
1.864238553718571367e+01 1.491756114723099280e+01
1.807337796754066872e+01 1.445034384074697975e+01
1.749877663383225013e+01 1.398541900075482403e+01
1.691931028688944139e+01 1.352187162467822112e+01
1.633558657094596711e+01 1.305882718457218239e+01
1.574815567518457549e+01 1.259546728550000338e+01
1.515751488671991432e+01 1.213104883767910280e+01
1.456435860713918018e+01 1.166515151983122855e+01
1.396896546698412322e+01 1.119720676731344966e+01
1.337184112363043020e+01 1.072702465707499897e+01
1.277310061596032575e+01 1.025421879894484611e+01
1.217281692119696146e+01 9.778530737913001758e+00
1.157126903368789961e+01 9.300001375554048266e+00
1.096841217711176952e+01 8.818411163052401136e+00
1.036428760702187013e+01 8.333641196210383129e+00
9.759250554355871188e+00 7.845823469226292701e+00
9.153635717410496753e+00 7.354994242156377204e+00
8.547800353914528415e+00 6.861150672372874126e+00
7.942151365360076376e+00 6.364304554268296776e+00
7.337179301698789402e+00 5.864545423181503736e+00
6.733236952966492161e+00 5.361850028152581160e+00
6.130546768387894474e+00 4.856221262345823853e+00
5.529847793049177618e+00 4.348318597811904773e+00
4.931521563836864352e+00 3.838502477517568678e+00
4.336659122372379827e+00 3.328130004303940570e+00
3.746776149357922581e+00 2.819317710106420183e+00
3.163701536803560810e+00 2.315186384218572258e+00
2.590375991289740831e+00 1.821400322937838823e+00
2.030596212992610283e+00 1.346382144875493569e+00
1.489079142694929025e+00 9.028230516448786380e-01
9.706992389015306477e-01 5.096921919868278028e-01
4.769518374580085096e-01 1.945845799694650713e-01
5.964342250498516729e-10 3.683977169615370480e-07
