-2.793300847711338020e-01 4.134078212296024191e+01
-6.751957432782208501e-01 4.133848575268748959e+01
-1.170310445224281404e+00 4.133749698205193113e+01
-1.749711824195735677e+00 4.133863846906068318e+01
-2.400469778318447656e+00 4.134242248763641214e+01
-3.111550750061112147e+00 4.134917388537877514e+01
-3.873528976892223419e+00 4.135903200505814681e+01
-4.678351006302881920e+00 4.137194664437463842e+01
-5.519442334336265965e+00 4.138767375154975525e+01
-6.391034178936127574e+00 4.140563706766322127e+01
-7.288373767827049932e+00 4.142502360908984826e+01
-8.207212934299183971e+00 4.144475346176205477e+01
-9.143890529726881766e+00 4.146357708358497973e+01
-1.009520329106465830e+01 4.148012928353691819e+01
-1.105831933770256370e+01 4.149297122058771237e+01
-1.203054338570840720e+01 4.150060698977190299e+01
-1.300926783461562763e+01 4.150147457378044891e+01
-1.399204739396984287e+01 4.149390990356532427e+01
-1.497652536225346154e+01 4.147611338132058023e+01
-1.596025941991426578e+01 4.144611273819779029e+01
-1.694081269404053813e+01 4.140169828108282246e+01
-1.791581741193804334e+01 4.134037441583070915e+01
-1.888277768060071082e+01 4.125936240048571335e+01
-1.983902904596464012e+01 4.115557285112205932e+01
-2.078166297551641861e+01 4.102558464970031338e+01
-2.170744040635004879e+01 4.086563207580618950e+01
-2.261287130569956005e+01 4.067157092265907181e+01
-2.349388066818502097e+01 4.043910040912380310e+01
-2.434605018380914743e+01 4.016356894400512090e+01
-2.516463985882043985e+01 3.984023622963581346e+01
-2.594460747937194256e+01 3.946475250486893316e+01
-2.668091683001545533e+01 3.903325520466334808e+01
-2.736893091403075218e+01 3.854298516408461950e+01
-2.800488663625422348e+01 3.799304536333050919e+01
-2.858625133165213938e+01 3.738426951777755392e+01
-2.911204514589277892e+01 3.671877829367348767e+01
-2.958298805781311103e+01 3.600029275221943692e+01
-3.000122914169668675e+01 3.523269016056475778e+01
-3.037034855676199641e+01 3.442091867537747163e+01
-3.069444322709930617e+01 3.356997507219011823e+01
-3.097762186195888034e+01 3.268477462848162673e+01
-3.122374170420822637e+01 3.176947791765428519e+01
-3.143641905564243189e+01 3.082809880375634037e+01
-3.161891850887089461e+01 2.986397012119057237e+01
-3.177427394215851564e+01 2.888003358918951236e+01
-3.190533162333176875e+01 2.787887405456119438e+01
-3.201478227871864846e+01 2.686276942688759561e+01
-3.210515190234665539e+01 2.583389672400983272e+01
-3.217874482877480347e+01 2.479418795488001948e+01
-3.223764406266080584e+01 2.374539554273976805e+01
-3.228370138848090676e+01 2.268928334072719721e+01
-3.231853515337589755e+01 2.162734134262202090e+01
-3.234354830549050064e+01 2.056114243545676601e+01
-3.235992318577158500e+01 1.949217809065513762e+01
-3.236861524201164286e+01 1.842190337500839803e+01
-3.237033297130210485e+01 1.735177694841651430e+01
-3.236550784186220397e+01 1.628330642167239262e+01
-3.235426051327737440e+01 1.521794546873332088e+01
-3.233629744594404087e+01 1.415731240556699255e+01
-3.231083905650747568e+01 1.310322110556674957e+01
-3.227654193457038190e+01 1.205756715988222894e+01
-3.223132406169988684e+01 1.102277350167965508e+01
-3.217238778796340171e+01 1.000147467567100001e+01
-3.209605779249825019e+01 8.996978169732715358e+00
-3.199781468721213074e+01 8.013129865195114832e+00
-3.187223852136280655e+01 7.054427108328827245e+00
-3.171296064059992048e+01 6.126143722556324889e+00
-3.151259776815188474e+01 5.234315858468589155e+00
-3.126273679082817125e+01 4.385890422102964870e+00
-3.095411110457715864e+01 3.588968037443232895e+00
-3.057657252223781086e+01 2.852491420909195607e+00
-3.011958990947556813e+01 2.185830164599354308e+00
-2.957330900941124341e+01 1.596725179639147507e+00
-2.893495206998734659e+01 1.087744439979983380e+00
-2.821155175484683042e+01 6.547952669568790629e-01
-2.741316354990368254e+01 2.911460326631796214e-01
-2.654942796174169573e+01 -1.023287517783073516e-02
-2.562921704047863258e+01 -2.561996799078066211e-01
-2.466034258505489163e+01 -4.531714539829269084e-01
-2.364976939372893483e+01 -6.070359803345805050e-01
-2.260335350169317792e+01 -7.230703451752360511e-01
-2.152634281823761242e+01 -8.060045428424963410e-01
-2.042309907593001839e+01 -8.600064617577137804e-01
-1.929742770269145424e+01 -8.887688510060184344e-01
-1.815264105137421069e+01 -8.955567936409993823e-01
-1.699162333889356802e+01 -8.832685038854252157e-01
-1.581689300189279912e+01 -8.544989702830300127e-01
-1.463045990895567172e+01 -8.115910547364088012e-01
-1.343411943623619287e+01 -7.567222468720581352e-01
-1.222946768262514006e+01 -6.919466209791274025e-01
-1.101795106270320623e+01 -6.192469560912555737e-01
-9.800931009392670035e+00 -5.406012457675071214e-01
-8.579729631892547559e+00 -4.580603659725579480e-01
-7.355637529232551763e+00 -3.738328763504555896e-01
-6.130110775033087656e+00 -2.903916253386067403e-01
-4.904308404551995793e+00 -2.104783022094751099e-01
-3.678834518891022309e+00 -1.372468378995202187e-01
-2.453626296750250457e+00 -7.450803213384907253e-02
-1.227788746579592472e+00 -2.692099140470411225e-02
-1.048143829435054912e-10 -1.176973277763053984e-07
