-4.506965687729249481e+01 -9.389670253502557795e-01
-7.374354208941555555e+01 -6.227077633341091545e-01
-9.161722520676168813e+01 -3.064485047604931234e-01
-1.024285232035716149e+02 9.810746297191686588e-03
-1.086217184699825680e+02 3.260699843882142179e-01
-1.117951324612224795e+02 6.423292016856902986e-01
-1.129939106788695682e+02 9.585883865523955327e-01
-1.129014755564705155e+02 1.274847521408449813e+00
-1.119647180413229250e+02 1.591106579510214836e+00
-1.104758607482976629e+02 1.907365520050282370e+00
-1.086259885559772584e+02 2.223624280680863929e+00
-1.065400524943991911e+02 2.539882766090880040e+00
-1.042997590130845680e+02 2.856140830544121378e+00
-1.019585375386219397e+02 3.172398251179599171e+00
-9.955132811746216248e+01 3.488654687182951353e+00
-9.710098207316583796e+01 3.804909617349565121e+00
-9.462244817269896657e+01 4.121162244601779712e+00
-9.212551114111167294e+01 4.437411349969085705e+00
-8.961658417946583199e+01 4.753655069282788581e+00
-8.709988385034633041e+01 5.069890551679261392e+00
-8.457820255512483243e+01 5.386113437355573907e+00
-8.205342011219597964e+01 5.702317058911718917e+00
-7.952684815248692018e+01 6.018491219980143470e+00
-7.699947042287699617e+01 6.334620327410461549e+00
-7.447212301969607040e+01 6.650680534861065141e+00
-7.194564757019290369e+01 6.966635374557895943e+00
-6.942104542397780165e+01 7.282429077041335574e+00
-6.689966110109527619e+01 7.597976355204329124e+00
-6.438342860237231946e+01 7.913146781247096584e+00
-6.187522570265456778e+01 8.227740894692205487e+00
-5.937940112779060797e+01 8.541453664878140728e+00
-5.690257118510888290e+01 8.853818614906639795e+00
-5.445483177580499756e+01 9.164122371524308974e+00
-5.205160780775507590e+01 9.471273987946633000e+00
-4.971647878721629610e+01 9.773605101794899497e+00
-4.748549428402774453e+01 1.006856432644018007e+01
-4.540102748022862755e+01 1.035322660080741741e+01
-4.348497862944924464e+01 1.059961379113356550e+01
-4.173641186080401155e+01 1.074170445561611409e+01
-4.014643389487027036e+01 1.072832046808674278e+01
-3.870435490622940478e+01 1.054468287702146867e+01
-3.739725088658692442e+01 1.020311908978739268e+01
-3.621087047937157877e+01 9.727195014921885985e+00
-3.513022231731446965e+01 9.143243770481747745e+00
-3.414033531789945641e+01 8.476192800296553642e+00
-3.322714289662416576e+01 7.746599971213164793e+00
-3.237694734668091456e+01 6.972475810481775227e+00
-3.157792481818955821e+01 6.168443131607685537e+00
-3.081990002064124567e+01 5.346262914862853322e+00
-3.009395854009594373e+01 4.516537184169561847e+00
-2.939264218194091072e+01 3.688648244419861832e+00
-2.870896319976371913e+01 2.872258299079374133e+00
-2.803619425859235648e+01 2.078296696319170689e+00
-2.736750322080938957e+01 1.319840559866800156e+00
-2.669581827259063900e+01 6.130894750791259229e-01
-2.601334988254478731e+01 -2.254702753301357845e-02
-2.531334980137480883e+01 -5.664426117275861428e-01
-2.459218942721248169e+01 -1.001069443857428132e+00
-2.385328931274042574e+01 -1.318740374298926099e+00
-2.310358700848750857e+01 -1.519207894073325571e+00
-2.235109875203343321e+01 -1.608840960864418079e+00
-2.160309442711408678e+01 -1.599503914937997484e+00
-2.086476341831055947e+01 -1.504844941636081179e+00
-2.013910261510957511e+01 -1.339611117919682570e+00
-1.942748630037532820e+01 -1.116937642267060715e+00
-1.873017082835887592e+01 -8.480853742007730123e-01
-1.804667637779008160e+01 -5.421453474276122231e-01
-1.737585864159829185e+01 -2.070517277526818800e-01
-1.671642890946077387e+01 1.507070461792195948e-01
-1.606727783123444553e+01 5.262348073847737950e-01
-1.542725549884250569e+01 9.157481805760973037e-01
-1.479510826528983714e+01 1.315460073404675079e+00
-1.416982896174466156e+01 1.722413642138061141e+00
-1.355046382577558894e+01 2.133730611811966771e+00
-1.293597496266898084e+01 2.546485049211955065e+00
-1.232533666268653505e+01 2.957136275605144249e+00
-1.171747045539618703e+01 3.361575109257164851e+00
-1.111135902752632454e+01 3.754574202248577741e+00
-1.050598659130895562e+01 4.129364229151353705e+00
-9.900505294793772393e+00 4.477081387586928862e+00
-9.294287661800698430e+00 4.786297181963242053e+00
-8.687823112564204919e+00 5.042873867683107747e+00
-8.082638949973604880e+00 5.229628503374966542e+00
-7.481758964166598247e+00 5.328158485519570498e+00
-6.889936864991211607e+00 5.323814200719025891e+00
-6.313317616932834220e+00 5.214335261845051583e+00
-5.756811046540016186e+00 5.011680971243889005e+00
-5.222916337379809093e+00 4.732944655381980503e+00
-4.712359051017537048e+00 4.393407936130949487e+00
-4.224081664193895413e+00 4.006185298127302730e+00
-3.755403197254398862e+00 3.583567844031913197e+00
-3.303111503224013035e+00 3.136472297490007666e+00
-2.864187597439539879e+00 2.674363669340837912e+00
-2.436124465535109529e+00 2.206222200003903566e+00
-2.017003778046936091e+00 1.740886625919952024e+00
-1.605166327301654094e+00 1.288911771522633476e+00
-1.199128214570276629e+00 8.642456053465924493e-01
-7.974355062214699696e-01 4.864399131238395513e-01
-3.983585873568862290e-01 1.840446658691409776e-01
-3.729372114364267784e-10 9.840678540807056111e-07
