3.611416083986830472e+01 2.377704339534783884e+01
5.811944140956246940e+01 2.351442113344510787e+01
7.100868949447550449e+01 2.325178865205519330e+01
7.802640715832596641e+01 2.298913372186437698e+01
8.126238234801166982e+01 2.272643969864325086e+01
8.206266752144324528e+01 2.246368224989818430e+01
8.129430065634232960e+01 2.220082456951081085e+01
7.951582102673910413e+01 2.193781013925385182e+01
7.708711418086731726e+01 2.167455161362898508e+01
7.424018874798592549e+01 2.141091364206760872e+01
7.112480437120981946e+01 2.114668625022935089e+01
6.783792416805005132e+01 2.088154354544225555e+01
6.444278397655922674e+01 2.061497962510696524e+01
6.098132863381803048e+01 2.034620908351660873e+01
5.748246106337152384e+01 2.007401255030393727e+01
5.396772647587783922e+01 1.979649688338933800e+01
5.045554956473358033e+01 1.951072285485475888e+01
4.696485800372023078e+01 1.921212710869783535e+01
4.351880486099894796e+01 1.889362470994606014e+01
4.014932199710698058e+01 1.854421578817673932e+01
3.690339993979436883e+01 1.814682225131304705e+01
3.385232900800838962e+01 1.767492913261551379e+01
3.106506311641133422e+01 1.708137649218807042e+01
2.861423083945007306e+01 1.635079912433656091e+01
2.659551030558132823e+01 1.549528419065909013e+01
2.512926015999047280e+01 1.454238122404147582e+01
2.432684806571406710e+01 1.354800167255273102e+01
2.419620571163227751e+01 1.261190771543319045e+01
2.457541114038684427e+01 1.179072748130975157e+01
2.529715463627661265e+01 1.107835476117528550e+01
2.623796263448294042e+01 1.045059642631747998e+01
2.731475236026912512e+01 9.883945479046706950e+00
2.847196782358527756e+01 9.357510320420761474e+00
2.967304310698359870e+01 8.853476915169013139e+00
3.089371197964754501e+01 8.357495026635401558e+00
3.211685760225841335e+01 7.859110498290833746e+00
3.332994939282782809e+01 7.349645287153511397e+00
3.452208168534705379e+01 6.823745228906300753e+00
3.568154010881388416e+01 6.276586638093175630e+00
3.679370086065522116e+01 5.703573734195502176e+00
3.783900161796857731e+01 5.099641251337271974e+00
3.879038597017753887e+01 4.460494056039155275e+00
3.960984982693224765e+01 3.781219506486416027e+00
4.024741176334480031e+01 3.057828643314202566e+00
4.064891725598379679e+01 2.291300128049330809e+00
4.078362361290865579e+01 1.502425484496223484e+00
4.066314835414998896e+01 7.233360493320191154e-01
4.032864104464039201e+01 -2.314907433844870174e-02
3.983396797452017779e+01 -7.288507235038448329e-01
3.922312676606541260e+01 -1.392262404230478534e+00
3.852787316782782057e+01 -2.013938765809839104e+00
3.777094295257669643e+01 -2.595109169208992927e+00
3.696798178657334688e+01 -3.136592144182062558e+00
3.613040363917156839e+01 -3.638944166137949132e+00
3.526547202293023275e+01 -4.101425986140753821e+00
3.437908945794504945e+01 -4.523488998819376938e+00
3.347498759114564848e+01 -4.903302614924534453e+00
3.255632999459468380e+01 -5.239262939454344625e+00
3.162590433492045250e+01 -5.529807661835845600e+00
3.068581455886561571e+01 -5.773349165631417534e+00
2.973895866300948754e+01 -5.969968873172131651e+00
2.878763332154964161e+01 -6.119280218412502137e+00
2.783474777797574973e+01 -6.222269646038119717e+00
2.688314021739281046e+01 -6.279206154428178088e+00
2.593575815797776585e+01 -6.289569483113294446e+00
2.499584563612466326e+01 -6.251851271857553627e+00
2.406667834447848264e+01 -6.163198215998829887e+00
2.315194237752348272e+01 -6.021065002069703631e+00
2.225526114050429172e+01 -5.822709289929022702e+00
2.138008566440975500e+01 -5.567269266047818910e+00
2.052940170525128849e+01 -5.255492773337414825e+00
1.970498821529827893e+01 -4.889266478147375139e+00
1.890710392127427752e+01 -4.474013677092442798e+00
1.813485434144208952e+01 -4.015969133966160953e+00
1.738605478453625253e+01 -3.522123893022774510e+00
1.665759786683736365e+01 -3.000363488721307981e+00
1.594595865741824703e+01 -2.458050879754269058e+00
1.524757744258880976e+01 -1.902552198253296911e+00
1.455911697359168677e+01 -1.340718734931534151e+00
1.387706829049211166e+01 -7.791444116409457221e-01
1.319822827779015562e+01 -2.252850533269676048e-01
1.251871467171865149e+01 3.128951315617242712e-01
1.183478540801693413e+01 8.261073565913570338e-01
1.114244414473034439e+01 1.303537074417947750e+00
1.043788713675191637e+01 1.732850430460848967e+00
9.718228312219183707e+00 2.100675942221989168e+00
8.983039915348696169e+00 2.393748204197015728e+00
8.233743171492140078e+00 2.599726825714433254e+00
7.474685089337927302e+00 2.710851971005580285e+00
6.712592609371059282e+00 2.726055620807539270e+00
5.954707965992956709e+00 2.649688048340432367e+00
5.207631213892293331e+00 2.489879978709501618e+00
4.476831755201207130e+00 2.256993750160900536e+00
3.766345170597702907e+00 1.962259674797877773e+00
3.078680611108508103e+00 1.619810336289286834e+00
2.415203652395803591e+00 1.245972985878393446e+00
1.775986331655297734e+00 8.617991085018691377e-01
1.160170948743534103e+00 4.964829339893130355e-01
5.674390685273430490e-01 1.902081076028288575e-01
6.922382657232799087e-11 1.196043551872143529e-07
