3.667301840865256679e+01 4.103448475536471562e+01
5.883940304643562769e+01 4.103485699426322952e+01
7.162923331518686609e+01 4.103521908054586476e+01
7.838058465693656274e+01 4.103555886380058126e+01
8.124330980135033542e+01 4.103585980490381502e+01
8.160207028574025401e+01 4.103609772150980461e+01
8.034880564059174901e+01 4.103623602953351934e+01
7.805824634421776409e+01 4.103621854426285154e+01
7.510100741384563605e+01 4.103595842452818232e+01
7.171651682150790919e+01 4.103532108440200687e+01
6.806012935084707749e+01 4.103409770985258120e+01
6.423369680616997357e+01 4.103196416905193900e+01
6.030561008005540202e+01 4.102841723085285963e+01
5.632425689254875323e+01 4.102267554073049638e+01
5.232754337244113430e+01 4.101352586858246951e+01
4.835035310703567291e+01 4.099908437356889124e+01
4.443141142894094742e+01 4.097642590852621680e+01
4.062090567348025871e+01 4.094100841977873984e+01
3.699036037325461734e+01 4.088577917776347448e+01
3.355119282677007675e+01 4.079824640283803205e+01
3.030237483819307798e+01 4.066375172422667106e+01
2.723823864708986164e+01 4.046623221696307127e+01
2.434668049910516530e+01 4.019005332326059232e+01
2.161595690450185714e+01 3.982390045727693462e+01
1.903782776795966925e+01 3.935950503605784689e+01
1.661079399228587050e+01 3.879005318443213923e+01
1.433699766724198810e+01 3.810658949046865729e+01
1.222413696600807320e+01 3.730629819602958719e+01
1.028384149595023089e+01 3.638756258954490619e+01
8.531473738698002407e+00 3.535977601913523216e+01
6.988723575620408468e+00 3.423568913969986482e+01
5.683574146975518104e+00 3.304002488528606563e+01
4.658143588270667657e+00 3.180052924479102217e+01
3.962927472734858014e+00 3.055473408376899158e+01
3.645964418394184836e+00 2.934757141839219230e+01
3.715707155754301105e+00 2.822499922918481374e+01
4.111556443560245633e+00 2.721398090438776052e+01
4.752566315936421759e+00 2.631540866050893257e+01
5.568688711817084247e+00 2.551671819897719118e+01
6.505668158825643310e+00 2.480054387331709265e+01
7.525275222931056440e+00 2.415111141395242456e+01
8.600765193052883006e+00 2.355473409916117689e+01
9.713529606628082291e+00 2.300019431637227640e+01
1.085102972090419726e+01 2.247879019056232508e+01
1.200432164916925437e+01 2.198351054565125295e+01
1.316764699045329046e+01 2.150900078229159007e+01
1.433660654842111271e+01 2.105041668977978730e+01
1.550805173665123782e+01 2.060371773410669505e+01
1.667959470614149708e+01 2.016535165983196976e+01
1.784928167612799754e+01 1.973204979774627077e+01
1.901533330495363927e+01 1.930068433416259310e+01
2.017591010678221508e+01 1.886815998064304623e+01
2.132932721803338794e+01 1.843110961963244776e+01
2.247339032388083169e+01 1.798639061074331380e+01
2.360528578995912952e+01 1.753053428476940212e+01
2.472158381950282902e+01 1.705937186379875570e+01
2.581744059352395837e+01 1.656893416022462517e+01
2.688616611943281853e+01 1.605390466226831592e+01
2.791883021622865613e+01 1.550809537313128494e+01
2.890343689762892154e+01 1.492546418921941687e+01
2.982384481394326414e+01 1.429915237310602016e+01
3.065884665706814260e+01 1.362233652060643330e+01
3.138156506436551041e+01 1.288859444754984551e+01
3.196135424534689307e+01 1.209420121057003605e+01
3.237016488608938403e+01 1.124421245257510549e+01
3.258898913708167555e+01 1.035555631882640526e+01
3.260852418954827669e+01 9.451129201109511158e+00
3.243611394434304174e+01 8.557731848220701210e+00
3.208585359439437212e+01 7.698971605031782239e+00
3.157919595501336119e+01 6.892650283901109454e+00
3.094039925395650314e+01 6.149659106284369514e+00
3.019306852355360604e+01 5.475015886950704846e+00
2.935748516900935101e+01 4.869402507160346616e+00
2.845206059668113596e+01 4.329269364937785802e+00
2.749230646957294510e+01 3.848835362414238848e+00
2.649078199264749145e+01 3.421788721667942568e+00
2.545683427436849300e+01 3.042252102936692015e+00
2.439823370446621453e+01 2.704217671521382371e+00
2.332116557273192825e+01 2.402510165334229786e+00
2.222997868381643016e+01 2.133473945574159369e+00
2.112728016560409827e+01 1.894398300385577327e+00
2.001568920239812144e+01 1.682238233284217177e+00
1.889710975885730804e+01 1.494523027319447195e+00
1.777238963873280042e+01 1.329095544833942322e+00
1.664272147738498120e+01 1.183107567152958506e+00
1.550892472591131188e+01 1.053722909615629977e+00
1.437203711987193522e+01 9.379748512993463239e-01
1.323278159872369564e+01 8.332391032189813140e-01
1.209209815512873298e+01 7.371279319658793350e-01
1.095075464064295190e+01 6.477478791974952133e-01
9.809515849213612526e+00 5.635721727947492488e-01
8.669608336717839592e+00 4.834150780875211550e-01
7.532179995559595831e+00 4.064878296192918627e-01
6.399284517432986874e+00 3.323524550320348658e-01
5.273501674579089915e+00 2.609860038163810403e-01
4.159194021490212556e+00 1.929386314188586971e-01
3.062617084062650985e+00 1.294691418926063597e-01
1.993160742500547977e+00 7.293398298144999903e-02
9.650643829692530096e-01 2.745509505141556852e-02
1.445188606509939564e-09 1.042862462536866627e-05
