-4.284154364936286186e+01 -3.455035905235622096e+00
-7.023499295584298352e+01 -3.102274399193135412e+00
-8.742442031977894601e+01 -2.749512885045527710e+00
-9.792485105011348878e+01 -2.396751353219445768e+00
-1.040405643261580053e+02 -2.043989790939165108e+00
-1.072820450282283957e+02 -1.691228179912470653e+00
-1.086394351936503710e+02 -1.338466493017495651e+00
-1.087617851722238527e+02 -9.857046893905312412e-01
-1.080745552171207606e+02 -6.329427070252938714e-01
-1.068566393989143961e+02 -2.801804515435608600e-01
-1.052908558516077733e+02 7.258222089615103123e-02
-1.034970438407311093e+02 4.253455296465203928e-01
-1.015537593754512358e+02 7.781098092922643650e-01
-9.951249702960410559e+01 1.130875570235666316e+00
-9.740701262306664887e+01 1.483643591116062366e+00
-9.525943450190159467e+01 1.836415059795932336e+00
-9.308426978111431538e+01 2.189191788438859643e+00
-9.089103082881153739e+01 2.541976541618243157e+00
-8.868595748564624159e+01 2.894773536858551655e+00
-8.647314680913977725e+01 3.247589208227620095e+00
-8.425529487280083174e+01 3.600433371220097101e+00
-8.203418491730826645e+01 3.953320999819825765e+00
-7.981101023091828495e+01 4.306274937454091400e+00
-7.758659021560302449e+01 4.659330032618301587e+00
-7.536151875757039420e+01 5.012539447862012665e+00
-7.313627176492634874e+01 5.365984284276945182e+00
-7.091129334257294659e+01 5.719788263842180420e+00
-6.868707620664027047e+01 6.074140127620157870e+00
-6.646425089760522553e+01 6.429327804621580711e+00
-6.424369994388702310e+01 6.785790537041836323e+00
-6.202671764442919766e+01 7.144198398282130213e+00
-5.981524439723730779e+01 7.505573599200966228e+00
-5.761221799608563288e+01 7.871475543162087085e+00
-5.542210549271086251e+01 8.244283131218859140e+00
-5.325171191018780092e+01 8.627625424509197671e+00
-5.111141221254809608e+01 9.027038628917487983e+00
-4.901702955943100903e+01 9.450968339569284282e+00
-4.699269987429331508e+01 9.912298487262265922e+00
-4.507523697661810047e+01 1.043068372529518406e+01
-4.330170215084282148e+01 1.104028290296182746e+01
-4.167976751594593310e+01 1.174069322069062693e+01
-4.019477439997130830e+01 1.249190604519225367e+01
-3.882775364310311517e+01 1.324437857417510145e+01
-3.755316831824888624e+01 1.395344369850079680e+01
-3.633461719702076209e+01 1.459206189920841723e+01
-3.515339160937205776e+01 1.516180466192928655e+01
-3.399902030433555922e+01 1.567109723956412992e+01
-3.286580998491178462e+01 1.612864628222551744e+01
-3.175076409860534810e+01 1.654116837225431880e+01
-3.065243708309587234e+01 1.691325706551162966e+01
-2.957045079170340429e+01 1.724776337760739864e+01
-2.850426558200040361e+01 1.754633268225894582e+01
-2.745285221389833907e+01 1.781087518016817484e+01
-2.641527217665818483e+01 1.804389727295249557e+01
-2.539044331173161240e+01 1.824768431381613354e+01
-2.437800035379592956e+01 1.842424828557484418e+01
-2.337834289798064091e+01 1.857457496764573435e+01
-2.239264678162168565e+01 1.869836350794351532e+01
-2.142265209946280180e+01 1.879404181329422485e+01
-2.047100847168301740e+01 1.885898447212174389e+01
-1.953969263941123913e+01 1.888904380361396562e+01
-1.862917981146361512e+01 1.888012425966177688e+01
-1.774100271324708089e+01 1.882990459162894226e+01
-1.687836657244531580e+01 1.873569408994364949e+01
-1.604656871314230315e+01 1.859305773288271624e+01
-1.525112891486365641e+01 1.839429935357899382e+01
-1.449591501955775463e+01 1.813310412541765615e+01
-1.378176241696811211e+01 1.780937331450012096e+01
-1.310672512278115853e+01 1.742999949760344336e+01
-1.246768632439908409e+01 1.700429063951942155e+01
-1.186123178480882601e+01 1.654030419944825070e+01
-1.128383012788875206e+01 1.604555251234348745e+01
-1.073225953567961710e+01 1.552577226641658292e+01
-1.020351628649190445e+01 1.498577614157590610e+01
-9.694851684713427176e+00 1.442927389902613022e+01
-9.203833394902414256e+00 1.385961389982578496e+01
-8.728433109884548458e+00 1.327891517567914015e+01
-8.266685664449079596e+00 1.268901416782070513e+01
-7.816823563169148947e+00 1.209142553945711107e+01
-7.377355990366481819e+00 1.148741002679794398e+01
-6.947142890149637928e+00 1.087802833311463502e+01
-6.525416294859511801e+00 1.026401251964379746e+01
-6.111646598335378933e+00 9.645909860086762322e+00
-5.705424337997111905e+00 9.024176251795653414e+00
-5.306359173716277411e+00 8.399241785820466433e+00
-4.914108036742868002e+00 7.771701338264550785e+00
-4.528476809017825566e+00 7.141966158993696467e+00
-4.149288220855438247e+00 6.510625173122929432e+00
-3.776332115099549913e+00 5.878328021674456672e+00
-3.409366666630253562e+00 5.246271359938607937e+00
-3.048227222828618910e+00 4.615841220429284242e+00
-2.692824429172675504e+00 3.989056923411545608e+00
-2.343026282583858144e+00 3.368475377608779464e+00
-1.998495296794563725e+00 2.757957260149925816e+00
-1.658709368311388488e+00 2.163618488602457202e+00
-1.322893216315229381e+00 1.594687192063714010e+00
-9.901019885294614076e-01 1.065481949979234289e+00
-6.592912323374213734e-01 5.979012185668783896e-01
-3.294992285396648457e-01 2.255623027469629838e-01
-5.719016317388210005e-10 1.484470414644226337e-06
