-4.734054871057541192e+01 -2.180232558139532539e+00
-7.689197163647315847e+01 -2.183721467013755024e+00
-9.486042967922779212e+01 -2.187210131024274418e+00
-1.053144591963960011e+02 -2.190698258739636195e+00
-1.108935237812293479e+02 -2.194185456736701845e+00
-1.133099736815738794e+02 -2.197671154780127534e+00
-1.136746979405684215e+02 -2.201154497375991337e+00
-1.127083915690734557e+02 -2.204634181075445731e+00
-1.108786162162304834e+02 -2.208108206587084954e+00
-1.084887203259935120e+02 -2.211573498555177597e+00
-1.057355294784528752e+02 -2.215025320693863264e+00
-1.027467783764756177e+02 -2.218456375048535545e+00
-9.960540323540446650e+01 -2.221855414083520941e+00
-9.636531446519055066e+01 -2.225205101645289396e+00
-9.306164926943439752e+01 -2.228478716002913806e+00
-8.971745398488590695e+01 -2.231635067955722640e+00
-8.634806699848125788e+01 -2.234610667542705098e+00
-8.296403577836689180e+01 -2.237307649632078732e+00
-7.957312277541906553e+01 -2.239575162100620354e+00
-7.618178167457229222e+01 -2.241180677039065650e+00
-7.279638474723117270e+01 -2.241765768998472019e+00
-6.942443472086179668e+01 -2.240777950261305662e+00
-6.607599163741232928e+01 -2.237365599687584528e+00
-6.276558605853959705e+01 -2.230216002886646454e+00
-5.951498246843444662e+01 -2.217305702475924623e+00
-5.635731841450569135e+01 -2.195515680472831299e+00
-5.334340656219582399e+01 -2.160038188875892828e+00
-5.055139818035302568e+01 -2.103462420506017949e+00
-4.810164525964017912e+01 -2.014365134577657201e+00
-4.596005019556133675e+01 -1.867010005274254869e+00
-4.407911003738194466e+01 -1.650047563233437486e+00
-4.241808906442893345e+01 -1.359813175970831844e+00
-4.094317476556236102e+01 -9.959793895487583093e-01
-3.963273281501016498e+01 -5.624315471911457420e-01
-3.847203303173852618e+01 -6.340621307669069839e-02
-3.744807895691960198e+01 4.939514622213518336e-01
-3.654491310456516828e+01 1.100046299430518015e+00
-3.574387029869960486e+01 1.740573100703971310e+00
-3.502587354787042528e+01 2.401152409630140649e+00
-3.437270966853624543e+01 3.068548102329102800e+00
-3.376809127723156934e+01 3.731125916309328883e+00
-3.319698918271396337e+01 4.380071102734609312e+00
-3.264629505471094717e+01 5.008347265894752987e+00
-3.210580550830113822e+01 5.609843257266720506e+00
-3.156724237701759961e+01 6.179032502886158795e+00
-3.102464400617280305e+01 6.710358433940120548e+00
-3.047339127380790202e+01 7.197803369283278130e+00
-2.991017522780188642e+01 7.634872128216922960e+00
-2.933242840750789071e+01 8.015116149872303808e+00
-2.873876059178436293e+01 8.334206169698829214e+00
-2.813043769361294366e+01 8.592406940252844905e+00
-2.751064333076860891e+01 8.793451316804668849e+00
-2.688227465675049288e+01 8.941724591704932834e+00
-2.624871893971011616e+01 9.042989280271742203e+00
-2.561265632082181298e+01 9.101890860987900567e+00
-2.497657700345811804e+01 9.122778536428455709e+00
-2.434249531120065413e+01 9.108930662294699943e+00
-2.371234762090867321e+01 9.063158703829886420e+00
-2.308799102821393845e+01 8.986865428766030561e+00
-2.247109241818317216e+01 8.880231094881573028e+00
-2.186359418083210571e+01 8.743670521862840772e+00
-2.126715711029751787e+01 8.576225165080980872e+00
-2.068347934251148956e+01 8.378333853183953295e+00
-2.011414016291556806e+01 8.149934739378071669e+00
-1.956060979398531430e+01 7.891610493777467816e+00
-1.902397937860817834e+01 7.604017459195466344e+00
-1.850515077086053140e+01 7.289085165382981124e+00
-1.800487597277441765e+01 6.948175363064130750e+00
-1.752355868661798510e+01 6.583102524629918406e+00
-1.706097878946062707e+01 6.195597183878194691e+00
-1.661571875778368934e+01 5.787979189571558436e+00
-1.618503161524025913e+01 5.364011508077466850e+00
-1.576465749613647382e+01 4.928075402281556272e+00
-1.534992102016096283e+01 4.486419308356518698e+00
-1.493554053584817609e+01 4.045210240434048643e+00
-1.451601088108917637e+01 3.611393064333232594e+00
-1.408522224162768843e+01 3.192517442784756465e+00
-1.363672142361145134e+01 2.796875949226252711e+00
-1.316303724160738575e+01 2.432088806830570160e+00
-1.265984978374041070e+01 2.103303045302335583e+00
-1.212686638355195257e+01 1.811851600233270077e+00
-1.156733785022868410e+01 1.555902609403708281e+00
-1.098548680422618062e+01 1.332091559479996912e+00
-1.038613132786441362e+01 1.136494258491379528e+00
-9.773349092021337725e+00 9.658711960753187942e-01
-9.149635972936550843e+00 8.178215217532509573e-01
-8.516942523361672457e+00 6.900233290539300457e-01
-7.876778733155411771e+00 5.801213092089756440e-01
-7.230304984378432387e+00 4.856642534112605714e-01
-6.578881103843553291e+00 4.041923855402958510e-01
-5.923563160002851546e+00 3.336003319868104389e-01
-5.265275047489022420e+00 2.720922819649501667e-01
-4.604843646705303328e+00 2.181482264962574524e-01
-3.943467756563779236e+00 1.705492564871240457e-01
-3.281853933054433625e+00 1.284748362860436144e-01
-2.620868286476652376e+00 9.141695391078340227e-02
-1.961592097016529035e+00 5.926928220449032003e-02
-1.304981005079011602e+00 3.244189442884243962e-02
-6.513367339030362579e-01 1.200664906282734520e-02
3.299251151613119122e-11 2.397547758882251034e-06
