-4.074980655658662698e+01 8.670511807129297477e-01
-6.664546369974908657e+01 3.277720268611438725e-01
-8.274585019236296546e+01 -2.115071462596282703e-01
-9.244303686967873546e+01 -7.507863614559724397e-01
-9.795458149134094583e+01 -1.290065649258980818e+00
-1.007300605267376170e+02 -1.829345053528918408e+00
-1.017170347378571762e+02 -2.368624639506268448e+00
-1.015349063174253814e+02 -2.907904505786698568e+00
-1.005885663664896583e+02 -3.447184802417520011e+00
-9.914268439380728637e+01 -3.986465758436486873e+00
-9.737027023631124223e+01 -4.525747723906361486e+00
-9.538441838811837670e+01 -5.065031234158491991e+00
-9.325905909288657369e+01 -5.604317108033647798e+00
-9.104252355555762222e+01 -6.143606598146289066e+00
-8.876641219077795597e+01 -6.682901620743675331e+00
-8.645139304334475128e+01 -7.222205107335131657e+00
-8.411099427411393492e+01 -7.761521542608749158e+00
-8.175408656152305298e+01 -8.300857787331892723e+00
-7.938651089725357224e+01 -8.840224337219041217e+00
-7.701215045232689249e+01 -9.379637248739049582e+00
-7.463364318779062501e+01 -9.919121085199323673e+00
-7.225286596725483435e+01 -1.045871342363802192e+01
-6.987127900276185244e+01 -1.099847174942188310e+01
-6.749019383845094922e+01 -1.153848400352854675e+01
-6.511101404625084399e+01 -1.207888471766552563e+01
-6.273549280014707819e+01 -1.261987969760533979e+01
-6.036605459158691644e+01 -1.316178378350482170e+01
-5.800624011628455179e+01 -1.370507861529289428e+01
-5.566135596109869255e+01 -1.425050100168128075e+01
-5.333944829498152984e+01 -1.479917810643429910e+01
-5.105277921437870248e+01 -1.535283425548242064e+01
-4.882007661791215725e+01 -1.591410730935944606e+01
-4.666997040885128456e+01 -1.648703264835877746e+01
-4.464610199365884569e+01 -1.707781127965577284e+01
-4.278474314701370673e+01 -1.770220394592907454e+01
-4.110196049892760328e+01 -1.828976958694776300e+01
-3.957852666554482823e+01 -1.875135403921776245e+01
-3.818394456625225075e+01 -1.900774175982713743e+01
-3.690041972976707996e+01 -1.905045644034038688e+01
-3.571284673095254902e+01 -1.890331224347145422e+01
-3.460527409006731858e+01 -1.860464188495280879e+01
-3.356243921240517381e+01 -1.819208845698333477e+01
-3.257151658744044198e+01 -1.769611182484412026e+01
-3.162213759305284455e+01 -1.714013787297963276e+01
-3.070569101234328357e+01 -1.654214524093365313e+01
-2.981479063959153208e+01 -1.591701497441597901e+01
-2.894362691850349378e+01 -1.527677944007497324e+01
-2.808745200229661521e+01 -1.463213951586663164e+01
-2.724265967573181868e+01 -1.399390062623330699e+01
-2.640667604057780693e+01 -1.337391471007523513e+01
-2.557790107166096760e+01 -1.278685185200569308e+01
-2.475567684253365286e+01 -1.225215813016862931e+01
-2.394015532259635037e+01 -1.179616922336013829e+01
-2.313290108987366267e+01 -1.145273765286273893e+01
-2.233716215539884331e+01 -1.125887787377109284e+01
-2.155980185903695201e+01 -1.123447585616477085e+01
-2.080615491080302704e+01 -1.136322898216785759e+01
-2.007525351668602553e+01 -1.160749936416090833e+01
-1.936346502556753890e+01 -1.193322708569236390e+01
-1.866679758630332486e+01 -1.231384801738333401e+01
-1.798175247009356426e+01 -1.272992795015979972e+01
-1.730525140767509384e+01 -1.316647781273804796e+01
-1.663466983015841549e+01 -1.361137746190902220e+01
-1.596761908108863359e+01 -1.405383256120601132e+01
-1.530207265365002556e+01 -1.448303709299772990e+01
-1.463656200046085942e+01 -1.488705334988060791e+01
-1.397044500059021566e+01 -1.525148430399418942e+01
-1.330387468465507972e+01 -1.555786396946405681e+01
-1.263907780886475329e+01 -1.578321956186556640e+01
-1.198012335271666196e+01 -1.589939809416437733e+01
-1.133497884357221963e+01 -1.588200788418285292e+01
-1.071377900961348928e+01 -1.572531852649068540e+01
-1.012193673455040077e+01 -1.544945581967611403e+01
-9.559108317022539936e+00 -1.508180247391078055e+01
-9.022774720849925600e+00 -1.464559063188277044e+01
-8.509501679108486982e+00 -1.415913774478655718e+01
-8.016133178532641068e+00 -1.363579846730636724e+01
-7.540104678181437592e+00 -1.308509268880832899e+01
-7.079735058622711463e+00 -1.251343968524790640e+01
-6.633958249939234442e+00 -1.192519547478133823e+01
-6.202101238486029899e+00 -1.132323231367089633e+01
-5.783181134983302663e+00 -1.071003907069391303e+01
-5.376478490824132983e+00 -1.008739560539988211e+01
-4.981481227287524405e+00 -9.456608303854288522e+00
-4.597870229812456522e+00 -8.818669212073379171e+00
-4.225475783870745516e+00 -8.174258079602157778e+00
-3.863825058242809085e+00 -7.524335981415893215e+00
-3.512650923440036266e+00 -6.869657969371956163e+00
-3.171486287729510689e+00 -6.211343873449997943e+00
-2.840120652991464656e+00 -5.550490356306741369e+00
-2.518212032546987889e+00 -4.888669494814733341e+00
-2.205356406488111709e+00 -4.228093687642846099e+00
-1.901145934916862901e+00 -3.571923773632792898e+00
-1.605229940829265622e+00 -2.924786706371424572e+00
-1.317384643689671231e+00 -2.293575231159844741e+00
-1.037538455287980943e+00 -1.688553284092468187e+00
-7.656057149910150406e-01 -1.125485967071860882e+00
-5.016283561700262128e-01 -6.284703084326368483e-01
-2.459947723974634515e-01 -2.344511236485637418e-01
-3.702293128034199202e-09 -1.743325400765051722e-06
