-3.956724302863059961e+01 3.887894827609193982e+01
-6.384115361260702315e+01 3.887890287283377688e+01
-7.819061946451061829e+01 3.887885751322055938e+01
-8.610066807130071709e+01 3.887881224919136258e+01
-8.983261626146529011e+01 3.887876715084943413e+01
-9.085379667733634790e+01 3.887872231978440851e+01
-9.011640193806370291e+01 3.887867790837773896e+01
-8.823843430727112036e+01 3.887863414876051849e+01
-8.562114758666274383e+01 3.887859139692631771e+01
-8.252529927415460520e+01 3.887855020038245613e+01
-7.912070354484657742e+01 3.887851140219510171e+01
-7.551850184223407325e+01 3.887847630120120357e+01
-7.179228361279662352e+01 3.887844689883230842e+01
-6.799207085712566823e+01 3.887842627945585150e+01
-6.415382404808910621e+01 3.887841919651165767e+01
-6.030627587077055551e+01 3.887843297582984547e+01
-5.647639143233232062e+01 3.887847890779206494e+01
-5.269449257165148737e+01 3.887857439289444272e+01
-4.900002006605271276e+01 3.887874624844378246e+01
-4.544902875534753406e+01 3.887903580477344434e+01
-4.212483991829804353e+01 3.887950675943628909e+01
-3.915387473588225475e+01 3.888025728194303809e+01
-3.649039595597748331e+01 3.888149959008504908e+01
-3.391556914195168559e+01 3.888357216534971883e+01
-3.134250514052803993e+01 3.888661039140803410e+01
-2.876529769513550860e+01 3.889037020767071340e+01
-2.617608115331350405e+01 3.889410073214869357e+01
-2.358616917017035775e+01 3.889594744410350557e+01
-2.102142891187980922e+01 3.889227240527181095e+01
-1.850621494824562063e+01 3.887674277122889066e+01
-1.604827494025153811e+01 3.883879480162364928e+01
-1.365641267008680337e+01 3.876194202791953813e+01
-1.135875940263870021e+01 3.862313360570716014e+01
-9.194163963701116771e+00 3.839161171493943669e+01
-7.258029800996372849e+00 3.803489347841257739e+01
-5.673105291347450674e+00 3.751444823502570358e+01
-4.610302609125551676e+00 3.679916841985274090e+01
-4.174918734830666445e+00 3.580570273258133795e+01
-4.352624441941975952e+00 3.459901953081153891e+01
-4.983795176193313026e+00 3.329338907757985311e+01
-5.927646929583032076e+00 3.196326291939415043e+01
-7.084054507824099289e+00 3.064748010407629408e+01
-8.377407645281948589e+00 2.936763182245181270e+01
-9.753807215750338599e+00 2.813391931480675368e+01
-1.118013686412580121e+01 2.694458443833984873e+01
-1.262592004149475322e+01 2.579900148745866417e+01
-1.407501246648797455e+01 2.469004130911836370e+01
-1.550966788792565154e+01 2.361554373196433687e+01
-1.693052039389941044e+01 2.256289359989734677e+01
-1.833449628331637982e+01 2.152582148323126177e+01
-1.971598371905772495e+01 2.050286093498337436e+01
-2.107759134758863695e+01 1.948786071523880636e+01
-2.241549934257455590e+01 1.848002283071001628e+01
-2.372611049362706481e+01 1.747752910641601432e+01
-2.500541114525401909e+01 1.647709832905491467e+01
-2.624783028515884453e+01 1.547469910323831677e+01
-2.745094532658504249e+01 1.446181755996579632e+01
-2.861000798188231897e+01 1.343203518975129285e+01
-2.971925848081617616e+01 1.238147474588963348e+01
-3.077211021848251349e+01 1.130898034020596121e+01
-3.176062630289733946e+01 1.021626907418709251e+01
-3.267450374128485890e+01 9.108062814606157076e+00
-3.349893512596914036e+01 7.992246167328932671e+00
-3.421129000652457108e+01 6.880683868761983568e+00
-3.477741891813206365e+01 5.791760923854589294e+00
-3.515131513905254224e+01 4.748339136472583988e+00
-3.527666194056709514e+01 3.777436791529774851e+00
-3.509919311144145837e+01 2.879224735688797221e+00
-3.462300816815611171e+01 2.068112997814351761e+00
-3.390772271252263437e+01 1.359844356495961915e+00
-3.301765458317065338e+01 7.613698209594274013e-01
-3.200565232806157923e+01 2.737179057188436349e-01
-3.090839365850380105e+01 -1.078067990649181490e-01
-2.975045650905600780e+01 -3.938804473492987790e-01
-2.855201670024125349e+01 -5.992002649586090079e-01
-2.732972377859683988e+01 -7.390183975169067887e-01
-2.609357572048159923e+01 -8.269848137995412518e-01
-2.485417563415128583e+01 -8.741172760876280146e-01
-2.361341874722321421e+01 -8.884147878411157162e-01
-2.237600132514281981e+01 -8.759512107985011342e-01
-2.114395134705389623e+01 -8.411262798714210787e-01
-1.991702896472147444e+01 -7.876189335211662979e-01
-1.869775954879029811e+01 -7.193859394635424565e-01
-1.748323993368805063e+01 -6.400315851325524275e-01
-1.627547185013168018e+01 -5.542446722994534003e-01
-1.507177809175667882e+01 -4.665577018548699439e-01
-1.387408813722564283e+01 -3.815905550796854784e-01
-1.268420136721052138e+01 -3.032615887509867436e-01
-1.150011168687853313e+01 -2.343238067835217986e-01
-1.032510267668774695e+01 -1.762291291209391597e-01
-9.158158057383207762e+00 -1.292999966845594928e-01
-7.999084676919370196e+00 -9.260310857189334166e-02
-6.853048204426197998e+00 -6.459721936014042876e-02
-5.722614925960599841e+00 -4.371493407772087531e-02
-4.613822170270253764e+00 -2.840982218007170185e-02
-3.541155263311599910e+00 -1.738509861663325995e-02
-2.521464550571474561e+00 -9.659679416617883430e-03
-1.577733154407358507e+00 -4.510476977412242530e-03
-7.375279597220670835e-01 -1.435626721926653400e-03
-5.842744779333630923e-06 -3.344030452891738088e-05
