5.312611537197075018e-01 -3.505533288283734783e-01 4.712960118689748512e-01
5.317186272367856459e-01 -3.503369421819923502e-01 4.705784142246527968e-01
5.345966249943042703e-01 -3.489821013447007569e-01 4.660059051457566826e-01
5.381349347383319603e-01 -3.473122704846676734e-01 4.603996760707236846e-01
5.418966229900786802e-01 -3.455338483962899776e-01 4.544610905774683074e-01
5.457511393489081764e-01 -3.436996881165235718e-01 4.484199697367543536e-01
5.497374084867251431e-01 -3.418111963427460931e-01 4.421815259233959905e-01
5.538823094338606312e-01 -3.398607670464924846e-01 4.357014460066331862e-01
5.582164623058986086e-01 -3.378364632629080044e-01 4.289225689077720838e-01
5.627335560662727332e-01 -3.357418810882979998e-01 4.218498233261825936e-01
5.674382380013608396e-01 -3.335734609087885882e-01 4.144642631090003082e-01
5.722796332434683109e-01 -3.313514342711825211e-01 4.068371004466176388e-01
5.771984041495945572e-01 -3.291006373104848892e-01 3.990570947137558888e-01
5.821555953311765563e-01 -3.268367066952417854e-01 3.911749157021076062e-01
5.871299471776657564e-01 -3.245692025754868260e-01 3.832132263966834818e-01
5.921567332012890317e-01 -3.222811597232900227e-01 3.750961837760224404e-01
5.972529603728710113e-01 -3.199656032262856997e-01 3.667784291433515698e-01
6.024244056967157368e-01 -3.176203336345155281e-01 3.582375662716806852e-01
6.076668159980669337e-01 -3.152493737360260173e-01 3.494728577511137524e-01
6.129630274826107783e-01 -3.128623004137147667e-01 3.405069433798855183e-01
6.183259941909454716e-01 -3.104546739113094866e-01 3.313127902348912968e-01
6.238067502566628786e-01 -3.080049196351107854e-01 3.217976750682488563e-01
6.293682373462937685e-01 -3.055306240558427477e-01 3.120205690864630843e-01
6.350065335824602863e-01 -3.030336479640340919e-01 3.019907618360031520e-01
6.407096617110373815e-01 -3.005192288108158860e-01 2.917289270000637535e-01
6.463888072861154743e-01 -2.980263643532374274e-01 2.813949386633148309e-01
6.520168131976975534e-01 -2.955662656526719112e-01 2.710401313361711084e-01
6.575034917171208582e-01 -2.931781611934972109e-01 2.608281012864273607e-01
6.627894375805416516e-01 -2.908869938343638939e-01 2.508687531457027275e-01
6.678158789391379635e-01 -2.887189497814993677e-01 2.412684677187280635e-01
6.725638293137863322e-01 -2.866830679925475578e-01 2.320603126365355373e-01
6.770324184426118608e-01 -2.847805306226955935e-01 2.232432533033740507e-01
6.812283212338826610e-01 -2.830091416099893009e-01 2.148024016294394212e-01
6.851630532234670445e-01 -2.813650776204252302e-01 2.067157244639741542e-01
6.888501179221370174e-01 -2.798427627026390807e-01 1.989587416085285554e-01
6.923018903353075348e-01 -2.784363224986148855e-01 1.915099254909271853e-01
6.955676634512042433e-01 -2.771226897728780170e-01 1.842749148571962425e-01
6.986288716335827820e-01 -2.759071031104340377e-01 1.772957956103770882e-01
7.014793844142092061e-01 -2.747901992471027399e-01 1.706011255398242887e-01
7.041753975824148748e-01 -2.737468430402371089e-01 1.640914972113589054e-01
7.066606438726101835e-01 -2.727995104300741658e-01 1.579071703934649684e-01
7.089774319826620541e-01 -2.719310743775284478e-01 1.519882676264964760e-01
7.111801015227613432e-01 -2.711229739594965271e-01 1.462384322683830118e-01
7.132270090966836840e-01 -2.703960287345818503e-01 1.407818330878382596e-01
7.150001670616488170e-01 -2.698016076839029886e-01 1.359474305910999548e-01
7.168417748704440928e-01 -2.691716451767870999e-01 1.307794929281695384e-01
7.187297204461476907e-01 -2.685130165484589382e-01 1.252660492089706090e-01
7.205443530729358503e-01 -2.678795808241652421e-01 1.197793823099935345e-01
7.221544152366956570e-01 -2.673303129176083370e-01 1.147463278509610052e-01
7.235151215362445321e-01 -2.668898124139800210e-01 1.103510191275613034e-01
7.246350808988821779e-01 -2.665541635305905266e-01 1.065921372697993114e-01
7.256447227741222861e-01 -2.662547788891906908e-01 1.030262857656487618e-01
7.265306287811782449e-01 -2.659925323942073927e-01 9.967702705147547804e-02
7.273286888901971947e-01 -2.657543186755143561e-01 9.644646681466773064e-02
7.280851378526196349e-01 -2.655253686906189348e-01 9.318357283432605886e-02
7.288075944334564404e-01 -2.653058659246763651e-01 8.989008457746006098e-02
7.295066899077622402e-01 -2.650960187625050479e-01 8.659163062156670365e-02
7.302193179742840767e-01 -2.648870894075537885e-01 8.321136344952778652e-02
7.308790388101374935e-01 -2.647060009488622079e-01 8.012390457642325214e-02
7.309232011059818568e-01 -2.647400525849473163e-01 7.999317554112866935e-02
7.309771603352580582e-01 -2.647828769706965235e-01 7.987635346906601930e-02
7.317911957808553858e-01 -2.655547048641208607e-01 8.041146210150214302e-02
7.332838481379264639e-01 -2.669790734182627134e-01 8.148872017434685699e-02
7.353710328885783021e-01 -2.689762038749747841e-01 8.306574641590758201e-02
7.377518124446317271e-01 -2.712587738602578735e-01 8.488172836796992193e-02
7.403355250788037356e-01 -2.737408456120590805e-01 8.684775729635982322e-02
7.431223530801600585e-01 -2.764245449740088678e-01 8.893355935940951140e-02
7.461433068944667291e-01 -2.793413593215912649e-01 9.113481024515009132e-02
7.493222408155048031e-01 -2.824188042619996675e-01 9.338745125940109415e-02
7.524864899277917685e-01 -2.854911806678863129e-01 9.556918016430268614e-02
7.553278572935488988e-01 -2.882638857920069020e-01 9.746592902614605036e-02
7.572902348406643780e-01 -2.902065049903453375e-01 9.869239119936643045e-02
7.578463343580146283e-01 -2.908164167388966326e-01 9.886734910036885926e-02
7.583966651235625189e-01 -2.914238558577346150e-01 9.894539865994189665e-02
7.587836397343057371e-01 -2.918706778237749044e-01 9.864836226434868516e-02
7.591747631585489264e-01 -2.923291397998068475e-01 9.825078741534572224e-02
7.595973786909229197e-01 -2.928307996432442106e-01 9.763334209407042996e-02
7.600723232982244948e-01 -2.933976419877187269e-01 9.672821080041012209e-02
7.606028598895228088e-01 -2.940330275355848011e-01 9.552832105885381009e-02
7.611728826268967518e-01 -2.947184250767295177e-01 9.407822561422055085e-02
7.617605822634976320e-01 -2.954280076651344400e-01 9.245192684568188934e-02
7.623404495239473055e-01 -2.961315233965567395e-01 9.072948955726496678e-02
7.628875073186015543e-01 -2.967986880848121345e-01 8.899176874451093788e-02
7.633970953090286615e-01 -2.974228237603397385e-01 8.727409505751736185e-02
7.638772731750237410e-01 -2.980119021038531990e-01 8.557484182155557229e-02
7.643348759681326543e-01 -2.985731354914292202e-01 8.388782507712426451e-02
7.647675977525997260e-01 -2.991034134563557156e-01 8.223273390670662875e-02
7.651595674346780562e-01 -2.995823119815695379e-01 8.067517287859080066e-02
7.655198750315753697e-01 -3.000179136709171246e-01 7.922060117570348114e-02
7.658571557353186510e-01 -3.004165085179121841e-01 7.787365667293447147e-02
7.662372540580015823e-01 -3.008609814908285718e-01 7.635359545651514146e-02
7.667303089538742844e-01 -3.014281469515817657e-01 7.441899228452113213e-02
7.674313276402421335e-01 -3.022166583684180452e-01 7.174269320424196683e-02
7.682817661499879991e-01 -3.031611308155166551e-01 6.853666250065761079e-02
7.692123033570362756e-01 -3.041856476595636294e-01 6.504989502967653547e-02
7.702106064555661602e-01 -3.052770303873231783e-01 6.134281616831321199e-02
7.711925259964987900e-01 -3.063460152397417535e-01 5.770686876982952795e-02
7.721257344467136186e-01 -3.073584697045431691e-01 5.427810082577544382e-02
7.728657776537956048e-01 -3.081586092012206235e-01 5.159173153664453615e-02
7.731122456681231991e-01 -3.084247240525591072e-01 5.070498844128246835e-02
