5.279730876656731908e-01 -3.599718998744991794e-01 4.696669698664184822e-01
5.286037709642928961e-01 -3.596278752730803219e-01 4.686967381050652914e-01
5.316103017529998365e-01 -3.579935536552986131e-01 4.641253935663820496e-01
5.352659852792472917e-01 -3.560111931881967950e-01 4.585673696142102407e-01
5.391328250208894390e-01 -3.539227963535847010e-01 4.526989415902116232e-01
5.430495412588620674e-01 -3.518109901219231839e-01 4.467851022120090665e-01
5.470635175383596893e-01 -3.496645531189210843e-01 4.407288021601658556e-01
5.512449561734817927e-01 -3.474521978542310374e-01 4.344148560708365747e-01
5.555881753819810198e-01 -3.451808239842449888e-01 4.278494500143049106e-01
5.600526790904283292e-01 -3.428728114112016834e-01 4.210928708965325784e-01
5.646685663082976481e-01 -3.405103840656503733e-01 4.140866624756489589e-01
5.694475233727638308e-01 -3.380850957064507889e-01 4.067995837033042128e-01
5.743283539803987203e-01 -3.356255278579310386e-01 3.993176002883536135e-01
5.792714427917303732e-01 -3.331480958461679465e-01 3.916917629969891013e-01
5.842624605343268440e-01 -3.306592629677572726e-01 3.839328470675220650e-01
5.892635618288005750e-01 -3.281762147416279474e-01 3.760876811337229286e-01
5.943384999473375618e-01 -3.256670431467779125e-01 3.680382763331269125e-01
5.995002152318448241e-01 -3.231261823552728507e-01 3.597481140274052525e-01
6.047091455007360672e-01 -3.205740715147558095e-01 3.512729716946559888e-01
6.099955551849016722e-01 -3.179963683493131632e-01 3.425570018317963816e-01
6.153390555677057394e-01 -3.154047752536129900e-01 3.336282468305352134e-01
6.208000085628841980e-01 -3.127703117218251228e-01 3.243835758397148328e-01
6.263017186171397910e-01 -3.101315671611094005e-01 3.149476172552790887e-01
6.318909567459068954e-01 -3.074650821592995187e-01 3.052458431258919247e-01
6.375611490693019467e-01 -3.047740358292654883e-01 2.952846768807063094e-01
6.431797081139845051e-01 -3.021216894974846912e-01 2.852962600745524435e-01
6.487256367261110546e-01 -2.995168823598739483e-01 2.753220130202266303e-01
6.541679841476560897e-01 -2.969731125112878289e-01 2.654146571530062726e-01
6.594576977451188649e-01 -2.945137717182923498e-01 2.556602222164406912e-01
6.645701038857643184e-01 -2.921502764386921247e-01 2.461028459251892730e-01
6.693728655220688717e-01 -2.899444949541973293e-01 2.369830496981479295e-01
6.738904099993444641e-01 -2.878848803009632640e-01 2.282588645248385117e-01
6.781406867782571180e-01 -2.859647301885170356e-01 2.198944667408948006e-01
6.821015542839277135e-01 -2.841943041368956702e-01 2.119327978853434158e-01
6.858017370526490186e-01 -2.825602254963853754e-01 2.043221705937979804e-01
6.892189236497315852e-01 -2.810711596392182487e-01 1.971085173172550387e-01
6.924052317362900943e-01 -2.797007096508633550e-01 1.901964870661173868e-01
6.953544519347183428e-01 -2.784493021622554965e-01 1.836051629812540942e-01
6.980615324284811241e-01 -2.773158848285368627e-01 1.773605175200484718e-01
7.005697250798398334e-01 -2.762794440136838170e-01 1.713905449777824164e-01
7.028806126538015286e-01 -2.753382711878580302e-01 1.657062746828391331e-01
7.050706758679208264e-01 -2.744603674677854044e-01 1.601641604535985752e-01
7.072217161187452916e-01 -2.736129425083398403e-01 1.545933513599730136e-01
7.093894319341124133e-01 -2.727756700287747305e-01 1.488680107986381229e-01
7.115939449931719674e-01 -2.719424379328536090e-01 1.429426423253250811e-01
7.137672032808811684e-01 -2.711414663020318971e-01 1.369874811636169754e-01
7.158464685914626147e-01 -2.703961015824233316e-01 1.311778524664045931e-01
7.177541664249107445e-01 -2.697354478045514425e-01 1.257244891201403925e-01
7.194471480805848529e-01 -2.691744656119919310e-01 1.207558577615014117e-01
7.208827856184091276e-01 -2.687286469958273250e-01 1.164126906928975025e-01
7.221411525837750922e-01 -2.683575951533557769e-01 1.124678738514034576e-01
7.232917228985622504e-01 -2.680282742435602383e-01 1.087101368839001186e-01
7.243787547797354565e-01 -2.677225903124455519e-01 1.050028000280322504e-01
7.254738538349846388e-01 -2.674177067525665974e-01 1.011366005482388364e-01
7.265891769019328095e-01 -2.671120826000821236e-01 9.708421015223077377e-02
7.277042483828324304e-01 -2.668133352168483019e-01 9.294209223007765530e-02
7.288266702601903235e-01 -2.665204980289289649e-01 8.873709925400893872e-02
7.299621062375117875e-01 -2.662334666837261055e-01 8.449375790033210321e-02
7.308586085320645243e-01 -2.660253769656333867e-01 8.116313446507646134e-02
7.312653067903543969e-01 -2.659628250250316017e-01 7.969680810672519211e-02
7.313299061533864442e-01 -2.660080470373661354e-01 7.963909655721498893e-02
7.314049426555910838e-01 -2.660627412028140348e-01 7.959847563457800312e-02
7.326289469642068841e-01 -2.672242268827577649e-01 8.082355261787027567e-02
7.347496069664457563e-01 -2.692519005580688018e-01 8.305523335824670228e-02
7.373037563586237741e-01 -2.717012009912167514e-01 8.576732509448305175e-02
7.401049472863538981e-01 -2.743945746389348517e-01 8.874425723159089230e-02
7.430634324797387169e-01 -2.772467681620258140e-01 9.187194631778108911e-02
7.460926824236544519e-01 -2.801759297690494810e-01 9.504808775826169287e-02
7.490862292649081988e-01 -2.830810746366080877e-01 9.815340095389804564e-02
7.518847713263557830e-01 -2.858105514356583110e-01 1.010153304814089409e-01
7.540830615100867496e-01 -2.879766992504063650e-01 1.032208600447162145e-01
7.555089052063351795e-01 -2.894137028618767316e-01 1.045908161430429834e-01
7.568553832844985285e-01 -2.907843012898717605e-01 1.057937200335063443e-01
7.571777757252245999e-01 -2.911673109588905906e-01 1.057431029511209930e-01
7.575042618284086871e-01 -2.915629769633827362e-01 1.056536865652230595e-01
7.577474749925100506e-01 -2.919594511445064433e-01 1.051395230265120828e-01
7.580044269737222784e-01 -2.923989564758481818e-01 1.044971748495849700e-01
7.583220463055786453e-01 -2.930401891949800386e-01 1.032393987306401556e-01
7.586597084703747829e-01 -2.937891946980992208e-01 1.015914328171104025e-01
7.589926833045075316e-01 -2.945862408907493624e-01 9.970637142076937964e-02
7.593094591534926829e-01 -2.954016730613159836e-01 9.767243856915788780e-02
7.596001665755135468e-01 -2.962095656016118239e-01 9.556163838600612026e-02
7.598549029918933995e-01 -2.969824291196431765e-01 9.344971099347328114e-02
7.600765147285678536e-01 -2.977200940063077228e-01 9.135569727658934824e-02
7.602675174756342580e-01 -2.984249351216082813e-01 8.928639185614593854e-02
7.604340541769467610e-01 -2.991108721848659835e-01 8.721922891974720482e-02
7.605779050369990690e-01 -2.997822068228346848e-01 8.515213795254181206e-02
7.606990175226060469e-01 -3.004366490420666280e-01 8.310387927700406407e-02
7.607973400832492850e-01 -3.010711395260118328e-01 8.109889225278975322e-02
7.608750175821907824e-01 -3.016871705823880312e-01 7.915780125346327800e-02
7.609358717311862641e-01 -3.023274073843431609e-01 7.714731371308330976e-02
7.609828685489513633e-01 -3.030529473543295271e-01 7.487588146281189128e-02
7.610137792004399993e-01 -3.039240768326837983e-01 7.215366223263054712e-02
7.610239762341161063e-01 -3.049355073197903554e-01 6.899457533105401996e-02
7.610154691487991396e-01 -3.059706737377942409e-01 6.574215991566960404e-02
7.609937626760647778e-01 -3.069760030917693672e-01 6.256513824348274022e-02
7.609646313891833547e-01 -3.080089315575713083e-01 5.931116516634824670e-02
7.609321324356751459e-01 -3.090799449061192861e-01 5.597132876273389068e-02
7.609021266095105096e-01 -3.100183134539213903e-01 5.308712783870461055e-02
7.608912560951215376e-01 -3.103451459917374589e-01 5.209041398843623771e-02
