5.126902340570157479e-01 -3.654956383959856447e-01 4.695475969231857061e-01
5.143434531833410706e-01 -3.646346312026234049e-01 4.674012258566901390e-01
5.181834258186481801e-01 -3.626263642281701838e-01 4.624155591929461906e-01
5.226376384129923780e-01 -3.602927759473592562e-01 4.566321240370698198e-01
5.273020746048746599e-01 -3.578533720250012817e-01 4.505453779134117043e-01
5.319512773917576265e-01 -3.554288195085290036e-01 4.444459483308662584e-01
5.365709726963582282e-01 -3.530231268238511189e-01 4.383573070691561546e-01
5.412676704127878935e-01 -3.505949693135546608e-01 4.321295401747329845e-01
5.461259881475620803e-01 -3.481065478666553470e-01 4.256437556357011154e-01
5.511544102082738261e-01 -3.455560580112463920e-01 4.188853811513122416e-01
5.563295709036749637e-01 -3.429555145264671645e-01 4.118827626453485657e-01
5.615812976843452820e-01 -3.403384494476691668e-01 4.047264468902426748e-01
5.669343505720814136e-01 -3.376890720629355247e-01 3.973693076310493844e-01
5.723499562576805921e-01 -3.350235049563581313e-01 3.898544212026311961e-01
5.778243215235796537e-01 -3.323405941184235934e-01 3.821774120527522411e-01
5.833282448241292606e-01 -3.296545767733691790e-01 3.743684251524387885e-01
5.888592496176466851e-01 -3.269649502717576484e-01 3.664170636346469889e-01
5.944449185803989399e-01 -3.242587473714855784e-01 3.582708014396441265e-01
6.000930770775264600e-01 -3.215330109076965925e-01 3.499070540815404362e-01
6.057954038113164685e-01 -3.187929985395526189e-01 3.413302972109679700e-01
6.116551752886826288e-01 -3.159903520527232446e-01 3.323777726836291690e-01
6.176229935004584615e-01 -3.131500171175218838e-01 3.231243333476874202e-01
6.236368524297672966e-01 -3.103023405100997500e-01 3.136670218403542210e-01
6.297493430930896086e-01 -3.074222353974412902e-01 3.039260685456808275e-01
6.358738423576302257e-01 -3.045509504240773158e-01 2.940382358167070720e-01
6.420163093200801363e-01 -3.016852515689122938e-01 2.839949141472037919e-01
6.481442778682021677e-01 -2.988398317635153068e-01 2.738498107383611213e-01
6.541661294455989317e-01 -2.960567984696785837e-01 2.637533427463191193e-01
6.600374881156580997e-01 -2.933561244986754302e-01 2.537797580878302095e-01
6.657388895315569100e-01 -2.907467106040994009e-01 2.439595310385775651e-01
6.711906010332502337e-01 -2.882652583931323842e-01 2.344260012314039188e-01
6.763659717588632603e-01 -2.859241236791460472e-01 2.252256477225765274e-01
6.812629713805778975e-01 -2.837256368023718944e-01 2.163583208229556687e-01
6.858234556007214433e-01 -2.816964191350266877e-01 2.079287068170880548e-01
6.900399614119383518e-01 -2.798409397772292917e-01 1.999531227814049794e-01
6.939783546854996210e-01 -2.781282528534519405e-01 1.923162352284662202e-01
6.976142621516390196e-01 -2.765672868930534323e-01 1.850726506654435388e-01
7.008967508665933099e-01 -2.751766052571608667e-01 1.783307531912725896e-01
7.038019500031462705e-01 -2.739631350228619033e-01 1.721585940350593424e-01
7.063341010991882607e-01 -2.729213575298954919e-01 1.665836185537371839e-01
7.084541828088454229e-01 -2.720656834392049528e-01 1.617261236968625115e-01
7.101544079144984645e-01 -2.713991114494488377e-01 1.576602475806493098e-01
7.114686178717970488e-01 -2.709118552858979512e-01 1.543775742688735797e-01
7.124075550168679216e-01 -2.706078807536046460e-01 1.519128916040138888e-01
7.133327987652230417e-01 -2.703044202683644870e-01 1.493009879103801008e-01
7.143113951053581268e-01 -2.699828274721788324e-01 1.462912915635430633e-01
7.153578433598201114e-01 -2.696508218596816997e-01 1.428326038494273365e-01
7.165273898441816280e-01 -2.692691302908906681e-01 1.387326150442345918e-01
7.178563080364981364e-01 -2.688161514546358877e-01 1.338296985278358830e-01
7.192757578493305104e-01 -2.683172264050467937e-01 1.283571906750532732e-01
7.206848446299037869e-01 -2.678132005827363882e-01 1.227189081179189539e-01
7.220414958483870604e-01 -2.673229752601968268e-01 1.170966581426678005e-01
7.233423670732807009e-01 -2.668485983217603885e-01 1.115019835923624636e-01
7.245986789548235496e-01 -2.663875882257565886e-01 1.059037598284601894e-01
7.257663291585755294e-01 -2.659613781637812924e-01 1.005297808767522810e-01
7.268663267599819733e-01 -2.655641307283115871e-01 9.533765703015471826e-02
7.278547364738889858e-01 -2.652147468404011943e-01 9.055099516099211765e-02
7.288025203806166585e-01 -2.648891572077385903e-01 8.590407482437423248e-02
7.298288339851970452e-01 -2.645474490615018492e-01 8.090942448639831808e-02
7.308767953158062936e-01 -2.642155999329559579e-01 7.591173397722605909e-02
7.309229891886208641e-01 -2.642514857729774125e-01 7.584127853425748356e-02
7.309801852489371532e-01 -2.642975265208893920e-01 7.578641875161350183e-02
7.319559727285018802e-01 -2.652389906506325001e-01 7.658108760293799722e-02
7.335331881822175770e-01 -2.667675959496889626e-01 7.792779152925094488e-02
7.354575714569083766e-01 -2.686358889861646393e-01 7.959622306830044236e-02
7.375769861524820170e-01 -2.706966629739651076e-01 8.143876860601446943e-02
7.398067807515436023e-01 -2.728679378574844216e-01 8.337347184402017775e-02
7.421270196560587618e-01 -2.751314406232365783e-01 8.536780556749407056e-02
7.445565322967960808e-01 -2.775065830851446980e-01 8.741847846291325719e-02
7.470840487182590639e-01 -2.799828802488486534e-01 8.950861067100900070e-02
7.496529141459211676e-01 -2.825043566931095262e-01 9.159392131214295907e-02
7.522153680090721828e-01 -2.850245500560112943e-01 9.363630725704989721e-02
7.546649463643209099e-01 -2.874410812242608193e-01 9.554988601363474665e-02
7.568491126194472063e-01 -2.896080182736349151e-01 9.721159711718239949e-02
7.584511957048710729e-01 -2.912224001643631266e-01 9.836953062613085219e-02
7.596486268108004758e-01 -2.924530448638295033e-01 9.912876812129477189e-02
7.603578298048131456e-01 -2.932139022879409196e-01 9.938171537393117316e-02
7.609321676521288991e-01 -2.938469126265172982e-01 9.937710640939624585e-02
7.615152793375649098e-01 -2.944963573048020589e-01 9.923170558963237409e-02
7.620976363468336956e-01 -2.951580390264738618e-01 9.889809189090260910e-02
7.626663290555160124e-01 -2.958164773244905676e-01 9.841851876411189526e-02
7.632462439786315000e-01 -2.964941803677461074e-01 9.780378689165160344e-02
7.638426062411269868e-01 -2.971912906221276796e-01 9.704247260170029143e-02
7.644709151350054244e-01 -2.979224888135187377e-01 9.613135481314889763e-02
7.651393725902851939e-01 -2.986966428321265465e-01 9.507083062134942530e-02
7.658448596128037966e-01 -2.995103010590465797e-01 9.387550492143355296e-02
7.665772938895939470e-01 -3.003527566498248036e-01 9.257255508956142853e-02
7.673098579508947914e-01 -3.011938025383479323e-01 9.120996604785858164e-02
7.680547886747962627e-01 -3.020467001648353689e-01 8.978867894111591808e-02
7.687969381601327257e-01 -3.028940378260576161e-01 8.833820663435132392e-02
7.695566389998332868e-01 -3.037580075588482975e-01 8.683884298414790148e-02
7.703243432259786472e-01 -3.046277207755619387e-01 8.530865205770285509e-02
7.711056753712871581e-01 -3.055093708828224286e-01 8.374597688770057946e-02
7.718923316232999543e-01 -3.063938941187088760e-01 8.216979600515567084e-02
7.726781091165044746e-01 -3.072744765963639213e-01 8.059992220615846970e-02
7.734567832106880036e-01 -3.081433187421622755e-01 7.905831210420803667e-02
7.742164077174434889e-01 -3.089868055772735378e-01 7.757734591435584692e-02
7.749454103087615175e-01 -3.097908382475458300e-01 7.619530933152543484e-02
7.755997956401982085e-01 -3.105068540652587417e-01 7.500793291797831774e-02
7.756036599736305659e-01 -3.105134130787216007e-01 7.495743288849518460e-02
