5.289782405421623590e-01 -3.568012528723035759e-01 4.338584050869566666e-01
5.291266777820382572e-01 -3.567233871117536648e-01 4.336833646590942393e-01
5.321811526670524595e-01 -3.551432345026564463e-01 4.300237136838306329e-01
5.361133480660423833e-01 -3.531075368307900475e-01 4.252926533864516689e-01
5.404004281516894270e-01 -3.509002325243829601e-01 4.201012522674950622e-01
5.448910196365975844e-01 -3.486059302989540920e-01 4.146198480843139023e-01
5.495038989266732843e-01 -3.462691953181509796e-01 4.089413550195367120e-01
5.542130746914157857e-01 -3.439042730166866901e-01 4.030883849536452956e-01
5.590446976984924099e-01 -3.414969941810421239e-01 3.970170557637526798e-01
5.639815819389819573e-01 -3.390533927608782583e-01 3.907382665897434770e-01
5.689990391714099260e-01 -3.365831294738478863e-01 3.842735854435002096e-01
5.741208254034882996e-01 -3.340723804671079655e-01 3.775828304194960294e-01
5.793128521457531210e-01 -3.315362961153988097e-01 3.707000024984676290e-01
5.845291060741993894e-01 -3.289965838921961039e-01 3.636806647546990678e-01
5.898639930844974399e-01 -3.264071788801052865e-01 3.563843815758294120e-01
5.951929080143764095e-01 -3.238295438646366375e-01 3.489760872825581894e-01
6.005801219542417080e-01 -3.212333051617532464e-01 3.413635160107770794e-01
6.059550314516188863e-01 -3.186535497723788080e-01 3.336411382829051475e-01
6.113826399145151358e-01 -3.160603962257513833e-01 3.257150291817106913e-01
6.168539103108580113e-01 -3.134591520504718676e-01 3.175971342438442813e-01
6.224000325855983951e-01 -3.108354155833960020e-01 3.092437149147743702e-01
6.279850036724410334e-01 -3.082063937233849304e-01 3.007076303338839240e-01
6.335463607156636145e-01 -3.056012318578251175e-01 2.920879539968541105e-01
6.390982956721833474e-01 -3.030129744562305438e-01 2.833638124810331504e-01
6.446085480534916590e-01 -3.004564513188443531e-01 2.745843471980891626e-01
6.500494451231130233e-01 -2.979437358666712221e-01 2.657924390965650807e-01
6.553866209979333224e-01 -2.954908591329967193e-01 2.570407070428432639e-01
6.606300426941532633e-01 -2.930929720887490153e-01 2.483127605862772147e-01
6.657680697719609020e-01 -2.907553030133029903e-01 2.396258658827460641e-01
6.707056602364820375e-01 -2.885219219226468623e-01 2.311360396029590036e-01
6.754728348027418949e-01 -2.863802544329028810e-01 2.227958136967606584e-01
6.800371441547962137e-01 -2.843448105551364402e-01 2.146603736353660807e-01
6.843559925399431698e-01 -2.824355959130893101e-01 2.068080730478343010e-01
6.884122258093150482e-01 -2.806604409352899676e-01 1.992696966879374254e-01
6.922445125925434928e-01 -2.790006725306122259e-01 1.919826946949934332e-01
6.957960892073756787e-01 -2.774792750406791519e-01 1.850563943395394650e-01
6.991000942389493655e-01 -2.760790307089132090e-01 1.784425970590356181e-01
7.020246142368105069e-01 -2.748541398725543039e-01 1.724001437279483462e-01
7.046041200880022171e-01 -2.737865971441583168e-01 1.668920946095682201e-01
7.067608769882370856e-01 -2.729070406937906257e-01 1.620985652772536090e-01
7.085108945799106772e-01 -2.722074720747488241e-01 1.580291760678555757e-01
7.098959226868706285e-01 -2.716714609761584076e-01 1.546425346850038018e-01
7.109878477699921318e-01 -2.712722842104891563e-01 1.518184077101998042e-01
7.119024198218216748e-01 -2.709674881232530530e-01 1.493039591082686024e-01
7.128001152558438580e-01 -2.706990925824809824e-01 1.467057182043585151e-01
7.138028806151115457e-01 -2.704293919009955749e-01 1.437013855860990730e-01
7.149608455766532922e-01 -2.701458195400678330e-01 1.401391125637304891e-01
7.163191499753727154e-01 -2.698186190445924781e-01 1.358459589851078730e-01
7.178935992306221259e-01 -2.694392076911544809e-01 1.307578110831033869e-01
7.196351142247396915e-01 -2.690194242450097417e-01 1.250180734862064991e-01
7.214306749723363721e-01 -2.685902045120734938e-01 1.189893582608144568e-01
7.231928672696272820e-01 -2.681751503361342603e-01 1.129658040655107942e-01
7.248346805960586003e-01 -2.677971768958251064e-01 1.072436551042768305e-01
7.263088812920037718e-01 -2.674687430631158547e-01 1.019994984561331253e-01
7.276684851851273894e-01 -2.671764860783883977e-01 9.708092832145037709e-02
7.289426626881754245e-01 -2.669142131700600329e-01 9.241992675348269237e-02
7.300967791740750057e-01 -2.666888096990861490e-01 8.815946643149322193e-02
7.310826730557613562e-01 -2.665101328725422158e-01 8.450794608453583712e-02
7.315613841895151070e-01 -2.664475527627657159e-01 8.271004115766089626e-02
7.316679939468376803e-01 -2.664757393708128141e-01 8.239054106396397070e-02
7.317618312263626246e-01 -2.665336166806222540e-01 8.237126083326709591e-02
7.318829205617464195e-01 -2.666150420030873325e-01 8.238443455196123311e-02
7.332929521564209852e-01 -2.678326252950565256e-01 8.367453980994007945e-02
7.353604892227643131e-01 -2.696316441895609817e-01 8.562120291669485239e-02
7.377630532587653445e-01 -2.717295002487322697e-01 8.791012855686453076e-02
7.403511270530946931e-01 -2.739953740309608587e-01 9.038288775885512660e-02
7.430313571640466686e-01 -2.763477149243745989e-01 9.294263025130608535e-02
7.457731915294517622e-01 -2.787607150609231477e-01 9.554640869312586160e-02
7.485385093661069966e-01 -2.812010759022949280e-01 9.815230039795200256e-02
7.512948311610896379e-01 -2.836414242457266921e-01 1.007188606971154143e-01
7.539373378589426800e-01 -2.859911510262132528e-01 1.031449949797999671e-01
7.563474929753525311e-01 -2.881488149153096368e-01 1.053142638710973522e-01
7.582757130229036413e-01 -2.898980700205401329e-01 1.069998085451780018e-01
7.593907799110288792e-01 -2.909506201606260056e-01 1.078973926341851020e-01
7.598399843333941694e-01 -2.914324904985086118e-01 1.080714733932523069e-01
7.603065424942150319e-01 -2.919366815241714597e-01 1.081556005665278708e-01
7.605576737798517284e-01 -2.922282743724048948e-01 1.078318953194844637e-01
7.608314508424162126e-01 -2.925413453247101558e-01 1.074048191755896525e-01
7.612292892480327922e-01 -2.929622614215488530e-01 1.063526510465863245e-01
7.617271358804691417e-01 -2.934699605276077095e-01 1.048856703233310983e-01
7.623085074945626927e-01 -2.940465421074675012e-01 1.030303924328691556e-01
7.629266040166564622e-01 -2.946486803869575732e-01 1.009434663718831171e-01
7.635590693898510750e-01 -2.952559780818686530e-01 9.871143865250271709e-02
7.641855973887016207e-01 -2.958503979150420848e-01 9.640702925636260301e-02
7.647938182919692407e-01 -2.964204533366104344e-01 9.408254148863634536e-02
7.653828225869478974e-01 -2.969650736885307007e-01 9.175522980623060376e-02
7.659412794671359714e-01 -2.974741922481060064e-01 8.947092322156498245e-02
7.664789619407227361e-01 -2.979560498122887369e-01 8.720786584291080612e-02
7.670002677483780396e-01 -2.984139260887060940e-01 8.496040230930236581e-02
7.675139111694357918e-01 -2.988553339004519360e-01 8.270485407196033478e-02
7.680216149442624651e-01 -2.992813208273819026e-01 8.044492732821389991e-02
7.685254685805875674e-01 -2.996935736131868810e-01 7.818666036893616444e-02
7.690207449741824908e-01 -3.000881085312934182e-01 7.596308965618912834e-02
7.695012017661173598e-01 -3.004593081570592350e-01 7.382582072179931509e-02
7.699442572058987633e-01 -3.007890531651133403e-01 7.188038941726554443e-02
7.703768970169219132e-01 -3.010981348651922684e-01 6.999900957321468498e-02
7.708228284044978951e-01 -3.014035882899802066e-01 6.805559902877840461e-02
7.712848649435173343e-01 -3.017083590179423513e-01 6.604456706496947271e-02
7.716608533465367792e-01 -3.019494104300769477e-01 6.441100343411795826e-02
7.716740955628447196e-01 -3.019587425211028853e-01 6.427443130605091370e-02
