5.214347505063364752e-01 -3.734834246195192775e-01 4.585444515414738298e-01
5.221087524339781405e-01 -3.730528303917589605e-01 4.576468867632957349e-01
5.253255278234363335e-01 -3.710134687587328117e-01 4.533547718597178977e-01
5.292306753190504365e-01 -3.685526618836165724e-01 4.481291910378060739e-01
5.333688202113294752e-01 -3.659662543392332434e-01 4.425727677012268879e-01
5.375019026607169570e-01 -3.634111210496053790e-01 4.370038912670737852e-01
5.417355364654188321e-01 -3.608211313761308103e-01 4.312812926716586004e-01
5.461014864796214230e-01 -3.581880912121427341e-01 4.253484387626146335e-01
5.506324464868789237e-01 -3.554955775183058497e-01 4.191535220618071156e-01
5.553073889943290764e-01 -3.527587893687287313e-01 4.127220912288052657e-01
5.601057569304965789e-01 -3.499887455588148732e-01 4.060780323322317753e-01
5.650051920819598728e-01 -3.471943602916279792e-01 3.992429469726136437e-01
5.700109587710477932e-01 -3.443695241325838152e-01 3.921972560664849783e-01
5.751269967655799897e-01 -3.415082369531666773e-01 3.849218681449313451e-01
5.802669926050787463e-01 -3.386579257722664438e-01 3.775331768486627770e-01
5.854415323350560252e-01 -3.358088888871643141e-01 3.700051756052011309e-01
5.906368601270810537e-01 -3.329684575207978448e-01 3.623437425249685928e-01
5.959015910789883241e-01 -3.301088990388925115e-01 3.544643970251039611e-01
6.012778852804472329e-01 -3.272066743493183272e-01 3.462917097808898004e-01
6.067220750973011389e-01 -3.242866436293920240e-01 3.378848009862803203e-01
6.122170925859314883e-01 -3.213586802706514534e-01 3.292694373658970330e-01
6.178284715807784711e-01 -3.183869290008362607e-01 3.203420430651631179e-01
6.234839091633450625e-01 -3.154117238462609274e-01 3.112124845447867827e-01
6.291823293624514424e-01 -3.124323929510619546e-01 3.018877836746605703e-01
6.349023779666872480e-01 -3.094598107159867717e-01 2.924021154568667846e-01
6.405921623008853372e-01 -3.065203502821348680e-01 2.828425122907328171e-01
6.462047505335739572e-01 -3.036376767493290663e-01 2.732851525002672477e-01
6.516868580684965773e-01 -3.008387621896877473e-01 2.638198446785568474e-01
6.570192906404719313e-01 -2.981321450804660933e-01 2.544794225481997185e-01
6.621474196207485230e-01 -2.955455343799163748e-01 2.453561937025790229e-01
6.670257450802637988e-01 -2.931021849961097381e-01 2.365299005398110721e-01
6.715975266331474236e-01 -2.908319377453576493e-01 2.280990314448314016e-01
6.758763854649370018e-01 -2.887274873196546965e-01 2.200413190965703758e-01
6.798740360817745465e-01 -2.867823733783323448e-01 2.123377966315647125e-01
6.836008660325199049e-01 -2.849918308700766789e-01 2.049696526979123135e-01
6.871072703304789142e-01 -2.833281787157583276e-01 1.978526148684434383e-01
6.903669327961629021e-01 -2.818021178191620901e-01 1.910385425146917948e-01
6.934001120508587190e-01 -2.804000475214704635e-01 1.844997412687549576e-01
6.962178955561660887e-01 -2.791136490038702012e-01 1.782277891994402119e-01
6.988617756627120148e-01 -2.779201016707980587e-01 1.721580837179563783e-01
7.012948805116332451e-01 -2.768356438111368445e-01 1.663824145975245916e-01
7.035715484533355824e-01 -2.758341210293914214e-01 1.608135939300887052e-01
7.057635988312906949e-01 -2.748836565261077447e-01 1.553145777757282964e-01
7.078914945079508581e-01 -2.739769096909365764e-01 1.498478562704305128e-01
7.099860178888960371e-01 -2.731016348137154104e-01 1.443493121709834293e-01
7.120735019344029970e-01 -2.722472745283026629e-01 1.387573877855402260e-01
7.141260512477273226e-01 -2.714268491360917746e-01 1.331378466137394523e-01
7.161056281605839846e-01 -2.706561981646610771e-01 1.275954166517244415e-01
7.179691052030102716e-01 -2.699523341603788373e-01 1.222530359026764712e-01
7.196735045017045307e-01 -2.693321621227619533e-01 1.172438216663693744e-01
7.211315335047232544e-01 -2.688283629234066718e-01 1.128237425630888857e-01
7.224707601938166190e-01 -2.683758340634272432e-01 1.086253489434690356e-01
7.236902523855223146e-01 -2.679701244264388604e-01 1.046334386434345509e-01
7.248700983755321792e-01 -2.675804266398836839e-01 1.006293403218989635e-01
7.260428995642010941e-01 -2.671963151921908364e-01 9.652112138689007692e-02
7.272032538162755966e-01 -2.668214473731111980e-01 9.234867612600053399e-02
7.283727915625222149e-01 -2.664499277474862149e-01 8.808680424197655456e-02
7.295535139714859341e-01 -2.660830792795718103e-01 8.378055454118825407e-02
7.305156299948549758e-01 -2.658008297987376478e-01 8.027655496214550213e-02
7.307526946663437384e-01 -2.657700727324297518e-01 7.941965824372472504e-02
7.308150660996617365e-01 -2.658118762695605430e-01 7.934037610955678443e-02
7.308884988893116219e-01 -2.658639704318914165e-01 7.927955619950639854e-02
7.314126365994075840e-01 -2.663623116097689203e-01 7.968385921052498211e-02
7.331012547251691824e-01 -2.680164811727029917e-01 8.130656086115931047e-02
7.353131501656731128e-01 -2.701930887336334575e-01 8.347755508132850832e-02
7.377928176561816542e-01 -2.726407568224012423e-01 8.592952264025111031e-02
7.404366001829996158e-01 -2.752580896070830341e-01 8.853507098801835506e-02
7.431700445998214999e-01 -2.779732924056637633e-01 9.120772867506066195e-02
7.459382485272239016e-01 -2.807335576710476843e-01 9.388068406384052211e-02
7.486678896148614148e-01 -2.834679990937534200e-01 9.647185630607348072e-02
7.511391763316035419e-01 -2.859609463679135821e-01 9.877000737405702835e-02
7.533496415872296126e-01 -2.882095889715594605e-01 1.007650342425825130e-01
7.549335744212534172e-01 -2.898513081116940726e-01 1.021075757955078878e-01
7.554198794154567409e-01 -2.904155710327910311e-01 1.023510026391392935e-01
7.559133840145135785e-01 -2.909990853477726347e-01 1.025299822721296578e-01
7.562114233880090630e-01 -2.914145469595248450e-01 1.022116831180222285e-01
7.565154964608772348e-01 -2.918607167010518477e-01 1.018163050673808467e-01
7.568398918524393837e-01 -2.924508428806218974e-01 1.010099372041494553e-01
7.571878514273661098e-01 -2.931511312376884892e-01 9.991389892006588558e-02
7.575536421025066414e-01 -2.939719241861140087e-01 9.847333604089146541e-02
7.579203495493229692e-01 -2.948719744443882296e-01 9.677162427877990247e-02
7.582697202177195450e-01 -2.958056411213423331e-01 9.489919418845929600e-02
7.585921820194689857e-01 -2.967428086885923744e-01 9.292807504151691378e-02
7.588836211487438588e-01 -2.976667668816191381e-01 9.090405251866860714e-02
7.591371561596012008e-01 -2.985554351916721583e-01 8.887984307592579347e-02
7.593580532277290907e-01 -2.994154482061356926e-01 8.685887315123309860e-02
7.595477024018384427e-01 -3.002480981685520800e-01 8.484748169464896572e-02
7.597127296180585798e-01 -3.010696426404140813e-01 8.282320154877600982e-02
7.598527539073214321e-01 -3.018786516426761879e-01 8.079663379758257602e-02
7.599704260300771397e-01 -3.026824055902497812e-01 7.876551546131885240e-02
7.600650365699227473e-01 -3.034722056830448933e-01 7.676575779599767446e-02
7.601367925120409152e-01 -3.042375457127832750e-01 7.484223198643009944e-02
7.601857240158603757e-01 -3.050058040407592763e-01 7.291811375992308941e-02
7.602164574971658206e-01 -3.058469289576873362e-01 7.082482309775081641e-02
7.602248549639183395e-01 -3.068168985014002592e-01 6.842077655986922302e-02
7.602087094453683358e-01 -3.078913973183076691e-01 6.577140311407704554e-02
7.601751630002400173e-01 -3.089426005888528670e-01 6.317564314501157574e-02
7.601345996978489117e-01 -3.099167456698314060e-01 6.077582896797574519e-02
7.600965889800302966e-01 -3.107313538355184757e-01 5.878198584542386473e-02
7.600844328390033988e-01 -3.108893232982647969e-01 5.836544105962707119e-02
