5.467146202868814475e-01 -3.368627936311757165e-01 4.510079348340247929e-01
5.468385985181180020e-01 -3.368091207222169148e-01 4.508193372480178707e-01
5.496258269598649493e-01 -3.356762346999700442e-01 4.464170892582672856e-01
5.531758706352464250e-01 -3.342237502213494804e-01 4.408438583646037690e-01
5.570495343130312804e-01 -3.326359501534253971e-01 4.347860048149408407e-01
5.610783421743628097e-01 -3.309828835002054936e-01 4.285098743480901806e-01
5.652176426119402963e-01 -3.292854562122123907e-01 4.220792629304366828e-01
5.694746136304359441e-01 -3.275415096875778920e-01 4.154722742541011038e-01
5.738577191264173649e-01 -3.257461999522730522e-01 4.086612194830948064e-01
5.783240147705335232e-01 -3.239145864524726193e-01 4.017027895770728940e-01
5.829207305796529903e-01 -3.220270504957050139e-01 3.945038187711363276e-01
5.875444729893289919e-01 -3.201236981557004091e-01 3.872258713947120401e-01
5.922679190616723099e-01 -3.181761976163524630e-01 3.797287314023696791e-01
5.970586456136021125e-01 -3.161972768993953076e-01 3.720544846243630244e-01
6.019774373499469089e-01 -3.141652468910047791e-01 3.640878023673405073e-01
6.069326190291850498e-01 -3.121178888361816894e-01 3.559747610077654834e-01
6.119754834410090494e-01 -3.100371397134553120e-01 3.476230211716472285e-01
6.170969363936943397e-01 -3.079288709310377681e-01 3.390431372817767630e-01
6.222190801225548906e-01 -3.058254329728389287e-01 3.303678423589699320e-01
6.273995497341829930e-01 -3.037056426284361343e-01 3.214940545771600156e-01
6.326231398365749214e-01 -3.015768006605006324e-01 3.124445607122888768e-01
6.378517330123445461e-01 -2.994543751530202025e-01 3.032880191342600673e-01
6.431286542484095925e-01 -2.973219085103863124e-01 2.939451863085962846e-01
6.484156951322984641e-01 -2.951944201419742231e-01 2.844839006579019669e-01
6.536353006329652660e-01 -2.931020705540979265e-01 2.750436454866723168e-01
6.588244603858158799e-01 -2.910303199444297939e-01 2.655532409995043919e-01
6.638951254709465344e-01 -2.890141185892928788e-01 2.561707051355289755e-01
6.688553697250272378e-01 -2.870509243113145148e-01 2.468789228780935152e-01
6.736811224505141471e-01 -2.851517461320531854e-01 2.377178083881210657e-01
6.783037990564029229e-01 -2.833438794944722061e-01 2.288186311811038209e-01
6.827652376770578790e-01 -2.816116531870271888e-01 2.200982797393554458e-01
6.870391478840021104e-01 -2.799668345940087844e-01 2.116088337087808358e-01
6.910892988011865246e-01 -2.784235902915134231e-01 2.034212068391558770e-01
6.948959557161932254e-01 -2.769891551983275635e-01 1.955782798782546295e-01
6.984968687353961814e-01 -2.756480651201171361e-01 1.880107909972333624e-01
7.018279874809761898e-01 -2.744225574734204809e-01 1.808474048614562291e-01
7.048578905274428541e-01 -2.733217597142695299e-01 1.741711923807279239e-01
7.075949711756212013e-01 -2.723406621875186784e-01 1.679787275285014037e-01
7.099773616626128270e-01 -2.714999990594241241e-01 1.624273449777440814e-01
7.119669823099861183e-01 -2.708133004105940933e-01 1.576382177914786298e-01
7.135529696331094351e-01 -2.702863293362354202e-01 1.536858325733193309e-01
7.147916980339927839e-01 -2.699056561043178259e-01 1.505039682874496354e-01
7.156050532064084368e-01 -2.697122419427914197e-01 1.483457818354874669e-01
7.164212380331732577e-01 -2.695009580789946013e-01 1.459845042528722381e-01
7.172407957834000536e-01 -2.692866928223661138e-01 1.433563766596334665e-01
7.180671365335106193e-01 -2.690914797315563933e-01 1.405054310325414557e-01
7.189993940405290385e-01 -2.688590621648375145e-01 1.370651120280109436e-01
7.201088131315420693e-01 -2.685565544529595616e-01 1.327146859061948125e-01
7.213876003639491108e-01 -2.681873956561661165e-01 1.274827190918022546e-01
7.227212478649996941e-01 -2.677920398578418348e-01 1.218384266590619297e-01
7.240369913845218219e-01 -2.673972881226429621e-01 1.160989643338130733e-01
7.253003517913825249e-01 -2.670185628324409088e-01 1.104374169923538207e-01
7.264655398429461508e-01 -2.666730158930363803e-01 1.050640917872904673e-01
7.275323239530068209e-01 -2.663613828587284016e-01 9.999996174806503879e-02
7.284700071466362337e-01 -2.660932232271495113e-01 9.538980427268740903e-02
7.292929775445397000e-01 -2.658635469427685916e-01 9.119021646704263129e-02
7.300114390682369558e-01 -2.656721183091690364e-01 8.741432548863693752e-02
7.306763977622576789e-01 -2.655066141070633323e-01 8.388161861878154490e-02
7.313166443952475726e-01 -2.653625657876603761e-01 8.050930196307348741e-02
7.320183576748187093e-01 -2.652219534308664084e-01 7.693940105510851946e-02
7.320703849350392867e-01 -2.652659076441449271e-01 7.689688101128706876e-02
7.321401765838295717e-01 -2.653258778163439802e-01 7.687460925888520147e-02
7.336513366149468585e-01 -2.667272056058432317e-01 7.805939487734153692e-02
7.358020026407885439e-01 -2.687248178835919266e-01 7.978901089284104464e-02
7.383331894750213564e-01 -2.710788597954230106e-01 8.182307534351207501e-02
7.411217928203082117e-01 -2.736763924613301868e-01 8.404387837648452653e-02
7.441724830734249840e-01 -2.765230156311045406e-01 8.642430289008257160e-02
7.473716901151276071e-01 -2.795123461158310896e-01 8.887863139328534834e-02
7.505973329296263818e-01 -2.825309927072223726e-01 9.131588306306176461e-02
7.537707849979691233e-01 -2.855068589723183670e-01 9.366610820783588531e-02
7.565958064891067369e-01 -2.881676190747208266e-01 9.571302326909519875e-02
7.587600065733491883e-01 -2.902276629772425065e-01 9.721007277707213734e-02
7.594279907280941933e-01 -2.909215143629170774e-01 9.753702361819170663e-02
7.600985430999143144e-01 -2.916167778442293468e-01 9.771636198201784362e-02
7.606804793895541872e-01 -2.922199387767301371e-01 9.762361083344107959e-02
7.609943381172793453e-01 -2.925554687164260148e-01 9.729623218014084307e-02
7.613429660867256921e-01 -2.929134927592654813e-01 9.685062676666886250e-02
7.617804075155364396e-01 -2.933143611297723830e-01 9.601800336968961680e-02
7.623218773296727147e-01 -2.937794569791992161e-01 9.488137785818907821e-02
7.629624687539592331e-01 -2.943018927163038034e-01 9.344067152812271515e-02
7.636462356314597244e-01 -2.948396341121812814e-01 9.182019657780887689e-02
7.643326897133378983e-01 -2.953634559528038328e-01 9.011970771733118779e-02
7.650080015668975220e-01 -2.958638321197609722e-01 8.838585000500358280e-02
7.656532317792048570e-01 -2.963267721035356961e-01 8.667052955128935754e-02
7.662740579763324122e-01 -2.967570925385668579e-01 8.497181931642919239e-02
7.668786099145273871e-01 -2.971605024740890388e-01 8.328321621139042619e-02
7.674510554398817908e-01 -2.975261783559640105e-01 8.165584909280537707e-02
7.679736370008760638e-01 -2.978421207714218588e-01 8.015302344919414401e-02
7.684531581228707386e-01 -2.981102534686821404e-01 7.880006958241517201e-02
7.688970535220179814e-01 -2.983294255530797301e-01 7.760212703237996668e-02
7.694554734620556724e-01 -2.985745903227398079e-01 7.614097539863026731e-02
7.702595359861539315e-01 -2.988883186722279817e-01 7.413982081805628455e-02
7.713506533174500079e-01 -2.992812547344561036e-01 7.152980666108252339e-02
7.727090319511955574e-01 -2.997509306843555432e-01 6.836051878424759254e-02
7.742151624981441493e-01 -3.002592031291106411e-01 6.488833800167731480e-02
7.757425184871740154e-01 -3.007665034225614487e-01 6.138521289493143601e-02
7.772871503606535448e-01 -3.012748837886992659e-01 5.788594909582951004e-02
7.786889962022816025e-01 -3.017333160161105310e-01 5.473001528903141677e-02
7.797529284105513270e-01 -3.020797040786237231e-01 5.234923593192846586e-02
7.800907402378502997e-01 -3.021892755109818474e-01 5.159803343244010604e-02
