-4.576107936876138638e+01 -1.084115528456077504e+00
-6.619137507501416451e+01 -5.936932815519062601e-01
-7.200091627696876628e+01 -1.087216055890051630e-01
-6.959843418531443149e+01 3.637461507770078373e-01
-6.297676632354265536e+01 8.129777735151860751e-01
-5.488750866394376970e+01 1.221407999427656765e+00
-4.765050977826285816e+01 1.559465415991386772e+00
-4.383631796788377954e+01 1.776869956109371262e+00
-4.288898833827727941e+01 3.434906071233567282e+00
-4.316220583103789465e+01 5.757198619037755094e+00
-4.277000820295907602e+01 8.246894050221005301e+00
-4.179074730347981870e+01 1.071466869458958904e+01
-4.075090032384641603e+01 1.318935758710169992e+01
-3.980827348857872039e+01 1.561465606643770698e+01
-3.893719679258774846e+01 1.787803692397524102e+01
-3.810169959964698450e+01 1.991306649053640143e+01
-3.730417312412195230e+01 2.171613639337987678e+01
-3.656466242704970426e+01 2.331266537485371515e+01
-3.591469274302565395e+01 2.473851531382366886e+01
-3.525991857001739049e+01 2.598127785765741038e+01
-3.466589545285532381e+01 2.710539020036724267e+01
-3.437535319729944661e+01 2.823274795591387232e+01
-3.439079513272871935e+01 2.936540296615708812e+01
-3.425448284948152633e+01 3.042808687780240007e+01
-3.381704538689817952e+01 3.131050800740955609e+01
-3.307294524400160896e+01 3.187205535351720087e+01
-3.209438123894513240e+01 3.198408818605609483e+01
-3.122844719943069336e+01 3.208758436785100088e+01
-3.087273844734687955e+01 3.262879965546369476e+01
-3.119292432034081486e+01 3.340986358835972680e+01
-3.159150275669299646e+01 3.431891469291888086e+01
-3.156886702498243480e+01 3.528792180081442353e+01
-3.122088206053631154e+01 3.624110380930431319e+01
-3.076954633923669391e+01 3.716024344130549650e+01
-3.024578288594976883e+01 3.794762350822476549e+01
-2.966129611969536128e+01 3.845903044219042499e+01
-2.903444438026232888e+01 3.848127267100723259e+01
-2.841457660528073603e+01 3.779898157223755817e+01
-2.777524120236249061e+01 3.673075923934538167e+01
-2.695932949374315157e+01 3.582613060076167244e+01
-2.582237583684968740e+01 3.565393348547622310e+01
-2.491827549946357578e+01 3.600477863749506469e+01
-2.503461559474350651e+01 3.695864677231368489e+01
-2.556867525475778891e+01 3.818078662652400368e+01
-2.611827163461401469e+01 3.941356639730442879e+01
-2.627246396308440168e+01 4.040430151868255138e+01
-2.557589175291958128e+01 4.084830275282207168e+01
-2.445729085455914742e+01 4.090195270747017986e+01
-2.321474510950904957e+01 4.082759913161545740e+01
-2.197869360911763437e+01 4.061492417553877488e+01
-2.084278830525807891e+01 4.011500896478655420e+01
-1.987826883848567761e+01 3.932470286531435733e+01
-1.918952048023069423e+01 3.834873523797219974e+01
-1.903244859683783829e+01 3.729311338843547929e+01
-1.971854033543451479e+01 3.634299011770339405e+01
-2.074063913094059330e+01 3.546132992258152683e+01
-2.160488794234003507e+01 3.452410569971451793e+01
-2.177099225109209613e+01 3.339094416640664775e+01
-2.114123305487552074e+01 3.262098531345134234e+01
-1.986851137282705793e+01 3.282934632995766577e+01
-1.837209021564839162e+01 3.326879552705990761e+01
-1.696966197018884870e+01 3.339025092272400741e+01
-1.609035505707227998e+01 3.267066476867983482e+01
-1.598565640223324458e+01 3.139360945361310939e+01
-1.683194830458432278e+01 2.991060320136955042e+01
-1.778944092843522995e+01 2.830195252808406181e+01
-1.778569552311353164e+01 2.705565584896547193e+01
-1.627255121738073740e+01 2.693654844829805484e+01
-1.427327875344257357e+01 2.712119577435346329e+01
-1.269336547911221125e+01 2.627612226483271485e+01
-1.206465193390088153e+01 2.473697825163782937e+01
-1.275969335127754434e+01 2.307606555904969525e+01
-1.328585842449826160e+01 2.162884267292291085e+01
-1.216451439610994711e+01 2.079618328133617311e+01
-1.045573701591967897e+01 2.059635223855187292e+01
-9.138408305477989657e+00 2.003882192217471925e+01
-9.004898200541733289e+00 1.863748941011289162e+01
-9.453591235367465373e+00 1.702465162388966746e+01
-8.798605620733452426e+00 1.577869172882185822e+01
-7.211531001480006253e+00 1.568965134181514465e+01
-5.866229689467891362e+00 1.516410587934023013e+01
-5.537899002109088364e+00 1.373957531481957339e+01
-5.666319177714493449e+00 1.214665277671855037e+01
-4.981709821539888949e+00 1.084938503090102557e+01
-4.167599497317226565e+00 9.739415090690640042e+00
-3.586507467312951114e+00 8.653950444702402933e+00
-3.138065051718477605e+00 7.642041819157265437e+00
-2.693481138798575092e+00 6.731706520094882684e+00
-2.298592850117985087e+00 5.858319496978877439e+00
-1.969251308716136295e+00 4.992428615894217714e+00
-1.646257136091369144e+00 4.163213559813413234e+00
-1.307491062526147996e+00 3.402726318963062102e+00
-9.881608256534941681e-01 2.704730640777196715e+00
-7.308288117238352921e-01 2.070720470996002760e+00
-5.292226928630129335e-01 1.518167072453981525e+00
-3.657628009561268434e-01 1.058796214341142683e+00
-2.426836554820831215e-01 6.834455578694674793e-01
-1.470981773698257222e-01 3.803236131732783964e-01
-6.941906353570416466e-02 1.457996457900535003e-01
-2.764873548750062867e-10 2.032500047385426230e-07
