-1.068375182095561193e+01 -4.242092309783957127e+00
-1.755893496332654635e+01 -3.916879250477918184e+00
-2.304430663172932370e+01 -3.771073171609611308e+00
-2.743919533517359000e+01 -3.736434858841807038e+00
-3.088050695008813662e+01 -3.743651237306481860e+00
-3.352927714654249769e+01 -3.738193108329906256e+00
-3.555587546209193306e+01 -3.721465158660721251e+00
-3.711646168771149945e+01 -3.714262172797109240e+00
-3.833021784754235739e+01 -3.725736060002847516e+00
-3.927667264500510669e+01 -3.707966688884437811e+00
-3.999323590297169062e+01 -3.585589862314084719e+00
-4.048835007831814181e+01 -3.308736732869014041e+00
-4.075339234254664689e+01 -2.849765223116702995e+00
-4.085310464706027744e+01 -2.264304846058171616e+00
-4.087248147713846436e+01 -1.610229857316006763e+00
-4.089056764874945316e+01 -9.370888068076133059e-01
-4.096259869880223192e+01 -2.904043414189232397e-01
-4.109956566729064065e+01 2.787416091924182493e-01
-4.130922603489913314e+01 7.075147785753111984e-01
-4.160229290495697541e+01 9.152395857991157957e-01
-4.199075892576216518e+01 7.985253494146793418e-01
-4.243519286127232704e+01 4.692137539407618685e-01
-4.290959553159910911e+01 1.945847257443929570e-02
-4.340356292716253250e+01 -4.687645097322071797e-01
-4.390923557912710606e+01 -9.184820452829325355e-01
-4.442287023945159774e+01 -1.255649004428548210e+00
-4.493812494102304811e+01 -1.397677884707472673e+00
-4.542796988140385395e+01 -1.311587673693965339e+00
-4.586600070606752411e+01 -1.026223723049229486e+00
-4.623908158043079908e+01 -5.872647411009626062e-01
-4.654082776521626386e+01 -3.595788119749048634e-02
-4.676733403545367196e+01 5.934908805867490367e-01
-4.691507843290203539e+01 1.273161898299457251e+00
-4.697886281292466037e+01 1.980093474934653930e+00
-4.694993345214798808e+01 2.694303677588516077e+00
-4.681983962979980873e+01 3.396693906668653895e+00
-4.658143964068591458e+01 4.068418311912422425e+00
-4.623381601400186725e+01 4.692445997536943025e+00
-4.578618497431489942e+01 5.258010813710358278e+00
-4.525715069350128772e+01 5.763335914153963735e+00
-4.468232942135617947e+01 6.225158878748522362e+00
-4.410783788296217267e+01 6.674600168371081388e+00
-4.358869805614217796e+01 7.152222156854167956e+00
-4.317957473818647429e+01 7.695559009928076399e+00
-4.286930788966864014e+01 8.291002364537375158e+00
-4.258149325931547935e+01 8.886487822525362290e+00
-4.223473879293729283e+01 9.423866165444959364e+00
-4.179140362059290936e+01 9.865820550072065487e+00
-4.125168649989425518e+01 1.020384142040262887e+01
-4.063854502380819866e+01 1.046063132008875129e+01
-3.998227526787000841e+01 1.068081342561192137e+01
-3.930877609290773478e+01 1.090989829716238724e+01
-3.863135511124369970e+01 1.116853511317726344e+01
-3.795233921291305279e+01 1.145401984538458251e+01
-3.726779529921261513e+01 1.175337566565017866e+01
-3.656914232993671021e+01 1.204499963303254795e+01
-3.585130132872341591e+01 1.231491306204225999e+01
-3.511151733281401732e+01 1.255674820644548895e+01
-3.434727028231814927e+01 1.276871840045109252e+01
-3.355563393868356314e+01 1.294794776118258817e+01
-3.273588328455431196e+01 1.309666308671271828e+01
-3.188714157977019426e+01 1.321460130893299656e+01
-3.100884129919962007e+01 1.330034483180579841e+01
-3.010023570297874329e+01 1.335442929457792971e+01
-2.916022473551878846e+01 1.337790435849778881e+01
-2.818910099719123963e+01 1.337378685190690852e+01
-2.718811166518284850e+01 1.334377926305052675e+01
-2.615863020586218823e+01 1.328766757919955843e+01
-2.510228555466346378e+01 1.320453250772401965e+01
-2.402142341673383896e+01 1.309334364911507365e+01
-2.291776449654561532e+01 1.295423176474547589e+01
-2.179185287951585082e+01 1.278585713824323378e+01
-2.064517022798325030e+01 1.258660254941149503e+01
-1.947984212478599630e+01 1.235963967762449300e+01
-1.829954594087448427e+01 1.210452118150941203e+01
-1.710877291034114123e+01 1.182016005429472472e+01
-1.591309703838833656e+01 1.150394977086467030e+01
-1.471947105151568458e+01 1.115301852005819860e+01
-1.353623320219181281e+01 1.075830607651886162e+01
-1.237183621755565177e+01 1.031312173505977370e+01
-1.123490393856951108e+01 9.813926590925815319e+00
-1.013251751775149856e+01 9.263905454811554918e+00
-9.071669422855380915e+00 8.666091044985913427e+00
-8.055256442408015971e+00 8.030143897302052025e+00
-7.087360837161101657e+00 7.365526690749988781e+00
-6.172612470233289628e+00 6.682543476158975260e+00
-5.314330571471238329e+00 5.991020897720495952e+00
-4.516384209914420467e+00 5.299110206953830726e+00
-3.783321140570225616e+00 4.613810771893145812e+00
-3.119077480100341138e+00 3.940317615323095435e+00
-2.522394361782645422e+00 3.288503532395951279e+00
-1.989164484007678535e+00 2.670243848413752286e+00
-1.510990235361865164e+00 2.101752405521395417e+00
-1.080588608498492365e+00 1.595363791506030582e+00
-6.889310692562563565e-01 1.163415539319201386e+00
-3.347831936770633843e-01 8.146366945668287451e-01
-4.093093812416753741e-02 5.428132033515179478e-01
1.304224457305568075e-01 3.154393263320084406e-01
1.154585427153965171e-01 1.201260024223034240e-01
-1.852075051764546807e-06 1.035368802018650817e-04
