1.107318706728434021e+00 3.896266205695666685e+01
1.624010677497871979e+00 3.727719732233811811e+01
1.839870222707538527e+00 3.578145980266916837e+01
1.974616375107820954e+00 3.466984789381917409e+01
2.165368817648587463e+00 3.414533202447820770e+01
2.336744457215310877e+00 3.442097612319986411e+01
2.469267244228121605e+00 3.525198131256206580e+01
2.540209174815181825e+00 3.643991132134605238e+01
2.521701266059941826e+00 3.781612913242656759e+01
2.378406737967977858e+00 3.922771764156107110e+01
2.064570710858563363e+00 4.052471277156458740e+01
1.520200132421379191e+00 4.154758310070289440e+01
6.660557420646194826e-01 4.211390944195463248e+01
-4.346408837726331020e-01 4.228789127435712203e+01
-1.707850081999739755e+00 4.216683335686486345e+01
-3.093561734325996682e+00 4.184942659999477854e+01
-4.547451214020373556e+00 4.140600751647976097e+01
-6.042125166074532316e+00 4.093920791412435278e+01
-7.569102545230052215e+00 4.057141906258148367e+01
-9.125783435718689773e+00 4.041792770016491687e+01
-1.069116708307935859e+01 4.047233173183397525e+01
-1.224817344833680188e+01 4.068327709327677866e+01
-1.378690530917964097e+01 4.098249929543881365e+01
-1.530496338474624629e+01 4.128545775401975249e+01
-1.679959894613730143e+01 4.151881730076738819e+01
-1.826522891072903221e+01 4.162705153257449098e+01
-1.969272971089467461e+01 4.157794036347429056e+01
-2.107274079591586613e+01 4.136442578692835781e+01
-2.240023390614481613e+01 4.100212686973595311e+01
-2.367538947666222171e+01 4.051808209954311479e+01
-2.490489763902398579e+01 3.995137616589760654e+01
-2.610123920591919955e+01 3.934792971757939029e+01
-2.727829690071314417e+01 3.875211011215528600e+01
-2.844393981461159626e+01 3.819272031217928287e+01
-2.960354969954891047e+01 3.769035946580051899e+01
-3.075411782086094092e+01 3.724709180866926772e+01
-3.188404975944727937e+01 3.684554356162393418e+01
-3.297032288620922458e+01 3.644130208941576399e+01
-3.397996242929747979e+01 3.597129920558518990e+01
-3.488298944405728719e+01 3.538639520444451136e+01
-3.566216627478274859e+01 3.466519863837925897e+01
-3.632422042023002007e+01 3.381877384067071546e+01
-3.690721350047777349e+01 3.288507448694641511e+01
-3.747441166075125096e+01 3.191642044099629416e+01
-3.808146233782277079e+01 3.095625305400301031e+01
-3.875488555861524986e+01 3.002742873598548456e+01
-3.948855441296184665e+01 2.913105310044164398e+01
-4.024541187995111358e+01 2.824855315378412612e+01
-4.096774847596965685e+01 2.735144832058732334e+01
-4.157475853681795996e+01 2.640272259934798527e+01
-4.199797617781308645e+01 2.538151743808105465e+01
-4.218844745200063784e+01 2.428346003561963329e+01
-4.213142685197295378e+01 2.311880356495495192e+01
-4.186450523696120030e+01 2.190471359024114051e+01
-4.150339585534356956e+01 2.065375859513694934e+01
-4.121812443582326324e+01 1.937244292877540630e+01
-4.115891725459069050e+01 1.808284412064718438e+01
-4.143774332195370391e+01 1.682538341635594037e+01
-4.208182941315255476e+01 1.564361104395161739e+01
-4.296282858094518531e+01 1.453524429417664798e+01
-4.375411011602736266e+01 1.338792843351854245e+01
-4.422844222216989607e+01 1.215556578405288768e+01
-4.433423914640983554e+01 1.088381923084689795e+01
-4.409511979493111511e+01 9.634874262830404490e+00
-4.355351150548008121e+01 8.463665412727022996e+00
-4.275587392511885554e+01 7.413729124868687848e+00
-4.175859203386175977e+01 6.507768167867629572e+00
-4.063775380620676003e+01 5.726093563958479571e+00
-3.948888924788162313e+01 4.992539462276532447e+00
-3.840025676601852922e+01 4.216850058469676199e+00
-3.737379996280706251e+01 3.418386736910792756e+00
-3.637957670146114708e+01 2.647128071438665575e+00
-3.538193516253360826e+01 1.952506926220243910e+00
-3.435803055157005303e+01 1.360661618808582052e+00
-3.329898473638244383e+01 8.749521133044217969e-01
-3.220524091955467583e+01 4.807377739441584530e-01
-3.107811257692356577e+01 1.587952583936422801e-01
-2.991727990430435469e+01 -1.076826093760868269e-01
-2.872146723717377270e+01 -3.311466698032762279e-01
-2.748842289584263909e+01 -5.156049114276549661e-01
-2.621532664523929768e+01 -6.599185653646191252e-01
-2.490111961630984894e+01 -7.641677765455151539e-01
-2.354722685295980256e+01 -8.318351022735037681e-01
-2.215616916550996507e+01 -8.672088775295353491e-01
-2.073153402854319793e+01 -8.751770152891417132e-01
-1.927769848121823770e+01 -8.591176941629499186e-01
-1.780101007683587255e+01 -8.223469141799915061e-01
-1.630928397436180788e+01 -7.676617247241520614e-01
-1.481090358543601226e+01 -6.968092682661899406e-01
-1.331537022210358323e+01 -6.159462900449018674e-01
-1.183249851247800954e+01 -5.311657721832194756e-01
-1.037019053152282844e+01 -4.462942613421997384e-01
-8.935760974640110987e+00 -3.591374197094240328e-01
-7.535681197943392640e+00 -2.665086145499763193e-01
-6.174589908231478574e+00 -1.713094345219106918e-01
-4.855365283463350501e+00 -8.276269735163165053e-02
-3.578559615430055629e+00 -1.327373459295965417e-02
-2.345156356226338445e+00 2.559171722918286360e-02
-1.154199251767205503e+00 2.749702894087369121e-02
-4.187378119918150533e-05 2.028034539760708904e-04
