-1.069629055451620481e+01 3.712591290441765057e+00
-1.485426562799213990e+01 3.814499904706311284e+00
-1.728064220874629697e+01 3.794385466810297647e+00
-1.893393608837808983e+01 3.738449001150998541e+00
-2.018424301844580171e+01 3.672197199510981225e+00
-2.120563566150021018e+01 3.590495569858744851e+00
-2.208841535759514230e+01 3.494283568105090332e+00
-2.288232840846444915e+01 3.379815865112785200e+00
-2.361451986409943871e+01 3.241810474997953495e+00
-2.430027407335142087e+01 3.081434895443990740e+00
-2.494871602494600182e+01 2.895125524704221132e+00
-2.556610895733368594e+01 2.685335261331748935e+00
-2.615482232892760805e+01 2.451909598155157521e+00
-2.671761707801727681e+01 2.198297496044113508e+00
-2.725480282108429719e+01 1.924530876110604583e+00
-2.776368390399820640e+01 1.628668531230368144e+00
-2.824732381946409987e+01 1.316216123522791603e+00
-2.870779352133527951e+01 9.871725120026311195e-01
-2.914111989016374693e+01 6.356517713380775980e-01
-2.953343750184702543e+01 2.476861688606063483e-01
-2.986744704044503962e+01 -1.900180930533241774e-01
-3.012263381551685626e+01 -6.879774287124243992e-01
-3.029913888278530010e+01 -1.240122347430862693e+00
-3.041212875121426507e+01 -1.834293953520179654e+00
-3.052385193021100918e+01 -2.445319018336722383e+00
-3.073018382765335943e+01 -3.034381956746900588e+00
-3.107291781923350982e+01 -3.568772412665058180e+00
-3.139851774503690862e+01 -4.100283751679318911e+00
-3.157727850288451066e+01 -4.655976579038061836e+00
-3.155333290771849875e+01 -5.216097853211937974e+00
-3.131826855740342097e+01 -5.747463615768018563e+00
-3.091598226163120344e+01 -6.232932747351632052e+00
-3.042281918664406604e+01 -6.690534515918489689e+00
-2.994267472043581790e+01 -7.183995469270461065e+00
-2.951506326332694030e+01 -7.732749091385891838e+00
-2.912421459874785157e+01 -8.314577069584608182e+00
-2.873577460339665990e+01 -8.899892544762787239e+00
-2.832014126627593953e+01 -9.465143957802657937e+00
-2.787007845025144448e+01 -1.000449073948712986e+01
-2.738384586284159283e+01 -1.051813411885559191e+01
-2.686066791435056444e+01 -1.100867776061795311e+01
-2.629833623315579061e+01 -1.147733279966720943e+01
-2.569607327084326087e+01 -1.192366865967746392e+01
-2.505153151539132139e+01 -1.234762146601975452e+01
-2.435686059822070959e+01 -1.274573680641108453e+01
-2.360181393931782878e+01 -1.311333785629854809e+01
-2.277516854024203496e+01 -1.345194154514424589e+01
-2.186712780659907551e+01 -1.377107223442542328e+01
-2.086671517942845000e+01 -1.407670744672598140e+01
-1.975999646607402482e+01 -1.437170727909155232e+01
-1.852912435336782337e+01 -1.465802340541248761e+01
-1.715103272380287436e+01 -1.493076731620532804e+01
-1.560564798349545335e+01 -1.519111377768388849e+01
-1.389268483328303105e+01 -1.545087019315993082e+01
-1.202660285758537562e+01 -1.571398334872708169e+01
-1.002834936556649481e+01 -1.597448562519430837e+01
-7.942010554000575873e+00 -1.622105419394430115e+01
-5.829003042395489942e+00 -1.647377514035977697e+01
-3.755666574623047982e+00 -1.669654649686265557e+01
-1.782050190149832236e+00 -1.686247008528259173e+01
5.860610296430768945e-02 -1.694958754634705045e+01
1.745503757227584662e+00 -1.696233231216074344e+01
3.279238855479528869e+00 -1.689984616775976178e+01
4.675918064763198601e+00 -1.675027338392845877e+01
5.952636943034661954e+00 -1.651995504599659981e+01
7.121923934016933799e+00 -1.620858728912220670e+01
8.199932876483368105e+00 -1.582610223626863721e+01
9.204473148811583627e+00 -1.539248575476784175e+01
1.015143782750286938e+01 -1.492637366758257400e+01
1.104783073550720296e+01 -1.442908012748544877e+01
1.188295597494196798e+01 -1.387387413512968948e+01
1.265800076883231107e+01 -1.325519249724493953e+01
1.337205894546574214e+01 -1.257318857211144980e+01
1.402258344881841978e+01 -1.183863364865759138e+01
1.459733293074053861e+01 -1.105974632061883511e+01
1.505176774641082993e+01 -1.023104313220254724e+01
1.534378244271930214e+01 -9.367583680239201627e+00
1.542273155754872782e+01 -8.491538651031651952e+00
1.527536642635185871e+01 -7.634279504336435096e+00
1.501630676106143625e+01 -6.810242670812861832e+00
1.472881457970344243e+01 -6.019549680448291973e+00
1.441917420890284873e+01 -5.279343546918800811e+00
1.406829370063514340e+01 -4.609665300490439321e+00
1.367309827275807521e+01 -4.017962509788372216e+00
1.324049706322276343e+01 -3.503340089376211441e+00
1.277655527362426113e+01 -3.060141136420088337e+00
1.228927474174444434e+01 -2.675817756981110129e+00
1.177935367748985129e+01 -2.338237537399191268e+00
1.124001732546826204e+01 -2.035658117442055826e+00
1.065612072428911894e+01 -1.760081287003530059e+00
1.000930519491698334e+01 -1.503628855271767151e+00
9.278345275493673938e+00 -1.261539590178859083e+00
8.440429569174760616e+00 -1.029782544919360721e+00
7.476621466176629482e+00 -8.067613454450588417e-01
6.377974757324492039e+00 -6.006775659866290251e-01
5.154891887168287390e+00 -4.204530565690564048e-01
3.845202411832437939e+00 -2.714731494917688726e-01
2.506964531884141589e+00 -1.514805218718375257e-01
1.205555448495947868e+00 -5.736264553063431804e-02
8.070696504733068308e-04 -8.883323172794981167e-05
