1.003318257178519346e+01 1.793449562520990881e+01
1.289415885523959560e+01 1.692232825166792054e+01
1.190385205909542776e+01 1.640731943644259161e+01
9.447815572287305841e+00 1.700739079410685406e+01
6.962148017256373222e+00 1.836161013379600249e+01
4.361305669364386794e+00 1.860765319787255834e+01
1.787766518413114625e+00 1.828890893901132486e+01
-7.030735751469541217e-01 1.787698600085324330e+01
-3.070253403940823578e+00 1.753491592747586125e+01
-5.290892338698536257e+00 1.723999584211184910e+01
-7.364243791464362587e+00 1.691708710523174375e+01
-9.291517876787708019e+00 1.649046120332172904e+01
-1.108747944864076906e+01 1.596213226845016919e+01
-1.277185255730360858e+01 1.536663440349962073e+01
-1.437100999604300000e+01 1.475342836024284487e+01
-1.589542317800159843e+01 1.413181949900025991e+01
-1.733848280141996412e+01 1.349612450298560340e+01
-1.863859805219808408e+01 1.274313338400663831e+01
-1.973779753919929547e+01 1.179795837189625374e+01
-2.062768720064791239e+01 1.067020818363043411e+01
-2.135573492280641617e+01 9.424129732453897290e+00
-2.195437870477968900e+01 8.109260996166392843e+00
-2.240836781789556298e+01 6.750883474426399466e+00
-2.266407334888740976e+01 5.361039676493463801e+00
-2.266767029525847477e+01 3.953979867959448669e+00
-2.247700580488334410e+01 2.556901998076371196e+00
-2.233546111038089066e+01 1.198233028275843548e+00
-2.253202399853227078e+01 -6.590375918983011616e-02
-2.317442578342622284e+01 -1.158942539255088278e+00
-2.404514925337884890e+01 -2.115870455256312344e+00
-2.466783423975227407e+01 -3.164598856044284148e+00
-2.487338487202154624e+01 -4.309964985682691818e+00
-2.467475053470750268e+01 -5.478077688786075150e+00
-2.418717854828271285e+01 -6.614404482663603702e+00
-2.359918862648054372e+01 -7.725006936776947164e+00
-2.305515677771871452e+01 -8.836584141729286301e+00
-2.258763494061276944e+01 -9.948120469504665664e+00
-2.214734954730503347e+01 -1.103863066709187990e+01
-2.169628498090481727e+01 -1.209686169336884021e+01
-2.121321245524105237e+01 -1.311647816292944668e+01
-2.069816194907575024e+01 -1.410106073498649870e+01
-2.017553561061491507e+01 -1.506845129727946464e+01
-1.963364746862081844e+01 -1.601830530932917540e+01
-1.905271641116850745e+01 -1.694062299834416763e+01
-1.841703327213324215e+01 -1.781954335991479965e+01
-1.769860841642302773e+01 -1.862529061924606566e+01
-1.687598966720890914e+01 -1.932727525964794069e+01
-1.595330982096102446e+01 -1.991719878571801416e+01
-1.495279518472055358e+01 -2.041423656373367024e+01
-1.389495740545520164e+01 -2.084316184693100027e+01
-1.279714138686554570e+01 -2.122594380639345601e+01
-1.166819559425655584e+01 -2.156050568293823133e+01
-1.051409351445369111e+01 -2.184440602442182211e+01
-9.337531732627446956e+00 -2.207220959461016463e+01
-8.142244795887066289e+00 -2.225133913746022074e+01
-6.932409551366070843e+00 -2.239552325240157415e+01
-5.707449907330309991e+00 -2.250767669470197063e+01
-4.466322530232521792e+00 -2.258607426390179995e+01
-3.209787046348858475e+00 -2.263682841125799072e+01
-1.936122686816069693e+00 -2.265215168020235836e+01
-6.459528611288986033e-01 -2.262981934945202056e+01
6.613223737911290145e-01 -2.256926319780507484e+01
1.989034431117742585e+00 -2.246651988387678500e+01
3.340058881592771201e+00 -2.230999723725259898e+01
4.716661596679296409e+00 -2.209631643960323899e+01
6.119397536252095371e+00 -2.182600317232620668e+01
7.545374209286192624e+00 -2.148923844449970133e+01
8.981523996347867467e+00 -2.105846960054148553e+01
1.040515362202567928e+01 -2.050131758522609715e+01
1.179511239532184064e+01 -1.980999008067399814e+01
1.312837688703634065e+01 -1.898040919202684762e+01
1.440589890976697518e+01 -1.805621117126003483e+01
1.563372659063171000e+01 -1.709376287722438903e+01
1.675372738066658229e+01 -1.607637408886851205e+01
1.761595706802544470e+01 -1.491480200085821828e+01
1.812070418976174935e+01 -1.359665239450040275e+01
1.830424392445867454e+01 -1.218071151551020392e+01
1.851351191260241791e+01 -1.077982435562008767e+01
1.913161974715752578e+01 -9.502308089176734640e+00
1.998549739084025134e+01 -8.294175232171815182e+00
2.065090128201425301e+01 -6.978731454283749081e+00
2.096561239688333345e+01 -5.544863718744089454e+00
2.091207418485853964e+01 -4.055921676565371392e+00
2.053907061253448418e+01 -2.590195539938322966e+00
1.987703198156998496e+01 -1.244296022192650009e+00
1.889375882603264500e+01 -1.939374975042473803e-01
1.755349978271724964e+01 2.926060016102365879e-01
1.599118945499242272e+01 1.241333858614343949e-01
1.437917877972903113e+01 -1.919172268094786471e-01
1.286552550377663451e+01 3.510927303919445519e-01
1.129018094900430746e+01 9.801292971039452517e-01
9.611614600656412932e+00 1.276394198527605051e+00
7.934304296558122083e+00 1.288322590286696157e+00
6.351793629001164732e+00 1.169057905808277509e+00
4.912111256103978363e+00 9.913145122018832689e-01
3.637094239799228745e+00 7.962257598435770189e-01
2.530962607050515345e+00 5.946239845519539768e-01
1.577261282747317583e+00 3.862340627712634866e-01
7.482266428811870096e-01 1.756926139540363474e-01
3.545616302734121801e-06 4.386334801332274604e-05
