-3.234391283302308295e+01 2.066044430614134342e+01
-4.269685287239399685e+01 2.093775821529795778e+01
-4.164216911851210767e+01 2.119522717743406659e+01
-3.580222896976893310e+01 2.140609715561992132e+01
-3.013788239958632431e+01 2.152744863852341339e+01
-2.726779122282335877e+01 2.213921833024333097e+01
-2.529148292915815333e+01 2.282392340947428622e+01
-2.356372687537625410e+01 2.331645780218133623e+01
-2.189247403771068434e+01 2.364994090023334650e+01
-2.023408457616297085e+01 2.389239825534975026e+01
-1.858107681843482339e+01 2.403515648331027421e+01
-1.696548772376226211e+01 2.409799870100269104e+01
-1.541997326856473549e+01 2.409968922825210313e+01
-1.395368578830677997e+01 2.408665929294872043e+01
-1.257285689790115768e+01 2.402834626877121593e+01
-1.127721640617015808e+01 2.391654544132655502e+01
-1.005956199465363099e+01 2.376244856320926502e+01
-8.905343421656226610e+00 2.355635105635318993e+01
-7.805266983665869240e+00 2.329698112981607494e+01
-6.763476106602013260e+00 2.301195786001807875e+01
-5.789487191043528824e+00 2.267412004379956869e+01
-4.907274910360264641e+00 2.223736491968434592e+01
-4.159220843360224684e+00 2.167405912710965410e+01
-3.541262867761688860e+00 2.103830255223576629e+01
-2.897350175336131706e+00 2.053041618115774369e+01
-2.576407281928799087e+00 1.986155708978989765e+01
-2.486138023617343595e+00 1.912607490424671397e+01
-2.353586973090083134e+00 1.844757231920865692e+01
-2.373953419254361652e+00 1.794091690282142437e+01
-2.850466717355282231e+00 1.782397762378741390e+01
-3.567594640296010144e+00 1.783370767516807476e+01
-4.415462362281435738e+00 1.770155984719839637e+01
-5.359811151262753981e+00 1.739657371715212264e+01
-6.437046313363469885e+00 1.700382221349875778e+01
-7.676064410111083980e+00 1.659773542146839986e+01
-9.073626489859671906e+00 1.618885862608230752e+01
-1.060139112591339128e+01 1.575458878423076037e+01
-1.220682689050836345e+01 1.527650985052035892e+01
-1.384511406558845614e+01 1.474560735852313620e+01
-1.548815875689806276e+01 1.416542581804504231e+01
-1.713697160291646426e+01 1.351043620553471669e+01
-1.880532843111580377e+01 1.277932944015163663e+01
-2.048275365085968502e+01 1.197361258544384732e+01
-2.214537415508575080e+01 1.110756459454307787e+01
-2.373054803440167149e+01 1.019537630799874961e+01
-2.517858456906794373e+01 9.241744978312693704e+00
-2.647474232354166190e+01 8.233605981888171499e+00
-2.763146849275653594e+01 7.156390588542599573e+00
-2.863822322287676059e+01 5.986127691276307061e+00
-2.953930018383011102e+01 4.756485223055800127e+00
-3.034028484360402445e+01 3.437288493763846819e+00
-3.102571433383331367e+01 1.993697669021074370e+00
-3.162923731168510955e+01 4.452030565044888810e-01
-3.226222038674720238e+01 -1.147924685538715961e+00
-3.279700117529905867e+01 -2.798017195482461528e+00
-3.285012041262027083e+01 -4.529685207517586853e+00
-3.221510091418210919e+01 -6.214519351427850502e+00
-3.184351553412466629e+01 -7.901079030263575831e+00
-3.258453895620026941e+01 -9.452745387794744047e+00
-3.266096134482904034e+01 -1.105020775822871393e+01
-3.186164983128173844e+01 -1.243675301026467750e+01
-3.052148379857733218e+01 -1.349661975933364388e+01
-2.918534155175718681e+01 -1.457193665962314455e+01
-2.807246785092367602e+01 -1.587172708095004836e+01
-2.693096556944422559e+01 -1.710998719027588066e+01
-2.557779868101602005e+01 -1.807559128808039972e+01
-2.417077543413331142e+01 -1.895713283187411236e+01
-2.276910377945577224e+01 -1.981618576199927517e+01
-2.130812186804729791e+01 -2.047896567344344376e+01
-1.976909607689602311e+01 -2.083354917910352810e+01
-1.826019405319881272e+01 -2.117898489108867111e+01
-1.676776730080126043e+01 -2.141015625826592128e+01
-1.528824155439104970e+01 -2.158063985832087539e+01
-1.382332556340848484e+01 -2.173379176871699414e+01
-1.237672750274146338e+01 -2.184626645515528764e+01
-1.096055872647902873e+01 -2.189388078621628608e+01
-9.573884788983709981e+00 -2.193339299346116178e+01
-8.203461411296405714e+00 -2.186265253517261442e+01
-6.860920113600132098e+00 -2.164967180685504289e+01
-5.559197386721520751e+00 -2.126989898814311175e+01
-4.315393058479627619e+00 -2.065333873908985396e+01
-3.046271136310914063e+00 -2.002288607018854449e+01
-1.754048608695637057e+00 -1.939233865049806127e+01
-6.128825241744388919e-01 -1.846836398300946769e+01
2.849374708560410419e-01 -1.722323431113406755e+01
1.114661027400318138e+00 -1.585173171562250261e+01
1.916081556588108192e+00 -1.442588746231683849e+01
2.591634509579201495e+00 -1.293835982137778373e+01
3.113475707413445814e+00 -1.142971456723546986e+01
3.480114354862733350e+00 -9.948204683874861232e+00
3.682802336445824221e+00 -8.511022386333394252e+00
3.720439117017148245e+00 -7.138784802296518350e+00
3.547446816624009180e+00 -5.861136605840095548e+00
3.207482910200003978e+00 -4.695218340532837153e+00
2.729175336071505864e+00 -3.632879654393511792e+00
2.186800627711572353e+00 -2.655249093766120616e+00
1.603425211363911362e+00 -1.785900274984530300e+00
9.911693898632748523e-01 -1.057490192042467303e+00
4.064011938321115958e-01 -4.800381378755300132e-01
-2.744251055688713743e-06 -1.362345275988610947e-05
