2.403231853993537825e+01 2.584708779080395047e+01
3.105069961271297885e+01 2.569135219017048044e+01
3.263664879307937383e+01 2.483839755335466393e+01
3.134074686173493163e+01 2.357399922166386474e+01
2.874074132328958342e+01 2.204504126613648651e+01
2.597398187803452529e+01 2.030915280809598755e+01
2.359753021127680483e+01 1.862549302373221494e+01
2.343473476908317110e+01 1.595959577341601943e+01
2.466211959003163656e+01 1.319105839947005165e+01
2.550013244977176186e+01 1.043289500434792494e+01
2.543031220865377406e+01 7.851321563454248142e+00
2.459670160043244636e+01 5.639088464591618610e+00
2.389170313816836710e+01 3.690374215174164529e+00
2.414930234003224285e+01 1.961548571009103181e+00
2.525335204230339414e+01 5.879795404367341716e-01
2.608581305098908132e+01 -8.009651581127714692e-01
2.615787160992338301e+01 -2.171772705000172277e+00
2.539968794286935605e+01 -3.268421106234592255e+00
2.408291944804531681e+01 -4.008805658903774827e+00
2.291020516647737892e+01 -4.860999325562907813e+00
2.236986426350906143e+01 -6.031976444468930332e+00
2.251115384595178170e+01 -7.192280614153149010e+00
2.339179734277452738e+01 -7.988959953402059888e+00
2.454089552492482440e+01 -8.615821973604303352e+00
2.542455419875053835e+01 -9.392627947449524228e+00
2.569434943755126710e+01 -1.040541008839469228e+01
2.544176601182282127e+01 -1.147517091092596786e+01
2.482551859599598032e+01 -1.248308127009672219e+01
2.405973235016198331e+01 -1.341599046124384031e+01
2.345849189525314671e+01 -1.439672705695511823e+01
2.308940674535573834e+01 -1.542605189858561765e+01
2.265421788083737553e+01 -1.630244053508917190e+01
2.201282858179005331e+01 -1.684725871352962301e+01
2.119701971214461267e+01 -1.695699052495264780e+01
2.033511012241585902e+01 -1.675489291241475343e+01
1.953691126797728472e+01 -1.664228230828862820e+01
1.892889282018874297e+01 -1.702721227588266473e+01
1.850765149739155646e+01 -1.770435797074705064e+01
1.820728266628225711e+01 -1.848224312443951334e+01
1.787360764102692556e+01 -1.918641464188845447e+01
1.737589912916016743e+01 -1.967013079788045005e+01
1.674506438101688133e+01 -1.991750806837930199e+01
1.605193074442998835e+01 -2.001625681861765926e+01
1.535012114788341542e+01 -2.008378265818135944e+01
1.466366773236009990e+01 -2.017750870567025956e+01
1.399837331771201043e+01 -2.030301833145022172e+01
1.335043100236045888e+01 -2.043606844181588755e+01
1.271437275537505407e+01 -2.055707294440920663e+01
1.208577543392004117e+01 -2.065575338161018593e+01
1.146159666552341250e+01 -2.072772063055139569e+01
1.084071730164171754e+01 -2.077055922922996700e+01
1.022376599276236675e+01 -2.078345388412055428e+01
9.611778370657569681e+00 -2.077270523895746734e+01
9.005600838445795731e+00 -2.074397188838667816e+01
8.406642810365754670e+00 -2.070133144701350503e+01
7.816546465832984403e+00 -2.064416206657382702e+01
7.235717563450761780e+00 -2.057648570439650015e+01
6.665045154745847356e+00 -2.049712552415162747e+01
6.105609817979943621e+00 -2.040363119992975527e+01
5.558616764448855996e+00 -2.029400539935918246e+01
5.026016600566841852e+00 -2.016421098377964682e+01
4.508711523164689261e+00 -2.001546544495434077e+01
4.009654838677016997e+00 -1.984053384191525282e+01
3.532427009670455309e+00 -1.963191325282535260e+01
3.079087092438878237e+00 -1.938789025757718321e+01
2.648985202484187340e+00 -1.910975368886284897e+01
2.238538103645343558e+00 -1.880129925944729052e+01
1.840896393288652400e+00 -1.847051707130898635e+01
1.453511054321344975e+00 -1.812020840908015629e+01
1.074351120238325130e+00 -1.775184153882318583e+01
7.067081275363095161e-01 -1.735974410854198524e+01
3.545775482802842049e-01 -1.693844012364943907e+01
2.462615085289007744e-02 -1.648243865582136536e+01
-2.762926973774888495e-01 -1.598836795696356639e+01
-5.350131506001818416e-01 -1.545183115542893759e+01
-7.551604121821223758e-01 -1.487872409824239206e+01
-9.458199799302128286e-01 -1.427554361163364227e+01
-1.118405378501226233e+00 -1.364943823775895915e+01
-1.272508212051284504e+00 -1.300455893111077188e+01
-1.408429319637621857e+00 -1.234553091038385553e+01
-1.526340691393728966e+00 -1.167625192157498759e+01
-1.623651804291443179e+00 -1.100114432685234966e+01
-1.697264911853746616e+00 -1.032466476259131127e+01
-1.743555268447569473e+00 -9.650156885293716513e+00
-1.758065197115858069e+00 -8.980262403054068088e+00
-1.741955488889133319e+00 -8.316267743233710874e+00
-1.695105702004986448e+00 -7.659116408271961163e+00
-1.622218468922845380e+00 -7.009630038334434765e+00
-1.524999542952372833e+00 -6.368516432693875018e+00
-1.405882065419023164e+00 -5.734377672277268800e+00
-1.269878415783260550e+00 -5.103445410027195095e+00
-1.123114311714520808e+00 -4.472999219341990518e+00
-9.739195773128711542e-01 -3.841508033941196665e+00
-8.293696352982988795e-01 -3.208167721658370830e+00
-6.954072194060978429e-01 -2.574009500425904928e+00
-5.769304676377432495e-01 -1.944569985753209496e+00
-4.686566009787966891e-01 -1.334404846843715520e+00
-3.512009534998393745e-01 -7.703463554327620866e-01
-1.943226369008531629e-01 -3.002763018441291787e-01
-9.289510667909617782e-17 -1.101429999566843806e-12
