-4.650440655744354501e+01 -2.351421103559191295e+01
-6.965843813679531138e+01 -2.371474163374106681e+01
-7.887537216605456081e+01 -2.391745398503449138e+01
-7.983927878680478329e+01 -2.412511333244459522e+01
-7.602597230863089806e+01 -2.434180876962084739e+01
-6.963303242225921963e+01 -2.457404715292931741e+01
-6.216780885899559905e+01 -2.483249413598380428e+01
-5.485074172080729937e+01 -2.513482854159401825e+01
-4.894191478168895060e+01 -2.551047104259924936e+01
-4.607819694384440368e+01 -2.600845736085283377e+01
-4.353813222853205644e+01 -2.410050005644001203e+01
-4.218740587743489101e+01 -2.579353228961908329e+01
-4.152898225195774984e+01 -2.843354149165224243e+01
-4.153853440478663117e+01 -3.068942126553680438e+01
-4.314909964403372555e+01 -3.169263326904608391e+01
-4.535758009553725145e+01 -3.199750970431319530e+01
-4.583248381754750511e+01 -3.337195309970067569e+01
-4.527933764515248782e+01 -3.502639343342137579e+01
-4.423578088799629882e+01 -3.648231027504110102e+01
-4.298836717161935184e+01 -3.746644093517629415e+01
-4.174945010703156356e+01 -3.771203831024483577e+01
-4.083920235986377634e+01 -3.700193167876119560e+01
-4.036162767671212492e+01 -3.560407447710103668e+01
-3.950438358422470486e+01 -3.459681303288360255e+01
-3.845199482661818280e+01 -3.422612159859657055e+01
-3.745088282530960555e+01 -3.467457742934250575e+01
-3.698436598872640246e+01 -3.568313367171695916e+01
-3.653373079854578265e+01 -3.663416045883500516e+01
-3.585387292968125195e+01 -3.686877478839872424e+01
-3.517131000177672462e+01 -3.646946731058494606e+01
-3.463087466131472780e+01 -3.571108253617343564e+01
-3.424579881961983574e+01 -3.485602338602913619e+01
-3.382865695874462375e+01 -3.413683784008935618e+01
-3.321249384535427396e+01 -3.373825935453498204e+01
-3.248625786839508578e+01 -3.354304862831621392e+01
-3.183123863027343248e+01 -3.324172492217530106e+01
-3.133989082799329751e+01 -3.276640909800396173e+01
-3.108724523661453176e+01 -3.213164122836704450e+01
-3.110633526555142936e+01 -3.139543749207037493e+01
-3.114188343249401925e+01 -3.066743478901016218e+01
-3.072261475107410433e+01 -3.012443870595585338e+01
-3.002660599409708553e+01 -2.971351929193524555e+01
-2.938923452438702810e+01 -2.916279939607102634e+01
-2.892253593394707778e+01 -2.842289950519683472e+01
-2.853727435232884702e+01 -2.759417300175278953e+01
-2.809554903893200617e+01 -2.677133897005777285e+01
-2.755483742479586695e+01 -2.598741553029657680e+01
-2.692186765874926380e+01 -2.525744030723904388e+01
-2.625555948357902736e+01 -2.455009401339555097e+01
-2.563365076683111710e+01 -2.381083750975459878e+01
-2.513322652700958315e+01 -2.299846451183571716e+01
-2.470864631912328591e+01 -2.217420996577444470e+01
-2.412844095548219059e+01 -2.158932228616086491e+01
-2.338999502366042194e+01 -2.141257553387067247e+01
-2.260352099997829356e+01 -2.170832887794473010e+01
-2.186543153951878082e+01 -2.199994987346159903e+01
-2.131670226769491094e+01 -2.178936972563592178e+01
-2.121410849832874135e+01 -2.104427186941025596e+01
-2.106647647845119664e+01 -2.019090238131802195e+01
-2.050534835614254447e+01 -1.954663816348707428e+01
-1.972970493034647177e+01 -1.918593143092596165e+01
-1.892767990073032180e+01 -1.926022266613787792e+01
-1.834190978918091375e+01 -1.997585442931091038e+01
-1.778982836952654267e+01 -2.084630912236500322e+01
-1.706910694039535414e+01 -2.122333122982895048e+01
-1.634132053739432422e+01 -2.079331196456057995e+01
-1.590969698629253948e+01 -1.971801176372933284e+01
-1.519746697292156590e+01 -1.893674719880696244e+01
-1.419365976537922158e+01 -1.890017439701144397e+01
-1.331673626842026970e+01 -1.953636253130289901e+01
-1.265315081895476901e+01 -2.044358033531062091e+01
-1.182032193192885927e+01 -2.048103280568423301e+01
-1.114691151686027304e+01 -1.985751307150956890e+01
-1.061084290255832308e+01 -1.911386870220883338e+01
-9.912787048908620946e+00 -1.885687164771345081e+01
-9.196021690064174692e+00 -1.894092489056509265e+01
-8.570966375709398122e+00 -1.892767692506315313e+01
-8.112768169541356045e+00 -1.863257470011167172e+01
-7.806374165899966577e+00 -1.812777408954908864e+01
-7.484112678313358025e+00 -1.759243369634038245e+01
-7.041237440593908659e+00 -1.710390897681620714e+01
-6.508786089626566351e+00 -1.661607927167313292e+01
-5.943751177949848419e+00 -1.605379786715209178e+01
-5.365936930571569619e+00 -1.537921022264623083e+01
-4.793132356694124852e+00 -1.456290134893397870e+01
-4.227427809684498605e+00 -1.360836328011291840e+01
-3.666845588767639441e+00 -1.253339522773870662e+01
-3.118761730350304351e+00 -1.136694795164257421e+01
-2.591373200759261586e+00 -1.014682442999044021e+01
-2.086009760350780340e+00 -8.900562404264798388e+00
-1.635654889563346703e+00 -7.666033588433511348e+00
-1.230961773867603082e+00 -6.470303231490825091e+00
-8.731938305253568178e-01 -5.337859596763488312e+00
-5.665168903313941851e-01 -4.266741027706523859e+00
-3.169805500830341072e-01 -3.257399181045728564e+00
-1.253352337625350810e-01 -2.319585171198876861e+00
3.784678075637867151e-02 -1.468694691126015028e+00
1.993039622550764611e-01 -7.349464395289222463e-01
2.822425578158062054e-01 -1.835087609049207980e-01
1.186379677234599691e-04 2.616883357959161847e-04
