-2.706606641282101577e+01 -2.233041147159698259e+00
-3.257487190835932012e+01 -1.323312945808410523e+00
-3.308064369693896367e+01 -3.480813706565013543e-01
-3.213951580410432030e+01 6.098434584461576158e-01
-3.208693533717982405e+01 1.550306835417803342e+00
-3.258130850468950968e+01 2.418351163554123051e+00
-3.313926291821886139e+01 3.318847024479807839e+00
-3.354463652979237054e+01 4.281664658039471938e+00
-3.376042522200940965e+01 5.280972535657628697e+00
-3.381698412720690072e+01 6.289277156776938327e+00
-3.374951578815520747e+01 7.283056365114447317e+00
-3.354681829442197483e+01 8.236333239649065163e+00
-3.323002763704306517e+01 9.134891370936284005e+00
-3.283124698178737333e+01 9.985550801853044334e+00
-3.242444799851359249e+01 1.082301324321968927e+01
-3.202110486282717261e+01 1.164271864636733689e+01
-3.143479120207418021e+01 1.233670597543079950e+01
-3.060057990311870668e+01 1.285194849759861135e+01
-2.960438846013141045e+01 1.333965965138911436e+01
-2.850739755766888450e+01 1.391329424873546650e+01
-2.728838839035100960e+01 1.446482749280271918e+01
-2.598823089434969091e+01 1.496926095259677503e+01
-2.469395431059207269e+01 1.548375466031549408e+01
-2.347819993746436040e+01 1.602246738227210088e+01
-2.240875713201383945e+01 1.660650177407655903e+01
-2.150458119809702140e+01 1.721936084708548975e+01
-2.069320403514932494e+01 1.772358659781976797e+01
-1.999626594649379641e+01 1.814345466812589791e+01
-1.956203151512461602e+01 1.869509978558902930e+01
-1.943603136338580839e+01 1.940279154375632942e+01
-1.937680583464993234e+01 2.019932461496783560e+01
-1.901433710304258540e+01 2.102780876279975075e+01
-1.844412320060004262e+01 2.188652772914040057e+01
-1.792596966374985712e+01 2.290227702238251695e+01
-1.744991097178003869e+01 2.402092086313284724e+01
-1.691713542751949717e+01 2.515671865423353992e+01
-1.631723575518453373e+01 2.625648946912227188e+01
-1.567052927017287089e+01 2.728320163470806037e+01
-1.500173375376829554e+01 2.823528788975115944e+01
-1.431543176071953383e+01 2.911210688964991533e+01
-1.360425742810751970e+01 2.991179637538072100e+01
-1.283651361015796155e+01 3.062329490617042893e+01
-1.199964182545907221e+01 3.124657032496457632e+01
-1.109156208529454268e+01 3.178107911545564335e+01
-1.010507146040053961e+01 3.221379974569408233e+01
-9.031600665119606575e+00 3.251141496729480451e+01
-7.879240038424144998e+00 3.266125767109684119e+01
-6.660420010253067069e+00 3.267682320295823928e+01
-5.403550609976424113e+00 3.261251598738977719e+01
-4.148137715602860709e+00 3.249134364894222671e+01
-2.922301083663449983e+00 3.232311366923850215e+01
-1.744974641071024513e+00 3.209598251550789882e+01
-6.458430913411991048e-01 3.180202702075408538e+01
3.396158488790630425e-01 3.141588289282037749e+01
1.172972199071742994e+00 3.090044327045528760e+01
1.805995154902310329e+00 3.024314160069800650e+01
2.178499565687844530e+00 2.943559113869959987e+01
2.350069047740063866e+00 2.852912090536391077e+01
2.430744516999024718e+00 2.756108375264436816e+01
2.431322252726576760e+00 2.654834434673210453e+01
2.340707804814032400e+00 2.550612737341313263e+01
2.171782452325494273e+00 2.445041763221443887e+01
1.948125857175829090e+00 2.340415279588867747e+01
1.711615968272008015e+00 2.238418153858408388e+01
1.500234180164282449e+00 2.139977966397381692e+01
1.353883555537838790e+00 2.046084566432228158e+01
1.296245732130363981e+00 1.957799752437013652e+01
1.334938943114660770e+00 1.875049328032258344e+01
1.478277966560125112e+00 1.797297922631518574e+01
1.736458965525389031e+00 1.724445153970852829e+01
2.124576677022811833e+00 1.656467587518886830e+01
2.639703431366472675e+00 1.592320440149170935e+01
3.278064817236010509e+00 1.531525293152690459e+01
4.021409760368869435e+00 1.473188267904368054e+01
4.853092828721480068e+00 1.417150073679493794e+01
5.748390594539467102e+00 1.363653645757783117e+01
6.672991970082629898e+00 1.314496564023337122e+01
7.585903118458060312e+00 1.269432851480389068e+01
8.452365871010847798e+00 1.226436250962255237e+01
9.252963676490598033e+00 1.184548365361971811e+01
9.980830560925562978e+00 1.143295052592825201e+01
1.063402059052442361e+01 1.102049726617351411e+01
1.120400147944470781e+01 1.058869581331755327e+01
1.168044565899282361e+01 1.011342857666040196e+01
1.206290633578737292e+01 9.582803475453786746e+00
1.233310506517603677e+01 8.977758550263631676e+00
1.249653814954640474e+01 8.294726921228477323e+00
1.257132730611036742e+01 7.532521181765226892e+00
1.255569703065232368e+01 6.701429191839100241e+00
1.230434731587629926e+01 5.831968681114053865e+00
1.168655207822531139e+01 4.995027003331930615e+00
1.075653451504199687e+01 4.188992774396357532e+00
9.555888128669403514e+00 3.425805976954907184e+00
8.123294318754240351e+00 2.739464904721755634e+00
6.538722725656528567e+00 2.148351978178818289e+00
4.925122525464073142e+00 1.660851317445994901e+00
3.424582065773664308e+00 1.220997329031571876e+00
2.103213352932434610e+00 7.907489702597669812e-01
9.742227392255639051e-01 3.589433931484917184e-01
9.096986971917958785e-07 5.413372048607005785e-06
