-1.224971076814974680e+01 3.083390077650637995e+00
-1.896958187797295281e+01 3.026380424404462310e+00
-2.217870565555601559e+01 2.974345567249040645e+00
-2.317089872617815161e+01 2.933288164177916713e+00
-2.278184128905967043e+01 2.911479403614627426e+00
-2.156177314593507433e+01 2.921168068117712568e+00
-1.988920308520096114e+01 2.981111942153773064e+00
-1.804912965784687984e+01 3.120454469806506648e+00
-1.629193678429121661e+01 3.384745720647195366e+00
-1.488510858168221596e+01 3.845352298099194321e+00
-1.416941525843897587e+01 4.673580643420643277e+00
-1.433234136331478048e+01 5.671470853282952973e+00
-1.495066439879473741e+01 6.765096964031868332e+00
-1.565009577535889207e+01 7.955395611322001237e+00
-1.621810731749322798e+01 9.249086763790797860e+00
-1.660716267348612263e+01 1.060748349812704383e+01
-1.685098186234230511e+01 1.198680991653602668e+01
-1.698810981444210455e+01 1.336016277101517247e+01
-1.704453805764817176e+01 1.470978237988475179e+01
-1.703066345632425893e+01 1.602623334883995554e+01
-1.694585870704911201e+01 1.731109040983889713e+01
-1.678729218559645631e+01 1.856817948549116437e+01
-1.657564025302896482e+01 1.980113597486925769e+01
-1.631326288782027234e+01 2.101514500734014845e+01
-1.600762389129403829e+01 2.221443395196456905e+01
-1.565408361657985559e+01 2.339207769677253168e+01
-1.522467009017207218e+01 2.453170228983680801e+01
-1.469296787433422224e+01 2.561307774827799477e+01
-1.409437573635402252e+01 2.664477173619071237e+01
-1.346056214655073191e+01 2.763680206596963629e+01
-1.283307953852364314e+01 2.860386313847019935e+01
-1.223907415229514051e+01 2.955659981670289937e+01
-1.170502088141358144e+01 3.051172794815424538e+01
-1.123803883563053319e+01 3.147675518332830435e+01
-1.083397284947895045e+01 3.245756981506883676e+01
-1.044904366840344245e+01 3.344143312527991441e+01
-1.000428608278876474e+01 3.439856856202555235e+01
-9.439309441435900894e+00 3.529701595692640126e+01
-8.837148861801155775e+00 3.616180174888175003e+01
-8.444656331914535130e+00 3.710577513925787230e+01
-8.468583425684759192e+00 3.819132257009918874e+01
-8.768622127492440299e+00 3.940743382791167448e+01
-8.885404095371537636e+00 4.079963997687925570e+01
-8.746397501299611577e+00 4.233841660912328564e+01
-8.409659566776026551e+00 4.396682530663112232e+01
-7.908780327068819282e+00 4.557935603126242086e+01
-7.271076534305133343e+00 4.696917781114593993e+01
-6.320608245826840665e+00 4.763789243911230642e+01
-5.179093438814605932e+00 4.684594298616880081e+01
-4.164452912728461520e+00 4.541160706696091154e+01
-3.645047579670351645e+00 4.359820075338748779e+01
-3.767129666174275915e+00 4.181624589822099836e+01
-3.095745676137254598e+00 4.068788367419554675e+01
-2.095501497888064613e+00 3.975097011859521245e+01
-1.233812385541817713e+00 3.864578329014767633e+01
-5.605203205937759892e-01 3.738555582418170076e+01
2.925083306301986749e-02 3.606088132398001278e+01
6.284197097910425578e-01 3.474109956783669872e+01
1.252495070159700408e+00 3.345063301614187878e+01
1.879202396452371193e+00 3.218581317715500489e+01
2.506276636892556642e+00 3.095446759445373885e+01
3.132670963121992003e+00 2.976711286751649865e+01
3.733783036205673866e+00 2.861486111256390785e+01
4.322455872837905666e+00 2.750153858550925179e+01
4.888195035453987813e+00 2.641915363060033783e+01
5.421641048594235457e+00 2.536246106110819198e+01
5.918673802293604069e+00 2.432623430774317796e+01
6.382298414673463149e+00 2.330738015262074825e+01
6.803161733312500736e+00 2.229683952784357359e+01
7.180866497295806283e+00 2.129001802716141256e+01
7.501231393632257216e+00 2.027555647575102427e+01
7.752961080731807897e+00 1.924426592148311954e+01
7.928254731094845909e+00 1.819219179542794862e+01
8.026068544226831136e+00 1.711697761814333418e+01
8.049674894461389840e+00 1.602169508401320641e+01
7.999865997533346373e+00 1.491259800693511828e+01
7.876040644917301492e+00 1.379172177466111471e+01
7.685342930974319309e+00 1.266280156065279527e+01
7.433700606198206273e+00 1.153534022965905237e+01
7.125352930795026296e+00 1.042133405088247677e+01
6.759063223451914126e+00 9.336392107241429983e+00
6.342191586111120216e+00 8.294330187993557146e+00
5.886498910087491154e+00 7.304989247149262788e+00
5.399743061332348049e+00 6.378462228235151521e+00
4.890678486292426186e+00 5.524604483017278689e+00
4.373894797769466436e+00 4.751537449513051570e+00
3.867004638584896181e+00 4.058901486508399437e+00
3.383444521816330930e+00 3.441911097079708881e+00
2.932291965800021938e+00 2.895286523066254780e+00
2.513797044695234018e+00 2.416714820240158712e+00
2.129031737433241922e+00 2.000689092682201409e+00
1.776723993644822697e+00 1.639446253155591116e+00
1.455881858621833835e+00 1.325130997703343638e+00
1.165206829977355696e+00 1.049916066257184033e+00
9.040576296724942562e-01 8.079153193435726354e-01
6.731303569743700699e-01 5.921024094225599832e-01
4.723196056393784703e-01 3.978899505882509957e-01
2.987566374799588975e-01 2.255274880451029196e-01
1.446152317300567758e-01 8.592652349722557092e-02
-1.695412854670198027e-05 -4.844087095430622456e-05
