-3.206395727733011114e+01 4.411141341541262051e+01
-4.603039170359798504e+01 4.396339828826135943e+01
-4.965693276596794448e+01 4.380490737576305804e+01
-4.761080772290992513e+01 4.362233377766575160e+01
-4.286374662026793914e+01 4.339487238491352628e+01
-3.758020216626962906e+01 4.308830139824525673e+01
-3.376424221840670725e+01 4.264475664597752314e+01
-3.119698191915004770e+01 4.307838096430126029e+01
-2.978214487502294361e+01 4.295617285290785503e+01
-2.976788812248498317e+01 4.067900282914762045e+01
-3.077510247604202576e+01 3.819997326142570415e+01
-3.316219636494934520e+01 3.724578725599653239e+01
-3.479714441950275017e+01 3.590620694016052283e+01
-3.469212698844832232e+01 3.416263224712981383e+01
-3.309776437581353292e+01 3.279170875531859508e+01
-3.169587342857528611e+01 3.143553898492334397e+01
-3.237611938257777666e+01 2.966368087424281796e+01
-3.280705559940324179e+01 2.785711707372191270e+01
-3.191099932954865182e+01 2.639744820538496128e+01
-3.099225245611964397e+01 2.502663196699400316e+01
-3.075077919686041739e+01 2.355339726128876521e+01
-3.067526300999672628e+01 2.212795716856937389e+01
-3.045400064780291061e+01 2.081004595328389328e+01
-3.048825973715546667e+01 1.957278769187381684e+01
-3.096706943762368880e+01 1.845211985376106867e+01
-3.113534403019262342e+01 1.734602859890418713e+01
-3.062656277274955130e+01 1.631916305325151484e+01
-3.007034935575667589e+01 1.531938336745741225e+01
-2.997215161991367083e+01 1.433012679889840513e+01
-3.047587884540735104e+01 1.352928993935035251e+01
-3.142196683901917709e+01 1.300247562754495156e+01
-3.225885254016176162e+01 1.242073527793909982e+01
-3.250941899956949044e+01 1.159039256533552376e+01
-3.219442978194302185e+01 1.075018921310113207e+01
-3.144828600205131863e+01 1.008591619070915080e+01
-3.071521278253233334e+01 9.455076701367168823e+00
-3.044276680060229268e+01 8.701120272535344924e+00
-3.067105026817885616e+01 7.950111963143019267e+00
-3.129766984364409055e+01 7.337074869840853886e+00
-3.210759399929546021e+01 6.862328640877362496e+00
-3.273968636917559394e+01 6.334905993395968160e+00
-3.284061544066561567e+01 5.663914953978307132e+00
-3.233747102963885567e+01 5.049943719607410841e+00
-3.171035055862898844e+01 4.402772143090339263e+00
-3.139675697201270665e+01 3.621164762834883977e+00
-3.136775989693716937e+01 2.850803586961254243e+00
-3.162630003821286451e+01 2.238608617868029338e+00
-3.221755645180726191e+01 1.944727992763275681e+00
-3.296639365482314332e+01 1.937978411708393134e+00
-3.367227485949146626e+01 1.934745046344195085e+00
-3.410747916910266042e+01 1.550693873497504427e+00
-3.433308807287875197e+01 9.250086000866200031e-01
-3.445906702730918880e+01 1.937608432579692175e-01
-3.456938579203618644e+01 -5.586444844383005037e-01
-3.462386043599987318e+01 -1.292019131742114801e+00
-3.458458967464538603e+01 -1.964719200901508644e+00
-3.439995346004185706e+01 -2.520591628303745946e+00
-3.405960580811844096e+01 -2.884203194898748990e+00
-3.360585985560972944e+01 -2.978002514898282271e+00
-3.311517136525301908e+01 -2.750950780927701622e+00
-3.262888835282851119e+01 -2.323954409754639627e+00
-3.215869881251876450e+01 -1.829972744864255541e+00
-3.165962758052406656e+01 -1.523931861058818393e+00
-3.111665332266955275e+01 -1.639797839471544894e+00
-3.065434496186324509e+01 -2.066404475510744909e+00
-3.035345179894032341e+01 -2.720823581539331570e+00
-3.011394445928142716e+01 -3.420017617924675069e+00
-2.968759104181379982e+01 -3.932133616150047306e+00
-2.898393844277036990e+01 -4.060322861863131294e+00
-2.814930822894670470e+01 -3.974744542568651173e+00
-2.725958477978481298e+01 -3.930386024605830197e+00
-2.634001551061054514e+01 -3.971498775328290431e+00
-2.538967577811857623e+01 -4.018150445322905107e+00
-2.439247226346618902e+01 -4.021918984985937584e+00
-2.333442157307062814e+01 -3.952146267928543732e+00
-2.220742634517260683e+01 -3.830396035587108727e+00
-2.100524815067926454e+01 -3.674156425800077841e+00
-1.972532787614867900e+01 -3.493753423667745661e+00
-1.837256485622885904e+01 -3.303692267009424199e+00
-1.696438381883372415e+01 -3.090011885822979476e+00
-1.552030212942209353e+01 -2.869322273793233791e+00
-1.407599347998658956e+01 -2.646529436320017137e+00
-1.267088715729726545e+01 -2.440383963094701958e+00
-1.133324032021820216e+01 -2.249354049905575526e+00
-1.007744176663212876e+01 -2.075507016721102271e+00
-8.918552700482065276e+00 -1.899814312372354763e+00
-7.868895471846979461e+00 -1.721201479351654129e+00
-6.934498237985459390e+00 -1.542331397866550713e+00
-6.102659533541939574e+00 -1.366219675516377796e+00
-5.352169057901609683e+00 -1.214951096138824571e+00
-4.669091441044840529e+00 -1.083802416199253660e+00
-4.040679914714427667e+00 -9.582730992607131348e-01
-3.457551701779245423e+00 -8.105818599871342789e-01
-2.910609983052771632e+00 -6.376667143502698920e-01
-2.388671349883719319e+00 -4.558849166207975534e-01
-1.880589779697451780e+00 -2.913888791893003982e-01
-1.382552867603398017e+00 -1.611997474884552806e-01
-8.996315891986577107e-01 -6.643467816723926112e-02
-4.374531431170262663e-01 -1.195118952067471263e-02
-3.432946326837971289e-06 1.084337781744315040e-06
