-4.520782605957826661e+01 -4.398807761404060557e+01
-5.988393845457112263e+01 -4.322978021605755572e+01
-5.880580400055824697e+01 -4.233011399867787361e+01
-5.133186637330560131e+01 -4.109908513244175055e+01
-4.462048967970236646e+01 -3.923271403335592566e+01
-4.191041405727409597e+01 -3.585819106563113223e+01
-4.181075273548391635e+01 -3.160568023260984205e+01
-4.133252440330749522e+01 -2.757638567775005001e+01
-4.059337635676652667e+01 -2.398981584328758032e+01
-3.987267624876738381e+01 -2.077492231202442952e+01
-3.916674696039964942e+01 -1.785992860606171817e+01
-3.832943385325307162e+01 -1.524777208666750283e+01
-3.736711188971753472e+01 -1.291926668407643497e+01
-3.675096021715082628e+01 -1.072579818577654898e+01
-3.697483381100285271e+01 -8.649795398316880934e+00
-3.707520912022954462e+01 -6.825497184212277801e+00
-3.599473751032257240e+01 -5.666926320350226476e+00
-3.446171660130138292e+01 -4.891794669863872791e+00
-3.358352400759243750e+01 -3.629617516883576922e+00
-3.374325891837012392e+01 -2.255699910294028943e+00
-3.486508131064410776e+01 -1.199147301384348552e+00
-3.578380848202269959e+01 -1.275699207634681254e-01
-3.569735904152840789e+01 1.002522302472831583e+00
-3.477622160944088137e+01 1.802622121089076268e+00
-3.342222619034013320e+01 2.140388350543462881e+00
-3.199894044047460895e+01 2.222044349589800571e+00
-3.068532005769673887e+01 2.285424686074418066e+00
-2.951328796999724347e+01 2.199317742967256795e+00
-2.856551445511262699e+01 1.837460570006044236e+00
-2.809670224882382072e+01 1.153327776941297289e+00
-2.842259754476920719e+01 2.780361024249984325e-01
-2.896440198592877380e+01 -6.008447009421485907e-01
-2.922398029538692299e+01 -1.288924738891303878e+00
-2.858854949823777858e+01 -1.532121301638655675e+00
-2.764379568879997606e+01 -1.190292343783601492e+00
-2.664053913341318847e+01 -8.632656759046161143e-01
-2.581378064610449385e+01 -1.137553155752986989e+00
-2.526419667055867535e+01 -1.837272820024515640e+00
-2.503863349069404620e+01 -2.806893462614778123e+00
-2.508840402812915116e+01 -3.936922508159019340e+00
-2.516507552619181709e+01 -5.187012688856169618e+00
-2.489101361233245768e+01 -6.595980099235436711e+00
-2.445962664901814776e+01 -8.238445759888154640e+00
-2.402576841244941619e+01 -1.017842439782486608e+01
-2.365575838912170781e+01 -1.243991766100839236e+01
-2.327942191498868141e+01 -1.495753186269356938e+01
-2.290936170236853187e+01 -1.763088602977684971e+01
-2.253197373392158198e+01 -2.034932637325648841e+01
-2.210893543471992118e+01 -2.298303850978905771e+01
-2.166189677292760507e+01 -2.547865776817425498e+01
-2.122303348590274297e+01 -2.783161600878601050e+01
-2.085107862291082625e+01 -3.000610574274098141e+01
-2.055138617800276180e+01 -3.197838009738345377e+01
-2.025059206405143186e+01 -3.375190457554766965e+01
-2.004453936358241251e+01 -3.533553348907683045e+01
-2.006942721694531073e+01 -3.673363250501100197e+01
-2.021289828595778104e+01 -3.795980385509366783e+01
-2.018918757029923583e+01 -3.899591471564561829e+01
-1.981312101841502837e+01 -3.974400832507188142e+01
-1.913547176567730190e+01 -4.008782761352671287e+01
-1.835344821033679708e+01 -4.002493213229477220e+01
-1.763070256921291445e+01 -3.978076260682900056e+01
-1.704816486196571645e+01 -4.004236987602189402e+01
-1.657907108106335414e+01 -4.053601372369874412e+01
-1.604030841554460451e+01 -4.086837059482933654e+01
-1.544361328208518636e+01 -4.096182992402250989e+01
-1.484394443457602719e+01 -4.089212862231167378e+01
-1.426182579772048520e+01 -4.075026006483559371e+01
-1.370869119507770151e+01 -4.055756830661199075e+01
-1.320121912657684504e+01 -4.028926406414993266e+01
-1.275559929092230149e+01 -3.992383945799564771e+01
-1.234337420072858471e+01 -3.950940518223806919e+01
-1.187818359226708154e+01 -3.916685922472424153e+01
-1.128707633493049656e+01 -3.903262530161830313e+01
-1.068716650004601476e+01 -3.887120782493013849e+01
-1.017677008447186537e+01 -3.854245283309240477e+01
-9.831429957711263157e+00 -3.801682361590272308e+01
-9.672616403665003304e+00 -3.732893387891640202e+01
-9.622877581332488717e+00 -3.653954988879020505e+01
-9.382763999843596991e+00 -3.574009331437774506e+01
-8.850803866310943846e+00 -3.498493315283491256e+01
-8.199842131893067432e+00 -3.419047442046505836e+01
-7.750130205667350225e+00 -3.316622212975194373e+01
-7.587266430640933201e+00 -3.187450748931058797e+01
-7.492700592392067982e+00 -3.034870049341391507e+01
-7.277909089657907060e+00 -2.859262036895507109e+01
-6.940713981052982540e+00 -2.659077359335338997e+01
-6.453623006152451325e+00 -2.433978876437211980e+01
-5.838451996197668414e+00 -2.183628633764018545e+01
-5.084251077143802533e+00 -1.913486805942263658e+01
-4.283918587699988123e+00 -1.628736874142266089e+01
-3.463281065625016808e+00 -1.337665991245037844e+01
-2.630957503727743063e+00 -1.052585171914119933e+01
-1.908320803829822276e+00 -7.896902564646765654e+00
-1.356770474705596197e+00 -5.586179085597086313e+00
-9.271794205344831008e-01 -3.600226052992752113e+00
-5.736498326833708861e-01 -1.936778564516595136e+00
-2.838256410751367476e-01 -6.174321529769075667e-01
6.066122599283002570e-02 2.460219745972672400e-01
1.449784543210474259e-07 1.000077832981551621e-05
