3.037539192488612372e+01 4.596057071540555228e+01
4.366951741983568525e+01 4.504728653276834649e+01
4.711721133962032582e+01 4.417356081238409615e+01
4.504315707165593352e+01 4.339064467394895530e+01
4.013981218152632380e+01 4.277663042730724641e+01
3.426330473137953447e+01 4.245953632140119538e+01
2.898202403434545005e+01 4.265515510126851950e+01
2.545390333124764126e+01 4.348310650144856737e+01
2.332033273563160947e+01 4.257601278450421489e+01
2.272669096130885436e+01 4.026591303060087768e+01
2.208380107050207997e+01 3.785351155802941037e+01
2.078698952625437357e+01 3.601135862347615557e+01
1.928945241774631469e+01 3.510588628539414913e+01
1.787610115895565244e+01 3.608057697375031836e+01
1.660895074748342992e+01 3.754644751943641268e+01
1.563216389731487332e+01 3.706600704552074177e+01
1.526092371573471240e+01 3.559350762499240517e+01
1.550597714748116118e+01 3.390480944688591336e+01
1.584017299044004012e+01 3.252448151475299198e+01
1.631135999990526386e+01 3.157605341845495062e+01
1.625986751136969843e+01 3.085922433118677333e+01
1.600858557814479610e+01 3.028130078935607017e+01
1.586953530660547429e+01 2.977037741480834043e+01
1.596539897503365957e+01 2.932196400134709435e+01
1.623503063682985115e+01 2.894103533049826638e+01
1.657468714046959235e+01 2.859672689888830988e+01
1.691813546966262294e+01 2.825902312870740829e+01
1.721462657849296463e+01 2.789618897575965661e+01
1.744958449193625327e+01 2.750078923469613912e+01
1.769070717069788401e+01 2.712326114063214177e+01
1.798663149268229233e+01 2.681106969087840852e+01
1.833868864601323168e+01 2.658548946616550523e+01
1.872571550474939883e+01 2.645298940416886424e+01
1.912155234411979521e+01 2.642405579058112153e+01
1.949578351773770990e+01 2.652082670157399491e+01
1.981018269077206995e+01 2.678140811868624382e+01
2.003346142874727676e+01 2.722828580186648040e+01
2.023314107171929521e+01 2.779724849854751056e+01
2.048250849423718378e+01 2.845156763845560732e+01
2.082266033667029603e+01 2.919016345291196757e+01
2.122442339154030222e+01 2.983070646170730811e+01
2.173969780533839113e+01 3.008044761656095289e+01
2.240606905134786331e+01 2.958080104187379433e+01
2.312521023612160320e+01 2.886275549891183445e+01
2.398535291425425697e+01 2.861668059321283764e+01
2.483581572415244310e+01 2.896768732232339971e+01
2.561754312126156918e+01 2.909255313768782614e+01
2.616615541987914995e+01 2.862367178323716388e+01
2.652417307223658938e+01 2.785754880689667345e+01
2.695070736298509928e+01 2.713961049176178619e+01
2.730838080623813013e+01 2.646016143647288388e+01
2.754685984651480624e+01 2.580243568722112357e+01
2.761409677290109244e+01 2.516617774230128646e+01
2.747791601415081075e+01 2.458873805616959274e+01
2.715405290333644928e+01 2.413144918381430770e+01
2.667665041502044687e+01 2.386676471593279558e+01
2.610502322314842161e+01 2.385110569881342713e+01
2.555051821358517827e+01 2.385686743462650128e+01
2.512744640902198512e+01 2.377749880311340647e+01
2.498902888657421073e+01 2.352124650749194146e+01
2.504775451947762832e+01 2.317545140479300159e+01
2.525408414889214370e+01 2.280262365732930974e+01
2.551988227387192509e+01 2.242248327704217914e+01
2.573078376725136707e+01 2.202586182746643217e+01
2.579350428273971829e+01 2.161092632086119636e+01
2.570930426881748687e+01 2.120317552726015364e+01
2.550509005837633936e+01 2.083356822939039787e+01
2.520373927749833953e+01 2.053667175352192231e+01
2.481506034072768330e+01 2.035879556735496010e+01
2.435531864705120242e+01 2.033779839843837323e+01
2.385974804564102314e+01 2.041292708620493812e+01
2.335811919745344767e+01 2.041652851366333010e+01
2.288507736960432126e+01 2.022860299091766834e+01
2.245855071529433999e+01 1.985409847993544119e+01
2.204404153690804335e+01 1.936759402280749143e+01
2.156481214987538308e+01 1.886265839427685975e+01
2.096869507979149816e+01 1.839324544984985010e+01
2.028012136923915776e+01 1.792134930429662276e+01
1.952573849102672554e+01 1.739477456771343356e+01
1.871489975752152191e+01 1.678611493589852444e+01
1.784910711611182421e+01 1.609134878161623661e+01
1.691415984318920707e+01 1.533305127962670156e+01
1.590017398790702430e+01 1.453258299713244028e+01
1.482302684335214060e+01 1.367981656932282775e+01
1.371494496276608643e+01 1.275484016972896306e+01
1.260315744772362301e+01 1.176241939586043372e+01
1.148490346269805151e+01 1.072530428595625196e+01
1.036192403459578060e+01 9.682486731295446347e+00
9.244339013632009383e+00 8.667355106355822514e+00
8.144461238304700146e+00 7.696171626624050077e+00
7.075730373375206383e+00 6.773630862152510979e+00
6.054674898935441085e+00 5.894673733756172318e+00
5.083593562874797911e+00 5.054505942800772367e+00
4.154052103216802294e+00 4.255405676167383078e+00
3.268349523536781209e+00 3.488847868402926711e+00
2.433803391135676897e+00 2.739907008152683510e+00
1.659753012919330084e+00 2.000025097892903503e+00
9.604716680329762335e-01 1.273133074089194405e+00
3.903745938408909044e-01 5.770758689327951663e-01
-1.342037308742652455e-03 1.866315319589425138e-03
