1.276517202157869013e+00 4.393468797954599125e+01
1.924713045277736345e+00 4.322449389171372758e+01
2.076745828199388466e+00 4.255159325707706586e+01
1.844285619292652223e+00 4.196532796028371592e+01
1.315664171364979707e+00 4.152031844408196548e+01
5.611711481782991617e-01 4.127978971707782563e+01
-3.626544215437281227e-01 4.131942617253656636e+01
-1.410188484494241834e+00 4.164047017508459447e+01
-2.557393852542150903e+00 4.217228298821525811e+01
-3.797546782256129294e+00 4.282584951373036120e+01
-5.140918740446673851e+00 4.349777749801562265e+01
-6.602348065937817978e+00 4.408737049765398552e+01
-8.181772465340010569e+00 4.453215854682049013e+01
-9.859627254099775584e+00 4.482064683651103820e+01
-1.160953205215799855e+01 4.496953325151596204e+01
-1.340308565692505027e+01 4.500345053650488580e+01
-1.521102046911274286e+01 4.495316924374867540e+01
-1.700591311857048638e+01 4.485858977351199428e+01
-1.876177260841196315e+01 4.477067507652919431e+01
-2.045272475468500417e+01 4.473536233666502682e+01
-2.205501619643796829e+01 4.479050717698648754e+01
-2.354899573372249222e+01 4.495711793055973970e+01
-2.492435913673049086e+01 4.520912256231858350e+01
-2.618063573102639197e+01 4.548123251239866960e+01
-2.732106956121737440e+01 4.570949977245945917e+01
-2.834645161240191769e+01 4.584704759234394089e+01
-2.925457789126571484e+01 4.586508769648926176e+01
-3.003974267896838768e+01 4.575294749555072826e+01
-3.069363881854684450e+01 4.551148907197570281e+01
-3.120767068511995745e+01 4.515069972280449662e+01
-3.157389657956928630e+01 4.468541767085651628e+01
-3.178603586722928753e+01 4.413246707674734637e+01
-3.185170425628175650e+01 4.351203638237147686e+01
-3.179584971217572331e+01 4.284367580643140627e+01
-3.165793765115783032e+01 4.214202706047357339e+01
-3.148977733417814662e+01 4.141549701535538475e+01
-3.133850483049391045e+01 4.066833188308952884e+01
-3.126628219878221771e+01 3.989946912951717195e+01
-3.131980351668406470e+01 3.910752383884406669e+01
-3.154077496802925396e+01 3.828871296765551335e+01
-3.184702528180713443e+01 3.742708350040866350e+01
-3.217055735222432133e+01 3.650795355724348923e+01
-3.246906961361772659e+01 3.552370315014281488e+01
-3.272318537083644685e+01 3.447351334332876149e+01
-3.292911823231173685e+01 3.336043926855786168e+01
-3.309230942229554984e+01 3.218907146303504163e+01
-3.322099684792554086e+01 3.096446423741007692e+01
-3.332389229558572907e+01 2.969110919233575174e+01
-3.340814386580593975e+01 2.837355477459340136e+01
-3.347850236358979714e+01 2.701654762599694237e+01
-3.353755868080946101e+01 2.562541889073408896e+01
-3.358555923645366903e+01 2.420641780265463794e+01
-3.362369036214843021e+01 2.276625726423536733e+01
-3.365331138855160731e+01 2.131194480655430112e+01
-3.367646181126276161e+01 1.985092984609957512e+01
-3.369593522844986211e+01 1.839147589375968295e+01
-3.371669053535732985e+01 1.694301016548175198e+01
-3.374233423316746183e+01 1.551581988145964530e+01
-3.377543497666913908e+01 1.411962498657494969e+01
-3.381688568347387758e+01 1.276342513185663741e+01
-3.386721390235473450e+01 1.145563191464446007e+01
-3.392641394696766355e+01 1.020395886647652084e+01
-3.399280683136159809e+01 9.014945303375084151e+00
-3.406050891370428957e+01 7.894203171220805615e+00
-3.411717031113987986e+01 6.846285469929736855e+00
-3.414719580480343808e+01 5.873754463541351889e+00
-3.413391706509765555e+01 4.978356279054477085e+00
-3.406210670823084286e+01 4.161163828808931875e+00
-3.391944648241877758e+01 3.423244123125699367e+00
-3.369879622034468980e+01 2.765034338047288376e+00
-3.339814103291713820e+01 2.186049879763265036e+00
-3.301837659306298889e+01 1.684817639320473237e+00
-3.256342445289195808e+01 1.257413020638384671e+00
-3.203834653385901277e+01 8.977968386543156987e-01
-3.144636311889022906e+01 6.004291714901432986e-01
-3.078928812957165917e+01 3.595289066546687451e-01
-3.006837051365658198e+01 1.680406045583909824e-01
-2.928374790914698522e+01 1.822275086474240205e-02
-2.843387460015508594e+01 -9.667739299593915148e-02
-2.751628939010954866e+01 -1.822037053690106767e-01
-2.652797083978829917e+01 -2.429340757983532717e-01
-2.546533554597891680e+01 -2.825353541525559287e-01
-2.432499216058095115e+01 -3.043670150297034804e-01
-2.310437862632671013e+01 -3.114605156262071350e-01
-2.180207671228590272e+01 -3.063937791583289383e-01
-2.041954044074607921e+01 -2.912626274987646369e-01
-1.896181349674174754e+01 -2.683151251462199127e-01
-1.743775070098295998e+01 -2.394341679662503053e-01
-1.586061916911366509e+01 -2.062240722927884962e-01
-1.424784426031260054e+01 -1.700133988276838759e-01
-1.261976042972699474e+01 -1.318122290153687648e-01
-1.099827490084049764e+01 -9.318981527373119966e-02
-9.404552294164764348e+00 -5.721764613241542979e-02
-7.858401912602698935e+00 -2.668251557961230300e-02
-6.375687677979329671e+00 -3.577992462431946793e-03
-4.965795960688625499e+00 1.189810801570438670e-02
-3.632503923496888110e+00 1.948020533531640702e-02
-2.371564236023696370e+00 1.920803867551773222e-02
-1.168400078133523978e+00 1.155226162690099409e-02
-2.723767363906989493e-07 1.030476544155170167e-05
