-4.697237984329856886e+01 1.441566631332872106e+00
-6.396309495438269721e+01 1.789986540172293861e+00
-6.492500116863537585e+01 2.203919516143720170e+00
-5.835253938072918345e+01 2.771189874473145132e+00
-5.017442988178761709e+01 3.631834126445808497e+00
-4.577256032624973159e+01 5.025799617920869267e+00
-4.459101106621819355e+01 7.374321809125753191e+00
-4.419283051797221162e+01 9.475210310658887636e+00
-4.377389736987228019e+01 1.116791297491725565e+01
-4.329816541759183934e+01 1.252285656527122804e+01
-4.248882192652295231e+01 1.342439842704740904e+01
-4.142178709129672143e+01 1.386486953626525853e+01
-4.090382823028398462e+01 1.467661601725728815e+01
-4.125069598221434575e+01 1.584552906472583267e+01
-4.117039559273455751e+01 1.705489082884052010e+01
-4.030306723934453572e+01 1.791331316802175166e+01
-3.914349419663344776e+01 1.805724660395085124e+01
-3.830747164072082001e+01 1.713075818051273558e+01
-3.770819256232861960e+01 1.616700018275400552e+01
-3.708848985653748542e+01 1.676581151455166818e+01
-3.640687589682703162e+01 1.767867988883897112e+01
-3.550667440458228441e+01 1.768407903284438021e+01
-3.474134615629132128e+01 1.717073476755731321e+01
-3.428400602985252732e+01 1.640723787002416856e+01
-3.415913656395009212e+01 1.558461074956824888e+01
-3.379409560478740104e+01 1.496529944865332418e+01
-3.330017103576289372e+01 1.443235009204398978e+01
-3.289231664410012002e+01 1.378635331932178865e+01
-3.255308890273262534e+01 1.302098572031910351e+01
-3.223672654000719007e+01 1.214283349632661846e+01
-3.192907553737476434e+01 1.114791574033704791e+01
-3.161519453153659498e+01 1.003985822771891989e+01
-3.130673780253629701e+01 8.829640181269756027e+00
-3.099430848359291701e+01 7.540595185076639062e+00
-3.070610171225500906e+01 6.186808956209874033e+00
-3.044656605963745832e+01 4.793995946573500255e+00
-3.020629865881165443e+01 3.408424986637348386e+00
-2.996702953601135277e+01 2.050203115530316644e+00
-2.972865915621163779e+01 7.431262532309151903e-01
-2.948593710700345127e+01 -4.889811959593226010e-01
-2.928556752779346439e+01 -1.632248786852368516e+00
-2.902224021126972531e+01 -2.639715221686138591e+00
-2.859486604082491823e+01 -3.465060887894131358e+00
-2.808113147509543595e+01 -4.131821159088896245e+00
-2.754266381258641161e+01 -4.675046956917869423e+00
-2.701174524845021097e+01 -5.125277008615055863e+00
-2.649032954056009714e+01 -5.495448494807678053e+00
-2.597714117279137369e+01 -5.793072315796769622e+00
-2.547049924518197628e+01 -6.026053621795142590e+00
-2.496783803856041217e+01 -6.200136383865395118e+00
-2.446860283475499998e+01 -6.323363005870461073e+00
-2.396948404226183271e+01 -6.389705655253210992e+00
-2.347062711117292366e+01 -6.403427816089878100e+00
-2.297396374792429441e+01 -6.382483563946542482e+00
-2.248071225902067027e+01 -6.323863577916757350e+00
-2.198920057907148262e+01 -6.239713875015192812e+00
-2.150221600916840359e+01 -6.123675942227835733e+00
-2.102453922227354610e+01 -5.966265982351399266e+00
-2.055268902160964828e+01 -5.771175023323157127e+00
-2.007973546792128161e+01 -5.538864668460472984e+00
-1.959958706523430294e+01 -5.262912318842317916e+00
-1.910865750535763397e+01 -4.935849500963687575e+00
-1.862151024294547597e+01 -4.530325731927201893e+00
-1.813083280145204768e+01 -4.042608587271396381e+00
-1.764815651095794635e+01 -3.447612050894556468e+00
-1.714510518947683693e+01 -2.749920961130837505e+00
-1.661672142465348401e+01 -1.935337762255449734e+00
-1.603775241296403919e+01 -1.018701999457434448e+00
-1.540652995627954525e+01 -1.253384751449625710e-02
-1.474929671029392608e+01 1.065983828891159613e+00
-1.407396384862487970e+01 2.186700823754339496e+00
-1.341070000759595260e+01 3.298161040081942108e+00
-1.277380613606109705e+01 4.355022521477159181e+00
-1.217304130413464236e+01 5.334773011855515001e+00
-1.160387074095439353e+01 6.225275441915941066e+00
-1.104231216380493130e+01 7.028510964536812899e+00
-1.049020099728902800e+01 7.783939828593345212e+00
-1.001208668615123543e+01 8.568800017185440154e+00
-9.560672965489326103e+00 9.350848000708877450e+00
-8.949624042108814237e+00 9.847740247013698323e+00
-8.179690179428948937e+00 9.732954624174384506e+00
-7.396668391683682842e+00 9.324608992470166058e+00
-6.781577637256564373e+00 9.497004468907629615e+00
-6.718401488283187284e+00 1.059750449491908775e+01
-6.570386895675847327e+00 1.171119097226200800e+01
-5.657687063827373741e+00 1.220161720204397859e+01
-4.489026494268135714e+00 1.201117278255026299e+01
-3.399999860496594195e+00 1.147309911334088284e+01
-2.426543477162828033e+00 1.082940724360478235e+01
-1.628077709153195718e+00 1.004331236726481791e+01
-1.125125895072354609e+00 9.050528513333777170e+00
-1.048368899901451767e+00 7.912884740896367397e+00
-1.439810074103654802e+00 6.843870156834458207e+00
-8.514573395834803549e-01 5.927335413237078576e+00
-5.689796511149278757e-01 4.768092582042721794e+00
-4.175705794298633644e-01 3.553379016984681282e+00
-2.686162755874649810e-01 2.410749621781475227e+00
-1.597825593217185869e-01 1.406832702361272558e+00
-8.878664863745458491e-02 5.746771827738510474e-01
-8.321258424436576453e-09 9.955910913793356821e-07
