3.543959714213970358e+01 2.592410030106942642e+01
4.437323813905580749e+01 2.576562112656858616e+01
4.059081051334231205e+01 2.552443357370303900e+01
3.307568090519141890e+01 2.508656406639795833e+01
2.940033095460599455e+01 2.426368685406384174e+01
2.633607472311906150e+01 2.326400477119199195e+01
2.375900109158463991e+01 2.225104908661295866e+01
2.179418095679053735e+01 2.110061813221431493e+01
2.033166078961664525e+01 1.991838148505802764e+01
1.929730490478293703e+01 1.873028066984663198e+01
1.856243525207016987e+01 1.759652643361684099e+01
1.808697495559775348e+01 1.649182627212305619e+01
1.779015596227535312e+01 1.544136503338203781e+01
1.767976887674807074e+01 1.446793790162615245e+01
1.774270556259039466e+01 1.357488992725423671e+01
1.794594630790158263e+01 1.276936109657931517e+01
1.833949660503010648e+01 1.209185027815616920e+01
1.885438196916027920e+01 1.152491694254091747e+01
1.939553265330430420e+01 1.100163308058793810e+01
1.997465002451599858e+01 1.052554270112458568e+01
2.065791087987171437e+01 1.014121549622798391e+01
2.146932922272868893e+01 9.845757003841830723e+00
2.242138166578768477e+01 9.651695838998559651e+00
2.351937464890437468e+01 9.524251914418048415e+00
2.478333385489688112e+01 9.456755184046620855e+00
2.621446884290238089e+01 9.463028378776122906e+00
2.778780327728703625e+01 9.517571279886496427e+00
2.945001587538693855e+01 9.616917446092550392e+00
3.114648710242278185e+01 9.751575073328289989e+00
3.282992470701703525e+01 9.874855270014084141e+00
3.444878825373007913e+01 9.954768525710626648e+00
3.597668409675820556e+01 9.970442658639296241e+00
3.741573602139951049e+01 9.895037725442049847e+00
3.876724787271076167e+01 9.758261763475836403e+00
4.003967282667659333e+01 9.576518765409707257e+00
4.125826543834527627e+01 9.322494552844084126e+00
4.241951807741685343e+01 8.923781612907658811e+00
4.344147175470283173e+01 8.251773238231734808e+00
4.441334236333250374e+01 7.508270308835693463e+00
4.561867376464503820e+01 7.227680551370355033e+00
4.642937217478357326e+01 6.485601086618673072e+00
4.639456620139048937e+01 5.422202349075488925e+00
4.574029675767746284e+01 4.444916074655825611e+00
4.585793381338425689e+01 3.329976946268641047e+00
4.591636476078620177e+01 2.254469889803762950e+00
4.566538412952841242e+01 1.277330312139171031e+00
4.526238871652103057e+01 4.015736560538412658e-01
4.479098992386989408e+01 -4.060497777638287231e-01
4.425203749993917057e+01 -1.171601468218619102e+00
4.361296812403362821e+01 -1.906778467612180394e+00
4.286707630009632908e+01 -2.623662529945339106e+00
4.202985442498289359e+01 -3.347328341915474237e+00
4.108702580100984392e+01 -4.070991703570165932e+00
4.001725279644566058e+01 -4.770114500661165380e+00
3.883685248790840916e+01 -5.455660290293947945e+00
3.756418154755731109e+01 -6.105430009717599305e+00
3.623051783094508238e+01 -6.677240605643238069e+00
3.489972799071421150e+01 -7.172658263212753127e+00
3.357547160005297116e+01 -7.553682536272289028e+00
3.226629775789258758e+01 -7.844500561376871239e+00
3.095373206244510200e+01 -8.003121274228998772e+00
2.961971295071574417e+01 -8.074920555553298129e+00
2.826847956134325557e+01 -8.050949014984393415e+00
2.694177595088563493e+01 -7.972267514500804175e+00
2.566013882770171506e+01 -7.879866437652046862e+00
2.442420662494484773e+01 -7.762960619465594903e+00
2.325641699385733219e+01 -7.516674265264688515e+00
2.217102511123661301e+01 -7.192204073563221556e+00
2.111107739511777126e+01 -6.952373102482114930e+00
2.009258246258255198e+01 -6.585843539109232481e+00
1.910278656277991516e+01 -6.036768096694929753e+00
1.812838883635854259e+01 -5.270131453966118151e+00
1.709194584036800890e+01 -4.349898998681233309e+00
1.599899980006022027e+01 -3.267362203978066759e+00
1.487397497723837780e+01 -2.012940583446785947e+00
1.375030047956404644e+01 -6.280633656029588341e-01
1.263165279321733436e+01 7.803761742904644638e-01
1.162554684397861671e+01 2.160009452085984272e+00
1.060133334526516258e+01 3.318080489329497507e+00
9.606117381382919262e+00 4.283646049493477825e+00
8.717778447375943429e+00 5.126998213929365278e+00
7.857596461392226672e+00 5.767110350999841373e+00
6.938283981546402579e+00 6.077823417627036484e+00
6.033635407038244303e+00 6.256019528493230730e+00
5.151444674920134581e+00 6.380711733947177500e+00
4.268046955400174980e+00 6.432031182586037232e+00
3.353772135286369860e+00 6.417611691963214682e+00
2.410099360729190732e+00 6.316304732290326740e+00
1.495097323177319026e+00 6.019466561593551646e+00
6.906473282704737038e-01 5.513984669172144137e+00
-2.671516981696367421e-01 5.885392355175589785e+00
-1.162047594063518430e+00 5.485402421327522759e+00
-1.430994661067557905e+00 4.543497149202900154e+00
-9.225175636549386438e-01 3.606167797986550294e+00
-1.197647695539500345e+00 2.728429295100136098e+00
-1.230578107654451525e+00 1.925541860861043064e+00
-9.525024740999641359e-01 1.259629311667731955e+00
-6.519080325086503702e-01 6.967473284445914183e-01
-3.369156137702281617e-01 2.642951766179777451e-01
-1.559599122473061582e-08 9.155903229244526173e-08
