-4.830064215343976031e+01 1.746343366965107669e-01
-6.915245097504831051e+01 2.446957726144645129e-01
-7.431782437765880900e+01 3.113271888014387812e-01
-7.079594680774000892e+01 3.700569052920460456e-01
-6.294825117333819975e+01 4.140142871778755285e-01
-5.382270025883934039e+01 4.318431981755616045e-01
-4.607924821315709352e+01 4.042538885469819654e-01
-4.279749895452370367e+01 2.981653575770660813e-01
-4.038081022375002505e+01 3.749307908218126872e-01
-3.842573532609180376e+01 2.453500000885264765e-01
-3.683417378169973944e+01 -1.624339799291465714e-01
-3.545127642027533454e+01 -2.539886263903294306e-01
-3.446579480227676839e+01 4.728391955555715787e-01
-3.340647437245724660e+01 3.502201958167124873e-01
-3.247089098955472508e+01 -1.471186355746550156e-01
-3.161607317784675431e+01 -5.711637547496963840e-01
-3.081347796597411204e+01 -4.724451926973726734e-01
-3.019423362998206883e+01 1.401994925251383584e-01
-2.950309607718175187e+01 7.072340692799615469e-02
-2.913868849651433734e+01 -5.292296322711914636e-01
-2.900366285983697878e+01 -1.280637292061294730e+00
-2.847614251383969020e+01 -1.602974013162620004e+00
-2.789620684795059447e+01 -1.259283924893574325e+00
-2.731230867110024008e+01 -8.454206647465427604e-01
-2.676189215734543225e+01 -1.152225297441163532e+00
-2.661407376757797039e+01 -1.893115072872464610e+00
-2.667022034883065729e+01 -2.665928168657574648e+00
-2.599393512160700226e+01 -2.898212978179434351e+00
-2.562341239282808658e+01 -3.415130093409561862e+00
-2.575306552667248638e+01 -4.166811239859776528e+00
-2.504132387371284096e+01 -4.572125179421920649e+00
-2.453473897256220226e+01 -5.160470587757073346e+00
-2.483268236228509451e+01 -5.900840282339799181e+00
-2.561330099406352190e+01 -6.586850028190042394e+00
-2.550377825010272659e+01 -7.423850364807387692e+00
-2.445801650685708850e+01 -7.734683875588832969e+00
-2.358327110883341504e+01 -8.150960797588133744e+00
-2.393527788193620509e+01 -9.089177029991345691e+00
-2.493612537713619304e+01 -9.962828572310419517e+00
-2.481699300416532949e+01 -1.089780909320209012e+01
-2.358097306870500276e+01 -1.135246705178413862e+01
-2.300219266758438508e+01 -1.211405957569657410e+01
-2.384810838387479492e+01 -1.290640170329690939e+01
-2.472941802577938475e+01 -1.377048247476398934e+01
-2.460115314520684038e+01 -1.491955635255005141e+01
-2.387130412694828507e+01 -1.565842249823734100e+01
-2.294819855852551171e+01 -1.530834923999695540e+01
-2.197080424578266289e+01 -1.470779469090650160e+01
-2.105642300882911044e+01 -1.465847984807528626e+01
-2.049831116161677258e+01 -1.528254980380837047e+01
-2.057706158197054691e+01 -1.621225539990424380e+01
-2.110356550522405783e+01 -1.711391165199053077e+01
-2.143921028097868131e+01 -1.789575088478763476e+01
-2.090000165376992669e+01 -1.842836611380472789e+01
-1.996631088250591901e+01 -1.850697632456727604e+01
-1.904826167850649909e+01 -1.802630676494723261e+01
-1.823420934166541585e+01 -1.773830493879090753e+01
-1.770516412642723836e+01 -1.818451887434448366e+01
-1.730386601952473669e+01 -1.888909107157941492e+01
-1.674326584287576836e+01 -1.934091602642539343e+01
-1.605122501242078314e+01 -1.938148167789276854e+01
-1.534835830894977882e+01 -1.905582401974641016e+01
-1.465822002366035903e+01 -1.864816720325206134e+01
-1.395753445856305675e+01 -1.867067209264047989e+01
-1.339906417823312168e+01 -1.926773921273311885e+01
-1.272974832024254965e+01 -1.964785570503959988e+01
-1.197695537281708766e+01 -1.961198956406513361e+01
-1.124253856740281243e+01 -1.927213282415338824e+01
-1.054742222661625206e+01 -1.881764936153107115e+01
-9.762951943820802114e+00 -1.861365413735225616e+01
-8.985501002973249385e+00 -1.844985622926936841e+01
-8.274588990093885599e+00 -1.817415923752788487e+01
-7.615472988265805654e+00 -1.784032499040086606e+01
-6.996856414458996198e+00 -1.748570690259585447e+01
-6.417661460123176731e+00 -1.711224894877130964e+01
-5.857761163158547113e+00 -1.673676284750859722e+01
-5.317740034909815172e+00 -1.634068237274386348e+01
-4.785929476082727341e+00 -1.592147295382678607e+01
-4.276055580579082971e+00 -1.545307435468927792e+01
-3.801492886225306567e+00 -1.492189595974894090e+01
-3.343222287678613736e+00 -1.434897978665726548e+01
-2.888643536014066093e+00 -1.375220381279140902e+01
-2.438146576084143202e+00 -1.312937579578425407e+01
-2.012769601400464570e+00 -1.246423046602570750e+01
-1.616232324745749516e+00 -1.176467979869656233e+01
-1.238288612708656311e+00 -1.104790693846617522e+01
-8.952164952965185885e-01 -1.032393511159056310e+01
-6.108017340936362505e-01 -9.589984167339069998e+00
-3.964975557584042298e-01 -8.825457783140787882e+00
-2.483337064700316399e-01 -8.002605500159461371e+00
-1.419053365431088842e-01 -7.103477496953832571e+00
-5.533142724961167408e-02 -6.121123798030184027e+00
5.096267990986337593e-02 -5.068173422462648681e+00
1.781759933737699364e-01 -3.991361949033011669e+00
2.958716324663875907e-01 -2.948687755643329744e+00
3.534044273551434912e-01 -1.991833926929568843e+00
3.141102517161309948e-01 -1.190811812776695344e+00
2.724700900544692606e-01 -5.579592782250725191e-01
2.589498968780338251e-01 -1.119115754266268581e-01
2.300665681370210331e-06 -1.784740070086294997e-06
