3.556658478958914316e+01 4.473193060759827233e+01
4.517725651173947199e+01 4.559875165326293711e+01
4.191864994326101623e+01 4.621398617881492044e+01
3.426329208404328597e+01 4.623584679446224754e+01
2.910734153741785235e+01 4.510980449114423863e+01
2.460773750298013596e+01 4.487016365492761594e+01
2.064426580768149222e+01 4.490000008196236081e+01
1.714119999022906882e+01 4.482560876469826638e+01
1.405821965363653980e+01 4.460785748816075369e+01
1.135276631143630865e+01 4.424027680280560304e+01
8.967665165931075322e+00 4.378825292190217056e+01
6.847777874407245058e+00 4.329526586827720536e+01
4.964304487197954252e+00 4.272882699579478327e+01
3.287809872552635682e+00 4.207364242697618550e+01
1.779093187336556303e+00 4.133990164964761505e+01
4.349600380167746305e-01 4.050999102466084167e+01
-7.510449324811053762e-01 3.959283508893982173e+01
-1.810651798428999593e+00 3.861086826592141108e+01
-2.725698750211820176e+00 3.753534465740997206e+01
-3.491917183889023502e+00 3.638317690345937905e+01
-4.120489571788035654e+00 3.518019645637906478e+01
-4.694680272460665549e+00 3.399039100368485578e+01
-5.220148941272200638e+00 3.284930310625552607e+01
-5.529750361754603105e+00 3.173223190597956744e+01
-5.400577846601915866e+00 3.065379819470152611e+01
-4.890505374347895895e+00 2.967109729069274593e+01
-4.265701173199375695e+00 2.873218882224951898e+01
-3.650671526217615703e+00 2.781067440243278099e+01
-3.028300343416738372e+00 2.694767488566366609e+01
-2.367995802413251472e+00 2.617203406499589846e+01
-1.662193931636612332e+00 2.549173440020339854e+01
-9.125822131907018742e-01 2.489880406283024428e+01
-1.163277800643312127e-01 2.438735318410245512e+01
7.227350127546018355e-01 2.393984238721653668e+01
1.616654898973234999e+00 2.354629657878819771e+01
2.578207954886856168e+00 2.318756312003307940e+01
3.627465407261747821e+00 2.286848983082566633e+01
4.787571128747643456e+00 2.259025983802081683e+01
6.093940613728428879e+00 2.234016151474913769e+01
7.585916200630534512e+00 2.212160952196225949e+01
9.297756841669828631e+00 2.193728805545335803e+01
1.125198972246089824e+01 2.177761931852529997e+01
1.344939986713850999e+01 2.164118260855816800e+01
1.585300963955368658e+01 2.152788674772274291e+01
1.836174461603027908e+01 2.144434983934926819e+01
2.087797809437017449e+01 2.136767337023129443e+01
2.328166681007149919e+01 2.123807809684319992e+01
2.548261949617296551e+01 2.104555377446437703e+01
2.743373192792603632e+01 2.079564516199180346e+01
2.913556190094680787e+01 2.048559910612892665e+01
3.064965567535429258e+01 2.016949651094186535e+01
3.204579745614715591e+01 1.990729773280788351e+01
3.335869730703402070e+01 1.969242004466205742e+01
3.455425608386273240e+01 1.937850729329050736e+01
3.544848442104096620e+01 1.863650487457767824e+01
3.588150626470179816e+01 1.738015320245490614e+01
3.653372537792553487e+01 1.619971248473017766e+01
3.749260553930327688e+01 1.554064569979718158e+01
3.865575490599735531e+01 1.599140647931823978e+01
3.982298108482694232e+01 1.656397501246922843e+01
4.086538618374395071e+01 1.618679458064311660e+01
4.151935257477790486e+01 1.520978419495998679e+01
4.161560913591231525e+01 1.403900541819137437e+01
4.096470659629027011e+01 1.306390540291791780e+01
3.971759712247099827e+01 1.251485698445371142e+01
3.869351659042686009e+01 1.189429812935147623e+01
3.848658388188947299e+01 1.076828904417861743e+01
3.856751304916636514e+01 9.556670638955358399e+00
3.877617616179529847e+01 8.470569443737369753e+00
3.847301143520310518e+01 7.591950960388228253e+00
3.774496748805733404e+01 6.980289204597991848e+00
3.688951703631660450e+01 6.480883103328514139e+00
3.605750274101123409e+01 5.977874524255082811e+00
3.527061220135249897e+01 5.473508007353039773e+00
3.449847154227458645e+01 5.005837822956012317e+00
3.371350372650694283e+01 4.588899772631084950e+00
3.290045559569006173e+01 4.218842557942614313e+00
3.204421255385276623e+01 3.895840323427659069e+00
3.113811637864739268e+01 3.600180784572670323e+00
3.017054752615991475e+01 3.334495346305398566e+00
2.912894557676671425e+01 3.094834130408854467e+00
2.799218272718252720e+01 2.886121741699584131e+00
2.673978437911974027e+01 2.700837683261955835e+00
2.535648668126875904e+01 2.516928707559859202e+00
2.381963428143453143e+01 2.323645103091708908e+00
2.209889790487363470e+01 2.118330036770507352e+00
2.016843338204722258e+01 1.918969536811035548e+00
1.801386179996511672e+01 1.731201123915432794e+00
1.565877868003906315e+01 1.585487525448098900e+00
1.317478839481776909e+01 1.451779117555015652e+00
1.067523508988634084e+01 1.281941280551401885e+00
8.306028357560418129e+00 1.078633313240140223e+00
6.152818032795165593e+00 8.975893315364950054e-01
4.284401944284173425e+00 7.432521031030397962e-01
2.766476757022293675e+00 6.164299070344049225e-01
1.612741133949128214e+00 5.071441305508778141e-01
7.899740392784866394e-01 4.026855051885963599e-01
2.533196257402621776e-01 2.833313497188277852e-01
-2.233983137496864738e-02 1.344222239011732822e-01
-5.722919669438930151e-16 1.116557437658427622e-06
