-4.829659153639941849e+01 -1.889520081226285564e+00
-6.440828703129965049e+01 -1.929902690633764628e+00
-6.375491227525173343e+01 -1.954394256269137431e+00
-5.577914587678034763e+01 -1.941437174893159812e+00
-4.731316707374523389e+01 -1.856124094934720858e+00
-4.501438491399341757e+01 -1.637751976307775692e+00
-4.349943659281032637e+01 -1.273867314048817256e+00
-4.223550307510068791e+01 -1.208496867405287833e+00
-4.112431058757719171e+01 -1.501365984306604950e+00
-4.031960802997375026e+01 -1.318064239836694851e+00
-4.026509298937734371e+01 -5.068557836904659109e-01
-4.043046788059797336e+01 4.247475900796457982e-01
-3.999538317027258216e+01 1.022695642432624563e+00
-3.930901968423101067e+01 1.053075147188079486e+00
-3.858650714615767185e+01 5.478402282914475174e-01
-3.780345765204470609e+01 -1.057553159445623198e-01
-3.692538167585938425e+01 -3.289712867690442466e-01
-3.602007285583271567e+01 6.114581858510285961e-02
-3.521235608826962249e+01 8.152271842543571401e-01
-3.463511403196235960e+01 1.690084495264320363e+00
-3.453403895651330657e+01 2.413340229719628027e+00
-3.533315345777401006e+01 2.589127189138739293e+00
-3.646360912094302620e+01 2.565082587403181069e+00
-3.747468374391493029e+01 2.617601472559470732e+00
-3.791576826910091569e+01 3.151854996766546790e+00
-3.755726089314610761e+01 3.988551317658715067e+00
-3.677051264415935350e+01 4.854501853424769031e+00
-3.570756816969281999e+01 5.550528462895798931e+00
-3.427965177227238058e+01 5.504007345786884997e+00
-3.334370602291355823e+01 5.510822769557227829e+00
-3.393207982818730528e+01 6.385836521659762788e+00
-3.452148425515770214e+01 7.470321895446230265e+00
-3.389989424621743552e+01 8.229498002525435396e+00
-3.292190766161045445e+01 8.450202348549428422e+00
-3.277785340745413123e+01 9.132581716205692146e+00
-3.276736192366450950e+01 9.937327821889574864e+00
-3.235278769914158659e+01 1.058651705267639898e+01
-3.170685184113154875e+01 1.083176812694091495e+01
-3.104353520427760316e+01 1.041180205588915797e+01
-3.049083203108532913e+01 1.003694634416282128e+01
-3.022412957585685334e+01 1.045161937409397801e+01
-3.028474886340922367e+01 1.115534542465190171e+01
-3.018841710359857444e+01 1.175165398437232867e+01
-2.987804638043385452e+01 1.215526745675590092e+01
-2.951268137290981741e+01 1.248992693837510970e+01
-2.905563012650638655e+01 1.266094498470907936e+01
-2.855412619025583609e+01 1.259501569136361709e+01
-2.808192833122370047e+01 1.229123918248494718e+01
-2.758660055112784448e+01 1.231902040879356797e+01
-2.712799339709561153e+01 1.265403058182884877e+01
-2.664057586653105858e+01 1.296024517899409290e+01
-2.608858316449176939e+01 1.309498700466977184e+01
-2.550401497516289950e+01 1.312351956169460365e+01
-2.490779101293357911e+01 1.311390719721052456e+01
-2.431366530318424068e+01 1.303720336755092113e+01
-2.372433763402731444e+01 1.289788770113820426e+01
-2.312948422203648491e+01 1.278816170180298428e+01
-2.254956456245432150e+01 1.265464415649557495e+01
-2.198805479227080184e+01 1.248282842031948192e+01
-2.144115727271137928e+01 1.228994641393870069e+01
-2.091515034846801058e+01 1.208578017537713833e+01
-2.042889953322189101e+01 1.184992178709345012e+01
-1.997916341509207072e+01 1.158288519480675482e+01
-1.954914372968890746e+01 1.129084383064673425e+01
-1.913824746186831760e+01 1.096338429913165591e+01
-1.877547547622285862e+01 1.057158224231185173e+01
-1.845483876247848443e+01 1.012503003222585107e+01
-1.813674835144233910e+01 9.660192909868504429e+00
-1.782450691283185762e+01 9.184934133001821266e+00
-1.754842389199238895e+01 8.693345405147331562e+00
-1.731853621383678643e+01 8.183807499054843504e+00
-1.711038804101614375e+01 7.670572452540059594e+00
-1.692930997712216268e+01 7.146906735624091844e+00
-1.677455395647213976e+01 6.595838492560142541e+00
-1.661208769531252827e+01 6.012593238405018248e+00
-1.641344672744658695e+01 5.395940969861249492e+00
-1.617000894397227739e+01 4.745631148876398697e+00
-1.596382188434323801e+01 4.044460098798080772e+00
-1.593003907543731756e+01 3.307334340443842891e+00
-1.561168278985095803e+01 2.758521665025278846e+00
-1.491231948059991552e+01 2.669653310393211854e+00
-1.448375772825666807e+01 2.272660223868387508e+00
-1.450461887759705526e+01 1.713082330049282564e+00
-1.464117010384723905e+01 1.171351296614306037e+00
-1.441825706926037043e+01 8.594423706757818859e-01
-1.400699723457692869e+01 9.326712162770133263e-01
-1.355310941718274798e+01 1.209646283953033086e+00
-1.309091115434165253e+01 1.377094042732042389e+00
-1.266471875364427291e+01 1.341290842093767477e+00
-1.233260355611846926e+01 1.084334366404952510e+00
-1.209869451331848644e+01 7.013174956125963755e-01
-1.182849349705297648e+01 3.667989642899092684e-01
-1.137130785163302882e+01 2.822633025376956040e-01
-1.076814674934894178e+01 3.319309154308511256e-01
-9.995373566821625033e+00 2.759006414006603403e-01
-8.950884502244033314e+00 1.268720774742147228e-01
-7.452799269525064219e+00 3.715245952829207554e-02
-5.359780630800575985e+00 4.567953340863087353e-02
-2.740394831499412209e+00 9.853185088005306236e-02
-1.207294004130783985e-02 4.120904041757647573e-03
