-4.553379058601348106e+01 2.353961455546040415e+00
-6.267904280463532274e+01 2.240354344117576613e+00
-6.437920059602220135e+01 2.041268701819856979e+00
-5.846271711943047222e+01 1.642918039144468656e+00
-5.023564623311340682e+01 8.655256521807638270e-01
-4.423881276133398188e+01 -5.962109524381504766e-01
-4.337235543371774327e+01 -3.486501399215073072e+00
-4.501386264072044696e+01 -6.433808718936447235e+00
-4.572280831664598111e+01 -9.603136957554692543e+00
-4.577113126414086253e+01 -1.235648236382547616e+01
-4.391841242462353279e+01 -1.368634670984592816e+01
-4.392526208221648432e+01 -1.566007217062359835e+01
-4.486409312073809019e+01 -1.771289131339095491e+01
-4.537741528092033860e+01 -1.973124815277018129e+01
-4.467253144583590085e+01 -2.147068024429574962e+01
-4.305724819984934015e+01 -2.238165664692011703e+01
-4.132223768145767906e+01 -2.268364752811762131e+01
-4.002829452482897210e+01 -2.173745067624581395e+01
-3.886409825861305478e+01 -2.105436692840846646e+01
-3.775428211017467817e+01 -2.211738444487275146e+01
-3.640433352346525453e+01 -2.305454613247449913e+01
-3.492949145229464136e+01 -2.346209586946779169e+01
-3.365792550920004800e+01 -2.318549721293677734e+01
-3.307605083691476011e+01 -2.235300718342352511e+01
-3.375429356051832031e+01 -2.128077464652982442e+01
-3.495556481066590493e+01 -2.007078766111714785e+01
-3.611598719607449226e+01 -1.877941463076049189e+01
-3.678357194958709186e+01 -1.746665598734449887e+01
-3.615627504808028192e+01 -1.626967423461145046e+01
-3.479466722069881968e+01 -1.548566300097268211e+01
-3.305123310825967309e+01 -1.550410437111963091e+01
-3.139916465314336946e+01 -1.571799478327464783e+01
-3.042118724691430032e+01 -1.563630676343568027e+01
-3.092326265772447513e+01 -1.467012438118538853e+01
-3.191438507562913429e+01 -1.323955527373129826e+01
-3.256607090663401038e+01 -1.161079237784911200e+01
-3.227084246082118568e+01 -9.918808574802751465e+00
-3.150856754733256082e+01 -8.272586865256236877e+00
-3.062595310640788782e+01 -6.656972875169559600e+00
-2.976911180585236849e+01 -5.050415721495637555e+00
-2.895542904541277807e+01 -3.473628583538407089e+00
-2.819934978127437120e+01 -1.964589023674141011e+00
-2.722193165215845312e+01 -7.920606387310111796e-01
-2.593336347707002076e+01 -3.443109459990759125e-01
-2.468610909781850893e+01 -6.675994357460400819e-01
-2.385141429596968266e+01 -1.613073714727294217e+00
-2.365275711106056278e+01 -3.001848534057635298e+00
-2.331410965381648381e+01 -4.381277235196669118e+00
-2.287043042359946909e+01 -5.589269185304386767e+00
-2.172672371557132109e+01 -6.106256881137595904e+00
-2.084403679550964128e+01 -6.867805467664694241e+00
-2.071403678823128658e+01 -7.806357585815974609e+00
-2.158937374812483156e+01 -8.558007141975151555e+00
-2.281443788395146299e+01 -9.070187193872012443e+00
-2.347876000954476083e+01 -9.984851409907296471e+00
-2.334163086972807122e+01 -1.108215031193795319e+01
-2.240050354973181967e+01 -1.205044579515753256e+01
-2.121704757146757814e+01 -1.293172610815556389e+01
-2.007355084519178945e+01 -1.375666499786886021e+01
-1.994132992946673610e+01 -1.495123802074166974e+01
-2.054934872136422541e+01 -1.624907734011408067e+01
-2.042929944902727968e+01 -1.765741665503253444e+01
-1.987893959979006908e+01 -1.898290310179920581e+01
-1.938479338177428346e+01 -2.024034828314139389e+01
-1.872387943879872196e+01 -2.126801808213090794e+01
-1.786130423049849725e+01 -2.197808151787408804e+01
-1.685289150745447628e+01 -2.231085541594264754e+01
-1.582794293707729594e+01 -2.233339481011889305e+01
-1.498910758675354771e+01 -2.276603116091560253e+01
-1.421689829165119612e+01 -2.318770899342569436e+01
-1.345095944473099792e+01 -2.338776448860571477e+01
-1.271525829301106469e+01 -2.341037249218026162e+01
-1.202085942141187935e+01 -2.334094659392584958e+01
-1.136903143972590158e+01 -2.322259525874082087e+01
-1.076090638314531311e+01 -2.306506363824734507e+01
-1.019306662721618650e+01 -2.286475984381227988e+01
-9.656700969944468582e+00 -2.262507312289111638e+01
-9.153980206547950971e+00 -2.232700931070446160e+01
-8.678011921443676613e+00 -2.197217604110756639e+01
-8.227097833610383049e+00 -2.155368782328014987e+01
-7.791513318825797896e+00 -2.107620694997119415e+01
-7.362499091997730005e+00 -2.054518020544484358e+01
-6.933268393600029000e+00 -1.995368289647838012e+01
-6.497536318101603037e+00 -1.928080448185233564e+01
-6.050050102927749585e+00 -1.850783073505268561e+01
-5.586802629809202614e+00 -1.762482723423968878e+01
-5.106554761270661658e+00 -1.661954146761863882e+01
-4.598703224457709737e+00 -1.547271093259862873e+01
-4.051039386604424308e+00 -1.415850402020061871e+01
-3.465247385231537081e+00 -1.266731836435105940e+01
-2.868583374324522595e+00 -1.102263975294278175e+01
-2.286986216152581797e+00 -9.266955091354306617e+00
-1.747687139218499608e+00 -7.461634377815355990e+00
-1.287610182492751942e+00 -5.717914788595164666e+00
-8.971683282200719756e-01 -4.144808715173054381e+00
-5.797536276851372739e-01 -2.805288694520249315e+00
-3.173783605988645395e-01 -1.722354362143114326e+00
-9.583377014548703776e-02 -8.956710409123779248e-01
6.647387028242218721e-02 -3.167331890807498218e-01
-3.688574107068425356e-06 2.202866775513639912e-06
