-4.010916887181682711e+01 4.241566793039301331e+01
-3.194243690720102791e+01 4.293319378060493108e+01
-2.212254233869782993e+01 4.279983363356729598e+01
-1.469934235566418224e+01 4.466014521798750536e+01
-9.366771091169619368e+00 4.537095941144596623e+01
-5.915924011848768593e+00 4.533690994477665015e+01
-3.752492992660075632e+00 4.459293535305967993e+01
-2.375010229842871912e+00 4.360092847401312355e+01
-1.609824568754741891e+00 4.258815415466813903e+01
-1.662068132229555628e+00 4.173689460693213249e+01
-2.695612073681384668e+00 4.148771841731489474e+01
-3.780888537286630768e+00 4.125322337978309406e+01
-4.016289745906110653e+00 4.045394159969655590e+01
-3.521065009655561795e+00 3.946655496345670855e+01
-2.768153716554090593e+00 3.851472252099521398e+01
-2.163799736087790748e+00 3.747565253976888044e+01
-2.240710228329935383e+00 3.648512392802534521e+01
-2.829617295191422688e+00 3.591022879780003763e+01
-3.693688031796220184e+00 3.626297788122705867e+01
-4.706685667477466417e+00 3.706041598783681934e+01
-5.915875606885156124e+00 3.792419484277052533e+01
-7.576307082189899234e+00 3.874623864246818528e+01
-9.558901756092842206e+00 3.926996795336007295e+01
-1.156634626710806657e+01 3.930147583109370402e+01
-1.288972001922036803e+01 3.870548769817742851e+01
-1.204818035117600949e+01 3.764492447582628643e+01
-1.033484757136521281e+01 3.639375429426650754e+01
-8.571646885857211018e+00 3.512292413444055938e+01
-7.535545940027633449e+00 3.390492119580316910e+01
-7.139186410142172257e+00 3.282462106689877146e+01
-7.502297872898114228e+00 3.204728861606680823e+01
-8.390135140315525319e+00 3.172577661387461490e+01
-9.526714240110306875e+00 3.185471390041722728e+01
-1.072114259228918876e+01 3.201090134666926446e+01
-1.181344211945354949e+01 3.162628422244078052e+01
-1.276015403518711011e+01 3.077755891354596685e+01
-1.372583230621832939e+01 2.976526456782450936e+01
-1.484275785668134873e+01 2.875645162478206984e+01
-1.615220472270486951e+01 2.778461359863978686e+01
-1.760044616949241458e+01 2.677603732155057159e+01
-1.918830153795551041e+01 2.575757948518585394e+01
-2.090506509230894849e+01 2.476454446857534819e+01
-2.270949573764548646e+01 2.380476824259214297e+01
-2.450199261132854289e+01 2.279407862654583639e+01
-2.607552715762444961e+01 2.153062145241177205e+01
-2.726090386655537046e+01 1.991633136778077784e+01
-2.835532164378043163e+01 1.839216705699945820e+01
-3.015883542805397255e+01 1.804824199078535329e+01
-3.217136712814828314e+01 1.805404227607867185e+01
-3.359664784519075909e+01 1.703990789928181115e+01
-3.359790526971659119e+01 1.510724056356362865e+01
-3.299634976231044448e+01 1.298841809445969098e+01
-3.324106506739904887e+01 1.150711578604906471e+01
-3.455200847330554836e+01 1.188080499616237873e+01
-3.626349968611520325e+01 1.283065343612752152e+01
-3.792635067373533531e+01 1.338923660246874725e+01
-3.931901216510396324e+01 1.293853963634275495e+01
-4.020985701585500749e+01 1.177133924706987678e+01
-4.062768890831275570e+01 1.029284797596154988e+01
-4.097779454746752492e+01 8.812215886801219256e+00
-4.145861154108778379e+01 7.450999997398925601e+00
-4.201877368251043521e+01 6.222900915813730727e+00
-4.219575383480883346e+01 5.033136387516074173e+00
-4.176188595939986214e+01 3.986165994912478805e+00
-4.083492377065304879e+01 3.271117411181613477e+00
-3.964448887583874637e+01 3.086634687730922533e+00
-3.836943349580320728e+01 3.787709385001603479e+00
-3.717551144096383808e+01 4.628532712160547291e+00
-3.637757076386371580e+01 5.062166262167999697e+00
-3.650448366304758707e+01 4.321590461851541498e+00
-3.698525802776332227e+01 3.135903165066554088e+00
-3.745028415430179081e+01 1.954059851005984116e+00
-3.734911421513505303e+01 1.062950380991195543e+00
-3.666758016495241179e+01 5.365227572150376156e-01
-3.579337519758707487e+01 2.019587591331864773e-01
-3.489702575259963169e+01 -6.407520197523934591e-02
-3.403082877832020614e+01 -3.043290703564219823e-01
-3.319236084956161648e+01 -5.107459665282312322e-01
-3.237328139537019922e+01 -6.949219589800104124e-01
-3.155350452599067879e+01 -8.568120417436623226e-01
-3.071077353469960158e+01 -1.001817860912513902e+00
-2.982604964004929116e+01 -1.128130383087663446e+00
-2.888815225984863488e+01 -1.229846461936809687e+00
-2.789986570399199906e+01 -1.309170027287566596e+00
-2.685905188788942155e+01 -1.355897134414352889e+00
-2.576260540572237190e+01 -1.382972248192024134e+00
-2.460458947857839007e+01 -1.384928830327583738e+00
-2.338668172481635210e+01 -1.365562319260892554e+00
-2.211244636980640976e+01 -1.327402461101619746e+00
-2.077633995679823187e+01 -1.269497832963837114e+00
-1.937848719367492123e+01 -1.191603571838003583e+00
-1.791550988873040140e+01 -1.091400039359265994e+00
-1.636822196457994849e+01 -9.772737011547512065e-01
-1.470285658179395227e+01 -8.400904769519118576e-01
-1.286789683643349491e+01 -6.917026259319810633e-01
-1.080502848575522279e+01 -5.178961312384764426e-01
-8.455700684092349206e+00 -3.230594844720798275e-01
-5.805232125613450478e+00 -1.363980796686372621e-01
-2.894073067805744248e+00 -1.944867076703558906e-02
-1.319679551772614395e-03 3.271548146496989687e-05
