5.443616979888323826e-01 -2.694787965419572773e-01 4.367028962412243809e-01
5.443768398192673219e-01 -2.694519594256900019e-01 4.366704240580932539e-01
5.454612099227189592e-01 -2.674379914998976648e-01 4.341741481252613943e-01
5.471860429406432136e-01 -2.642503716006479042e-01 4.302156603215073760e-01
5.493410927665874910e-01 -2.602832325309397676e-01 4.252741066664623704e-01
5.518179124143525183e-01 -2.557363682222368872e-01 4.195898806612837761e-01
5.545518139690169823e-01 -2.507242877289536653e-01 4.132989364808500876e-01
5.574945298669899962e-01 -2.453276839517318786e-01 4.064995285760863442e-01
5.605502825968081693e-01 -2.397183745195541893e-01 3.994140557558391591e-01
5.634909046347055250e-01 -2.343192265951626330e-01 3.925987731219791055e-01
5.659600616236649673e-01 -2.297930882582646661e-01 3.869307419548454474e-01
5.675566085346777090e-01 -2.268811783348338162e-01 3.833929436281230951e-01
5.691286924882618115e-01 -2.240049362885605244e-01 3.799613197524451258e-01
5.708296115635298484e-01 -2.208746690983334204e-01 3.762872031220087510e-01
5.727208651994991628e-01 -2.173687718972266703e-01 3.722372857881972585e-01
5.747872199891383982e-01 -2.135131147426448384e-01 3.678244155980303076e-01
5.769937491026322363e-01 -2.093731308207569808e-01 3.631100773561869999e-01
5.792808622644390892e-01 -2.050634335437221123e-01 3.582147020631876733e-01
5.815952505134491801e-01 -2.006858991750571364e-01 3.532446019356750844e-01
5.838895177251248736e-01 -1.963320180501754997e-01 3.482952208547589468e-01
5.861293477171164445e-01 -1.920698265119755166e-01 3.434346066901965977e-01
5.882649555282385423e-01 -1.879983862735372935e-01 3.387664863734957121e-01
5.902212110919357047e-01 -1.842715458289878316e-01 3.344559068229793763e-01
5.918327908491436418e-01 -1.812296903098086776e-01 3.308754425156614776e-01
5.929049886985148232e-01 -1.792774620422208642e-01 3.284669524132939333e-01
5.940843712408370170e-01 -1.771566074217299502e-01 3.258025033452270347e-01
5.956010339207696846e-01 -1.744875931586378215e-01 3.223382552916741473e-01
5.975655361003648913e-01 -1.710952084926066763e-01 3.178045384386761762e-01
5.997958430037543254e-01 -1.672834429328878547e-01 3.126242337500510504e-01
6.021268649343300972e-01 -1.633248523358938054e-01 3.071826306767486137e-01
6.044998936365174602e-01 -1.593103435623620945e-01 3.016142100285582606e-01
6.068426662249054582e-01 -1.553593926833926608e-01 2.960834247620716120e-01
6.091559667916679466e-01 -1.514669022634435314e-01 2.905874480245784763e-01
6.114286909473318765e-01 -1.476477940559358104e-01 2.851462380587057033e-01
6.136586222318368700e-01 -1.439047090945990148e-01 2.797607984631182987e-01
6.158345465966831300e-01 -1.402525353345557280e-01 2.744536277251989898e-01
6.179508756590234020e-01 -1.366983612087505906e-01 2.692353854171811722e-01
6.200389014263515408e-01 -1.331888292116594208e-01 2.640280728113112985e-01
6.221053375234520955e-01 -1.297106384213935204e-01 2.588101191573757287e-01
6.241390260037950055e-01 -1.262808655631023347e-01 2.536052589077721353e-01
6.261417827817316040e-01 -1.228963870916146423e-01 2.484089618601726113e-01
6.281265336997430282e-01 -1.195345583375751614e-01 2.431880490356025382e-01
6.300745231223189302e-01 -1.162250545946632435e-01 2.379864440991306396e-01
6.320094596865744041e-01 -1.129287431747210135e-01 2.327445076787317546e-01
6.339102450838390856e-01 -1.096805761867972323e-01 2.275133866092669543e-01
6.357840483904585449e-01 -1.064689780656322415e-01 2.222763692460070217e-01
6.376357584922938138e-01 -1.032857824812706549e-01 2.170215229821374214e-01
6.394538838036069039e-01 -1.001504022267876298e-01 2.117783250597664868e-01
6.412406994117995085e-01 -9.705924303291607602e-02 2.065423892610205869e-01
6.429954259838578379e-01 -9.401494629301619665e-02 2.013177858237525930e-01
6.447289217386085181e-01 -9.100000267155924916e-02 1.960758603825921154e-01
6.464373530016322977e-01 -8.802142883045209476e-02 1.908268885962838279e-01
6.481314747439603785e-01 -8.506277900517342228e-02 1.855430841681088572e-01
6.497965836485031232e-01 -8.215111463608451570e-02 1.802687018373875794e-01
6.514442954138965902e-01 -7.926779093971507428e-02 1.749735701045435354e-01
6.530593202954103615e-01 -7.644165265183229530e-02 1.697056338440746381e-01
6.546642297596926285e-01 -7.363559696826474377e-02 1.644015912250170186e-01
6.562432829941522439e-01 -7.087962227831058615e-02 1.591107523670873547e-01
6.577944230165230222e-01 -6.818021271296703656e-02 1.538468777931568665e-01
6.593110195936965345e-01 -6.555153643089368931e-02 1.486351988508498589e-01
6.607939737071204522e-01 -6.299384352222509031e-02 1.434772403168508570e-01
6.622259285543863339e-01 -6.054065291893999390e-02 1.384339392745263797e-01
6.636061853166559388e-01 -5.819476027617151437e-02 1.335142012059685468e-01
6.649066644042118668e-01 -5.600623726509082467e-02 1.288158895048122921e-01
6.661457061224022036e-01 -5.394363301085961654e-02 1.242818983463490901e-01
6.673049362384838590e-01 -5.203940696408244221e-02 1.199772841333777568e-01
6.683712360474526326e-01 -5.031492385221697505e-02 1.159520459777530488e-01
6.693474865024193754e-01 -4.876376228746810704e-02 1.121993537293224652e-01
6.702337258036552559e-01 -4.738473605916956183e-02 1.087205964564478822e-01
6.710282034996563061e-01 -4.617888297136066300e-02 1.055221264829285244e-01
6.717602934161870376e-01 -4.509512695805517613e-02 1.024940876560863634e-01
6.724574894479055098e-01 -4.408772033513239097e-02 9.952937814267442951e-02
6.731334488434971286e-01 -4.313320379319972309e-02 9.657077491460808183e-02
6.737977715305915050e-01 -4.221232288163320051e-02 9.357908316758696554e-02
6.744507654777565087e-01 -4.131914090879198337e-02 9.055308203853866533e-02
6.750976007555227199e-01 -4.044068253522447448e-02 8.747594673346160976e-02
6.757325139423994154e-01 -3.958006031183008977e-02 8.437342304989950414e-02
6.763510813445953174e-01 -3.873952546550613052e-02 8.127054771079819662e-02
6.769535494464368197e-01 -3.791593730065676709e-02 7.817185047858597746e-02
6.775312995072286792e-01 -3.711889535148428509e-02 7.512069293657913649e-02
6.780922858724937052e-01 -3.633654363525103126e-02 7.208611650615733002e-02
6.786308899036848086e-01 -3.557506514990423085e-02 6.909587770862814227e-02
6.791501741808231296e-01 -3.482960171535769145e-02 6.613992709440801032e-02
6.796564083872387307e-01 -3.409136309568856771e-02 6.318992527894125300e-02
6.801504317473496819e-01 -3.335872702295440001e-02 6.024296675184986904e-02
6.806393803805669274e-01 -3.262159689503111443e-02 5.726381828727882678e-02
6.811277714890412449e-01 -3.187245675229443548e-02 5.422844273359540140e-02
6.816190054582420554e-01 -3.110613334389882370e-02 5.111965153734651657e-02
6.821226825449523412e-01 -3.030831438709651396e-02 4.788562477837730869e-02
6.826408378271493493e-01 -2.947512335432907540e-02 4.451491413084756460e-02
6.831753131538907953e-01 -2.860429583712382345e-02 4.100150552587949332e-02
6.837209258787738664e-01 -2.770439451852596546e-02 3.738413689220076302e-02
6.842680280282329441e-01 -2.679214059010802049e-02 3.373040462791297711e-02
6.847898854945653202e-01 -2.591294185851251639e-02 3.022198599544240541e-02
6.852480453564289142e-01 -2.513361225398695262e-02 2.712022553653313170e-02
6.855570180891937815e-01 -2.460073487720383645e-02 2.499726634632909103e-02
6.856616902435583860e-01 -2.441220892555030081e-02 2.423282430683434616e-02
6.857291132678707823e-01 -2.428536615945122573e-02 2.371825234976998945e-02
6.857904971560788709e-01 -2.416696610550318064e-02 2.325023173665230480e-02
6.857905944154436551e-01 -2.416634426229729085e-02 2.324503872764832266e-02
