5.546720020127493544e-01 -2.676879537743270809e-01 3.647411223450136020e-01
5.546792712719806895e-01 -2.676736858084096116e-01 3.647321448190575799e-01
5.555976335495126373e-01 -2.656318248675902383e-01 3.635625553021265000e-01
5.570583396728729930e-01 -2.624002181513713783e-01 3.616830895991191008e-01
5.588740478301296166e-01 -2.584040035721907325e-01 3.593156568136985918e-01
5.609268914705823894e-01 -2.539044819043876355e-01 3.565997163378920587e-01
5.631579464130912482e-01 -2.490266790948715558e-01 3.536011911895185489e-01
5.654946112502285960e-01 -2.439354129017781980e-01 3.504063460786150941e-01
5.679266966368191616e-01 -2.386447935454561742e-01 3.470255190256592015e-01
5.704248459776882774e-01 -2.332168476354192777e-01 3.434924246330974817e-01
5.729544382579850881e-01 -2.277277524729711955e-01 3.398521694120374970e-01
5.755066171632916561e-01 -2.221917044227168514e-01 3.361153981184910600e-01
5.780814327258430030e-01 -2.166034807726323341e-01 3.322804509493205161e-01
5.806472563953062327e-01 -2.110313104104312998e-01 3.283918036069057300e-01
5.832119522589163108e-01 -2.054526423023946002e-01 3.244400441618279229e-01
5.857262417225826967e-01 -1.999792040736494414e-01 3.204999724743653466e-01
5.881723447854398934e-01 -1.946499032851404243e-01 3.166046248401774288e-01
5.904708849817005278e-01 -1.896459529505116481e-01 3.128815864573351591e-01
5.925532886988837955e-01 -1.851241723852113941e-01 3.094479146050141405e-01
5.942418525562132015e-01 -1.815002707849418251e-01 3.065985514083318098e-01
5.950987474193638604e-01 -1.797972608425376928e-01 3.050540967135377812e-01
5.960861359978012475e-01 -1.778748148277269903e-01 3.032452717837686440e-01
5.975905747348897457e-01 -1.751024828858666338e-01 3.003671093821340676e-01
5.993804137346717686e-01 -1.718700127735860173e-01 2.968751853130948692e-01
6.013311475465877853e-01 -1.683883396288783363e-01 2.930105883743381878e-01
6.033715591817355728e-01 -1.647740176235654719e-01 2.889112371352947628e-01
6.054476856604854573e-01 -1.611178004475598557e-01 2.846818220987274994e-01
6.075316250442437394e-01 -1.574626808094632124e-01 2.803750560727569230e-01
6.096197488817522991e-01 -1.538113888063158408e-01 2.759965501173169966e-01
6.116943852186167430e-01 -1.501921212308924003e-01 2.715781964361864143e-01
6.137539845022765839e-01 -1.466031555400393316e-01 2.671217316690754906e-01
6.157812399649945645e-01 -1.430737932190698225e-01 2.626620485575124064e-01
6.177873249330330108e-01 -1.395816372727246291e-01 2.581746326164908178e-01
6.197643255376377169e-01 -1.361395874152682151e-01 2.536739443239557912e-01
6.217189743463695795e-01 -1.327343989345882436e-01 2.491462672147678470e-01
6.236389350109127205e-01 -1.293858014481746310e-01 2.446168761760055821e-01
6.255424360913555137e-01 -1.260616422785136304e-01 2.400466531343955767e-01
6.274143594690630987e-01 -1.227865986331825449e-01 2.354668991003232847e-01
6.292709068192529065e-01 -1.195318362334774620e-01 2.308421753157377521e-01
6.310982020281140636e-01 -1.163213182864997752e-01 2.262050626210626025e-01
6.328801303724762573e-01 -1.131830429281406453e-01 2.215943597656759856e-01
6.346280716554368873e-01 -1.100963407675868838e-01 2.169847130086763609e-01
6.363489862427100796e-01 -1.070496260513753711e-01 2.123605582475106557e-01
6.380336516108733314e-01 -1.040596141053555246e-01 2.077448271155419579e-01
6.396858222662750171e-01 -1.011200280486564962e-01 2.031300351095520207e-01
6.412923406715181907e-01 -9.825544385543885650e-02 1.985528372895621063e-01
6.428646523508867450e-01 -9.544642755182117244e-02 1.939868867222944715e-01
6.444092239347104512e-01 -9.268158983994212452e-02 1.894147830957373935e-01
6.459189976814897483e-01 -8.997464014145120648e-02 1.848577451116862613e-01
6.474131301316434772e-01 -8.729389617608847296e-02 1.802655674671539143e-01
6.488858427521213557e-01 -8.465018235850656214e-02 1.756546574250438253e-01
6.503341890000265968e-01 -8.205124867424846979e-02 1.710372975920916028e-01
6.517688680110418353e-01 -7.948083457893352632e-02 1.663850613311355364e-01
6.532039566675937881e-01 -7.691586474261714879e-02 1.616575069721854774e-01
6.546358083341197176e-01 -7.436500342360981286e-02 1.568661360585597297e-01
6.560675989372204420e-01 -7.182547262911941066e-02 1.520053829660182043e-01
6.575206746599115970e-01 -6.926086378059019555e-02 1.470083613369832787e-01
6.589807324103603703e-01 -6.670019970355645089e-02 1.419219483984829888e-01
6.604389948944453526e-01 -6.416069017533503061e-02 1.367800036676115327e-01
6.619035530584785887e-01 -6.162954281683595548e-02 1.315581607989421975e-01
6.633629245572969513e-01 -5.912795702472997683e-02 1.262966036674183501e-01
6.647935070661099566e-01 -5.669724364096776631e-02 1.210783148857633301e-01
6.661810656458289071e-01 -5.436220769554249432e-02 1.159583440045649783e-01
6.675004700024271820e-01 -5.216530157963551045e-02 1.110284734370744486e-01
6.687240229336673947e-01 -5.015213646066658815e-02 1.063926374286572052e-01
6.698102866696434843e-01 -4.839056320481036760e-02 1.022045253527127939e-01
6.707728806642463404e-01 -4.685516236790109729e-02 9.841835892457231894e-02
6.716049297230134441e-01 -4.555630139674444329e-02 9.505929145447886142e-02
6.723545318613438626e-01 -4.441249502390622050e-02 9.194455089693039096e-02
6.730566419293332325e-01 -4.336601173008403087e-02 8.893411611759145796e-02
6.737426674100348567e-01 -4.236454166374750696e-02 8.589850522766147300e-02
6.744315176062438688e-01 -4.137573377914532252e-02 8.275612303126018976e-02
6.751293184315226847e-01 -4.038582381219932987e-02 7.947843435410507917e-02
6.758308238749134444e-01 -3.939835448470696555e-02 7.609036071093505660e-02
6.765285634987212582e-01 -3.841966463054054953e-02 7.263090959349671749e-02
6.772106649168231352e-01 -3.746223299362180792e-02 6.916065011354415037e-02
6.778628245809726893e-01 -3.654390136559532154e-02 6.575382420474167044e-02
6.784837353716164365e-01 -3.566470331558124762e-02 6.242499153508868082e-02
6.790570086146440199e-01 -3.484599073388937318e-02 5.926130074340605486e-02
6.795792993790170655e-01 -3.409184778833553725e-02 5.628963022499979679e-02
6.800411112610683650e-01 -3.341511577854901910e-02 5.356646994299515269e-02
6.804455108139657593e-01 -3.281158698767865783e-02 5.108515927236705750e-02
6.807993315811555757e-01 -3.227096372642729999e-02 4.881438640555966352e-02
6.811086713943418358e-01 -3.178494979577318330e-02 4.672643719345281887e-02
6.813799232414090579e-01 -3.134381480287139199e-02 4.478791142569459732e-02
6.816234609499619568e-01 -3.093198090086487356e-02 4.294002480547576966e-02
6.818521133956230162e-01 -3.052849783726944641e-02 4.110016380253125878e-02
6.820779417374825959e-01 -3.011217886140431579e-02 3.918198224467362573e-02
6.823135027936446662e-01 -2.966011783543651831e-02 3.709031156232332760e-02
6.825693621640052111e-01 -2.915088245550850540e-02 3.473659415471747752e-02
6.828530892006264841e-01 -2.856919480779922249e-02 3.205860915202744799e-02
6.831564521791493316e-01 -2.793154066200138202e-02 2.913523648636037744e-02
6.834389718059917795e-01 -2.732516519371472677e-02 2.635961146892601067e-02
6.836047590362892556e-01 -2.695726715843615312e-02 2.466094092084680084e-02
6.837337455987102519e-01 -2.666279861809036852e-02 2.328895281040389495e-02
6.838294453197028000e-01 -2.643421072538403721e-02 2.220902954991565981e-02
6.838621351470577370e-01 -2.634306083185977351e-02 2.175567936001272448e-02
6.838905954395073650e-01 -2.625638377600710005e-02 2.132793522364442515e-02
6.839150689558081142e-01 -2.617222757427917212e-02 2.092903860799183793e-02
6.839158898463433278e-01 -2.616571306307638109e-02 2.089733550431726108e-02
