5.207198270842934296e-01 -2.833524709854529644e-01 4.627480739005933597e-01
5.209702300472597303e-01 -2.829938204555492165e-01 4.622758716634566833e-01
5.228351184013462216e-01 -2.803293960191587386e-01 4.587684942430115820e-01
5.254958743085272888e-01 -2.765330792101929891e-01 4.537665679569394817e-01
5.284166000686760789e-01 -2.723754961519495588e-01 4.482807704235320934e-01
5.308736539267496779e-01 -2.689038548217155822e-01 4.436929953010932404e-01
5.333572227839185054e-01 -2.654156010651547715e-01 4.390626066557020701e-01
5.357382650834752180e-01 -2.620831193187559416e-01 4.346245372135652540e-01
5.384149310598730365e-01 -2.583285480683566449e-01 4.296027830478307274e-01
5.414814307009613303e-01 -2.540136020250872151e-01 4.237935969138739711e-01
5.448872295521803855e-01 -2.492066718858488572e-01 4.172816452508094076e-01
5.485122403869261420e-01 -2.440751099905361932e-01 4.102961460678381522e-01
5.523022768147115569e-01 -2.386901721374700414e-01 4.029359262135773778e-01
5.560681433976020216e-01 -2.333129257231750242e-01 3.955796015862272919e-01
5.592940665647130327e-01 -2.286657302158999761e-01 3.892798447663791683e-01
5.611358468711440395e-01 -2.259320855047663168e-01 3.857645555823878691e-01
5.630995599210664171e-01 -2.229540716178905202e-01 3.820555400997767137e-01
5.653317401975707091e-01 -2.194784487488906088e-01 3.778748807692805523e-01
5.678223121511007943e-01 -2.155196900522572401e-01 3.732172664061196299e-01
5.705180782455361310e-01 -2.111692487233260418e-01 3.681613483715942547e-01
5.733750252293272620e-01 -2.065016422231446824e-01 3.627722587178957570e-01
5.763036324061068250e-01 -2.016674154178845213e-01 3.572101181208470200e-01
5.792574918067379119e-01 -1.967467058475371178e-01 3.515544461157867340e-01
5.821463430976242526e-01 -1.918940021170332522e-01 3.459731300746695659e-01
5.849523610886236957e-01 -1.871463964414719350e-01 3.404962220508430670e-01
5.875339767225900012e-01 -1.827539398435408524e-01 3.354011664781257895e-01
5.896763576750885250e-01 -1.791060390019373338e-01 3.311195314367665343e-01
5.911090772867160226e-01 -1.766991214800728571e-01 3.281974181026563464e-01
5.926387805750490401e-01 -1.741641774240067775e-01 3.250375154303130065e-01
5.945235864043495466e-01 -1.710915289878733314e-01 3.210989835585391083e-01
5.968424918000913015e-01 -1.673751114836783405e-01 3.161896737534405366e-01
5.993324136654195611e-01 -1.634167703100025681e-01 3.108718301135384721e-01
6.018344362145038318e-01 -1.594583329083413270e-01 3.054833250826187729e-01
6.043075210126538366e-01 -1.555562846156883228e-01 3.001068169500756277e-01
6.067827879318277162e-01 -1.516562857011615750e-01 2.946690855075514981e-01
6.092435889178170472e-01 -1.477789592012690167e-01 2.891991766622424853e-01
6.116493107862326362e-01 -1.439868634517495194e-01 2.837836046466168383e-01
6.139950113778029905e-01 -1.402837227199213999e-01 2.784295382144156283e-01
6.163294617628074512e-01 -1.365894577421631062e-01 2.730232359550119337e-01
6.186325318764080983e-01 -1.329349895923496450e-01 2.676056889928372096e-01
6.208808863974679682e-01 -1.293553168516945462e-01 2.622291183273344761e-01
6.231107874082891795e-01 -1.257923576394593956e-01 2.568083498690205135e-01
6.252906478405253488e-01 -1.222943588950051175e-01 2.514143324072376506e-01
6.274275170688781156e-01 -1.188496856167412519e-01 2.460300607166865383e-01
6.295450625103218290e-01 -1.154216307785332490e-01 2.405983921475212672e-01
6.316045817148351338e-01 -1.120715657897097123e-01 2.352121844060845457e-01
6.336041193430173024e-01 -1.088035645745919211e-01 2.298795838620442400e-01
6.355510881527539624e-01 -1.056057248713289931e-01 2.245825553267013497e-01
6.374450355385793410e-01 -1.024805795693892047e-01 2.193224346291806903e-01
6.392793333662472044e-01 -9.943857974572523073e-02 2.141178190176974971e-01
6.410794916651809672e-01 -9.644094751546677946e-02 2.089040209278855698e-01
6.428319267006887827e-01 -9.351201765210830075e-02 2.037183465109381753e-01
6.445408627394781931e-01 -9.064689734871794746e-02 1.985537212308737254e-01
6.462081198272574545e-01 -8.784577455111579336e-02 1.934067719279719544e-01
6.478539945681734968e-01 -8.507774291362449337e-02 1.882231628111568911e-01
6.494709034869644571e-01 -8.235988441460739828e-02 1.830264449407444649e-01
6.510742340812964990e-01 -7.967061918354832739e-02 1.777756547935689102e-01
6.526886446503782357e-01 -7.697220331936303894e-02 1.723944918009144289e-01
6.543274033623214248e-01 -7.424711156086125086e-02 1.668431099332348955e-01
6.559772315603789039e-01 -7.152234625966789883e-02 1.611678384448751167e-01
6.576585798541865202e-01 -6.876826473494886127e-02 1.553068220100599361e-01
6.593649710426723320e-01 -6.600000649547146936e-02 1.492833348058747456e-01
6.610900416447933470e-01 -6.323074390096984632e-02 1.431219111331047400e-01
6.628246636207560938e-01 -6.047781673091853771e-02 1.368578761372087338e-01
6.645318007285465622e-01 -5.780278030776008630e-02 1.306232909400578679e-01
6.661899246868328017e-01 -5.524007173056791342e-02 1.245002867920577266e-01
6.677624396390633432e-01 -5.284672741308645005e-02 1.186235771720540733e-01
6.692036555197550252e-01 -5.069225696317796598e-02 1.131652262709360451e-01
6.704581362985448934e-01 -4.885851484516427062e-02 1.083326245661490328e-01
6.715282824475186096e-01 -4.733730128707736018e-02 1.041203267055006015e-01
6.724450723926096440e-01 -4.607966200025492842e-02 1.004131210195961660e-01
6.732734398978160728e-01 -4.498881582717101368e-02 9.695864091131445317e-02
6.740770256405925753e-01 -4.397337531724909016e-02 9.350013277487119467e-02
6.748916654333317888e-01 -4.298350542515858713e-02 8.988411697518974841e-02
6.757325412154299160e-01 -4.199570688345271446e-02 8.604214844220677005e-02
6.766064802879079298e-01 -4.099535758862248719e-02 8.194500068570112483e-02
6.774960664443223646e-01 -3.999761678466585285e-02 7.767397580010877711e-02
6.783816676049533312e-01 -3.901887162389637564e-02 7.332669208216384404e-02
6.792355691246563243e-01 -3.808537517795253929e-02 6.904155897470856673e-02
6.800402941215415442e-01 -3.721224583351940424e-02 6.491004444645799565e-02
6.807697800631553608e-01 -3.642539861734443024e-02 6.106911013224433638e-02
6.814251697985096445e-01 -3.572141976929730373e-02 5.752378695439733236e-02
6.820109765687438763e-01 -3.509473418904456715e-02 5.425725056807048641e-02
6.825408878993645123e-01 -3.453155102063783927e-02 5.120674074669165354e-02
6.830303631619272231e-01 -3.401592762529056374e-02 4.829534644724695763e-02
6.835068051745304407e-01 -3.352080691053142131e-02 4.537785519013180779e-02
6.839906456599496032e-01 -3.302673622340653037e-02 4.234170788128849283e-02
6.844975996464188750e-01 -3.251971279528355352e-02 3.910115025491941315e-02
6.850120070950692641e-01 -3.201617984214939761e-02 3.575956019435247435e-02
6.854923754212240983e-01 -3.155647761032320808e-02 3.259303564986649332e-02
6.858706187986538527e-01 -3.120508339479153431e-02 3.005523362009581215e-02
6.860908984259247445e-01 -3.101539507148850031e-02 2.853227487959866110e-02
6.861909705800605108e-01 -3.095496629191639426e-02 2.781767773452480108e-02
6.862274252907014649e-01 -3.097919974911964025e-02 2.757802249241510587e-02
6.862709028863830385e-01 -3.102913854492397872e-02 2.733701175694187510e-02
6.863390386992449521e-01 -3.112719883643718863e-02 2.703021632469059313e-02
6.864834350507835747e-01 -3.136092999755619309e-02 2.650261419208537958e-02
6.874691710026944458e-01 -3.309289577721432479e-02 2.353717876240540158e-02
6.885398628389783893e-01 -3.498166746646495101e-02 2.035131590684283523e-02
6.889218215924699518e-01 -3.565649480199521021e-02 1.921958934732473367e-02
