5.213037254989368874e-01 -2.551175658008948410e-01 4.483895226469028494e-01
5.213323362513144765e-01 -2.550873735390161157e-01 4.483418959022558159e-01
5.228000570725045426e-01 -2.535320840453011981e-01 4.458187225509409046e-01
5.250103768096144874e-01 -2.511728664111309572e-01 4.420124968299927182e-01
5.274540578846982353e-01 -2.485270499131377320e-01 4.377937165396159069e-01
5.301339137565955761e-01 -2.455994829412706248e-01 4.331483946869732482e-01
5.331584742346779926e-01 -2.422588568511156448e-01 4.278682594357464120e-01
5.365413849066336116e-01 -2.384861056096947984e-01 4.219172096967139240e-01
5.402511945773192936e-01 -2.343164346575490053e-01 4.153429390889966655e-01
5.442435232032993842e-01 -2.298008599666379048e-01 4.082208631567029733e-01
5.484366601762904470e-01 -2.250312739240911686e-01 4.006975973079160425e-01
5.526249247013186316e-01 -2.202362155961088142e-01 3.931529551681529067e-01
5.564811706788314050e-01 -2.157792650641460752e-01 3.861960388707973979e-01
5.596716423389039852e-01 -2.120292044440187096e-01 3.804472926213741113e-01
5.617785235132473076e-01 -2.094428517524378752e-01 3.766792433275196195e-01
5.635703585582114705e-01 -2.071542476803398536e-01 3.734858281999052232e-01
5.654539259336186507e-01 -2.046953793313938397e-01 3.701253020049063980e-01
5.675319240425253930e-01 -2.018809537885689898e-01 3.663997953186439172e-01
5.697797196114359197e-01 -1.987496429331402359e-01 3.623417266175059104e-01
5.721523175105273085e-01 -1.953710164970840768e-01 3.580220717484330906e-01
5.746083477970839182e-01 -1.918129516071633012e-01 3.535094977421966989e-01
5.770540436786628646e-01 -1.882130752804256624e-01 3.489699191959108604e-01
5.794502330782559385e-01 -1.846435862504596515e-01 3.444764340343430820e-01
5.816946004311869256e-01 -1.812640127037240534e-01 3.402177466596507660e-01
5.836988624054676444e-01 -1.782219509716165273e-01 3.363634320215274087e-01
5.853372384778258164e-01 -1.757280882189237448e-01 3.331577227058491464e-01
5.863156228716829288e-01 -1.742603932007135703e-01 3.311725539032296939e-01
5.873837883059253029e-01 -1.726672710347478545e-01 3.289872809664257658e-01
5.888648718529708725e-01 -1.704907103912813027e-01 3.258841334043092175e-01
5.909645128315806906e-01 -1.674374032425224035e-01 3.214002956184302540e-01
5.935623138451322500e-01 -1.636766602853654273e-01 3.157882156022117637e-01
5.963622605449454550e-01 -1.596272768058982772e-01 3.096965442648987321e-01
5.991804320367933867e-01 -1.555477152793222351e-01 3.035264608040600942e-01
6.019337279172640720e-01 -1.515541722501486388e-01 2.974593477456700108e-01
6.046137674737549483e-01 -1.476571454168466857e-01 2.915101539893861782e-01
6.071708655063007276e-01 -1.439250405095681418e-01 2.857831163082741877e-01
6.096367828547000212e-01 -1.403122834132406183e-01 2.802080537434735175e-01
6.120260889042855590e-01 -1.367969010677861363e-01 2.747477735127322740e-01
6.143362073018965308e-01 -1.333810129554831581e-01 2.694043103828646646e-01
6.165825737296711795e-01 -1.300421233683463351e-01 2.641407473050784716e-01
6.187676930990805291e-01 -1.267763193885601825e-01 2.589498341963524797e-01
6.208821406449781533e-01 -1.235962823579876829e-01 2.538498858400033975e-01
6.229640246102134959e-01 -1.204482448118274762e-01 2.487543219654086979e-01
6.250018777690131699e-01 -1.173482545646919450e-01 2.436848575268971417e-01
6.269952535233817015e-01 -1.142956980839786585e-01 2.386423463660733990e-01
6.289656647809166445e-01 -1.112615412750412314e-01 2.335778258592947076e-01
6.308937513640867634e-01 -1.082734668199201999e-01 2.285340228902282556e-01
6.327846282042112191e-01 -1.053249849096316998e-01 2.235018217880005431e-01
6.346394207073473570e-01 -1.024152452067935565e-01 2.184781235572935965e-01
6.364577244569273873e-01 -9.954637027530147120e-02 2.134657269701896731e-01
6.382606472515385265e-01 -9.668739492822707449e-02 2.084133026357025131e-01
6.400240314705851752e-01 -9.387608236829367292e-02 2.033805158636806110e-01
6.417475486673513974e-01 -9.111453567877687842e-02 1.983744450200939091e-01
6.434499197320568964e-01 -8.837567406199633990e-02 1.933474832191131032e-01
6.451269337484756283e-01 -8.566651922363521798e-02 1.883095645964744935e-01
6.467770990531952480e-01 -8.299262178848165750e-02 1.832693187447273775e-01
6.483990210348428151e-01 -8.035834023561115591e-02 1.782333635725190379e-01
6.500023404956162265e-01 -7.775103064620028648e-02 1.731788756147751851e-01
6.515862838260760848e-01 -7.517371896101704420e-02 1.681087098542503322e-01
6.531739898814632461e-01 -7.259284124207721067e-02 1.629598107612434954e-01
6.547324649138522856e-01 -7.006395180078010820e-02 1.578291439254800588e-01
6.562720913010328116e-01 -6.757272836299638152e-02 1.526957876361759170e-01
6.577790932202720597e-01 -6.514412030579710966e-02 1.476044541432335322e-01
6.592601683242644839e-01 -6.276923214251223238e-02 1.425389730078685246e-01
6.607074335925314790e-01 -6.046292804562492657e-02 1.375261095849297510e-01
6.621102700993999335e-01 -5.824418194359817086e-02 1.326049794490071765e-01
6.634617900258972245e-01 -5.612407930655322064e-02 1.278012046800996726e-01
6.647553134696370103e-01 -5.411355601357369094e-02 1.231401755396305392e-01
6.659614149771683200e-01 -5.225994094024175723e-02 1.187240379434580939e-01
6.670789250520892111e-01 -5.056340472506461181e-02 1.145612496302998856e-01
6.680995649999282859e-01 -4.903642174046567853e-02 1.106831594364963006e-01
6.690094538150918035e-01 -4.769947980719019959e-02 1.071390626879306918e-01
6.698423734821221665e-01 -4.649787662773120778e-02 1.038107615861795924e-01
6.706250471285958303e-01 -4.538934557737709513e-02 1.005963417321153602e-01
6.713811418300393852e-01 -4.433633847377005388e-02 9.740229306596680237e-02
6.721273848379805127e-01 -4.331152074446042305e-02 9.416105248815424822e-02
6.728689274351611349e-01 -4.230407935067998643e-02 9.084850085947944465e-02
6.736094783630046656e-01 -4.130423092597570317e-02 8.745066863520400968e-02
6.743476772758562054e-01 -4.031002084655880419e-02 8.397430315018719615e-02
6.750853531700699017e-01 -3.931501941040739523e-02 8.041563268840271061e-02
6.758152721344494740e-01 -3.832658281445196907e-02 7.680825103158679668e-02
6.765277080614093830e-01 -3.735538296454336132e-02 7.320127476557840296e-02
6.772265264275522112e-01 -3.639475167114293586e-02 6.958458807356404652e-02
6.779017361592537538e-01 -3.545671312622197119e-02 6.600674851734997239e-02
6.785476035726678568e-01 -3.454845148919773179e-02 6.250270848705322124e-02
6.791591022694004609e-01 -3.367648320326626504e-02 5.910191982345418954e-02
6.797440526975367936e-01 -3.283064439278032126e-02 5.577317078432160458e-02
6.803007087207110226e-01 -3.201303353728080642e-02 5.252773427532130002e-02
6.808209139225683826e-01 -3.123484294341708975e-02 4.941304141917734344e-02
6.813120705830660873e-01 -3.048719712542894908e-02 4.639874897159836781e-02
6.817741409201492075e-01 -2.976980919990975666e-02 4.348914761668350865e-02
6.822103711444630347e-01 -2.907877726652305719e-02 4.067264717173386945e-02
6.826172871965201505e-01 -2.842033191499226952e-02 3.797735510676537862e-02
6.829970139865523260e-01 -2.779241898001703556e-02 3.540028151687171776e-02
6.833520719780658004e-01 -2.719279933221502993e-02 3.293712195160417716e-02
6.836754680894761016e-01 -2.663374533841652431e-02 3.064357696098622685e-02
6.839646618083096152e-01 -2.612280188963083880e-02 2.855402808375168480e-02
6.842142156112573925e-01 -2.567296703049805340e-02 2.672430209491860956e-02
6.844194117388471277e-01 -2.529718696646348838e-02 2.520957702102789508e-02
6.844192884782572817e-01 -2.529722792363507319e-02 2.520679626091800948e-02
