-1.069773320517295900e+01 -4.233202678770156879e+00
-1.768670559258745101e+01 -3.916718647752945870e+00
-2.330934567545073577e+01 -3.766097888840700403e+00
-2.784464056911775742e+01 -3.737616804564404482e+00
-3.142415391477020492e+01 -3.741196252031308678e+00
-3.419674739542941921e+01 -3.720241091521449661e+00
-3.632229794989014948e+01 -3.677841676694008299e+00
-3.794809063545313421e+01 -3.658013281929159088e+00
-3.918978689780681179e+01 -3.667451888309989361e+00
-4.012589322483070475e+01 -3.613394695183477001e+00
-4.079415440058863851e+01 -3.435595332889081366e+00
-4.120297134847737652e+01 -3.095397204271105984e+00
-4.135613774835416478e+01 -2.588267913556612676e+00
-4.134022045104614307e+01 -1.970261424252360616e+00
-4.124235386046004948e+01 -1.288748846596233122e+00
-4.114534769252750834e+01 -5.830822475044036279e-01
-4.112341260243280061e+01 1.098441479755997152e-01
-4.118627567958962743e+01 7.350963802546426340e-01
-4.134014255350439271e+01 1.224962475900231107e+00
-4.159672594949083191e+01 1.493296685068790985e+00
-4.197398052002088775e+01 1.428020714623361886e+00
-4.242587377402129789e+01 1.138499271481601571e+00
-4.292166171401462549e+01 7.134144505716409901e-01
-4.344477021523142213e+01 2.301300341696056184e-01
-4.398015810940999870e+01 -2.445728382238955834e-01
-4.451694740154588459e+01 -6.410236089092539169e-01
-4.504349193918846339e+01 -8.887470068823161151e-01
-4.554088915284925321e+01 -9.175141196997406157e-01
-4.598122882562611835e+01 -7.279207260519049427e-01
-4.634978241418780698e+01 -3.630070308916186761e-01
-4.664246022713989248e+01 1.314272380157738285e-01
-4.685796620121093525e+01 7.177294846932902317e-01
-4.699505195218149822e+01 1.365903875220904506e+00
-4.705332567157591939e+01 2.051235233323692064e+00
-4.702979769460085180e+01 2.753319234037559848e+00
-4.692135632939600498e+01 3.454249204182678223e+00
-4.672458169089579627e+01 4.137875516857273617e+00
-4.643724005548171618e+01 4.789451743768004199e+00
-4.606264870746434070e+01 5.397223196655794197e+00
-4.560961245484082127e+01 5.953903034724811860e+00
-4.509590471942553336e+01 6.461661613359829026e+00
-4.454927014896410498e+01 6.936097379887748104e+00
-4.399780089541732764e+01 7.396230586848351329e+00
-4.347403855753049839e+01 7.867215014302336051e+00
-4.300272892924983381e+01 8.367161899083326304e+00
-4.256654060709837495e+01 8.879286497906683451e+00
-4.211708839269115145e+01 9.362039684236776793e+00
-4.162029571706788289e+01 9.783288232832012099e+00
-4.106697905335390431e+01 1.013323881296793694e+01
-4.046817087899201937e+01 1.042826148284938448e+01
-3.983982646413348050e+01 1.069597801489146427e+01
-3.919667875627373377e+01 1.096517415714126464e+01
-3.854313211186465793e+01 1.124354594065760971e+01
-3.787962780709788291e+01 1.153085424696256034e+01
-3.720350841279847742e+01 1.181962347373711708e+01
-3.650991949478564180e+01 1.209914486350414364e+01
-3.579447532716511660e+01 1.236038687876295583e+01
-3.505328029305699289e+01 1.259420479876512822e+01
-3.428410441740109604e+01 1.279518455595824022e+01
-3.348740616412822391e+01 1.296523268577053578e+01
-3.266293576603486315e+01 1.310508361934096477e+01
-3.181052727040149009e+01 1.321733183502030329e+01
-3.092960667147981724e+01 1.330098697515878570e+01
-3.001928291360141188e+01 1.335382265911025890e+01
-2.907974302469033390e+01 1.337905892255221474e+01
-2.811129907973866437e+01 1.337755312480525838e+01
-2.711462806784399859e+01 1.334869556700308202e+01
-2.609093260377080981e+01 1.329195374785246031e+01
-2.504106377636787784e+01 1.320564430108884046e+01
-2.396608421695167124e+01 1.309082546978532946e+01
-2.286747670609977590e+01 1.294633988631927046e+01
-2.174713551312100179e+01 1.277344632606085106e+01
-2.060663036915059720e+01 1.257469986358175085e+01
-1.944878190524403649e+01 1.234951610193411398e+01
-1.827645950948589260e+01 1.209681929831747205e+01
-1.709240431501929081e+01 1.181437504053446652e+01
-1.590109516998004402e+01 1.149992126816049876e+01
-1.470989659299511665e+01 1.115159461452470424e+01
-1.352866734337807664e+01 1.076206253281684155e+01
-1.236818584574538882e+01 1.032043277671690440e+01
-1.123630515067432434e+01 9.823258093510309763e+00
-1.013998216861614665e+01 9.272548301172049534e+00
-9.084907077974769152e+00 8.673570638947536438e+00
-8.073757403079088846e+00 8.037635670541357413e+00
-7.110340367394351269e+00 7.375778641819779935e+00
-6.197762518069156457e+00 6.699938383889618265e+00
-5.341793821455189217e+00 6.014479450080081335e+00
-4.545304086146030542e+00 5.326561816457815013e+00
-3.812948677186593471e+00 4.641982404997341938e+00
-3.147914848478019501e+00 3.970896163941706192e+00
-2.553047834081130674e+00 3.321873646793951362e+00
-2.021025521741465436e+00 2.706942436178031208e+00
-1.542314650115993002e+00 2.139049317107490022e+00
-1.109434748241024060e+00 1.630262703331572416e+00
-7.139575943318617890e-01 1.193522401977080261e+00
-3.560660679338996104e-01 8.376549582707192299e-01
-5.882816175308948348e-02 5.571860776386208247e-01
1.186801640598602048e-01 3.232724050125232451e-01
1.109262814723185470e-01 1.229536962733904504e-01
-2.295060100981798381e-06 1.606449675775629548e-04
