1.002702816593388668e+01 1.793460936703381847e+01
1.371762196588044347e+01 1.697680650069071717e+01
1.368024778586625523e+01 1.627225984719185092e+01
1.169419623579545586e+01 1.613056264209042823e+01
9.105283587124013422e+00 1.698650541209488196e+01
6.680582985880202607e+00 1.844979486032535121e+01
4.082980130890923931e+00 1.864762062813028720e+01
1.492754571848446066e+00 1.827183392145831675e+01
-1.020853188500399522e+00 1.784235568078149115e+01
-3.407403691364506049e+00 1.749253955265417204e+01
-5.645995830540719851e+00 1.718335533488379951e+01
-7.731247724580442515e+00 1.682431250943476897e+01
-9.673177356178214836e+00 1.637055250783017257e+01
-1.149205785371682609e+01 1.583148009859357330e+01
-1.320835315900306206e+01 1.523124309896342510e+01
-1.484272832780831131e+01 1.459787443089259540e+01
-1.639733735811795157e+01 1.394737569658518694e+01
-1.783925984779601492e+01 1.324885854715189204e+01
-1.909512783615423714e+01 1.239393910373549623e+01
-2.011896004464055565e+01 1.133598417260348334e+01
-2.093561206017992404e+01 1.011622082924236032e+01
-2.160130687876862154e+01 8.800717786306977430e+00
-2.213733729112879800e+01 7.432695235984465576e+00
-2.251898958273913465e+01 6.030289179459654036e+00
-2.268253022183110090e+01 4.602470262529091194e+00
-2.263708095889318628e+01 3.174922263743431117e+00
-2.250586408496636537e+01 1.776357126609947157e+00
-2.256268780030475085e+01 4.353143430880261899e-01
-2.299472020397947247e+01 -7.936713590760321457e-01
-2.371137729299295316e+01 -1.897764982694617686e+00
-2.438516285694719343e+01 -2.981444583203052723e+00
-2.473610712311432991e+01 -4.120513725387448645e+00
-2.469404210517288334e+01 -5.285106631936604238e+00
-2.432920493080038327e+01 -6.427880695352275353e+00
-2.378700914508441144e+01 -7.538946700520988031e+00
-2.322794442914971569e+01 -8.645818044039781824e+00
-2.270862915466682352e+01 -9.754512871667690987e+00
-2.222365186655806468e+01 -1.085891048156829264e+01
-2.174233478806480591e+01 -1.194697505299520657e+01
-2.124717593021533801e+01 -1.301176218566191523e+01
-2.073101980149258594e+01 -1.405264416195086596e+01
-2.019739558031442428e+01 -1.507556553565479973e+01
-1.962626699688791021e+01 -1.607143516915805392e+01
-1.900107146509974854e+01 -1.702902827217842585e+01
-1.830734546887308056e+01 -1.793261225796454283e+01
-1.752122810539927755e+01 -1.875334396239708568e+01
-1.664331441087896835e+01 -1.947650476831046618e+01
-1.567724948503011007e+01 -2.008879281458525057e+01
-1.463602918606548720e+01 -2.059245035624057252e+01
-1.354021332202900041e+01 -2.100496464881129199e+01
-1.241281089363604728e+01 -2.135853448910850716e+01
-1.126262799355924571e+01 -2.166155979562892853e+01
-1.009259179448504362e+01 -2.191290704334808126e+01
-8.906567755259253261e+00 -2.212284878955038536e+01
-7.705582984943370128e+00 -2.229849277152501941e+01
-6.490480815493945954e+00 -2.244145252864308659e+01
-5.260172715217570349e+00 -2.255043207992401122e+01
-4.013209950412566229e+00 -2.262442960674190928e+01
-2.750940216281820838e+00 -2.266169584368727641e+01
-1.473067194863450835e+00 -2.265993870653721487e+01
-1.775311086421377527e-01 -2.261964175171590341e+01
1.135419208152477433e+00 -2.253371585965044943e+01
2.462834348559425734e+00 -2.240770561025859919e+01
3.800616041129889933e+00 -2.223735984268479626e+01
5.146151659715171078e+00 -2.201751783890306058e+01
6.498008858778985264e+00 -2.174025769917885498e+01
7.850722560501740332e+00 -2.138967124834153566e+01
9.200135384888941559e+00 -2.096812058927510947e+01
1.053295808321806604e+01 -2.045378368225063070e+01
1.183322226062321292e+01 -1.983189891884174827e+01
1.308802897364028262e+01 -1.909813012833087953e+01
1.428538253175379324e+01 -1.825142934983920284e+01
1.542385727197923018e+01 -1.731824227655852155e+01
1.647303180280448487e+01 -1.630257525028630639e+01
1.733045723756550061e+01 -1.515020204846276819e+01
1.789030262342409117e+01 -1.382540210805150771e+01
1.821736553878129428e+01 -1.238446172328442074e+01
1.857947463202486205e+01 -1.093122962638872941e+01
1.926235757615677713e+01 -9.572267645335482911e+00
2.010647456380467091e+01 -8.254419374491817507e+00
2.071796281044689891e+01 -6.822661938020695871e+00
2.096181835777128200e+01 -5.283358322286637154e+00
2.082015504545590900e+01 -3.705534807927661767e+00
2.032732903276105318e+01 -2.184170475012037649e+00
1.952822455093382814e+01 -8.375569294536183707e-01
1.840015288132745752e+01 1.246977496918127981e-01
1.696751218082490098e+01 4.508353946444649263e-01
1.541610461149626232e+01 1.519490803484962183e-01
1.389203667324008329e+01 -2.695711311972191493e-01
1.247395750875396203e+01 2.797454582964657988e-01
1.105327144321725186e+01 9.838181878977432238e-01
9.542294531124651868e+00 1.308595203735085200e+00
8.042954769043426211e+00 1.330682638774598026e+00
6.618540554898803663e+00 1.208611963344239815e+00
5.287632508367380524e+00 1.043797171537842905e+00
4.052993652829330884e+00 8.621699615054616572e-01
2.914712366625674900e+00 6.623839373432529598e-01
1.866479128556864708e+00 4.438698887053432740e-01
9.001540333533305516e-01 2.077316309304798325e-01
1.651932495419977719e-04 1.009569796222862040e-03
