-1.220819461594767574e+01 3.085075261943042602e+00
-2.351126884095885572e+01 3.071222023179643212e+00
-2.983874706509711316e+01 3.060241750167139063e+00
-3.283061741124299004e+01 3.055466565157737069e+00
-3.359497908972473112e+01 3.061220283116111496e+00
-3.288382089016420196e+01 3.083509434861903209e+00
-3.121324057364448734e+01 3.130983213766349138e+00
-2.894595297477370366e+01 3.216315762245980814e+00
-2.634927726811484305e+01 3.358231713433835086e+00
-2.363787377359170350e+01 3.584498710181418968e+00
-2.100806263816162200e+01 3.936365168988432028e+00
-1.866921098372958454e+01 4.475152540329385253e+00
-1.687701882639372286e+01 5.292053819772139178e+00
-1.585591429025826038e+01 6.467839661237420934e+00
-1.548425092399343583e+01 7.924108931850588178e+00
-1.570540763951117746e+01 9.572328826903191867e+00
-1.615205473408977355e+01 1.127447382017327548e+01
-1.657363562472217922e+01 1.295460824932690080e+01
-1.686172925655273502e+01 1.456628984145498151e+01
-1.698660795420260428e+01 1.608630109149049048e+01
-1.696125471848947086e+01 1.751021867745162552e+01
-1.681823954100750029e+01 1.884560707420481407e+01
-1.658585116933306480e+01 2.010474408154565751e+01
-1.628814042496403403e+01 2.130042821475709403e+01
-1.594168724065585607e+01 2.244260401278657469e+01
-1.554964008033338985e+01 2.353760248739557071e+01
-1.510715954919657200e+01 2.458996410739462490e+01
-1.461526572383595557e+01 2.560818460002795405e+01
-1.408113850574565795e+01 2.660312676435704304e+01
-1.352285039772684883e+01 2.758852929909606289e+01
-1.294471613515256081e+01 2.856969812404078723e+01
-1.235817005975756722e+01 2.955611572324273695e+01
-1.176821115803660156e+01 3.055383449085142900e+01
-1.118555990811115031e+01 3.157221057692096267e+01
-1.061126166313707486e+01 3.261494558155972356e+01
-1.005420406332814842e+01 3.368982599286197654e+01
-9.537998366744146139e+00 3.480938271295340058e+01
-9.109455975519553661e+00 3.599316070670320755e+01
-8.824821867529024644e+00 3.725636433494729260e+01
-8.724065262473864379e+00 3.860299981872940833e+01
-8.746794002990073480e+00 4.002120092765709103e+01
-8.716553971688137281e+00 4.148680606869159959e+01
-8.567370514962284744e+00 4.296396102618616908e+01
-8.275050489384625507e+00 4.439864156284159691e+01
-7.840435149152616745e+00 4.570949492540228931e+01
-7.283740679411637053e+00 4.679512620551733448e+01
-6.573429434727507292e+00 4.742202445136081934e+01
-5.728543005015035661e+00 4.722909320965018765e+01
-4.934879592325567721e+00 4.633139431534839758e+01
-4.251589204626596619e+00 4.512248093882908506e+01
-3.800615887139974447e+00 4.369297537041263979e+01
-3.523690290974120565e+00 4.222004236962372659e+01
-3.080382299525295409e+00 4.091729693295634007e+01
-2.363683108871212912e+00 3.977403241396655176e+01
-1.579954045536489771e+00 3.868144177511179294e+01
-8.538301796585631154e-01 3.757633549557609598e+01
-2.062489559832035302e-01 3.645402275265786329e+01
3.827326159281986828e-01 3.532597637509973509e+01
9.383799542286305195e-01 3.420380445071165809e+01
1.478394102865856707e+00 3.309361857626404202e+01
2.013645114667007352e+00 3.199686223604201629e+01
2.554953134868404252e+00 3.091501135552780966e+01
3.100930664939976378e+00 2.984509776532414804e+01
3.648723165981531569e+00 2.878355963804157369e+01
4.201765212166846730e+00 2.772946418864311724e+01
4.753486517697584013e+00 2.667752935557323823e+01
5.291428549209414633e+00 2.562133722068072572e+01
5.809452369958073348e+00 2.456120811182805497e+01
6.297232275154765802e+00 2.349576292791551779e+01
6.741291045201517562e+00 2.242140729186814596e+01
7.134429703925320609e+00 2.133937857450219866e+01
7.464821777255464141e+00 2.025066255722327924e+01
7.722764000694845699e+00 1.915812916742989813e+01
7.902099123714505957e+00 1.806695793561355501e+01
7.999715611851564212e+00 1.698211732292159226e+01
8.024353283853981722e+00 1.590930897430236968e+01
7.979100559192215947e+00 1.485278315647402358e+01
7.870491099951781422e+00 1.381681816648040595e+01
7.708128255885191571e+00 1.280539403536925924e+01
7.499561315221803248e+00 1.182187046387396023e+01
7.250319272559317518e+00 1.087032478180122830e+01
6.968752525449134261e+00 9.954369968460145657e+00
6.657207127625968113e+00 9.077425042104842134e+00
6.318299051858611293e+00 8.241383215992204470e+00
5.953494549640563349e+00 7.448143010214771209e+00
5.565658674455096211e+00 6.698060688523574946e+00
5.160530451534070195e+00 5.989042029037003445e+00
4.742471479357877051e+00 5.319009115292428369e+00
4.312855533447168987e+00 4.686710437722730660e+00
3.875534657948437545e+00 4.089681474542144812e+00
3.435453930172174708e+00 3.525160787546885999e+00
2.996604653322193723e+00 2.990364235428252915e+00
2.562004722809466450e+00 2.482766526856778011e+00
2.133848095063894057e+00 2.001574916300387752e+00
1.716991377716607259e+00 1.546658779782421833e+00
1.319663488086630476e+00 1.118765753447591660e+00
9.491698955504510593e-01 7.234166297659780920e-01
6.090062413189231139e-01 3.769837468501454070e-01
2.967198584435046804e-01 1.128135741416186749e-01
-9.980184880574280340e-05 3.568312598951076586e-04
