-3.164157447358445907e+01 4.407020866627305367e+01
-5.383742112417850478e+01 4.415732244662891759e+01
-6.250842356691182999e+01 4.422535007237539872e+01
-6.297787912679869038e+01 4.425078619238882283e+01
-5.867010726512580021e+01 4.420026384447056245e+01
-5.190331061766327281e+01 4.402282868941583871e+01
-4.442633051331807792e+01 4.363814107461364955e+01
-3.782357193519765559e+01 4.291787420893092531e+01
-3.353264737225345726e+01 4.172698395104432478e+01
-3.063179685748385594e+01 4.066391227171634171e+01
-2.987035949516468136e+01 3.864048217253094464e+01
-3.080055126216091566e+01 3.672576667406217155e+01
-3.306164576065287264e+01 3.598849546945245237e+01
-3.480423185521046037e+01 3.483031683795155686e+01
-3.515101580888995159e+01 3.301860967860275053e+01
-3.421895745946476097e+01 3.123989549104522112e+01
-3.243626864913647267e+01 3.006337157975462659e+01
-3.119917842377521566e+01 2.865573102905757352e+01
-3.111412695176830923e+01 2.690101996185565625e+01
-3.136270312067480148e+01 2.517626601284977284e+01
-3.133855738610060016e+01 2.359063962385947733e+01
-3.106532060080565572e+01 2.216058701833077649e+01
-3.072656340805418296e+01 2.085474012296403146e+01
-3.060259816917619347e+01 1.961411956855132743e+01
-3.073676640847445896e+01 1.842324076215854589e+01
-3.073669589542503644e+01 1.727901708477442355e+01
-3.035935417520979840e+01 1.621373009676956300e+01
-3.002734728587336477e+01 1.519044497477849909e+01
-3.006614650135935918e+01 1.424643698219847820e+01
-3.061914814590074840e+01 1.351268110877817286e+01
-3.152031433179320530e+01 1.300683128929708765e+01
-3.229130795886170091e+01 1.243888284107025122e+01
-3.251069969316139918e+01 1.163025089053599714e+01
-3.219727404042719598e+01 1.079514475658671024e+01
-3.147485182333472764e+01 1.010437748697276028e+01
-3.075101643471961310e+01 9.436860994587521034e+00
-3.044564197018091178e+01 8.653326131248844533e+00
-3.060039321437432847e+01 7.866152973077405797e+00
-3.114261580094468584e+01 7.210855011505898027e+00
-3.192546101064587560e+01 6.761392027901734991e+00
-3.262604829908704573e+01 6.321164392827125944e+00
-3.291808688130694094e+01 5.718772866909983321e+00
-3.273445164723219136e+01 5.076182880809324338e+00
-3.216721696482343162e+01 4.500551348684206587e+00
-3.160239969032090457e+01 3.891930888150518353e+00
-3.137480557576611062e+01 3.172473048417923547e+00
-3.147177264662960638e+01 2.517131127879507879e+00
-3.192579880851858576e+01 2.099456366133785945e+00
-3.258148496782312975e+01 1.904330485834209385e+00
-3.330351180294421454e+01 1.836237961432262589e+00
-3.393829768097167943e+01 1.676780699682454356e+00
-3.431079933756305422e+01 1.154880282686252535e+00
-3.451762531711648307e+01 4.411072173604735913e-01
-3.465371189349315983e+01 -3.343784976151652488e-01
-3.471272407825455275e+01 -1.103123017765922143e+00
-3.467066589271058774e+01 -1.808384200045108914e+00
-3.448696029493247295e+01 -2.386153755847556734e+00
-3.415052701366676757e+01 -2.756698063104903174e+00
-3.369761638923804981e+01 -2.840401017583298771e+00
-3.320429775748100099e+01 -2.606135221798455248e+00
-3.270771446443851715e+01 -2.186680920917801529e+00
-3.221672117805734814e+01 -1.725555804271139859e+00
-3.170507823166690287e+01 -1.467549388212657568e+00
-3.118230132133820476e+01 -1.611800477219182071e+00
-3.074480360593904393e+01 -2.067488179550243999e+00
-3.043999726466401867e+01 -2.734448978392291174e+00
-3.015629467467683256e+01 -3.423351317788966508e+00
-2.968286659178824394e+01 -3.910877886098218070e+00
-2.895632231868887985e+01 -4.042646541549138384e+00
-2.810893734054750936e+01 -3.978604868631182345e+00
-2.721059291214586651e+01 -3.950659626967543581e+00
-2.628333390716347751e+01 -3.979227882763298751e+00
-2.532714039199538547e+01 -4.013971905062517109e+00
-2.432881582882589555e+01 -4.006831232498361040e+00
-2.327473535860469411e+01 -3.942529382497894641e+00
-2.215411339533730128e+01 -3.826651448155931057e+00
-2.095901698011983783e+01 -3.670428511022151508e+00
-1.968626886706468326e+01 -3.491147019172120558e+00
-1.834230986114229722e+01 -3.294717320494739532e+00
-1.694426742623848980e+01 -3.085784127589103143e+00
-1.551690366039042068e+01 -2.873572622084387795e+00
-1.409790188615795614e+01 -2.655279765489701127e+00
-1.271083113283864208e+01 -2.448717222318349762e+00
-1.138000947636319893e+01 -2.255744154978671201e+00
-1.013275582189823787e+01 -2.079573703082850944e+00
-8.986000425208496623e+00 -1.908752648179488309e+00
-7.945330946991872700e+00 -1.732900462394000973e+00
-7.008782368390430229e+00 -1.560078811604348026e+00
-6.170115168364564084e+00 -1.382424027225124696e+00
-5.410076183155166696e+00 -1.226638748355320052e+00
-4.714270910904649448e+00 -1.089191745711636239e+00
-4.069417301154600430e+00 -9.606680757656005376e-01
-3.470592416469558739e+00 -8.146251988536897803e-01
-2.914298585454052404e+00 -6.409233883429285017e-01
-2.387969382423830389e+00 -4.579180784589814701e-01
-1.878830606106978163e+00 -2.923874518138604439e-01
-1.381521420230685804e+00 -1.612614753989227157e-01
-8.997970711942568922e-01 -6.678831974989148101e-02
-4.385722953152239034e-01 -1.311850111714570402e-02
-1.084497819336507297e-07 2.617285155998155861e-06
