-4.494261254573216746e+01 -4.393705220202273409e+01
-5.985113251991536032e+01 -4.319071638352060205e+01
-5.919409367857943494e+01 -4.226506138835505055e+01
-5.213491347238308293e+01 -4.091965168930703101e+01
-4.565500580215023518e+01 -3.877098925507464600e+01
-4.201267246091845209e+01 -3.600204967358122587e+01
-4.161161412531586734e+01 -3.177033213325992378e+01
-4.128151761415283261e+01 -2.768236295607563235e+01
-4.060442438077731708e+01 -2.404929055320381792e+01
-3.986872916116251275e+01 -2.081306973381158798e+01
-3.917137365831089113e+01 -1.788434754169062302e+01
-3.841489772141385117e+01 -1.526189885810868496e+01
-3.746925413131384630e+01 -1.296999231548068643e+01
-3.673063287197593496e+01 -1.086889116824272961e+01
-3.678018010275475547e+01 -8.851479428342411637e+00
-3.700934353156260670e+01 -7.044344527429721836e+00
-3.619244643808601580e+01 -5.716259630893464561e+00
-3.468032235149373577e+01 -4.910669201357527491e+00
-3.371355281773318779e+01 -3.711029082925369149e+00
-3.374907222944879948e+01 -2.367102395880703369e+00
-3.473901841942529956e+01 -1.260983847510904532e+00
-3.562875923378184240e+01 -1.634324691142190478e-01
-3.559252080270283614e+01 9.826223922737878924e-01
-3.470589391591947503e+01 1.809990496019554751e+00
-3.333701253163292932e+01 2.168285367973847855e+00
-3.186004648316322374e+01 2.243062248947405024e+00
-3.049225871264964738e+01 2.285006920734661939e+00
-2.932403215442755595e+01 2.133831162284590022e+00
-2.852426877097552804e+01 1.639817321295395480e+00
-2.842588617197774070e+01 7.572147274972862441e-01
-2.884507767623117402e+01 -2.729834014669922371e-01
-2.913045284815855851e+01 -1.142790215605998139e+00
-2.858145870436406000e+01 -1.487753844401726200e+00
-2.773297282803482489e+01 -1.208039152427781593e+00
-2.680794249338053348e+01 -8.734124266380949297e-01
-2.600554769199131755e+01 -1.021602271599612699e+00
-2.542044806971676962e+01 -1.585606506705079299e+00
-2.511039974161035104e+01 -2.427874557739321926e+00
-2.508676768060872675e+01 -3.438778201943456292e+00
-2.521254506845221144e+01 -4.546871622565281434e+00
-2.508357206825595753e+01 -5.752682606304739821e+00
-2.471999044040514448e+01 -7.098706184198385394e+00
-2.432963440679938572e+01 -8.678036031696668928e+00
-2.396374820545388928e+01 -1.053444782982020200e+01
-2.362337484707115820e+01 -1.267159542278573880e+01
-2.329134153605540547e+01 -1.505195640619987252e+01
-2.293129911164265877e+01 -1.760324540012335603e+01
-2.253598120621071033e+01 -2.022783521734271517e+01
-2.212247437903712566e+01 -2.282906374828093021e+01
-2.168629369783894134e+01 -2.533093463257326761e+01
-2.125337543815189889e+01 -2.767940725446673156e+01
-2.088724054337953007e+01 -2.985437332456375614e+01
-2.056156829858032253e+01 -3.183976111056135139e+01
-2.026172005505580387e+01 -3.363450971451242566e+01
-2.006529527263273138e+01 -3.523722120319094842e+01
-2.006893495977729458e+01 -3.665117111048099474e+01
-2.020322625319582599e+01 -3.789200572629636810e+01
-2.018323510017810563e+01 -3.893825035591816430e+01
-1.981332275799320897e+01 -3.969340376993596919e+01
-1.914915537966114556e+01 -4.005448093167019152e+01
-1.837274799798719016e+01 -4.001434714434267903e+01
-1.764544993473125345e+01 -3.980562138878764955e+01
-1.705965963314555012e+01 -4.006032476703511236e+01
-1.658106801792277096e+01 -4.053040181434116107e+01
-1.603913904107963262e+01 -4.085314078938606741e+01
-1.544348728602495235e+01 -4.094964304165326041e+01
-1.484507005382876166e+01 -4.088647440539230615e+01
-1.426345981955153697e+01 -4.074856316354128438e+01
-1.370944075086444869e+01 -4.055793499962676663e+01
-1.319776599925529048e+01 -4.029363791811640283e+01
-1.274242636113512717e+01 -3.993617088994948716e+01
-1.231844049479750858e+01 -3.952579705961885281e+01
-1.185480288255904924e+01 -3.916038720880410295e+01
-1.128128156624181955e+01 -3.896136894195599609e+01
-1.068072348233146229e+01 -3.878017934267148092e+01
-1.015400112499284191e+01 -3.846035755657108268e+01
-9.788332209851132504e+00 -3.794636007926370525e+01
-9.606473600333570673e+00 -3.726828579523292717e+01
-9.536043443420577859e+00 -3.648319330537093919e+01
-9.349449699162313721e+00 -3.566613097044872660e+01
-8.859512790043932995e+00 -3.488453632986595920e+01
-8.201297809309966880e+00 -3.407726652639147602e+01
-7.705966590430399776e+00 -3.305438982649520341e+01
-7.527817136896949535e+00 -3.175707047991064869e+01
-7.479850356794153221e+00 -3.022432012822694247e+01
-7.292053262234946764e+00 -2.847046242435405361e+01
-6.923597811869462326e+00 -2.648524663997945439e+01
-6.402996919546131593e+00 -2.424861869867365272e+01
-5.786110315426529205e+00 -2.175942251532584848e+01
-5.075083313047922928e+00 -1.907299605737098247e+01
-4.292096378341932805e+00 -1.625895543847577329e+01
-3.479398098885216672e+00 -1.339500636138408218e+01
-2.658211078262549432e+00 -1.059852036674640452e+01
-1.942883485096225549e+00 -8.043955056075352772e+00
-1.394280665243268436e+00 -5.820673790606739395e+00
-9.945735235975772248e-01 -3.964340188282862609e+00
-6.902048923085480903e-01 -2.475484445343977047e+00
-4.798349631494265854e-01 -1.310333217324157085e+00
-2.984991339706858926e-01 -4.541814403422022028e-01
4.669513643071701060e-03 1.559282684254981177e-02
