4.042037077122987654e+01 4.772340142598341828e+01
5.681444627238667522e+01 4.720792538623867785e+01
5.978001867515885692e+01 4.671195636434035947e+01
5.566782993571604266e+01 4.626117088164374280e+01
4.859013198570792724e+01 4.589553570139779026e+01
4.172127036126419597e+01 4.568194828926377937e+01
3.830163842316888889e+01 4.573539445984600604e+01
3.741161542053217914e+01 4.425297974209556884e+01
3.797368171310785101e+01 4.248587668772154302e+01
3.793307244955636293e+01 4.094033026214361826e+01
3.713823336462497338e+01 4.012109217735539346e+01
3.588350470553047700e+01 4.037411019594306794e+01
3.455281876893283766e+01 4.050701096359054532e+01
3.334985555586548855e+01 4.011499330686153542e+01
3.252395611590715419e+01 3.935853465569978482e+01
3.210079697192161063e+01 3.854235726085875768e+01
3.217442010490763238e+01 3.788940265314469258e+01
3.289942084236366782e+01 3.762609620026209001e+01
3.386395293534170037e+01 3.747287260786317376e+01
3.478310016057855591e+01 3.728069933585687323e+01
3.536990128711151726e+01 3.692325615602421607e+01
3.530222883749621587e+01 3.641044258194894212e+01
3.482386587539340184e+01 3.590606140898500342e+01
3.411471551937987812e+01 3.550171214885452997e+01
3.328565265752889246e+01 3.525240023036862880e+01
3.240431160187092274e+01 3.518412146903849447e+01
3.151579210244063844e+01 3.528128256877995739e+01
3.064877562839792091e+01 3.549933296426423368e+01
2.981820968557100926e+01 3.575788160133382121e+01
2.910831196289890244e+01 3.611588330017980297e+01
2.867911193115825697e+01 3.667080701038960910e+01
2.873233101288149172e+01 3.748018352491684624e+01
2.902952090005070573e+01 3.847666853287218913e+01
2.916655334811925471e+01 3.964802323380615690e+01
2.890654188672020908e+01 4.053243779342733433e+01
2.791030004815643295e+01 4.055745587046322242e+01
2.664138917592904221e+01 3.983664692534452456e+01
2.518011061284903818e+01 3.943573802288346286e+01
2.420699748496485881e+01 4.052789672805211296e+01
2.410189530572092664e+01 4.233547153380007444e+01
2.303140698669110975e+01 4.340544271539058485e+01
2.157330537154453864e+01 4.308612024797154305e+01
2.023182906319266294e+01 4.261311696199918941e+01
1.958686479027381466e+01 4.373261128648618268e+01
1.915770379590824746e+01 4.513803363313379435e+01
1.807049093892884883e+01 4.548732318467525459e+01
1.716612985544542980e+01 4.456910321144275855e+01
1.627315501114034291e+01 4.377962055342825209e+01
1.540395640895392404e+01 4.394073945048044294e+01
1.489793536592829426e+01 4.493838422784347131e+01
1.466136264309617410e+01 4.612823544328320935e+01
1.382056923019385053e+01 4.666210215121989080e+01
1.279996042727520766e+01 4.648895986871994523e+01
1.202448609944548785e+01 4.569703246481262227e+01
1.165951822054595510e+01 4.456642096107047024e+01
1.106532787483159019e+01 4.381046065626496500e+01
1.017269958980451960e+01 4.422499033672512780e+01
9.206449042509703418e+00 4.476195443121719819e+01
8.199450409178291821e+00 4.448556320170558820e+01
7.341611335042067310e+00 4.380266073984311959e+01
6.708663258327044687e+00 4.289929897464534747e+01
6.364721917057024392e+00 4.188362979783499185e+01
6.055061164684345520e+00 4.095646826215000402e+01
5.257572498121320770e+00 4.045662764212767826e+01
4.603230458176431839e+00 3.980930595234677583e+01
4.265783306271211828e+00 3.897143452705848432e+01
4.180800484650468718e+00 3.804064636498606689e+01
3.978503010713390520e+00 3.713332472457673106e+01
3.652957638218410796e+00 3.626756408808192589e+01
3.346165430936919094e+00 3.539616582821194157e+01
3.095341333013724494e+00 3.447952315149967717e+01
2.894403815572600180e+00 3.348263080212290532e+01
2.715569525120128613e+00 3.238536132364011877e+01
2.564790079714422522e+00 3.116599227774020164e+01
2.441727324177937142e+00 2.981330507971642163e+01
2.337999783249544716e+00 2.832070031821019995e+01
2.229675194884414235e+00 2.668716167185078092e+01
2.068597441607017640e+00 2.493716592882809735e+01
1.852344028202671966e+00 2.311379130709771346e+01
1.646503075971653907e+00 2.128078095175129292e+01
1.522910165663834192e+00 1.947251190469950544e+01
1.410615014201278994e+00 1.769913155736882615e+01
1.239340670624857754e+00 1.596243846501961805e+01
9.614126509627725081e-01 1.426362531019334057e+01
6.813159094291781903e-01 1.256169048169314095e+01
6.028111357584426955e-01 1.083782337943101126e+01
5.637660326388088672e-01 9.131313852108689844e+00
4.687042885396170977e-01 7.487129523764282091e+00
3.418291377886049642e-01 5.946468128485583371e+00
1.955883779531658040e-01 4.550432392453143571e+00
5.883214511638072686e-02 3.339963157611687272e+00
-4.624833968735368728e-02 2.334552034425454003e+00
-1.328812538167262747e-01 1.542870983164498888e+00
-2.068192462770498397e-01 9.572846941906621998e-01
-2.822637809932405095e-01 5.481896866349961206e-01
-3.231951706193481599e-01 2.595918111792064331e-01
-2.945840442780201518e-01 6.576508946031926761e-02
-2.177075806492519694e-01 -3.909801881462293682e-02
-1.146388930405891904e-01 -3.421298637648571145e-02
6.609082426531836442e-12 -3.950236747133724711e-08
