3.009261852596066689e+01 4.603522187140578126e+01
4.518435931312129128e+01 4.549551158427154007e+01
5.115443146429189625e+01 4.496045506309496176e+01
5.165945574919888372e+01 4.443590555743674031e+01
4.894746792628717458e+01 4.393042444462894736e+01
4.443733435112184793e+01 4.345748787957720793e+01
3.908445800683051630e+01 4.303896020253176857e+01
3.362702851353012790e+01 4.271072944522342851e+01
2.877620155418121328e+01 4.253193605086384110e+01
2.507302629537567285e+01 4.233400442215562265e+01
2.273047133402282327e+01 4.046186306377376951e+01
2.109023638359370523e+01 3.829917450732133233e+01
1.868317548720444776e+01 3.790780479684456594e+01
1.702553745622746462e+01 3.710445035304633876e+01
1.749457211041086424e+01 3.545442683597007516e+01
1.815465123590970009e+01 3.393462232848770554e+01
1.739576662465532664e+01 3.334281752804556476e+01
1.616473380725307152e+01 3.329918238823631782e+01
1.517464944875549371e+01 3.309994903359368124e+01
1.504312642541116496e+01 3.243391618685457445e+01
1.529571240519219977e+01 3.164141136269081045e+01
1.558522108721966504e+01 3.086013370437775905e+01
1.582175915903300556e+01 3.012726550688011073e+01
1.607277011908593423e+01 2.945961015718171438e+01
1.639092379087312068e+01 2.885464451921730600e+01
1.673835075926560734e+01 2.828013686940728633e+01
1.707638378307474269e+01 2.772074269054925466e+01
1.744297669479829693e+01 2.723001971704535151e+01
1.787247438745707484e+01 2.688384486403337803e+01
1.834002772958828587e+01 2.673031452701846078e+01
1.879017013533250235e+01 2.680263166263218011e+01
1.915626193825487888e+01 2.713236407185639720e+01
1.943062617673142967e+01 2.766182006591424880e+01
1.971617639830240520e+01 2.824952637605953853e+01
2.013865538120087706e+01 2.875800571166662678e+01
2.062954723065456619e+01 2.911529833372386022e+01
2.116298088595828375e+01 2.916526637628226482e+01
2.169584637640771518e+01 2.877486351543058163e+01
2.225896567811685145e+01 2.830366695501325580e+01
2.285111093434917251e+01 2.802715585339164051e+01
2.339516978199772623e+01 2.814809067474196524e+01
2.373275914886003690e+01 2.867932664845118751e+01
2.400645845572797299e+01 2.932445713894516715e+01
2.433812749717229096e+01 2.982219941593197632e+01
2.483289203707528969e+01 2.991081492582810242e+01
2.535314276055288119e+01 2.966215434356163172e+01
2.579548513465401882e+01 2.916248598865383457e+01
2.611738430776054543e+01 2.851343189723826299e+01
2.639066627775769192e+01 2.783438154718008661e+01
2.679975240553232396e+01 2.726370131771285799e+01
2.719669164090383262e+01 2.672264401755551688e+01
2.748785732584027031e+01 2.615861435884387021e+01
2.760962641850397503e+01 2.556696236188074778e+01
2.754076457855843074e+01 2.497895989189402144e+01
2.731030530375529608e+01 2.443786913341927658e+01
2.693349196857826655e+01 2.399718272849652934e+01
2.642579099481319815e+01 2.372470985310520319e+01
2.582973032550682291e+01 2.366109164391818354e+01
2.533545765218959644e+01 2.355354186338520250e+01
2.514872044880982571e+01 2.323469850287304439e+01
2.517261000812376182e+01 2.280159072923873964e+01
2.533510652279917963e+01 2.232315344639868826e+01
2.548582121049658511e+01 2.182930203338335673e+01
2.548038248153064700e+01 2.134549174700385876e+01
2.530525345483203381e+01 2.091414100910447260e+01
2.498388920090515697e+01 2.057410398237248117e+01
2.454239847196300062e+01 2.035944562294933391e+01
2.402203725139212054e+01 2.026658600317706060e+01
2.347625385864809644e+01 2.021530029695848540e+01
2.295661961188987377e+01 2.007214105248165836e+01
2.249042014009152624e+01 1.979404714910850061e+01
2.206155933063886820e+01 1.942683248406216379e+01
2.163549992904831853e+01 1.902530058278276925e+01
2.118102117922459726e+01 1.862621021899292728e+01
2.068446885881331809e+01 1.823840697937973232e+01
2.014790644983230194e+01 1.785082601973920191e+01
1.957723723135659455e+01 1.744308942729597334e+01
1.897403284961135839e+01 1.699370689543304991e+01
1.833660626396451576e+01 1.648743472006662714e+01
1.765237242175561505e+01 1.592798506959007021e+01
1.690854810641394579e+01 1.532214746940312011e+01
1.609325284471956508e+01 1.467791077082639362e+01
1.521507289190669354e+01 1.398937809281346034e+01
1.429283493414052231e+01 1.324113320917081005e+01
1.333951233939042957e+01 1.242650125995905874e+01
1.236398852504646939e+01 1.154678348394037712e+01
1.136651953219942612e+01 1.061880031528727919e+01
1.034555416820407814e+01 9.667951200690888314e+00
9.301922999205077147e+00 8.715877456427698178e+00
8.244118096719816435e+00 7.782570519230363359e+00
7.187332461208469248e+00 6.870079583612652030e+00
6.144579644871249968e+00 5.975449879200233738e+00
5.129465458506341058e+00 5.098057577877277424e+00
4.147191326205735606e+00 4.247801616456970741e+00
3.206178578035751681e+00 3.429458965967067119e+00
2.328459080478563870e+00 2.640401121228198367e+00
1.542815510111065880e+00 1.884377683967976003e+00
8.700552402512132799e-01 1.170485860931021138e+00
3.479310488355428777e-01 5.211857586810020315e-01
-1.345937992618970354e-02 1.674569644562945436e-02
