-4.809076797652164004e+01 1.296803932543502680e-01
-6.885990854719611320e+01 2.268090685160495112e-01
-7.401597290146219166e+01 3.192317264182272796e-01
-7.052591343050328021e+01 4.008131616397518360e-01
-6.273090755762491710e+01 4.621257575144644414e-01
-5.366474583309102542e+01 4.875863779682820254e-01
-4.597517579323960746e+01 4.507238095576798775e-01
-4.272800735849931186e+01 3.061396569519085897e-01
-4.035303819848004281e+01 3.562367911436669088e-01
-3.843174008328990254e+01 2.168764079718693560e-01
-3.684286290863769153e+01 -8.742514278760264712e-02
-3.548213594345894251e+01 -2.427600565324496140e-01
-3.443251696890769864e+01 3.730727933972161625e-01
-3.338514436108727779e+01 4.511461682764394965e-01
-3.256811993772581104e+01 -2.038082592557659001e-01
-3.167989216437888800e+01 -5.483819296052092618e-01
-3.083833965728925364e+01 -4.507274129784458738e-01
-3.017684994441350099e+01 1.155330357853809609e-01
-2.948506451412969653e+01 7.204780799903810762e-02
-2.910130452360813891e+01 -4.957532192407974603e-01
-2.900826174238586219e+01 -1.256914523709754317e+00
-2.848919152248940989e+01 -1.589098308742246113e+00
-2.788220255354347188e+01 -1.269412039234118383e+00
-2.725659520224887800e+01 -8.654798423932416052e-01
-2.665398850233928130e+01 -1.139130168162215906e+00
-2.644773335819614601e+01 -1.866904617188896998e+00
-2.674785276917706867e+01 -2.753548281621974514e+00
-2.649020737062843622e+01 -3.395982216753397065e+00
-2.555004294047501645e+01 -3.270789587971879353e+00
-2.484592186919293866e+01 -3.733682778507251498e+00
-2.440235236301080590e+01 -4.508158716893159834e+00
-2.439016119537691196e+01 -5.330918345302241512e+00
-2.520441423072793086e+01 -5.790818222227905210e+00
-2.594468809407766940e+01 -6.268048836612079455e+00
-2.559849453872742586e+01 -7.217443449401117483e+00
-2.439684378818081356e+01 -7.628053521420271821e+00
-2.352168661435322150e+01 -8.194183158121829180e+00
-2.391909931391021615e+01 -9.137915560040587692e+00
-2.498560459098204944e+01 -9.974000671284949604e+00
-2.493567129329578691e+01 -1.094911802119921340e+01
-2.370432402783878345e+01 -1.142019305657655792e+01
-2.293502623330808277e+01 -1.209262108005625258e+01
-2.381191261868226050e+01 -1.292285444271221806e+01
-2.467814607276905292e+01 -1.388115255491268840e+01
-2.450361051583243821e+01 -1.509174315068624139e+01
-2.371117116881336173e+01 -1.585820312412752742e+01
-2.277557657786196543e+01 -1.546020412356450713e+01
-2.181352024030370984e+01 -1.482010665696161134e+01
-2.093351360743832501e+01 -1.476647192938522757e+01
-2.041973841754894536e+01 -1.539633511767142870e+01
-2.051154972486190076e+01 -1.632387469282053871e+01
-2.097820283301596334e+01 -1.724715441688893236e+01
-2.122500558806225612e+01 -1.798822574524208306e+01
-2.066153909027503133e+01 -1.831115865739310777e+01
-1.980328553784609014e+01 -1.816198729956240854e+01
-1.895113252055979913e+01 -1.798902078034275576e+01
-1.834651204635100541e+01 -1.846882137343327557e+01
-1.777786607137031538e+01 -1.888145375942537285e+01
-1.712835833709685218e+01 -1.858459963586012620e+01
-1.649615297394103308e+01 -1.830604515635759810e+01
-1.599999020184275622e+01 -1.875263563417619039e+01
-1.551811708732849482e+01 -1.937143838768609783e+01
-1.481350822682039947e+01 -1.956066632364899505e+01
-1.407318760039105143e+01 -1.923189208909877124e+01
-1.338418776352518869e+01 -1.875564166765293450e+01
-1.266645148322333903e+01 -1.898910787731460914e+01
-1.195651280939392258e+01 -1.945654637325493042e+01
-1.116668962145530664e+01 -1.953253411000752493e+01
-1.043472619978496851e+01 -1.919595493844883904e+01
-9.818629829063073799e+00 -1.862174853568737021e+01
-9.096888373420972229e+00 -1.827566658547769407e+01
-8.327536715528554012e+00 -1.811147201040624921e+01
-7.615115936698702903e+00 -1.786986096344389097e+01
-6.982037264450722702e+00 -1.752010100006288695e+01
-6.398128350627056982e+00 -1.712769445327059614e+01
-5.840696486192268999e+00 -1.673150553389729112e+01
-5.302994704597811193e+00 -1.632638536733217549e+01
-4.777729965281419133e+00 -1.589983561602502782e+01
-4.273799500215891278e+00 -1.542970823368798605e+01
-3.790523724452781629e+00 -1.491565318725684897e+01
-3.337498209569422780e+00 -1.434925223505670644e+01
-2.888399251844017801e+00 -1.375446246241290993e+01
-2.441174518479541700e+00 -1.313316222239905429e+01
-2.014364699040750217e+00 -1.246873282712188136e+01
-1.616615995635595215e+00 -1.176666509957873252e+01
-1.238353892990148752e+00 -1.104839051558239937e+01
-8.959718165078830454e-01 -1.032330501015766444e+01
-6.134628414492242499e-01 -9.586615786396265548e+00
-4.004040759208205569e-01 -8.816945715495549507e+00
-2.417468721955580158e-01 -7.996068797003295536e+00
-1.391224385167022792e-01 -7.101907649950618406e+00
-5.376103570922340785e-02 -6.121954266680575962e+00
5.448119013554846707e-02 -5.072621750233340165e+00
1.757797115495457752e-01 -3.998794821918715936e+00
2.864274495505985674e-01 -2.959288057774592584e+00
3.558778104672787324e-01 -2.008567567581372337e+00
3.147228028925005971e-01 -1.212120788135037985e+00
2.733453063354718826e-01 -5.770982493918128675e-01
2.649073325611369656e-01 -1.227429051365926949e-01
4.540474040985162710e-04 -3.735526818701293472e-04
