-4.508649018165466060e+01 2.072091061391649447e+00
-7.566575286557629454e+01 1.699182057866153839e+00
-8.671892091673879577e+01 1.299195502203551067e+00
-8.609774268121786633e+01 8.385334441775982306e-01
-7.884273199640357177e+01 2.689869957762459629e-01
-6.839694474422252313e+01 -4.838725889726083196e-01
-5.743508287811092572e+01 -1.538616695593684192e+00
-4.850757457676645856e+01 -3.086512019283683017e+00
-4.411678995355094912e+01 -5.352532142066822374e+00
-4.388938591719576010e+01 -9.028052754733636220e+00
-4.502263263865690135e+01 -1.240478736017021255e+01
-4.536759070609328859e+01 -1.548510898746009623e+01
-4.520788452282244663e+01 -1.807690796130866673e+01
-4.492417624718628844e+01 -2.016158975334017711e+01
-4.437817259329279551e+01 -2.170002947662646875e+01
-4.330566161320478358e+01 -2.244729733268176375e+01
-4.192280900469389593e+01 -2.243574972173960802e+01
-4.047746206239654043e+01 -2.222466945289684048e+01
-3.896520807757075033e+01 -2.203722236043472549e+01
-3.725639420914708211e+01 -2.262844611823959795e+01
-3.549451780412962876e+01 -2.308944642259358559e+01
-3.438612276155415515e+01 -2.295136090672817986e+01
-3.487462564004787424e+01 -2.195646613979327100e+01
-3.604112087196030956e+01 -2.051631120365142635e+01
-3.709571007376329987e+01 -1.895487059127789209e+01
-3.716884829313340077e+01 -1.748714967063435566e+01
-3.603077454616799713e+01 -1.666417734545115437e+01
-3.438804842852052701e+01 -1.643288429956490759e+01
-3.271877892256394915e+01 -1.649080765105228963e+01
-3.156591687077963826e+01 -1.638210936693082331e+01
-3.159783696929238417e+01 -1.560210615372581877e+01
-3.217922270675347818e+01 -1.445217630558729915e+01
-3.275862679136429279e+01 -1.314241507033796807e+01
-3.285261823002262105e+01 -1.181637499023393723e+01
-3.254564034576804232e+01 -1.055479398430619753e+01
-3.202033640077755905e+01 -9.356975803168857908e+00
-3.140448657684956757e+01 -8.183431844785548748e+00
-3.076913094405176707e+01 -6.995304552233317708e+00
-3.014303259712317740e+01 -5.771681417410658987e+00
-2.951389233798908407e+01 -4.515574730593491459e+00
-2.886148565586560011e+01 -3.250147622461479369e+00
-2.818990159579579569e+01 -2.021533918211611880e+00
-2.739067110880930755e+01 -9.912187184046725719e-01
-2.636410440930679400e+01 -4.367334060927187123e-01
-2.527207164949768980e+01 -4.865153814653160880e-01
-2.434610282558359273e+01 -1.042119308544624534e+00
-2.379988202944023357e+01 -2.085794683567926189e+00
-2.339770866914554404e+01 -3.282670688533773529e+00
-2.301375352674042318e+01 -4.536365870658339183e+00
-2.247256886330591286e+01 -5.722932719355517506e+00
-2.152481093646942156e+01 -6.668150048474926095e+00
-2.113130427230448305e+01 -7.694834535569148315e+00
-2.179767069093800202e+01 -8.619341506571398526e+00
-2.271882619600764386e+01 -9.516219975953815080e+00
-2.320332474322264815e+01 -1.057733670215306709e+01
-2.300450151036762492e+01 -1.164484995040191428e+01
-2.212504040477539036e+01 -1.253645292498697827e+01
-2.107091370966009691e+01 -1.336612556720692524e+01
-2.010751968882768281e+01 -1.418394610710900849e+01
-1.979255235617337050e+01 -1.529141866246055770e+01
-1.997965295435005117e+01 -1.652353138752600259e+01
-2.017088453189489172e+01 -1.776292012314544877e+01
-2.008097340158646560e+01 -1.894216655261998383e+01
-1.969168506736525970e+01 -1.998928019485144958e+01
-1.906602679590139360e+01 -2.085470675622936554e+01
-1.827094267534704031e+01 -2.151948899810408022e+01
-1.736751726086084702e+01 -2.199034822568554759e+01
-1.644483094477921981e+01 -2.236024341093101597e+01
-1.556261733199284159e+01 -2.273450525771978548e+01
-1.470346825705109062e+01 -2.305176561556735138e+01
-1.385341002639685648e+01 -2.325668894324135394e+01
-1.301826385386975460e+01 -2.334572790735360215e+01
-1.220701019256746989e+01 -2.332625949370650531e+01
-1.142926734293305735e+01 -2.322109080257063241e+01
-1.069316981542496592e+01 -2.303710682667917453e+01
-1.000112004475913530e+01 -2.277763493308202669e+01
-9.354073350513401053e+00 -2.243559766147078349e+01
-8.752560171602775441e+00 -2.200856332710186436e+01
-8.193162235606353150e+00 -2.150159954969764087e+01
-7.667302915613249503e+00 -2.092535848511211327e+01
-7.173423116627561491e+00 -2.028166674500362276e+01
-6.696187257835150675e+00 -1.957863953660488576e+01
-6.229915518731642621e+00 -1.881621385697578930e+01
-5.773473499065110204e+00 -1.798947556002329051e+01
-5.323507666856085230e+00 -1.709328000452533303e+01
-4.877158710091729965e+00 -1.612223892813678106e+01
-4.424937139132866015e+00 -1.507417327884009595e+01
-3.963345742317502474e+00 -1.394443328484434197e+01
-3.495665653308493770e+00 -1.272956417097139337e+01
-3.021783583097664483e+00 -1.143711314216253427e+01
-2.555899174314994582e+00 -1.008500356359536632e+01
-2.107845596648339814e+00 -8.689052398238999331e+00
-1.692846109354699147e+00 -7.274048056758307013e+00
-1.325854392827273687e+00 -5.884792481527217234e+00
-9.955610877012553983e-01 -4.561730401536840951e+00
-6.993901261180160978e-01 -3.332934730062056428e+00
-4.448892442825503890e-01 -2.225852524439888125e+00
-2.334207208291209368e-01 -1.264703371230738282e+00
-8.605827081096081854e-02 -4.902222009345051923e-01
1.504964190050500476e-04 -7.794866800404453124e-04
