-3.981273415734076337e+01 4.244155960077916490e+01
-3.169872569692831377e+01 4.290771062192115437e+01
-2.202518266112505430e+01 4.278233874797273018e+01
-1.468478161395338155e+01 4.466358630770151450e+01
-9.344301024615502271e+00 4.538451354188632081e+01
-5.875281778547289058e+00 4.534102839092246739e+01
-3.713142555274511203e+00 4.457055977010634251e+01
-2.340702777553266944e+00 4.357498798350918179e+01
-1.591375924155913335e+00 4.256604156825674323e+01
-1.652772377358557199e+00 4.172526139807237655e+01
-2.693210732268714214e+00 4.148643066904480747e+01
-3.782236245132101882e+00 4.126039725191162688e+01
-4.015631762154592721e+00 4.046491970402535543e+01
-3.525006089490556160e+00 3.946864247201233411e+01
-2.768090146216678260e+00 3.851615564596512087e+01
-2.156153282210270472e+00 3.748185959699124226e+01
-2.225848562434373790e+00 3.650061536563826792e+01
-2.808441011015197386e+00 3.593394053475923755e+01
-3.670037398142463658e+00 3.627880658868061658e+01
-4.685273690818314130e+00 3.706387106110719998e+01
-5.892885272121144880e+00 3.793402126893673199e+01
-7.554747141684697631e+00 3.876101573803309464e+01
-9.531775666319955320e+00 3.929200145671333644e+01
-1.152738680143831651e+01 3.932797511154232240e+01
-1.284363852004616824e+01 3.871590876101883794e+01
-1.200227176038107402e+01 3.764688962173925546e+01
-1.029079218057938050e+01 3.639416690390476816e+01
-8.526835119993673828e+00 3.513178790157457598e+01
-7.474400109832441963e+00 3.390724701332617030e+01
-7.071961625244378880e+00 3.281128965685757493e+01
-7.454433951894552379e+00 3.201823386368058522e+01
-8.365303086988486569e+00 3.169192675004302728e+01
-9.518655887201438404e+00 3.184676818522947883e+01
-1.072466645368561089e+01 3.203185539515238389e+01
-1.182908645827320093e+01 3.165619434305256519e+01
-1.278467600172358232e+01 3.080922957148927921e+01
-1.374430723419397182e+01 2.978762063137441274e+01
-1.485179181931429504e+01 2.876697586278890384e+01
-1.613413451354214345e+01 2.776016384837434003e+01
-1.758265400065836559e+01 2.675186624833159499e+01
-1.919198965227437270e+01 2.576573470517858411e+01
-2.091001747011199896e+01 2.477342505371147396e+01
-2.271236386375939276e+01 2.380957163149698630e+01
-2.450434330377130010e+01 2.279724448898721789e+01
-2.607796751696160698e+01 2.153303804117041764e+01
-2.726149939401832967e+01 1.991565948495546223e+01
-2.835416510439592486e+01 1.838801885137381831e+01
-3.016495811770798952e+01 1.805218624949475625e+01
-3.218451398923979667e+01 1.806470201443681844e+01
-3.359315152442025010e+01 1.702628820680973476e+01
-3.358124252268843435e+01 1.508845732117831773e+01
-3.298020543746169864e+01 1.297164921408611171e+01
-3.321013942832372834e+01 1.149247753405889760e+01
-3.452023786852119969e+01 1.188173926597960417e+01
-3.623614339826610831e+01 1.285260870436851732e+01
-3.790263886823243666e+01 1.343233458572739458e+01
-3.929948287953751418e+01 1.297446910219558802e+01
-4.018851949254939626e+01 1.179240568637471753e+01
-4.060008150185858256e+01 1.030509412987846751e+01
-4.095481628173472188e+01 8.828579078644622768e+00
-4.145591181896556776e+01 7.476482928920017201e+00
-4.201989248140786515e+01 6.246335603391217184e+00
-4.220750026797551158e+01 5.052422287478124829e+00
-4.178518344796846407e+01 3.999722569641694925e+00
-4.085498203956363739e+01 3.291133595401601220e+00
-3.966165674168838962e+01 3.114971825985105802e+00
-3.837935317278450498e+01 3.815542136934319206e+00
-3.717881072440204804e+01 4.651092995298658828e+00
-3.638082254484162803e+01 5.075428611913756605e+00
-3.652356543454860827e+01 4.320292526564393221e+00
-3.702456850993070958e+01 3.120314674104858188e+00
-3.750109715733196936e+01 1.930034208374912685e+00
-3.735984627095903221e+01 1.051598265562969425e+00
-3.666524159630798607e+01 5.329044822537936099e-01
-3.578923831661909105e+01 2.016539365184270294e-01
-3.489415782536653410e+01 -6.358222885453809758e-02
-3.402934308338207359e+01 -3.040224563611587105e-01
-3.319173429989902502e+01 -5.106522786579292816e-01
-3.237311114606530538e+01 -6.949761307467157145e-01
-3.155359996921086108e+01 -8.569355513218890330e-01
-3.071117091942224064e+01 -1.002097885584670944e+00
-2.982717735176969853e+01 -1.128780740363274582e+00
-2.889119680348067831e+01 -1.231185449011560351e+00
-2.790690079684584290e+01 -1.311447635462369865e+00
-2.687172975804987729e+01 -1.358213292703426722e+00
-2.577705349683914093e+01 -1.381324309750698864e+00
-2.461589347759507973e+01 -1.384061538370294331e+00
-2.339790986683327034e+01 -1.365949480782716829e+00
-2.212421909447270352e+01 -1.326629120575150367e+00
-2.078736239037119660e+01 -1.269334568282834752e+00
-1.938709927875968475e+01 -1.191620985679898936e+00
-1.791951045747568827e+01 -1.091458750219957530e+00
-1.636964650760937801e+01 -9.773741187098315963e-01
-1.470348097078334781e+01 -8.401442564163639215e-01
-1.286845432411347723e+01 -6.918112905729514317e-01
-1.080559089511562831e+01 -5.180028865778818492e-01
-8.456063240902491174e+00 -3.231005119932266467e-01
-5.805305208242512727e+00 -1.363247771485286697e-01
-2.894633522159203221e+00 -1.931931945615561821e-02
-9.305888873822575069e-03 2.536526195759859922e-04
