-4.559629769888361750e+01 -1.083743842364527588e+00
-7.517169062961629322e+01 -1.073218858461533198e+00
-9.425277530964378059e+01 -1.063156915929658108e+00
-1.063970173473656615e+02 -1.053293586374011603e+00
-1.139560104538914089e+02 -1.043904854843735075e+00
-1.184833518556150125e+02 -1.032260139962352996e+00
-1.210065386837701737e+02 -1.018865394305725092e+00
-1.222065114047535417e+02 -1.008896386737412332e+00
-1.225315975654920635e+02 -1.000450854612179086e+00
-1.222756394318824675e+02 -9.856145052382008220e-01
-1.216400186130657630e+02 -9.783642737072404394e-01
-1.207476805377449125e+02 -9.614656457549164426e-01
-1.196902932061179712e+02 -9.499727986462677132e-01
-1.185210021713091351e+02 -9.348462090274707315e-01
-1.172809147728963239e+02 -9.251936205544386560e-01
-1.159905350563934121e+02 -9.106194044897313322e-01
-1.146703244906562418e+02 -9.010066124024691536e-01
-1.133288070194886643e+02 -8.907603086863279396e-01
-1.119733339213357795e+02 -8.803655324495757162e-01
-1.106085325021635413e+02 -8.696006003539451523e-01
-1.092370435193617908e+02 -8.569726940877887555e-01
-1.078620132205675333e+02 -8.460153904917326884e-01
-1.064845695060836590e+02 -8.357889737202859326e-01
-1.051050906858913976e+02 -8.248690501904869521e-01
-1.037245223765343098e+02 -8.141203693103277184e-01
-1.023433030767376977e+02 -8.035763332514065382e-01
-1.009612078248028553e+02 -7.922666401844430384e-01
-9.957893859757932375e+01 -7.812729604137302886e-01
-9.819645069793023140e+01 -7.702840017465476530e-01
-9.681344613362178109e+01 -7.587495538987450994e-01
-9.543056378546887686e+01 -7.475189600237871490e-01
-9.404780787104563444e+01 -7.365251174280046387e-01
-9.266500166858655518e+01 -7.255125144274893190e-01
-9.128194832673518988e+01 -7.142995011210113709e-01
-8.989866141603269512e+01 -7.029461995194207224e-01
-8.851537807146856096e+01 -6.916434444285730621e-01
-8.713187066533321001e+01 -6.802293466011344325e-01
-8.574915195844647542e+01 -6.693036109655634558e-01
-8.436636510735975492e+01 -6.583015397917710843e-01
-8.298294094939548415e+01 -6.469911220657741380e-01
-8.160006662297948310e+01 -6.359300855065840308e-01
-8.021714198355915926e+01 -6.248267661239079729e-01
-7.883436872491495251e+01 -6.137394167844457682e-01
-7.745140941983737548e+01 -6.025787676311886720e-01
-7.606846043000001600e+01 -5.914022079618839189e-01
-7.468552979539035164e+01 -5.802063764621554487e-01
-7.330244737607388572e+01 -5.689890930786005718e-01
-7.191938417974073161e+01 -5.577755898038218030e-01
-7.053633015875276158e+01 -5.465661192045510042e-01
-6.915327965784221931e+01 -5.353615381802679929e-01
-6.777023403627454456e+01 -5.241604190583721845e-01
-6.638719815684295611e+01 -5.129565552720934951e-01
-6.500417756801849123e+01 -5.017440511914100787e-01
-6.362118227405683513e+01 -4.905190277205949134e-01
-6.223822614212121351e+01 -4.792752372158214924e-01
-6.085532193932746736e+01 -4.679937357855646907e-01
-5.947229454367302282e+01 -4.567990678729209608e-01
-5.808914852616830871e+01 -4.456917614930961946e-01
-5.670589498310173582e+01 -4.346662021332962644e-01
-5.532289731523633947e+01 -4.233852636723470231e-01
-5.394015114088900020e+01 -4.118318415030437496e-01
-5.255736693350286970e+01 -4.002909383934171172e-01
-5.117444940686442578e+01 -3.888882250621301662e-01
-4.979172449979989779e+01 -3.772442420120113438e-01
-4.840908777619820569e+01 -3.654831867215840302e-01
-4.702672878900580145e+01 -3.533398816421474686e-01
-4.564417725604708664e+01 -3.415196695386242265e-01
-4.425862226687859646e+01 -3.344473809922724472e-01
-4.287388089041555617e+01 -3.259800691567501518e-01
-4.149106766711436478e+01 -3.145386629174333759e-01
-4.010825388083789989e+01 -3.030307283498962501e-01
-3.872585536505652470e+01 -2.908976765056618397e-01
-3.734377954854151227e+01 -2.783049467446983005e-01
-3.595918405679954333e+01 -2.688376471067911999e-01
-3.457659523602137597e+01 -2.568707752507007336e-01
-3.319391777155897216e+01 -2.450446961405026991e-01
-3.181141566450695635e+01 -2.329743740435315791e-01
-3.042918304193401013e+01 -2.205030713324135638e-01
-2.904716241300323887e+01 -2.076705079319993430e-01
-2.766327919429679483e+01 -1.978953350846338333e-01
-2.627754956009808751e+01 -1.912177511034783839e-01
-2.489576674951723234e+01 -1.778664932696395751e-01
-2.351210513222858367e+01 -1.680144068634504551e-01
-2.212878713496176886e+01 -1.573170245042508908e-01
-2.074565694213007205e+01 -1.462809984996928658e-01
-1.936282066822924364e+01 -1.347668172186016478e-01
-1.798014042508150112e+01 -1.230479254945069933e-01
-1.659750115958659222e+01 -1.112822318386968157e-01
-1.521455516656823903e+01 -1.003490792041437374e-01
-1.383152230434001062e+01 -8.974988209044390541e-02
-1.244854395465940833e+01 -7.913147732025442582e-02
-1.106594043262522753e+01 -6.729342231484206072e-02
-9.682891900018724129e+00 -5.664421342372900209e-02
-8.298874329450736553e+00 -4.839387235532580794e-02
-6.915812595182654121e+00 -3.851345619134403236e-02
-5.533284812216174409e+00 -2.775195341474593833e-02
-4.150636053006218518e+00 -1.806417789091527282e-02
-2.767593011143650195e+00 -1.011601364916009903e-02
-1.384745482620008739e+00 -3.663586435524567291e-03
-1.681968944256410090e-03 -2.529354763340506151e-16
