-1.030384718921136411e+01 -4.271336391971050084e+00
-1.702389528480781777e+01 -4.227310829620462229e+00
-2.134796465797450438e+01 -4.183293493691438769e+00
-2.410178764102283111e+01 -4.139284071480968663e+00
-2.581910196992741646e+01 -4.095405862888434889e+00
-2.684746500958948801e+01 -4.051413041696409145e+00
-2.742185049983183021e+01 -4.007421515579363991e+00
-2.769634110648239655e+01 -3.963422226284565753e+00
-2.777109645984570818e+01 -3.919422741233381302e+00
-2.771438450740862791e+01 -3.875422866165497915e+00
-2.757068581649495798e+01 -3.831426856874658338e+00
-2.736952283980839340e+01 -3.787425587547307071e+00
-2.713035101402076066e+01 -3.743416714041608362e+00
-2.686604616449649896e+01 -3.699393314066396155e+00
-2.658512491341109651e+01 -3.655346668665009791e+00
-2.629313471979611094e+01 -3.611319894614673398e+00
-2.599380982090455561e+01 -3.567330594093029106e+00
-2.568969392541297125e+01 -3.523337521078234058e+00
-2.538240883529187997e+01 -3.479343741659376210e+00
-2.507302595412735613e+01 -3.435352449818034337e+00
-2.476225183574603150e+01 -3.391367207848758891e+00
-2.445055362608630745e+01 -3.347392267112540232e+00
-2.413823922383583920e+01 -3.303433711702956188e+00
-2.382556705699353472e+01 -3.259423578606151839e+00
-2.351276503506863236e+01 -3.215194277426993263e+00
-2.319958878216926124e+01 -3.171266977830699663e+00
-2.288634428492754225e+01 -3.127258336369581393e+00
-2.257302383142212676e+01 -3.083247131421027465e+00
-2.225965685555944518e+01 -3.039229720577549809e+00
-2.194626118076682886e+01 -2.995202326019924755e+00
-2.163282279334817204e+01 -2.951252885757637667e+00
-2.131937702745469920e+01 -2.907302260998728460e+00
-2.100592668606550006e+01 -2.863357949393280588e+00
-2.069249051766484726e+01 -2.819222294022031505e+00
-2.037903217280944901e+01 -2.775279694928062479e+00
-2.006557824514906940e+01 -2.731343277616934184e+00
-1.975210356184583560e+01 -2.687202024251176713e+00
-1.943864976793414456e+01 -2.643272296030990898e+00
-1.912520648337842388e+01 -2.599347948943855346e+00
-1.881171340287875182e+01 -2.555205595315564349e+00
-1.849820003296986926e+01 -2.511063758173294858e+00
-1.818476305066117860e+01 -2.467140979212640861e+00
-1.787133627175734674e+01 -2.423213810785148414e+00
-1.755792896622007149e+01 -2.379297950932369510e+00
-1.724455275157620804e+01 -2.335410736740702209e+00
-1.693108439927878450e+01 -2.291353100873652071e+00
-1.661756606829236560e+01 -2.247247435231519042e+00
-1.630398385348655310e+01 -2.203085862701367859e+00
-1.599039701682308667e+01 -2.158946403395576308e+00
-1.567688047337331270e+01 -2.114905577554309524e+00
-1.536326376150016593e+01 -2.070781769722500609e+00
-1.504989762530841091e+01 -2.026875113885047153e+00
-1.473661615588934382e+01 -1.983012475208552061e+00
-1.442305950035363971e+01 -1.938944446228096252e+00
-1.410949301168146519e+01 -1.894882784713965318e+00
-1.379621770259803704e+01 -1.850975593214363224e+00
-1.348296123571020821e+01 -1.807052695503162054e+00
-1.316952675846750509e+01 -1.763038984536401177e+00
-1.285614079952347488e+01 -1.719044463734855865e+00
-1.254281342544488176e+01 -1.675066368254999105e+00
-1.222928450593632377e+01 -1.631035797435979928e+00
-1.191579507775476188e+01 -1.587010185578131116e+00
-1.160202466889748507e+01 -1.542933201349393713e+00
-1.128840395467875091e+01 -1.498888089230467235e+00
-1.097494923781572851e+01 -1.454863277860488857e+00
-1.066148880799847376e+01 -1.410841437197448478e+00
-1.034802540559646999e+01 -1.366824167865036799e+00
-1.003473418512116311e+01 -1.322808729492032764e+00
-9.721311893619988709e+00 -1.278792809099019934e+00
-9.407957823478472648e+00 -1.234769960705425884e+00
-9.094347988383850279e+00 -1.190778950755304377e+00
-8.780806406140630571e+00 -1.146785312168701942e+00
-8.467158767986095569e+00 -1.102804364905254575e+00
-8.153689788903157876e+00 -1.058795537107806828e+00
-7.840378891721759835e+00 -1.014755282361594624e+00
-7.526927219090911336e+00 -9.707522208711960587e-01
-7.213704589428518332e+00 -9.266858664876160834e-01
-6.900070870004131329e+00 -8.827434112612575490e-01
-6.585739759222904333e+00 -8.390484126573335422e-01
-6.271920913546053633e+00 -7.951739965127495591e-01
-5.958585360839688150e+00 -7.511253230047334473e-01
-5.645581256996879738e+00 -7.069499339392424364e-01
-5.332235625631491338e+00 -6.629217454306531865e-01
-5.018739393269477489e+00 -6.189718025171943028e-01
-4.705262729058754090e+00 -5.750461491211602549e-01
-4.391962518315437158e+00 -5.310543479917932963e-01
-4.078164996904024342e+00 -4.873890783133792426e-01
-3.764545468874948231e+00 -4.436831444379515932e-01
-3.451214033169235584e+00 -3.999242971746177489e-01
-3.137981125730924248e+00 -3.562642505715707397e-01
-2.824604350628445726e+00 -3.129379805531177228e-01
-2.510229726525483596e+00 -2.707182670602180652e-01
-2.196854344386824920e+00 -2.282635359476951065e-01
-1.883548771744826489e+00 -1.865726470465700337e-01
-1.570127450068245167e+00 -1.462294380563287366e-01
-1.256572392541881023e+00 -1.079119591245571441e-01
-9.433285516799276849e-01 -7.209095659575501247e-02
-6.300344460629864196e-01 -4.059117590353317900e-02
-3.167260964861201011e-01 -1.559168086924194591e-02
-3.469160857540279450e-03 -3.938030930586896845e-04
