3.791002531710404352e-03 3.896168787077546369e+01
7.523261520978090366e-03 3.857187492171382104e+01
1.118271584163040878e-02 3.818206190974558467e+01
1.476366201777612637e-02 3.779224867787576159e+01
1.826274771318514914e-02 3.740243516891567310e+01
2.167275022880259597e-02 3.701262145021586036e+01
2.498987776636631478e-02 3.662280754967765972e+01
2.820625453897303292e-02 3.623299363323631184e+01
3.132477978183292877e-02 3.584317964388971944e+01
3.434424232200384425e-02 3.545336562535000269e+01
3.727005390350635050e-02 3.506355147561042429e+01
4.012921359249902592e-02 3.467373634604419408e+01
4.292251639267902208e-02 3.428392007723788737e+01
4.564138536678995911e-02 3.389410302815985432e+01
4.828155039252852998e-02 3.350428535872951130e+01
5.084125732687438948e-02 3.311446715835926824e+01
5.331803650206686646e-02 3.272464860833666478e+01
5.570984583247060029e-02 3.233482990008990043e+01
5.802021145702445509e-02 3.194501088254242305e+01
6.024901020716535993e-02 3.155519163266033544e+01
6.240279105767163048e-02 3.116537177518888768e+01
6.448318620673969270e-02 3.077555125997936969e+01
6.648333038886325430e-02 3.038573072000706787e+01
6.839434166753080580e-02 2.999591104822322762e+01
7.019134435535891170e-02 2.960609478308025899e+01
7.188346765750568135e-02 2.921628139022846682e+01
7.346907075449236879e-02 2.882647133660417893e+01
7.494991619186988641e-02 2.843666475469245114e+01
7.632794316969167270e-02 2.804686182564093144e+01
7.759249503142376381e-02 2.765706389714229019e+01
7.875073533025263306e-02 2.726727091749843979e+01
7.980033142886909514e-02 2.687748364619681851e+01
8.075398571733771735e-02 2.648770056132981310e+01
8.161052007831333388e-02 2.609792248812578563e+01
8.236394926005942418e-02 2.570815070042475980e+01
8.302342999199588403e-02 2.531838412332337640e+01
8.357923867854152866e-02 2.492862499616614613e+01
8.404125018148428383e-02 2.453887210838220057e+01
8.440747968949664781e-02 2.414912632731486397e+01
8.468338369345196348e-02 2.375938716033359199e+01
8.487066682594263112e-02 2.336965478769147353e+01
8.496762650873639078e-02 2.297993024569004916e+01
8.498249539055097168e-02 2.259021221841182481e+01
8.490674176718800148e-02 2.220050331550582356e+01
8.474593861583477883e-02 2.181080294569435551e+01
8.451290345944512117e-02 2.142110829946678052e+01
8.419821716273341583e-02 2.103142259953635573e+01
8.381204660297214559e-02 2.064174370551003079e+01
8.335067439675797329e-02 2.025207333177235824e+01
8.281846129158002001e-02 1.986241096906655912e+01
8.221690178260694648e-02 1.947275671824001364e+01
8.154499452819412297e-02 1.908311172441700165e+01
8.080913551586520194e-02 1.869347455809885261e+01
8.000853684247047348e-02 1.830384616206720949e+01
7.915066563208739137e-02 1.791422443113355811e+01
7.823108159196894007e-02 1.752461192401181123e+01
7.725128908257022919e-02 1.713500890297440904e+01
7.622125030646736965e-02 1.674541173949831574e+01
7.513593910352987792e-02 1.635582360290839787e+01
7.399677296067269650e-02 1.596624455557018152e+01
7.280842717446056600e-02 1.557667281380071955e+01
7.157221540036748375e-02 1.518710950380934221e+01
7.028945289559900000e-02 1.479755440906365216e+01
6.896002541371019923e-02 1.440800851879786926e+01
6.758667488986827565e-02 1.401847113925240684e+01
6.617409256682302288e-02 1.362894035733483378e+01
6.472137075455830502e-02 1.323941769942681645e+01
6.323075018792681523e-02 1.284990273375808911e+01
6.170010213866119336e-02 1.246039808524288617e+01
6.013192862683286455e-02 1.207090303290978461e+01
5.852852349270879634e-02 1.168141693786292024e+01
5.689110993302239072e-02 1.129194001115861035e+01
5.521902263680944500e-02 1.090247418056480910e+01
5.351716979004135510e-02 1.051301608812032740e+01
5.178378455444759138e-02 1.012356907456482347e+01
5.002024819388634774e-02 9.734133169363914817e+00
4.823086997548128169e-02 9.344705007698516752e+00
4.641614208776703027e-02 8.955285544211166737e+00
4.457653760182655328e-02 8.565875846143718775e+00
4.271450108006735052e-02 8.176474395709346865e+00
4.083157120335102752e-02 7.787080675493405657e+00
3.892838024835282990e-02 7.397695633257233006e+00
3.700759784024763160e-02 7.008316630633385280e+00
3.507024134814298866e-02 6.618943818725083972e+00
3.311812429962587151e-02 6.229575607897327671e+00
3.115217633090341942e-02 5.840212670098385850e+00
2.917389867259013309e-02 5.450853550480623255e+00
2.718400559840205427e-02 5.061498386975929797e+00
2.518534757616120584e-02 4.672146809985177285e+00
2.317507534253136423e-02 4.282798936033340276e+00
2.115612434384555457e-02 3.893454410469885385e+00
1.912963407543063002e-02 3.504112900526009877e+00
1.709659822310715879e-02 3.114773656060310092e+00
1.505791806730587615e-02 2.725436374067227607e+00
1.301487453641018283e-02 2.336100078600528374e+00
1.096764152474722330e-02 1.946763361945690551e+00
8.917524130716900435e-03 1.557425808970521297e+00
6.865327578261712013e-03 1.168086418695577722e+00
4.812201698316266249e-03 7.787373267779671426e-01
2.759207214212334135e-03 3.893761095969144326e-01
