9.844639162858731751e+00 1.793449074573033286e+01
1.625282966561502818e+01 1.774942069841131698e+01
2.039587370373067188e+01 1.756527678565283423e+01
2.304231367802088570e+01 1.738067386122564884e+01
2.469441489927899269e+01 1.719610846950554262e+01
2.568825662370145935e+01 1.701145063863703655e+01
2.624588026740211077e+01 1.682667852735445280e+01
2.651283620936704821e+01 1.664177621483163350e+01
2.658935563815835579e+01 1.645694721991074871e+01
2.653826576295276141e+01 1.627202957681036821e+01
2.640383171543668084e+01 1.608729744792283256e+01
2.621369974205787656e+01 1.590260330127644472e+01
2.598633452885927397e+01 1.571782936078531456e+01
2.573419848000747479e+01 1.553291654396488397e+01
2.546578606254961130e+01 1.534796192495945633e+01
2.518688428113861022e+01 1.516317810112106201e+01
2.490042406905095262e+01 1.497802691227487060e+01
2.460910889273908353e+01 1.479264055477263007e+01
2.431519052513747781e+01 1.460788966999319882e+01
2.401927467983946229e+01 1.442334507020190060e+01
2.372190426994494672e+01 1.423879080568143785e+01
2.342342486291119030e+01 1.405398184756505309e+01
2.312421916297925151e+01 1.386895128826807344e+01
2.282467223129375000e+01 1.368405518709820434e+01
2.252491923637530746e+01 1.349935771717728983e+01
2.222498752111199138e+01 1.331467066472462513e+01
2.192487902045516179e+01 1.312968074559373122e+01
2.162471915913550191e+01 1.294484875186669015e+01
2.132454294512077553e+01 1.276028817466164078e+01
2.102428803211659769e+01 1.257527760533995576e+01
2.072400825463498464e+01 1.238998670044801109e+01
2.042372098870249530e+01 1.220513511659001615e+01
2.012343492362653308e+01 1.202010758841678673e+01
1.982315779346791373e+01 1.183496718152786897e+01
1.952282643135344742e+01 1.165030841041519594e+01
1.922248212374022103e+01 1.146558911664803126e+01
1.892213938035150633e+01 1.128085138069281790e+01
1.862180389364713307e+01 1.109608722965081107e+01
1.832147957582759901e+01 1.091130959403205480e+01
1.802105222381393190e+01 1.072674149206619987e+01
1.772075750244303549e+01 1.054189223669548170e+01
1.742033263097941642e+01 1.035724123111774908e+01
1.712007432191608913e+01 1.017232900876733481e+01
1.681963982626170306e+01 9.987626308378601436e+00
1.651939142039390163e+01 9.802694849225243701e+00
1.621912549173823592e+01 9.617795288445400104e+00
1.591885402177714326e+01 9.432923522228792379e+00
1.561855357309613446e+01 9.248069591790830657e+00
1.531820381695731648e+01 9.063239180732956868e+00
1.501782346494890774e+01 8.878425007384390000e+00
1.471737607648158708e+01 8.693636837280179108e+00
1.441656744687971603e+01 8.509005783517535448e+00
1.411735488482116985e+01 8.323777962382184370e+00
1.381707127363496745e+01 8.138989516952346293e+00
1.351653636319739782e+01 7.954252123755542137e+00
1.321602319585222851e+01 7.769486215963177678e+00
1.291544508414686376e+01 7.584706440388556459e+00
1.261507648212783828e+01 7.399875080743493427e+00
1.231459888664444335e+01 7.215029542138022833e+00
1.201569472460670873e+01 7.030138335989555287e+00
1.171531284629646130e+01 6.845329636706624754e+00
1.141467261163771774e+01 6.660473502088687603e+00
1.111430208641921347e+01 6.475596843566457039e+00
1.081368326462940921e+01 6.290642774738426368e+00
1.051408299278799774e+01 6.105934519307551156e+00
1.021330742442135353e+01 5.920901331170940196e+00
9.912300894892956293e+00 5.735674811870435263e+00
9.612282720434233596e+00 5.550860977535865715e+00
9.312233558102873232e+00 5.366143140063612371e+00
9.012147316964354005e+00 5.181525164810027562e+00
8.711986702109276948e+00 4.996965677032800812e+00
8.411967194781093227e+00 4.812666028900494553e+00
8.112052685154861109e+00 4.628611702275311046e+00
7.812046519170449344e+00 4.444554422799938287e+00
7.511479671925852308e+00 4.259610721014865042e+00
7.210897917542048674e+00 4.074531903518671783e+00
6.910400585134458318e+00 3.889534295634177852e+00
6.609955876780975181e+00 3.704579686270032646e+00
6.309553112794549001e+00 3.519655344881176706e+00
6.009185441619453449e+00 3.334761312482525497e+00
5.708878683121108466e+00 3.150109780708279406e+00
5.408579378080189848e+00 2.965476779059861734e+00
5.108287571424184215e+00 2.780857489201808086e+00
4.808014605565947619e+00 2.596457331922257694e+00
4.507782780666115485e+00 2.412086968933572884e+00
4.207613327927148816e+00 2.227770297313266479e+00
3.907575212015302668e+00 2.043411533247002865e+00
3.607681468865186147e+00 1.859276864899651383e+00
3.307610985678715476e+00 1.675857581888857251e+00
3.007798380911480329e+00 1.492945993868368459e+00
2.707995721650316323e+00 1.311049429209971251e+00
2.408538104795157064e+00 1.130597341536253575e+00
2.103594711455306854e+00 9.532854908554173612e-01
1.803484993822751736e+00 7.787018174582345242e-01
1.502443177546717079e+00 6.093688838168173083e-01
1.197894720514887767e+00 4.479423799012074436e-01
8.992912169178225446e-01 2.985446554690600607e-01
6.002886302487423498e-01 1.672914452363216398e-01
3.010977603150547521e-01 6.341159190185183259e-02
1.899187901450690450e-03 7.485681851345689364e-04
