1.009434198105427072e+01 2.226654506630164931e+01
1.669122382316436415e+01 2.203715237861910481e+01
2.096506642001059362e+01 2.180774438502029611e+01
2.369876715439217918e+01 2.157833157448412820e+01
2.541010066419454816e+01 2.134891474633968755e+01
2.644268090716752440e+01 2.111947673954739813e+01
2.702442450040091870e+01 2.089003560983636376e+01
2.730652406562562717e+01 2.066064781268188000e+01
2.738987294153540120e+01 2.043125431581330531e+01
2.734237434210793793e+01 2.020153430350417167e+01
2.720624194583942312e+01 1.997205949392518676e+01
2.701199838148596655e+01 1.974250506600108679e+01
2.677871669296021651e+01 1.951313912260800265e+01
2.651980845974287604e+01 1.928377481319251885e+01
2.624387688821184028e+01 1.905442089319830856e+01
2.595667347254780211e+01 1.882505382764489354e+01
2.566198430926004193e+01 1.859568255110457002e+01
2.536232258941607753e+01 1.836631907772922290e+01
2.505935646619663970e+01 1.813697872279514556e+01
2.475416145708371474e+01 1.790776569882962121e+01
2.444759085943177368e+01 1.767837936628198392e+01
2.414003031224133622e+01 1.744906507306319909e+01
2.383180815504227468e+01 1.721984630432349306e+01
2.352314956164448390e+01 1.699064283177595769e+01
2.321418127767885764e+01 1.676175092482121798e+01
2.290501483861394050e+01 1.653318957397310385e+01
2.259571644626137754e+01 1.630038608912539999e+01
2.228635838603804586e+01 1.607147693009082445e+01
2.197694528864709440e+01 1.584320998349140197e+01
2.166751078462037583e+01 1.561502565187997327e+01
2.135838549595089120e+01 1.538420250457590654e+01
2.104890318792439174e+01 1.515671397383274588e+01
2.073941035630200602e+01 1.492964503605012716e+01
2.042992103879622334e+01 1.468831163355550551e+01
2.012043087083856818e+01 1.446058441816311735e+01
1.981093721221721893e+01 1.423263247205581727e+01
1.950144977237406252e+01 1.400426057954116033e+01
1.919195753584344288e+01 1.377549875822116299e+01
1.888248917224652601e+01 1.354662972697398615e+01
1.857302693278117900e+01 1.331759599274673889e+01
1.826352928787571273e+01 1.308831083128874972e+01
1.795403324817297275e+01 1.285896598501533994e+01
1.764460217234377026e+01 1.262973713275531829e+01
1.733513143043087368e+01 1.240035854049263797e+01
1.702560936283665072e+01 1.217086393152353452e+01
1.671609742170332424e+01 1.194139614829652984e+01
1.640651943375713628e+01 1.171181701128816499e+01
1.609702260396358753e+01 1.148236417767050455e+01
1.578752777370145033e+01 1.125291475727887835e+01
1.547804075808764246e+01 1.102347344672528706e+01
1.516857206305196115e+01 1.079404443545049475e+01
1.485912517718871051e+01 1.056463195759473805e+01
1.454961614056079711e+01 1.033516335027012722e+01
1.424012705128604672e+01 1.010570626811870731e+01
1.393065169484360588e+01 9.876255112720620843e+00
1.362119923332227778e+01 9.646815260419767668e+00
1.331179120235087510e+01 9.417394773315590939e+00
1.300245012211461315e+01 9.187993972625674743e+00
1.269303169715103330e+01 8.958553161989222247e+00
1.238344359969385522e+01 8.729061288872081548e+00
1.207398245103349943e+01 8.499611041246442511e+00
1.176426554269180258e+01 8.270131635059986053e+00
1.145469194791369816e+01 8.040674010570539210e+00
1.114540849702101433e+01 7.811247861763161104e+00
1.083616401628961512e+01 7.581819838290868141e+00
1.052543291501744172e+01 7.352381274233586339e+00
1.021613015397069191e+01 7.122930154469239383e+00
9.906761165418849657e+00 6.893479708819540974e+00
9.597237014484040429e+00 6.664043469029302003e+00
9.287762152166816776e+00 6.434600447959130776e+00
8.978329347220004308e+00 6.205152942912555147e+00
8.668944602360550533e+00 5.975699582164015311e+00
8.359520268753430017e+00 5.746259509868129278e+00
8.049968831644225276e+00 5.516863648404653375e+00
7.740400342031616532e+00 5.287471934493985337e+00
7.430724832429024929e+00 5.058153748333047872e+00
7.121367775291699509e+00 4.828669874886218238e+00
6.811967907350315876e+00 4.599206397120281231e+00
6.502542132248834150e+00 4.369758340969259969e+00
6.193101137344008578e+00 4.140324198558666069e+00
5.883651067888311381e+00 3.910910163278018548e+00
5.574195806514481433e+00 3.681525622800879471e+00
5.264737267089704353e+00 3.452183167023461063e+00
4.955276023229578719e+00 3.222903945800855485e+00
4.645813677784967233e+00 2.993719777929952475e+00
4.336353430316362001e+00 2.764675159178182184e+00
4.026851213396350992e+00 2.535948293772626982e+00
3.717360734710511760e+00 2.307543689189667457e+00
3.407927678270886940e+00 2.079507858044412849e+00
3.098474963480645883e+00 1.852323462355624173e+00
2.788912433126915502e+00 1.626759517991779536e+00
2.479396226484245513e+00 1.402923086091667049e+00
2.169932857547361316e+00 1.181751688209661477e+00
1.860542420506021033e+00 9.645655324979330869e-01
1.550770428734026485e+00 7.573403778863856406e-01
1.241145550436255407e+00 5.590245737587202779e-01
9.317231597420382316e-01 3.736915686568806350e-01
6.223325128420617025e-01 2.104702758345485258e-01
3.129366520836786569e-01 8.149243962612219561e-02
3.529619185915759683e-03 2.202939049059690884e-03
