2.416447432492017100e+01 2.592592496596923723e+01
3.987054841037413411e+01 2.566020893729574226e+01
5.001639878398390948e+01 2.539512247702237246e+01
5.648262295640865460e+01 2.512820471360580754e+01
6.051342130884310677e+01 2.486175034335586176e+01
6.293282697829185679e+01 2.459239349468603564e+01
6.428530871754173859e+01 2.432467833190215956e+01
6.493159503579767033e+01 2.406044029593889277e+01
6.511061924625890640e+01 2.379711546578494463e+01
6.498042576654061975e+01 2.351028219639569983e+01
6.464563613494419769e+01 2.324791439062033049e+01
6.417544330099197225e+01 2.298447576494502798e+01
6.361619670627222689e+01 2.271476654579960552e+01
6.299709534773621300e+01 2.245013989914625085e+01
6.233876403183501225e+01 2.218483908506473057e+01
6.165446054450310243e+01 2.191893599660863501e+01
6.095296896447005963e+01 2.164841830034155734e+01
6.024011126167528118e+01 2.138225445008979619e+01
5.951973298723778782e+01 2.111612021117754168e+01
5.879438451434686641e+01 2.084995424088943139e+01
5.806570551958944293e+01 2.058321724511985451e+01
5.733455003559237184e+01 2.031289108414677003e+01
5.660229070859744382e+01 2.004607989042557037e+01
5.586912213797407389e+01 1.977962974271204999e+01
5.513530423755977949e+01 1.951295940928653039e+01
5.440106849590819849e+01 1.924616221121477722e+01
5.366663778322463685e+01 1.897958874019566622e+01
5.293188980428108437e+01 1.871251253343702103e+01
5.219692231907247759e+01 1.844518708438723209e+01
5.146135743470600232e+01 1.817653505760737076e+01
5.072618265182499897e+01 1.790898825533883709e+01
4.999121176826488977e+01 1.764206851460057734e+01
4.925626759676652000e+01 1.737524101932900678e+01
4.852112373367749143e+01 1.710809498298880982e+01
4.778592565845736573e+01 1.684090220378338643e+01
4.705084965200116898e+01 1.657386482365316738e+01
4.631575735146019213e+01 1.630679215467643672e+01
4.558065927241612769e+01 1.603969729123194909e+01
4.484556118360674759e+01 1.577258265100560664e+01
4.411047702815836402e+01 1.550545845502148090e+01
4.337524327870612950e+01 1.523822457512024897e+01
4.264004647162779804e+01 1.497102075891456252e+01
4.190505983681347857e+01 1.470392210833815483e+01
4.116992043060791673e+01 1.443675415760006864e+01
4.043480426960655194e+01 1.416959373506764663e+01
3.969969962534352703e+01 1.390242414605141263e+01
3.896461504722310565e+01 1.363525437072520319e+01
3.822957504391341388e+01 1.336809367332848275e+01
3.749437342884397850e+01 1.310090727894213991e+01
3.675922550727289462e+01 1.283372942499717517e+01
3.602416703054118585e+01 1.256655920925678949e+01
3.528944557104809121e+01 1.229939629712138860e+01
3.455469214057224292e+01 1.203222189841084955e+01
3.381632583839945738e+01 1.176503809954225055e+01
3.308139974682443807e+01 1.149783705539008061e+01
3.234683493033001156e+01 1.123061794691424709e+01
3.161210256512642047e+01 1.096339524262683263e+01
3.087746661133998316e+01 1.069614212378456486e+01
3.014260677825185653e+01 1.042890666719677917e+01
2.940736203828392803e+01 1.016176348722716938e+01
2.867192143705372587e+01 9.894695279236664476e+00
2.793666864477665257e+01 9.627583453981223727e+00
2.720159251616880525e+01 9.360417265918377083e+00
2.646669081652141742e+01 9.093163944748187788e+00
2.573053188867505625e+01 8.826516255122035304e+00
2.499537428428367747e+01 8.559344819946572258e+00
2.426058199900740675e+01 8.291963162442829827e+00
2.352569410955903706e+01 8.024611505445282233e+00
2.279075383760462614e+01 7.757264709335409236e+00
2.205579325523566325e+01 7.489897218372025378e+00
2.132083949426317204e+01 7.222478494564753326e+00
2.058592018530953638e+01 6.954966059493838948e+00
1.985046382948458188e+01 6.688042653965653450e+00
1.911517555770211985e+01 6.420910133092990080e+00
1.838015237846337513e+01 6.153404782101811854e+00
1.764527478261280891e+01 5.885602836097618251e+00
1.691039123522161347e+01 5.617752402576607906e+00
1.617436921742575962e+01 5.352848181902863267e+00
1.543949946172572751e+01 5.084868986369263766e+00
1.470465620516498539e+01 4.816776582904795490e+00
1.396848549437365250e+01 4.553482766659366021e+00
1.323354691185034149e+01 4.285734766028885367e+00
1.249848545186325310e+01 4.018482247824799458e+00
1.176346397846933556e+01 3.751057251278921978e+00
1.102836618211904707e+01 3.484106227471198913e+00
1.029319536300487314e+01 3.217894648101927935e+00
9.558089947599079039e+00 2.951659688197989961e+00
8.822999425580130506e+00 2.685318876394582777e+00
8.087872295364936903e+00 2.419481798455950017e+00
7.352707163667452583e+00 2.154621247641039350e+00
6.617502224849506121e+00 1.891142565805118636e+00
5.882329643718001932e+00 1.630202984702040281e+00
5.147241644227602997e+00 1.372919377487469950e+00
4.412534802283959223e+00 1.122178280946724005e+00
3.677773707784674162e+00 8.786428048329794072e-01
2.942661023055973324e+00 6.454632936667140664e-01
2.207397773287343323e+00 4.290102536567398928e-01
1.472313722247948098e+00 2.401027535464582419e-01
7.370347862187375254e-01 8.960869806594358444e-02
1.749577967721804156e-03 2.565933576504185053e-04
