-4.623692948749338427e+01 -2.351407653727972047e+01
-7.623546865452904342e+01 -2.327152693044148180e+01
-9.559464706806784307e+01 -2.302905705110866208e+01
-1.079194744310276519e+02 -2.278646193048590263e+01
-1.155932189247473048e+02 -2.254372796930523393e+01
-1.201917044925838667e+02 -2.230081904596186249e+01
-1.227568664061340513e+02 -2.205768429408498221e+01
-1.239773912394072397e+02 -2.181489063313608767e+01
-1.243090729287253708e+02 -2.157199582579421460e+01
-1.240532476971621065e+02 -2.132835011629666511e+01
-1.234073074726716612e+02 -2.109399986724219644e+01
-1.225058421478968285e+02 -2.085118993365208695e+01
-1.214346434419142327e+02 -2.060758505245249239e+01
-1.202510208916133791e+02 -2.036417373889661420e+01
-1.189903892413852162e+02 -2.012752189622122856e+01
-1.176836579920027930e+02 -1.988364493741895700e+01
-1.163442690393795971e+02 -1.964032681881839082e+01
-1.149832821654541135e+02 -1.939737342760756533e+01
-1.136081532599335588e+02 -1.915451094156119183e+01
-1.122233464948466519e+02 -1.891206849794167155e+01
-1.108322969805600309e+02 -1.866970375023858253e+01
-1.094369473538476143e+02 -1.842749338305840823e+01
-1.080390669895545983e+02 -1.818518495581585981e+01
-1.066394348979289219e+02 -1.794287668152128035e+01
-1.052386822119273546e+02 -1.770056528475357638e+01
-1.038370120767565652e+02 -1.745830151180603806e+01
-1.024348332078782704e+02 -1.721604721634384561e+01
-1.010320571323470347e+02 -1.697382344224979533e+01
-9.962875672201394650e+01 -1.673160881575806513e+01
-9.822575091744336362e+01 -1.648937178903709722e+01
-9.682284157503784172e+01 -1.624715538435264506e+01
-9.541954599912604351e+01 -1.600490244784027638e+01
-9.401640716812710252e+01 -1.576268393602081375e+01
-9.261324089683056116e+01 -1.552047557505779807e+01
-9.121031729466962190e+01 -1.527838697758771680e+01
-8.980744089981813261e+01 -1.503635896905334590e+01
-8.840446606337889079e+01 -1.479427056289821429e+01
-8.700124250095124978e+01 -1.455195343200302815e+01
-8.559812101593760758e+01 -1.430975633644847989e+01
-8.419545846431977054e+01 -1.406809692199680661e+01
-8.279281835678676771e+01 -1.382651423638631627e+01
-8.138715201010562339e+01 -1.358099576625847149e+01
-7.998449802507539630e+01 -1.333945101751354301e+01
-7.858185177945046007e+01 -1.309785062443019577e+01
-7.717946247005519922e+01 -1.285658694119528533e+01
-7.577607539517559587e+01 -1.261341336738105667e+01
-7.437203658499251446e+01 -1.236947628387203224e+01
-7.296852563998105268e+01 -1.212667741809220345e+01
-7.156611558866781309e+01 -1.188549783329096776e+01
-7.016368326344505135e+01 -1.164423788181501784e+01
-6.875826500307964295e+01 -1.139942645955341405e+01
-6.735521411799093983e+01 -1.115740955019173342e+01
-6.595224661153032741e+01 -1.091544353627824648e+01
-6.454938922853777683e+01 -1.067356479978059092e+01
-6.314622618332569459e+01 -1.043138408633967096e+01
-6.174306231052215566e+01 -1.018918500279906780e+01
-6.033991459933643853e+01 -9.946994285572134942e+00
-5.893699330226225186e+01 -9.704938462500530605e+00
-5.753411142956647240e+01 -9.462868849271156790e+00
-5.613110328028113827e+01 -9.220709511658926161e+00
-5.472817131698597848e+01 -8.978566538224679761e+00
-5.332534120156457647e+01 -8.736439255712642904e+00
-5.192223305890220786e+01 -8.494216265250695841e+00
-5.051905192672724354e+01 -8.251963260034196779e+00
-4.911624317813097207e+01 -8.009774032156268930e+00
-4.771368931683348791e+01 -7.767622316306877828e+00
-4.631156523505004685e+01 -7.525530779244951951e+00
-4.490345688973010851e+01 -7.282774476905436778e+00
-4.350073742604819671e+01 -7.040714465224376717e+00
-4.209641217489113529e+01 -6.798701955993414536e+00
-4.069396160255372763e+01 -6.556665559217528916e+00
-3.929095915816011342e+01 -6.314498744888522808e+00
-3.788754644885538880e+01 -6.072185174281583997e+00
-3.648468290167514283e+01 -5.829998347809184800e+00
-3.508167539324085027e+01 -5.587784745369904549e+00
-3.367858453259461982e+01 -5.345556178571333028e+00
-3.227565289421093553e+01 -5.103441547971459435e+00
-3.087273090066177161e+01 -4.861386762377438941e+00
-2.946971262237231670e+01 -4.619316952282436439e+00
-2.806647986336475142e+01 -4.377113860068398310e+00
-2.666344315884927951e+01 -4.135152606366879091e+00
-2.526073358529289337e+01 -3.893629293720229700e+00
-2.385814119722104820e+01 -3.652406503042002317e+00
-2.245455204162115237e+01 -3.410025086540839023e+00
-2.105147810410526432e+01 -3.168480132275622640e+00
-1.964850408496511847e+01 -2.927197178285141810e+00
-1.824549805513116141e+01 -2.686052869015192801e+00
-1.683940282711796499e+01 -2.439313757365116686e+00
-1.543646960860361084e+01 -2.199324459026080980e+00
-1.403372839787607695e+01 -1.960626078635067771e+00
-1.263074784397419492e+01 -1.722662526216561130e+00
-1.122770443715511135e+01 -1.486318252975360021e+00
-9.824625744690919760e+00 -1.252885073384243153e+00
-8.420237343587565704e+00 -1.019929364118334680e+00
-7.017689347891678864e+00 -7.996282520122647286e-01
-5.615014258121520108e+00 -5.892472537261135290e-01
-4.211547132283632422e+00 -3.906981752318067769e-01
-2.808596637797279083e+00 -2.185340960286091538e-01
-1.405748586477229667e+00 -8.260152611857174421e-02
-2.709696830238269780e-03 -1.672903839432296187e-04
