-2.682550735007758291e+01 -2.239276828537101860e+00
-4.423073238724140310e+01 -2.218055425805171677e+00
-5.546794609010603949e+01 -2.189711617862101889e+00
-6.261671943386873096e+01 -2.166750189287622863e+00
-6.706564123636813690e+01 -2.144726083896373758e+00
-6.973059671007209204e+01 -2.122609857112784937e+00
-7.121633569736231095e+01 -2.100403819600060729e+00
-7.192264267044397741e+01 -2.078022797110631092e+00
-7.211389558895913865e+01 -2.054939726688326473e+00
-7.196445360336511499e+01 -2.031730354936846616e+00
-7.158986475509884428e+01 -2.008067190949285319e+00
-7.106634985618852340e+01 -1.984668308824772964e+00
-7.044441643805700437e+01 -1.961296214715844588e+00
-6.975745360693156272e+01 -1.938022366026791010e+00
-6.902745673554346695e+01 -1.914610553292345418e+00
-6.826919780283280659e+01 -1.891586589453577938e+00
-6.749209317676036335e+01 -1.868444557754513458e+00
-6.670262200307915634e+01 -1.845464705568504282e+00
-6.590501482190441607e+01 -1.822611840669168481e+00
-6.510181283064559921e+01 -1.799709387842627129e+00
-6.429542648903067459e+01 -1.777007907038655743e+00
-6.348691291394541736e+01 -1.754416398622895779e+00
-6.266778416998940315e+01 -1.730237800166860573e+00
-6.185423049370873372e+01 -1.707084261356260235e+00
-6.104303146952818082e+01 -1.684546639717913186e+00
-6.023091425143120858e+01 -1.661872824039313246e+00
-5.941847302722260338e+01 -1.639266794911319325e+00
-5.860537416070568639e+01 -1.616492576315294416e+00
-5.779184577687609448e+01 -1.593537167946927902e+00
-5.697845939189030418e+01 -1.570854612374679160e+00
-5.616484802468531967e+01 -1.548034024419044030e+00
-5.535129437606634895e+01 -1.525362104384246464e+00
-5.453784710015474246e+01 -1.502930048420096032e+00
-5.372456751868534042e+01 -1.480926290719932759e+00
-5.290935639814465219e+01 -1.451213533784818210e+00
-5.209546924288327574e+01 -1.427420493144443414e+00
-5.128187435177770226e+01 -1.404886711092856233e+00
-5.046813195045506717e+01 -1.382050634159593283e+00
-4.965442978161073029e+01 -1.359251304605255228e+00
-4.884080552903568417e+01 -1.336509564794711391e+00
-4.802688534581215407e+01 -1.313408881464007472e+00
-4.721310296082773306e+01 -1.290435163986336953e+00
-4.639928252236457240e+01 -1.267411529689139726e+00
-4.558544681575486379e+01 -1.244373626435749447e+00
-4.477128764059865773e+01 -1.221206194371283971e+00
-4.395718310440243926e+01 -1.198077272023793993e+00
-4.314316478305511282e+01 -1.174943434963865219e+00
-4.232886183974249406e+01 -1.151756278722597449e+00
-4.151410442801786616e+01 -1.128586559664223499e+00
-4.069962511118144022e+01 -1.105463551275605916e+00
-3.988495630738925257e+01 -1.082385420819157007e+00
-3.907061123748825793e+01 -1.059297177157763059e+00
-3.825624635807155016e+01 -1.036271497037297706e+00
-3.744225430517913367e+01 -1.013146826769668607e+00
-3.662831071450186471e+01 -9.900079868583646636e-01
-3.581421974091429661e+01 -9.670344417542426907e-01
-3.500041979929910951e+01 -9.438055152182900365e-01
-3.418656297152421075e+01 -9.207454400963975827e-01
-3.337276039241774583e+01 -8.975838237342390613e-01
-3.255899333701347587e+01 -8.743296204550622397e-01
-3.174524984903157332e+01 -8.509493192357536762e-01
-3.093157613348701673e+01 -8.277395493997263820e-01
-3.011800770109245917e+01 -8.046801215085654935e-01
-2.930566780611610156e+01 -7.858089375910122243e-01
-2.849190301118397173e+01 -7.621771447391136878e-01
-2.767810755058248517e+01 -7.385283758177511038e-01
-2.686434749147109002e+01 -7.154226165318027242e-01
-2.605054824355229925e+01 -6.921653844411296275e-01
-2.523670052325069690e+01 -6.690239535097680657e-01
-2.442278938680582101e+01 -6.459385259883496655e-01
-2.360900497271173393e+01 -6.226263843992752012e-01
-2.279551443794032650e+01 -5.990790993015165933e-01
-2.198195443804128502e+01 -5.756724934877802680e-01
-2.116862690054727025e+01 -5.521062130169857030e-01
-2.035386016036969536e+01 -5.289330284730163756e-01
-1.953590158261516052e+01 -5.063280126912329537e-01
-1.872163199785454424e+01 -4.828313698408254750e-01
-1.790728674093098505e+01 -4.595568734025397006e-01
-1.709322820200789295e+01 -4.363422275024007591e-01
-1.627913187749980395e+01 -4.133525753734811903e-01
-1.546503878791502018e+01 -3.906019634225359471e-01
-1.465103764418986643e+01 -3.680933868437138989e-01
-1.383753532429317445e+01 -3.446331684332452627e-01
-1.302383253573971267e+01 -3.212742722731259937e-01
-1.220997999972002646e+01 -2.982736146742560046e-01
-1.139606546866479420e+01 -2.750126716367460866e-01
-1.058213087951634712e+01 -2.520908547628922247e-01
-9.768035274922013400e+00 -2.288693818888891951e-01
-8.953792051792859752e+00 -2.056419638143954232e-01
-8.139565418571391930e+00 -1.826698458756626786e-01
-7.325133680315127016e+00 -1.596402908667964582e-01
-6.510367590374600333e+00 -1.365554440951497750e-01
-5.696069926357926860e+00 -1.141584796936149088e-01
-4.881575252548025823e+00 -9.193946580660872225e-02
-4.073661229720184629e+00 -7.388952962282537007e-02
-3.260055600506819307e+00 -5.395937066085067235e-02
-2.445850169970953836e+00 -3.544901776659505760e-02
-1.633894799220833027e+00 -2.109116873714023815e-02
-8.186820435610220326e-01 -8.112752571326509524e-03
-2.483052397817859733e-03 -2.049282522962492275e-05
