-1.211357368561167114e+01 3.085512426943088027e+00
-1.997672276936837221e+01 3.053093943780957886e+00
-2.505131481396221105e+01 3.020968037090140168e+00
-2.828203039943159780e+01 2.988942144545336355e+00
-3.029362907898814328e+01 2.957007510013514029e+00
-3.149892980360168337e+01 2.924828449167824473e+00
-3.217108273488323533e+01 2.892355232983437663e+00
-3.249159530408500984e+01 2.861036752615105705e+00
-3.257886921683253689e+01 2.829529290012351428e+00
-3.251199643452105903e+01 2.797985690940332226e+00
-3.234317810213777733e+01 2.766391198340825586e+00
-3.210694384812363467e+01 2.734702550632950313e+00
-3.182613855749379539e+01 2.702875899859126463e+00
-3.151592895447833342e+01 2.671270892613129888e+00
-3.118617734302727129e+01 2.639209246281243093e+00
-3.084358713326198753e+01 2.607489736425423921e+00
-3.049253725119124780e+01 2.577067291801208082e+00
-3.013581699706683281e+01 2.545981939357838009e+00
-2.977535596632555581e+01 2.514226794703783074e+00
-2.941240330802545699e+01 2.482557075124288470e+00
-2.904778358725697629e+01 2.450924969457439317e+00
-2.868202404910250181e+01 2.419335005732268673e+00
-2.831601572008606382e+01 2.386029017400063346e+00
-2.794954627031626515e+01 2.353073663514271274e+00
-2.758231201319416215e+01 2.321356867351981546e+00
-2.721505735802541182e+01 2.289074338557842037e+00
-2.684742034616173356e+01 2.257236129780310741e+00
-2.648003360567220099e+01 2.224701153265044251e+00
-2.610969240667882119e+01 2.197024591565773566e+00
-2.574187322463436089e+01 2.165202528751993150e+00
-2.537447465019011617e+01 2.132620246055334956e+00
-2.500694230025901987e+01 2.100224462949427107e+00
-2.463937557210089579e+01 2.067899005305101845e+00
-2.427168760147654325e+01 2.035888861378666981e+00
-2.390431172876084176e+01 2.003059004353991757e+00
-2.353638558051893526e+01 1.972043908731677897e+00
-2.316801922442094863e+01 1.942776229138736044e+00
-2.280042200881509018e+01 1.910562406104030719e+00
-2.243278364948329084e+01 1.878626187595404229e+00
-2.206521026203223812e+01 1.846414264693221563e+00
-2.169769572593967766e+01 1.813992474159700441e+00
-2.133024130693183551e+01 1.781116399025347796e+00
-2.096271827728668313e+01 1.751558175539515982e+00
-2.059489211816541854e+01 1.722120593343903217e+00
-2.022726510148245893e+01 1.689912888269846425e+00
-1.985966791406487175e+01 1.657580193850606065e+00
-1.949206514338166585e+01 1.625337691191812706e+00
-1.912435654574056088e+01 1.593296872860046953e+00
-1.875663943162455283e+01 1.561464022202281532e+00
-1.838906531678638601e+01 1.529913193173974895e+00
-1.802161373028370761e+01 1.498660602304910716e+00
-1.765426909669462319e+01 1.467737740238578503e+00
-1.728632736054357721e+01 1.435868935225012688e+00
-1.691871680646152498e+01 1.404457767865810336e+00
-1.655114020953832821e+01 1.372926768572354961e+00
-1.618366285049858533e+01 1.341442752845709130e+00
-1.581448913166477688e+01 1.304138602563916338e+00
-1.544679784656957011e+01 1.271691012823809253e+00
-1.507920286422233858e+01 1.239915385044868090e+00
-1.471141166510969178e+01 1.208023567615544858e+00
-1.434394911402240957e+01 1.177030227605738499e+00
-1.397619319129269932e+01 1.145677796910272939e+00
-1.360833823084674243e+01 1.114256208605685750e+00
-1.323816605223136200e+01 1.079492339434821035e+00
-1.287070385328498823e+01 1.048551822685807489e+00
-1.250305992960039880e+01 1.017144106466557618e+00
-1.213531521033035077e+01 9.853181732940867743e-01
-1.176795990325927832e+01 9.542890829261309049e-01
-1.140046584253211392e+01 9.230536635978709992e-01
-1.103287461139390579e+01 8.916859126421857740e-01
-1.066533846202340463e+01 8.607124902355877127e-01
-1.029763817569407891e+01 8.293987337822601447e-01
-9.929924400135616835e+00 7.982778825784393462e-01
-9.561934704996996714e+00 7.654936215691531265e-01
-9.194034944028079082e+00 7.328261751154880876e-01
-8.826224539717632211e+00 7.005972223056430304e-01
-8.458450395431842850e+00 6.687980413140282021e-01
-8.090707569370607644e+00 6.369917208683031351e-01
-7.722972342373844334e+00 6.052048101085586440e-01
-7.355336111063527582e+00 5.729768354317272827e-01
-6.987760073331876320e+00 5.407616094749427837e-01
-6.620253266792140323e+00 5.085526765826892115e-01
-6.252325586539250857e+00 4.776570096375857832e-01
-5.884465600358906201e+00 4.463968732053755217e-01
-5.516468689691126137e+00 4.153115893695688010e-01
-5.148306328371195839e+00 3.845097433132498299e-01
-4.781527677338306859e+00 3.509163729318431901e-01
-4.415281023231743873e+00 3.166496136219237312e-01
-4.047455198764705386e+00 2.854353605805734495e-01
-3.679734102361288173e+00 2.541490009450754761e-01
-3.312075305677084192e+00 2.229777939493635674e-01
-2.944612896692134996e+00 1.918361873797051198e-01
-2.577098642581237442e+00 1.612839899055604209e-01
-2.209001640829676205e+00 1.318032988110343084e-01
-1.841010023565975651e+00 1.030855069006129249e-01
-1.473054198778501078e+00 7.560595764042039868e-02
-1.105191820189345808e+00 5.019247291981727976e-02
-7.373140997049308920e-01 2.790480229225142036e-02
-3.694184520602021293e-01 1.038588060593061656e-02
-1.424630060698629580e-03 5.925311315390410349e-05
