2.674448132081972318e+01 4.497644957388844489e+01
4.413711172449077225e+01 4.451348695744276540e+01
5.538777157848392818e+01 4.405019556075857423e+01
6.256833777185231327e+01 4.358683333808700411e+01
6.705178235987904145e+01 4.312350446343469912e+01
6.974795952199158933e+01 4.266028815013909536e+01
7.125978608129513248e+01 4.219723140423534602e+01
7.198684056528040287e+01 4.173439171418413451e+01
7.219313257858212296e+01 4.127072991117470480e+01
7.205452018454336383e+01 4.080667444449419889e+01
7.168823059891755634e+01 4.034367962373686112e+01
7.116854144346774547e+01 3.987737705865350080e+01
7.055081343758287460e+01 3.941471467162578080e+01
6.986641054233743375e+01 3.895175482187378435e+01
6.913722396410396698e+01 3.848773969833179365e+01
6.837956984673660088e+01 3.802477324119995217e+01
6.760281714596847280e+01 3.756216259177297445e+01
6.681198050275779110e+01 3.709790218141105100e+01
6.601264817144580377e+01 3.663368170859985895e+01
6.520907212249446161e+01 3.617123890235333761e+01
6.440093107804182182e+01 3.570765192816094213e+01
6.358982963070280903e+01 3.524339082159703196e+01
6.277816391331464985e+01 3.478059740755319496e+01
6.196391373436122763e+01 3.431557151727017896e+01
6.115060279617947003e+01 3.385301628899884463e+01
6.033597038078936947e+01 3.338916873769841942e+01
5.952099918396508826e+01 3.292536248206986471e+01
5.870672570451829131e+01 3.246293902997095415e+01
5.789232399008286478e+01 3.200054752394257207e+01
5.707644610410685715e+01 3.153584719372942757e+01
5.626169779560316897e+01 3.107312891883735873e+01
5.544574136884396864e+01 3.060835533375273343e+01
5.462996999815020871e+01 3.014400191794241124e+01
5.381510025477689396e+01 2.968124757375511535e+01
5.300029824518946242e+01 2.921863256641434958e+01
5.218480584944503420e+01 2.875496102681417199e+01
5.136900317445605424e+01 2.829084101399521600e+01
5.055399058309371441e+01 2.782792007691218217e+01
4.973798413996813395e+01 2.736361868586594426e+01
4.892311372439015571e+01 2.690089832083816290e+01
4.810821456550252151e+01 2.643813023513334315e+01
4.729232471113944314e+01 2.597376483556420723e+01
4.647698352895274354e+01 2.551032820006489743e+01
4.566201285412152799e+01 2.504746273808981982e+01
4.484695278687096476e+01 2.458443290170647444e+01
4.403123066264747365e+01 2.412024769366767174e+01
4.321599673213896864e+01 2.365694619232154849e+01
4.240085984315985002e+01 2.319385686080184072e+01
4.158502105601129273e+01 2.272975978697933286e+01
4.077006409272373588e+01 2.226695338761275167e+01
3.995508234453048857e+01 2.180410721687937681e+01
3.913999762256352000e+01 2.134107579877906957e+01
3.832439728331912221e+01 2.087712852062429292e+01
3.750805031398908795e+01 2.041187538880422991e+01
3.669231266141731851e+01 1.994764517590913400e+01
3.587760800946459483e+01 1.948522798373661402e+01
3.506293332443586053e+01 1.902284847902722831e+01
3.424805004702871258e+01 1.856014074276815506e+01
3.343226874279490346e+01 1.809613171742666893e+01
3.261644261184373050e+01 1.763200805056942855e+01
3.179966627734499340e+01 1.716630183872193527e+01
3.098440553367482408e+01 1.670289232331852602e+01
3.016955875197301040e+01 1.624019460708984752e+01
2.935459544626390027e+01 1.577734672919055647e+01
2.853921240834353412e+01 1.531391454360048421e+01
2.772411033484163667e+01 1.485084235120593199e+01
2.690887952040834818e+01 1.438752470642894110e+01
2.609307878705419625e+01 1.392319916707377736e+01
2.527790754726399314e+01 1.345997196555342867e+01
2.446271943117666581e+01 1.299674696927760031e+01
2.364748665510403924e+01 1.253348432178448135e+01
2.283223281682399275e+01 1.207021541371754658e+01
2.201654616507315154e+01 1.160650484559194417e+01
2.120121485164182928e+01 1.114313260320162868e+01
2.038586799912977909e+01 1.067970689410575780e+01
1.957055775918092166e+01 1.021630252888849810e+01
1.875537243920961217e+01 9.753107304058067584e+00
1.794013730646516791e+01 9.289856711320497951e+00
1.712491994806952178e+01 8.826667310697301261e+00
1.630974058263862858e+01 8.363588234090970630e+00
1.549450429717996691e+01 7.900399200557830959e+00
1.467877851676668399e+01 7.436035268281623978e+00
1.386345538703465508e+01 6.972792542884943323e+00
1.304820463246608853e+01 6.509902220539063755e+00
1.223289568749032341e+01 6.047154861312089125e+00
1.141753907948984725e+01 5.584662567368667396e+00
1.060154025515161536e+01 5.121570875858203031e+00
9.786333125212248518e+00 4.660527790120561953e+00
8.971142394799569431e+00 4.200625618153575047e+00
8.155969351245817123e+00 3.742439994956744176e+00
7.340791803394560056e+00 3.286800155757569009e+00
6.525132271665528449e+00 2.834470143290283239e+00
5.709976151622742968e+00 2.388505118743369682e+00
4.894877114583688460e+00 1.951357405036276971e+00
4.079808129280153572e+00 1.527451882049369436e+00
3.264064057810524222e+00 1.122293611722694040e+00
2.448202011885595386e+00 7.470852864851724728e-01
1.633027672763842419e+00 4.183371741119097931e-01
8.178179560118348235e-01 1.579315873069411791e-01
2.582681083256438935e-03 6.811148564343948901e-04
