-3.183441373078762737e+01 4.411094057969459925e+01
-5.252253760847617059e+01 4.365664815882962557e+01
-6.589454803207739531e+01 4.320235476067561819e+01
-7.442199431167964008e+01 4.274813330108508325e+01
-7.974141699311000764e+01 4.229403201594963946e+01
-8.293660181315016189e+01 4.184016879640475395e+01
-8.472511557465803378e+01 4.138660720511145286e+01
-8.558214452691248653e+01 4.093330691060155146e+01
-8.582221894218058367e+01 4.047869136849550387e+01
-8.565385491234383153e+01 4.002469500305463157e+01
-8.521452918885088934e+01 3.956840517854823247e+01
-8.459668910735723557e+01 3.911566328769612255e+01
-8.385896914525764601e+01 3.865373792809457143e+01
-8.304399730878284913e+01 3.820125008495035246e+01
-8.217696141822719369e+01 3.774852897517875761e+01
-8.127537062713740568e+01 3.729455715568063567e+01
-8.035093076022384651e+01 3.683968281933402977e+01
-7.941138149625211895e+01 3.638443707275934713e+01
-7.846170137153328028e+01 3.592591999228757516e+01
-7.750557109013014667e+01 3.547156618209383083e+01
-7.654507409664508089e+01 3.501675272371272740e+01
-7.558164628943303853e+01 3.456323499156598444e+01
-7.461629636800448395e+01 3.410969568532426166e+01
-7.364971236965892842e+01 3.365569369704533642e+01
-7.268236143078161149e+01 3.320107471885135197e+01
-7.171438509070671330e+01 3.274714274003880377e+01
-7.074625103187688069e+01 3.229189004288578246e+01
-6.977747737486933488e+01 3.183878723580675540e+01
-6.880886846980205007e+01 3.138075811540477034e+01
-6.783986935443709854e+01 3.092665171738264718e+01
-6.687076474633093426e+01 3.047293171911054444e+01
-6.590165217310246248e+01 3.001896812808552539e+01
-6.493262865771676218e+01 2.956436190887857052e+01
-6.396359126828317443e+01 2.910967445893922800e+01
-6.299437877689850751e+01 2.865564445042681285e+01
-6.202520784868386272e+01 2.820133588556258530e+01
-6.105631603737218427e+01 2.774608491957425471e+01
-6.008707562030156879e+01 2.729194843988961949e+01
-5.911774338274118179e+01 2.683798250021043330e+01
-5.814836825291975941e+01 2.638404329102437984e+01
-5.717901323641191169e+01 2.592999938033322493e+01
-5.621045638816562473e+01 2.547427732150169888e+01
-5.524166063400611648e+01 2.501914412432483559e+01
-5.427257928280931765e+01 2.456469685933598512e+01
-5.330436988169367396e+01 2.410903576506123969e+01
-5.233539517547610131e+01 2.365446233140516696e+01
-5.136629193350763245e+01 2.319995774077814232e+01
-5.039694074778708455e+01 2.274591647105259895e+01
-4.942763861227133049e+01 2.229184744380009064e+01
-4.845850192194617989e+01 2.183731560225688995e+01
-4.748933923486156061e+01 2.138284086574477882e+01
-4.652019019086038298e+01 2.092829926840855492e+01
-4.555103927242296891e+01 2.047371157835024036e+01
-4.458190776117466214e+01 2.001926047114002571e+01
-4.361273392880721644e+01 1.956461566231462967e+01
-4.264353060416597430e+01 1.910995530926642161e+01
-4.167438534012570273e+01 1.865541882631758597e+01
-4.070534707125562335e+01 1.820099003883983357e+01
-3.973647835796034400e+01 1.774667547824626723e+01
-3.876740880808687706e+01 1.729208471540787073e+01
-3.779839287642617052e+01 1.683753142265793912e+01
-3.682927032282749735e+01 1.638292403255914564e+01
-3.586021546764552426e+01 1.592838076366708577e+01
-3.489126073721195809e+01 1.547387798836498618e+01
-3.392222597149719121e+01 1.501934200126144070e+01
-3.295283044172100517e+01 1.456468906527292972e+01
-3.198368503799987650e+01 1.411009445454987166e+01
-3.101428201071127688e+01 1.365544794236808990e+01
-3.004482764388667348e+01 1.320079294445424090e+01
-2.907560953343261190e+01 1.274617179675449385e+01
-2.810665187845676272e+01 1.229158712913132590e+01
-2.713800948074255004e+01 1.183702106572835788e+01
-2.616981411028269378e+01 1.138245249921173397e+01
-2.520152642940278653e+01 1.092786013988874849e+01
-2.423364850781858948e+01 1.047324642396921490e+01
-2.326568930408479474e+01 1.001863711678883284e+01
-2.229055674223539896e+01 9.564777000658448713e+00
-2.132326877105603913e+01 9.110095171596887198e+00
-2.035353516080296288e+01 8.655557195009951243e+00
-1.938600341800539795e+01 8.200915970908960517e+00
-1.841328775545257912e+01 7.747012979560547130e+00
-1.744661578676295122e+01 7.292373767653069550e+00
-1.647694582271227048e+01 6.838071385059873997e+00
-1.550844270026506777e+01 6.383848010890094571e+00
-1.453599792475165309e+01 5.930436089995109405e+00
-1.356541984609006057e+01 5.477138771638750292e+00
-1.259754544911043084e+01 5.023874411406737295e+00
-1.163011413408860939e+01 4.571268025897455622e+00
-1.066224802540373418e+01 4.119786935634119907e+00
-9.690968732761392701e+00 3.669970138415536098e+00
-8.722877564408552331e+00 3.222639217295892422e+00
-7.754762522911002876e+00 2.779075122138030096e+00
-6.786078918889461242e+00 2.341263457311334228e+00
-5.817192447755551221e+00 1.912091203424765684e+00
-4.848108622499390563e+00 1.495939394736954364e+00
-3.877794659019521806e+00 1.099701224893279150e+00
-2.908597873807386325e+00 7.325697871795585625e-01
-1.940209742445310193e+00 4.098085574635247363e-01
-9.718023645110672737e-01 1.543402700419659601e-01
-2.337601475006602977e-03 4.456262387595382010e-04
