-4.495238137345492646e+01 -4.399014655415896868e+01
-7.414144302145895438e+01 -4.354117265703367678e+01
-9.299181620740523613e+01 -4.309058950852356418e+01
-1.050014189927121322e+02 -4.263795419420775801e+01
-1.124844269739051299e+02 -4.218258712486110085e+01
-1.169721346014595440e+02 -4.172439832644435143e+01
-1.194802500607704729e+02 -4.127254133615743115e+01
-1.206766185262225264e+02 -4.081647436543688912e+01
-1.210059395968905136e+02 -4.036102268075566002e+01
-1.207621430163941199e+02 -3.990895775816628088e+01
-1.201389674735331994e+02 -3.945822378527584817e+01
-1.192638163270777767e+02 -3.900228967839557725e+01
-1.182217782262417813e+02 -3.854074580619779766e+01
-1.170713269259447031e+02 -3.809088158266013124e+01
-1.158475947186890522e+02 -3.763844713644647300e+01
-1.145759781323973243e+02 -3.718722812928392329e+01
-1.132722510811490224e+02 -3.673486878538133737e+01
-1.119474747467347413e+02 -3.628241037603662278e+01
-1.106086863881178459e+02 -3.582962122387509396e+01
-1.092607757655320597e+02 -3.537698317218293198e+01
-1.079065349889598053e+02 -3.492382449624616214e+01
-1.065484136668426061e+02 -3.447088934865631416e+01
-1.051875748650644766e+02 -3.401786503007728157e+01
-1.038246429320039113e+02 -3.356450535443707395e+01
-1.024607770084659961e+02 -3.311136880455382681e+01
-1.010960942954282302e+02 -3.265820210401663104e+01
-9.973050182688137966e+01 -3.220483750683627022e+01
-9.836450129147678467e+01 -3.175148521999153317e+01
-9.699819047298522889e+01 -3.129815627205067585e+01
-9.563271263823565960e+01 -3.084509545034721967e+01
-9.426704533731921742e+01 -3.039192288607819492e+01
-9.290127867497993464e+01 -2.993864989318661074e+01
-9.153548845147115287e+01 -2.948527287564033372e+01
-9.016908526199127039e+01 -2.903185582686167621e+01
-8.880277216818680586e+01 -2.857844910180469356e+01
-8.743654045791120666e+01 -2.812500024472075921e+01
-8.607039098943808142e+01 -2.767145692899846310e+01
-8.470433060992590413e+01 -2.721779257720953638e+01
-8.333834434379983236e+01 -2.676393076083906664e+01
-8.197243336848021045e+01 -2.630974752572295827e+01
-8.060647367370251004e+01 -2.585540957748459334e+01
-7.924056707883748629e+01 -2.540079171906496214e+01
-7.787492526886946109e+01 -2.494527411926457461e+01
-7.650935403273405200e+01 -2.448937861067529198e+01
-7.514339434127295192e+01 -2.403483720130538259e+01
-7.377356899001813417e+01 -2.359941635340251764e+01
-7.240697496671853628e+01 -2.314839284713071166e+01
-7.104133216354641434e+01 -2.269238310988223617e+01
-6.967559107446626854e+01 -2.223689529867918324e+01
-6.830995874130837819e+01 -2.178097896625478214e+01
-6.694398395940271485e+01 -2.132823664797740193e+01
-6.557763765355493035e+01 -2.088043243830021822e+01
-6.421198747284262254e+01 -2.042379891886038834e+01
-6.284530652742085977e+01 -1.997432307452969269e+01
-6.147908681318307345e+01 -1.952280425235008465e+01
-6.011327453441995772e+01 -1.906744936412633251e+01
-5.874740155316309398e+01 -1.861257981463944944e+01
-5.738135610425108979e+01 -1.815852018592210371e+01
-5.601517038243279956e+01 -1.770482754670414138e+01
-5.464923427003549961e+01 -1.725081358169439838e+01
-5.328329578580031267e+01 -1.679705333971603665e+01
-5.191702478864276316e+01 -1.634373535241201836e+01
-5.055109312368567487e+01 -1.589022755349653693e+01
-4.918521770631505063e+01 -1.543681961363970423e+01
-4.781869258424605817e+01 -1.498368076249685110e+01
-4.645212676338480406e+01 -1.453047840196539120e+01
-4.508551356800848708e+01 -1.407719442483835692e+01
-4.371941612142894229e+01 -1.362392108523189727e+01
-4.235330006758366039e+01 -1.317066816771455784e+01
-4.098717710702210582e+01 -1.271742825033232904e+01
-3.962105742824748233e+01 -1.226420698000070608e+01
-3.825495752752425460e+01 -1.181102294249116902e+01
-3.688863722721344374e+01 -1.135771086420132114e+01
-3.552235295767864898e+01 -1.090440980155163331e+01
-3.415632450653504293e+01 -1.045134998853068709e+01
-3.279032354750954426e+01 -9.998366697509220913e+00
-3.142416269842229326e+01 -9.545230182795386042e+00
-3.005805294328098043e+01 -9.092218364598050329e+00
-2.869179142907752933e+01 -8.639040180078326969e+00
-2.732556392689463465e+01 -8.186005123023127439e+00
-2.595956284619779453e+01 -7.733533800717975915e+00
-2.459362613439207834e+01 -7.281394461033154464e+00
-2.322794986367783565e+01 -6.830174523614810589e+00
-2.186176696906730399e+01 -6.377658068398179836e+00
-2.049575058988728671e+01 -5.925417807773051493e+00
-1.912980312512790348e+01 -5.473017556703979380e+00
-1.776331301979529442e+01 -5.017445979766852027e+00
-1.639774870620126634e+01 -4.567633197071313766e+00
-1.503231947486137621e+01 -4.119964776896502201e+00
-1.366589609433288111e+01 -3.670346579523177777e+00
-1.229784296931228305e+01 -3.217985562375665243e+00
-1.093214235877372253e+01 -2.777113226456526807e+00
-9.564916735426644223e+00 -2.336806580917894394e+00
-8.197844782696188659e+00 -1.905904853661628540e+00
-6.831633478206343035e+00 -1.490662640588236831e+00
-5.465407148536036708e+00 -1.094836603042378176e+00
-4.099435522800760623e+00 -7.286092931396900285e-01
-2.733420618593057849e+00 -4.059876585864081178e-01
-1.367963802483489033e+00 -1.514775184550366527e-01
-2.707270965356507741e-03 -3.278448281516200755e-04
