-2.089036473895315638e+01 -1.854775093312125733e+01
-3.446087172071558768e+01 -1.833882467908227198e+01
-4.322407383920493373e+01 -1.815382892322578812e+01
-4.880673736307211641e+01 -1.796689489032262443e+01
-5.228492898476949335e+01 -1.777497143553820891e+01
-5.437139579866145311e+01 -1.758610672423579402e+01
-5.553699196375400504e+01 -1.739706594613259583e+01
-5.609330670475687697e+01 -1.720424646957976833e+01
-5.624653646240086857e+01 -1.701512153431707475e+01
-5.613297962834943178e+01 -1.682497122163634629e+01
-5.584291944104293037e+01 -1.663437116617021516e+01
-5.543613344019932754e+01 -1.644378320621724043e+01
-5.495216391064203521e+01 -1.625333987033272010e+01
-5.441710336633726541e+01 -1.606280875510242723e+01
-5.384819659946018788e+01 -1.587191605473636002e+01
-5.325672799272884816e+01 -1.568003478290501818e+01
-5.265062158478658461e+01 -1.548886773787074311e+01
-5.203472631709630036e+01 -1.529766741869418034e+01
-5.141223695263520455e+01 -1.510606727095482604e+01
-5.078568039507199217e+01 -1.491516121177176224e+01
-5.015624268385524687e+01 -1.472405996499584013e+01
-4.952498967091665349e+01 -1.453310416960947649e+01
-4.889258235018748167e+01 -1.434230089817543607e+01
-4.825935400033363720e+01 -1.415141736132702377e+01
-4.762560046370374778e+01 -1.396049276172177400e+01
-4.699152173376650410e+01 -1.376955711487344125e+01
-4.635728307006721138e+01 -1.357865073193827499e+01
-4.572255768889568373e+01 -1.338735359993073004e+01
-4.508777862005643300e+01 -1.319617031058063006e+01
-4.445272789163372096e+01 -1.300486088387147454e+01
-4.381766221834811859e+01 -1.281362037388026742e+01
-4.318286526133713465e+01 -1.262255863868346850e+01
-4.254810527727218528e+01 -1.243153097083304459e+01
-4.191270412734338890e+01 -1.224021625816435233e+01
-4.127766859724806636e+01 -1.204907211191267002e+01
-4.064269432270019422e+01 -1.185794673848149294e+01
-4.000739083622395498e+01 -1.166672266377706713e+01
-3.937212837720394276e+01 -1.147553578164232135e+01
-3.873654405397957134e+01 -1.128426378171894662e+01
-3.810173951516883051e+01 -1.109318968081017331e+01
-3.746691247593067686e+01 -1.090211598863975162e+01
-3.683204769140073864e+01 -1.071102137035749280e+01
-3.619642686995547365e+01 -1.051987485845043757e+01
-3.556149731025392668e+01 -1.032875348419868189e+01
-3.492650378698825619e+01 -1.013763111364844960e+01
-3.429130906558699365e+01 -9.946530475056945875e+00
-3.365638226124789867e+01 -9.755404302581974108e+00
-3.302138219295574828e+01 -9.564288500384019898e+00
-3.238636699884572323e+01 -9.373180755842307477e+00
-3.175141379526364105e+01 -9.182060789851291815e+00
-3.111614455418801484e+01 -8.991045946493512631e+00
-3.048095818361011666e+01 -8.800001412855410265e+00
-2.984591282974253801e+01 -8.608930395827051996e+00
-2.921070150120231546e+01 -8.417956128971638918e+00
-2.857555740316562520e+01 -8.226997818157713027e+00
-2.794056874949971814e+01 -8.035939132393744799e+00
-2.730549889972653688e+01 -7.844983009853708111e+00
-2.667107041826922753e+01 -7.653395725701924057e+00
-2.603639147180048852e+01 -7.461954556824947460e+00
-2.540128228543075650e+01 -7.271022736507826600e+00
-2.476662632243968787e+01 -7.079454066130252521e+00
-2.413186664245938573e+01 -6.887951730665571759e+00
-2.349676223971314926e+01 -6.696964629537084157e+00
-2.286178706159192231e+01 -6.505628969921363414e+00
-2.222645662892306007e+01 -6.315015556536290653e+00
-2.159103743263260711e+01 -6.124836150124302492e+00
-2.095588350951309664e+01 -5.934103806976910533e+00
-2.032085188144576904e+01 -5.743245101608956737e+00
-1.968578793773777491e+01 -5.552872926896555761e+00
-1.905090492863594775e+01 -5.361125424634853864e+00
-1.841593768606368542e+01 -5.169552679397600770e+00
-1.778094230217495664e+01 -4.978656895895142043e+00
-1.714588416867101373e+01 -4.786976228876488548e+00
-1.651069393601965984e+01 -4.595002151241463828e+00
-1.587566577614560792e+01 -4.404111672154235713e+00
-1.524065218474603078e+01 -4.213122102660941337e+00
-1.460564830054197039e+01 -4.022071417375654434e+00
-1.397077308111714267e+01 -3.831275531531748157e+00
-1.333607151207050379e+01 -3.640731850838088590e+00
-1.270118013962388659e+01 -3.449832604323928464e+00
-1.206628915653775103e+01 -3.258927312452218672e+00
-1.143122292073275403e+01 -3.067822720935598380e+00
-1.079618205781798146e+01 -2.876784006079499800e+00
-1.016113008862915734e+01 -2.685777594668768753e+00
-9.526264039228017566e+00 -2.494992895900383978e+00
-8.891329907859166326e+00 -2.304285733382316348e+00
-8.256373036634169438e+00 -2.113749367879786956e+00
-7.621432394280973632e+00 -1.923498762627742442e+00
-6.986208111813318133e+00 -1.733552829747295743e+00
-6.351206864403909691e+00 -1.544399402262500276e+00
-5.715534470165779091e+00 -1.356095382195956711e+00
-5.079707749817043982e+00 -1.169343616077255676e+00
-4.444272727041689741e+00 -9.850683767284480474e-01
-3.808892824079790795e+00 -8.043799525711647913e-01
-3.182424361985245032e+00 -6.306607373006402062e-01
-2.547491737691634395e+00 -4.637965802659393399e-01
-1.910670354514614866e+00 -3.089283373330122262e-01
-1.274292263608280962e+00 -1.728839045849772382e-01
-6.381565656015378840e-01 -6.518495519979537745e-02
-1.905551163604707159e-03 -2.580759238650003149e-04
