4.020237779576073223e+01 4.767053545870067666e+01
6.631334865030727599e+01 4.718034016363998262e+01
8.318083796900069160e+01 4.669020193897731019e+01
9.393079771189879068e+01 4.620002422360623484e+01
1.006314456393254346e+02 4.570748675155257246e+01
1.046523195895471616e+02 4.521429010671318593e+01
1.069004567758067594e+02 4.472309333751201166e+01
1.079750210334300533e+02 4.423213947729890805e+01
1.082725710186998924e+02 4.374069207457790043e+01
1.080558483209984217e+02 4.324882424910565959e+01
1.074991575641376755e+02 4.275748996063155261e+01
1.067175251676978434e+02 4.226656147689440246e+01
1.057864940224473571e+02 4.177515054379758652e+01
1.047566743675811836e+02 4.128355233964836657e+01
1.036617087527675238e+02 4.079219623196204481e+01
1.025236090684681329e+02 4.030099218471510625e+01
1.013572994478058718e+02 3.981010661906842785e+01
1.001719984188311798e+02 3.931909855710832602e+01
9.897411802429016348e+01 3.882799224966901619e+01
9.776806933597504212e+01 3.833692091380231659e+01
9.655667285338751071e+01 3.784588326698299454e+01
9.534146961921115349e+01 3.735472778958493478e+01
9.412386953607075668e+01 3.686354663530310205e+01
9.290470936716899075e+01 3.637233953359483252e+01
9.168412742465460497e+01 3.588104296781942537e+01
9.046287225342001648e+01 3.538976379236248704e+01
8.924118452804280821e+01 3.489850084543259356e+01
8.801941426726823181e+01 3.440725054688435591e+01
8.679722134759690277e+01 3.391603876644190763e+01
8.557513430216914685e+01 3.342479219219416819e+01
8.435298555848669366e+01 3.293354495396360448e+01
8.313084836566360991e+01 3.244227543537456171e+01
8.190901849657548439e+01 3.195081613012168731e+01
8.068713356515429780e+01 3.145934171482761599e+01
7.946550576599818783e+01 3.096769894790732991e+01
7.824363377429214950e+01 3.047619820742198726e+01
7.702066950519238731e+01 2.998550441370265673e+01
7.579557564431590322e+01 2.949643803647648710e+01
7.457349460237925598e+01 2.900512368466971935e+01
7.335086522552961696e+01 2.851404044290210749e+01
7.212576887631814770e+01 2.802437081678210262e+01
7.090319313144208024e+01 2.753320398499792532e+01
6.968179967059883495e+01 2.704139785669976348e+01
6.845960214288383838e+01 2.654999987398239014e+01
6.723777878887854342e+01 2.605849206270487528e+01
6.601599394763982787e+01 2.556702615299620263e+01
6.479388217545161410e+01 2.507570433403910926e+01
6.357173762156710239e+01 2.458443640064098545e+01
6.234909595154735484e+01 2.409326963904549146e+01
6.112644547618752711e+01 2.360209714244081525e+01
5.990403707514056464e+01 2.311091276514455473e+01
5.868161683964737563e+01 2.261972128521829362e+01
5.745919260051307731e+01 2.212852379408847625e+01
5.623678622394067617e+01 2.163732805975668327e+01
5.501414565609536567e+01 2.114606304852986796e+01
5.379175834638549958e+01 2.065488236263478328e+01
5.256936552973622412e+01 2.016371676669302815e+01
5.134699265045262706e+01 1.967256542671302810e+01
5.012442653995893238e+01 1.918127489004033137e+01
4.890188411685448244e+01 1.869000450834383642e+01
4.767958648818261480e+01 1.819894146820828240e+01
4.645710613222193786e+01 1.770774862099641211e+01
4.523468343342165809e+01 1.721660858446869824e+01
4.401234905992261304e+01 1.672556843902891188e+01
4.278923933237899746e+01 1.623363823432965702e+01
4.156673023066606021e+01 1.574241178193891066e+01
4.034395479501898052e+01 1.525077192228558332e+01
3.912149244833420170e+01 1.475952957628322260e+01
3.789942045495885026e+01 1.426908104537493216e+01
3.667728009444059722e+01 1.377869784379827323e+01
3.545474672794675541e+01 1.328750512784253779e+01
3.423225805781144260e+01 1.279636422422582243e+01
3.300990799902164952e+01 1.230556337262458300e+01
3.178763320221145960e+01 1.181521422069591409e+01
3.056541591870779939e+01 1.132549556453087902e+01
2.934290890884295067e+01 1.083343402606255701e+01
2.812081059501489477e+01 1.034474827413613340e+01
2.689831442941396134e+01 9.850141841486889760e+00
2.567563137355011094e+01 9.354209177448872481e+00
2.445330533520343508e+01 8.863634411819193204e+00
2.323064204982449255e+01 8.371026848646867080e+00
2.200850917782793559e+01 7.882425970556139916e+00
2.078637599948670101e+01 7.393849415310029372e+00
1.956365752728222418e+01 6.902780537965108820e+00
1.834168083318192188e+01 6.415213973227720246e+00
1.711779952563903251e+01 5.915785856134151643e+00
1.589581977761916498e+01 5.428690528289115136e+00
1.467376280134921984e+01 4.941982056991379046e+00
1.345090480289995583e+01 4.452862378482560501e+00
1.222798527611655039e+01 3.965736579112892901e+00
1.100551658760013574e+01 3.482774854136799547e+00
9.782919598094601099e+00 3.002928492835031271e+00
8.560489938529109111e+00 2.529341323750737835e+00
7.338241421488918448e+00 2.066053645719197807e+00
6.115955948136559073e+00 1.616453571817502821e+00
4.893637181374527856e+00 1.188003921442105204e+00
3.671239134614881383e+00 7.913992284955030376e-01
2.448791722426875594e+00 4.426842261532084044e-01
1.226442157934990007e+00 1.666441731855255182e-01
4.270945117004962092e-03 8.266347365381593749e-04
