3.012188750209882926e+01 4.595687099490475447e+01
4.970262939970782412e+01 4.548397363262698434e+01
6.236236839241926333e+01 4.501112773909021314e+01
7.043799448257031770e+01 4.453819991877981010e+01
7.547622053494042405e+01 4.406421745536977141e+01
7.850356794617718492e+01 4.359047147184213600e+01
8.020005320435298302e+01 4.311767130017909722e+01
8.101290463536126651e+01 4.264377530983536957e+01
8.124222175966957593e+01 4.217053433806706408e+01
8.108474212217979016e+01 4.169755513852790330e+01
8.066477414620790398e+01 4.122074005412815723e+01
8.007572419827120314e+01 4.074425994397489603e+01
7.938013525812796445e+01 4.027163526248367020e+01
7.860990181660365295e+01 3.979885771101973546e+01
7.779028026325477185e+01 3.932603661041226673e+01
7.693755764655504947e+01 3.885290086504789997e+01
7.606312504586156820e+01 3.837975046626316811e+01
7.517389421702036145e+01 3.790612983763513455e+01
7.427544896375525241e+01 3.743290186634681049e+01
7.337053424923777811e+01 3.695943264511090121e+01
7.246146333110536375e+01 3.648604217355309487e+01
7.154953032028691950e+01 3.601243288408342380e+01
7.063567686580761062e+01 3.553843083652701296e+01
6.972074509011386567e+01 3.506497603890418446e+01
6.880499133585990990e+01 3.459159678463930021e+01
6.788866179661685862e+01 3.411798414382747779e+01
6.697196980737474803e+01 3.364449395082881011e+01
6.605502629743864418e+01 3.317097519598272726e+01
6.513791652806924048e+01 3.269744101897042299e+01
6.422066230428687561e+01 3.222403313142491044e+01
6.330335199351463871e+01 3.175048912058820250e+01
6.238598088040643574e+01 3.127695405029711040e+01
6.146855794622599234e+01 3.080342579504219458e+01
6.055108425145626683e+01 3.032990254547956965e+01
5.963355095821965790e+01 2.985638981742363995e+01
5.871582767927241520e+01 2.938297544338610834e+01
5.779806799802650374e+01 2.890951485258306164e+01
5.688039156586381750e+01 2.843599574560712639e+01
5.596284596909211473e+01 2.796246059246169935e+01
5.504600065392043717e+01 2.748874265528421645e+01
5.412840465876111296e+01 2.701524077491070486e+01
5.321048624708070918e+01 2.654183773235632771e+01
5.229365904411363175e+01 2.606830602620998860e+01
5.138002532084194485e+01 2.559447228045856093e+01
5.046229805609943497e+01 2.512100879188772495e+01
4.954489189784029435e+01 2.464743368068896956e+01
4.862688283087506136e+01 2.417399487102449029e+01
4.770910146868766333e+01 2.370051369390191809e+01
4.679147046572393265e+01 2.322699741404309393e+01
4.587376406974210141e+01 2.275354040568790381e+01
4.495630441047818238e+01 2.227998454027250474e+01
4.403873170532039438e+01 2.180651062792937722e+01
4.312119860902517132e+01 2.133304145555003828e+01
4.220380574123773698e+01 2.085947216902032153e+01
4.128640941043969548e+01 2.038590808431322898e+01
4.036900933500673716e+01 1.991234766463229633e+01
3.945160190346160078e+01 1.943877581162443846e+01
3.853414860357688099e+01 1.896533227383065068e+01
3.761671793386126694e+01 1.849189860195304647e+01
3.669931228419697788e+01 1.801832248178100215e+01
3.578189577438623559e+01 1.754476015624658203e+01
3.486447909354527752e+01 1.707121799087511604e+01
3.394707467627633690e+01 1.659770550555870727e+01
3.302964028172165456e+01 1.612406086246849668e+01
3.211215525187507325e+01 1.565029480180137789e+01
3.119474156037179213e+01 1.517673071326528245e+01
3.027733488572929588e+01 1.470317749683696107e+01
2.935994351026176830e+01 1.422963590553118607e+01
2.844258677866004703e+01 1.375613281699400581e+01
2.752518095394250253e+01 1.328255274913827932e+01
2.660793627385419313e+01 1.280916451529112798e+01
2.569077756374822386e+01 1.233583101934056714e+01
2.477372932231203251e+01 1.186256864642888509e+01
2.385683184786896405e+01 1.138940060971501467e+01
2.293912007422745702e+01 1.091554175506784752e+01
2.202155975778126873e+01 1.044188669629976118e+01
2.110494588383708603e+01 9.968920813771138256e+00
2.018843019738755018e+01 9.496037443445967341e+00
1.926781195650340095e+01 9.020909614700300949e+00
1.835061843958809291e+01 8.547665998061315662e+00
1.743445551119971881e+01 8.075051501980201607e+00
1.651687626953147614e+01 7.601512521155605384e+00
1.560028638011937296e+01 7.128822822715151553e+00
1.467994653934598759e+01 6.653935404393418018e+00
1.376402656239900146e+01 6.182091620957403499e+00
1.284717385594782968e+01 5.709911806476096530e+00
1.193057873998547613e+01 5.238404896958000379e+00
1.101100506181072980e+01 4.765220035056073833e+00
1.009133726200219705e+01 4.293397771172264399e+00
9.175691048954821127e+00 3.826301803067895246e+00
8.258726289342646965e+00 3.360724164423960492e+00
7.341059521275547617e+00 2.898343800009708371e+00
6.423874776653937246e+00 2.442363096581735338e+00
5.507128134931161156e+00 1.995739730031542480e+00
4.588857857005820051e+00 1.561443765413533358e+00
3.671234437307362430e+00 1.147824024862858616e+00
2.753623656593146674e+00 7.648056806124089446e-01
1.837021579904489110e+00 4.288343760092694357e-01
9.206444232089304736e-01 1.628364356048037642e-01
2.702387960000233059e-03 6.207208472960182386e-04
