4.414317293890428553e-03 4.393345527451816679e+01
8.758466619882367132e-03 4.349393605424894105e+01
1.299197627240224195e-02 4.305441676832232645e+01
1.710285936271837420e-02 4.261489742236501144e+01
2.108452795873254348e-02 4.217537806059424099e+01
2.491397347034919260e-02 4.173585895787184086e+01
2.866723211269014276e-02 4.129633911253070266e+01
3.234901425465379343e-02 4.085681831552062704e+01
3.589888846129311167e-02 4.041729769342924072e+01
3.931553113444839070e-02 3.997777734362301771e+01
4.259841336403957790e-02 3.953825739197839084e+01
4.574589762199629539e-02 3.909873798919630872e+01
4.882523453606162078e-02 3.865921693116421665e+01
5.183861516382049645e-02 3.821969403327723569e+01
5.478858130518450553e-02 3.778016905125860347e+01
5.767358780093923692e-02 3.734064196244367650e+01
6.045145244341731255e-02 3.690111478891051888e+01
6.311715834407233272e-02 3.646158788840376275e+01
6.567512647211141974e-02 3.602206101858011067e+01
6.812445401420930136e-02 3.558253461635738546e+01
7.046717552372010196e-02 3.514300854972175614e+01
7.270020565546012059e-02 3.470348319602246789e+01
7.481979431423843585e-02 3.426395902870974197e+01
7.683330334904373005e-02 3.382443565709775157e+01
7.873410215059235828e-02 3.338491386816977524e+01
8.052709233471057326e-02 3.294539346510407540e+01
8.221117094608189346e-02 3.250587480885782554e+01
8.378815851501082712e-02 3.206635795510032239e+01
8.525348256162337823e-02 3.162684372681445666e+01
8.661826669200527185e-02 3.118733116075609502e+01
8.787165836969047794e-02 3.074782187881805484e+01
8.902532612897653963e-02 3.030831474777213685e+01
9.006771410903906261e-02 2.986881168625922101e+01
9.100800765289901451e-02 2.942931184059844441e+01
9.185112424671285081e-02 2.898981486022895737e+01
9.258892174386028351e-02 2.855032242362215911e+01
9.323312370762096291e-02 2.811083307640998896e+01
9.377589292998922410e-02 2.767134858425644950e+01
9.422261102333642779e-02 2.723186852305358840e+01
9.457818203576390248e-02 2.679239242510178798e+01
9.483805507079315356e-02 2.635292171550253215e+01
9.500736605291180970e-02 2.591345589033360852e+01
9.508788936717521567e-02 2.547399499344159679e+01
9.507486491628014402e-02 2.503454091007533933e+01
9.497937287008829943e-02 2.459509114822806097e+01
9.479042384012362210e-02 2.415564964311267104e+01
9.451980728213442429e-02 2.371621393768744213e+01
9.416635215697136130e-02 2.327678495434916428e+01
9.372870167234163830e-02 2.283736375578490296e+01
9.320528637677412409e-02 2.239795164593109789e+01
9.260433936556738965e-02 2.195854682145103354e+01
9.192760291199536526e-02 2.151914951856082325e+01
9.117073293264374434e-02 2.107976170454172760e+01
9.034406704356348627e-02 2.064038126116557592e+01
8.944097068961190389e-02 2.020101120633637493e+01
8.846893327546589969e-02 1.976164968578691727e+01
8.742411920212204979e-02 1.932229896694138560e+01
8.631374426486680684e-02 1.888295695285501452e+01
8.513692207890548314e-02 1.844362557266685343e+01
8.389783255061333822e-02 1.800430352098699771e+01
8.259574184641059469e-02 1.756499227535969254e+01
8.123674115699523746e-02 1.712568995938697114e+01
7.981812124186093982e-02 1.668639902121053353e+01
7.834572068475194329e-02 1.624711740191898457e+01
7.681702728585085294e-02 1.580784753485456307e+01
7.523581073745144732e-02 1.536858886413303793e+01
7.360710166297576573e-02 1.492933919037874979e+01
7.193078299725054470e-02 1.449010002478508241e+01
7.020478398922755381e-02 1.405087408462216914e+01
6.843831457648064109e-02 1.361165584508833604e+01
6.662876029134856548e-02 1.317244876785964891e+01
6.477761991824235177e-02 1.273325311700995499e+01
6.288773364160636647e-02 1.229406795849640233e+01
6.096053718544203193e-02 1.185489355950952195e+01
5.899860118013477289e-02 1.141572903921467308e+01
5.700430158849909001e-02 1.097657358578700659e+01
5.497898749084852155e-02 1.053742742262759613e+01
5.292094571293735200e-02 1.009829445640037449e+01
5.083535905569376567e-02 9.659170236130860232e+00
4.872349824359427373e-02 9.220055003469548538e+00
4.658732179372025717e-02 8.780948003256474621e+00
4.442674137661548756e-02 8.341851560164782242e+00
4.224370816339777929e-02 7.902764830254481510e+00
4.004059959042258893e-02 7.463686056159755111e+00
3.781810783412110216e-02 7.024616440670566675e+00
3.557917820610838333e-02 6.585552637278423660e+00
3.332456569520210465e-02 6.146495651961919826e+00
3.105715451606145747e-02 5.707444858176285329e+00
2.877570043384135648e-02 5.268398922533017448e+00
2.648272854944199589e-02 4.829358019213680464e+00
2.417997244322930145e-02 4.390321631153927484e+00
2.186866916449702047e-02 3.951289236455844733e+00
1.954867703294789483e-02 3.512259667151654607e+00
1.722197892676466044e-02 3.073231945485594974e+00
1.488983719771405645e-02 2.634205156950204962e+00
1.255316645031089549e-02 2.195178915819333110e+00
1.021319630587055015e-02 1.756151156125447477e+00
7.870494985118756115e-03 1.317123192708001156e+00
5.526250046050155788e-03 8.780914210577196455e-01
3.181327931114783219e-03 4.390539886032424621e-01
