-4.668448834273599601e+01 1.441985215417604271e+00
-7.696354913050161883e+01 1.426448125589637961e+00
-9.649825490422921348e+01 1.410874207062811525e+00
-1.089306688749908432e+02 1.396577000282881231e+00
-1.166686137352200348e+02 1.381610348054570503e+00
-1.213023795030278649e+02 1.370070272109270348e+00
-1.238856334581033565e+02 1.356272992428904534e+00
-1.251130776725479024e+02 1.342196627745290805e+00
-1.254447980473273248e+02 1.326903041177369014e+00
-1.251845305592270279e+02 1.310957269060612607e+00
-1.245321994185443089e+02 1.295972840114008262e+00
-1.236209971143212272e+02 1.280959310360517911e+00
-1.225384531949030276e+02 1.266134483761342189e+00
-1.213429007707592433e+02 1.251168321632553759e+00
-1.200732666275363272e+02 1.235815221300821110e+00
-1.187542334275317444e+02 1.220622436807645261e+00
-1.174011749710149388e+02 1.206039107166694269e+00
-1.160267108864411512e+02 1.191257656385269259e+00
-1.146380694347308662e+02 1.176313995436086612e+00
-1.132408383049144192e+02 1.161339987340805235e+00
-1.118372509843507316e+02 1.146426447027468765e+00
-1.104294645547932419e+02 1.131562903252181229e+00
-1.090188955453975552e+02 1.116733217057964023e+00
-1.076067459691307278e+02 1.102031761594284287e+00
-1.061931354453634526e+02 1.087279081777166700e+00
-1.047790060768537899e+02 1.072728112089144537e+00
-1.033641363890184124e+02 1.058135461449158043e+00
-1.019490143411409235e+02 1.043705179851489584e+00
-1.005340542371627635e+02 1.029732431195478082e+00
-9.911800031041366310e+01 1.014964857605404225e+00
-9.770199279878187326e+01 1.000196600337636132e+00
-9.628625367962825976e+01 9.857586056523693907e-01
-9.487015585360366288e+01 9.706541272283986110e-01
-9.345317127690985615e+01 9.535535061123112666e-01
-9.203673967468583328e+01 9.374574866660654315e-01
-9.062084338277435336e+01 9.224402771872705076e-01
-8.920533464289314907e+01 9.083080488543855413e-01
-8.778971880468853328e+01 8.934360637237923619e-01
-8.637424819785071861e+01 8.793058448119080994e-01
-8.495825787599399348e+01 8.607811731744138273e-01
-8.354265681588618975e+01 8.463651688063240641e-01
-8.212676838734007845e+01 8.311204889804144624e-01
-8.071082070155128463e+01 8.163968090236080055e-01
-7.929509565591992271e+01 8.023351629345500946e-01
-7.787941544432328556e+01 7.882173954876386945e-01
-7.646354546594051271e+01 7.736974849099436113e-01
-7.504761936591602023e+01 7.590459986603440568e-01
-7.363164248581470872e+01 7.443145101824282239e-01
-7.221561445018440395e+01 7.295335351826162107e-01
-7.079978371138496129e+01 7.148543162021123720e-01
-6.938370692968989317e+01 7.000301057975759633e-01
-6.796787917840504178e+01 6.852964059160863153e-01
-6.655178351679909099e+01 6.704589178009864314e-01
-6.513566748909950377e+01 6.556047484393220381e-01
-6.371983106747883596e+01 6.407685968620875361e-01
-6.230400843723958815e+01 6.259018129438339573e-01
-6.088822573053182907e+01 6.109981409186358015e-01
-5.947124532979672296e+01 5.962107024760076035e-01
-5.805575411152047138e+01 5.812707773660314992e-01
-5.663993204661501579e+01 5.663440599626989869e-01
-5.522412565811091412e+01 5.513633447894268347e-01
-5.380867274962059810e+01 5.361604311188223893e-01
-5.239213545684494733e+01 5.214977847864618044e-01
-5.097684961500489464e+01 5.060501073856737975e-01
-4.956142237072545953e+01 4.905692923744403022e-01
-4.814516393106656267e+01 4.758172446226934249e-01
-4.672894767904223556e+01 4.612176943161582221e-01
-4.531273150721850840e+01 4.467889561938052090e-01
-4.389648842728802691e+01 4.325678688942640737e-01
-4.248022910875567959e+01 4.185078454237061152e-01
-4.106434176493618793e+01 4.039452229346093826e-01
-3.964830094343935230e+01 3.898105346943585570e-01
-3.823071928703704714e+01 3.790831868057416010e-01
-3.681533366812308117e+01 3.635431307973264747e-01
-3.539980185133464374e+01 3.480771756205153777e-01
-3.398431127353180869e+01 3.325343067740331726e-01
-3.256881841288761592e+01 3.170781817001249170e-01
-3.115309911803462484e+01 3.019156122901869854e-01
-2.973737803965194360e+01 2.868295011045850496e-01
-2.832155202005791139e+01 2.718691693580440605e-01
-2.690563382827541616e+01 2.570115494690874969e-01
-2.548974157002244212e+01 2.421981098371567831e-01
-2.407372885953365227e+01 2.274727931113749435e-01
-2.265747511748638487e+01 2.128132803154432484e-01
-2.124148383585259481e+01 1.981399168894904805e-01
-1.982572552216452166e+01 1.834601064267293302e-01
-1.840995668932615459e+01 1.687883274572865855e-01
-1.699421441931421484e+01 1.541075206516916429e-01
-1.557806706157272991e+01 1.391834808324193262e-01
-1.416193305017157300e+01 1.243097945286501249e-01
-1.274602983191152639e+01 1.097388522140090722e-01
-1.133037676352316048e+01 9.554670235197701422e-02
-9.914609257707596157e+00 8.144871563350808419e-02
-8.499191851815199428e+00 6.813711567556157700e-02
-7.084047227028045235e+00 5.568838002945485782e-02
-5.666239218489652174e+00 3.847031696719786786e-02
-4.248789711300219984e+00 2.162341932890163645e-02
-2.833504720047443914e+00 1.202846903876151306e-02
-1.418435909709296672e+00 4.683995401215780043e-03
-2.989880013206197302e-03 7.830642479140494469e-06
