3.518043038983566362e+01 2.592402610878541225e+01
5.801533778600118296e+01 2.565779308687299931e+01
7.275583271003770847e+01 2.539205117029357694e+01
8.214216270229454153e+01 2.512599424645429380e+01
8.796840982698537914e+01 2.485450376922252147e+01
9.147257597389516093e+01 2.458831155160785542e+01
9.342677741974989658e+01 2.432125867046874390e+01
9.435732077469637602e+01 2.405392361597847639e+01
9.461221267643159649e+01 2.378732750529241002e+01
9.441901514208080926e+01 2.352056422519929768e+01
9.392930455637890930e+01 2.325340626851483350e+01
9.324369546959924548e+01 2.298616985069307006e+01
9.242853001024131743e+01 2.271883237927568899e+01
9.152770415853355246e+01 2.245140883347628957e+01
9.057027614611398292e+01 2.218392806384777671e+01
8.957546969186084596e+01 2.191637976832478074e+01
8.855585479338778043e+01 2.164938002849772047e+01
8.751979772343847230e+01 2.138229301447913855e+01
8.647285633592851184e+01 2.111515792966676131e+01
8.541868904696276843e+01 2.084801658748504494e+01
8.435966080120573451e+01 2.058088215826982292e+01
8.329732183503722354e+01 2.031377270588232520e+01
8.223294777216214868e+01 2.004655360209460113e+01
8.116648856065116036e+01 1.977948988793328766e+01
8.010018315828686752e+01 1.951223652035454492e+01
7.903347207467847113e+01 1.924527648584233930e+01
7.796749262238961364e+01 1.897869233734730443e+01
7.690515718143977608e+01 1.871295551544596236e+01
7.583641876695556050e+01 1.844617347978361721e+01
7.476868504507909563e+01 1.817929741947262556e+01
7.370106771496405429e+01 1.791218289442497280e+01
7.263242347719837255e+01 1.764507564028612663e+01
7.156408651020316825e+01 1.737796067536864442e+01
7.049644538975893227e+01 1.711068188029631898e+01
6.942837339755381265e+01 1.684353517383514998e+01
6.836030618703952655e+01 1.657640358160919902e+01
6.729221576391734061e+01 1.630931127173420236e+01
6.622408545781168243e+01 1.604230089316172680e+01
6.515618620418908336e+01 1.577516153599398940e+01
6.408813702881043639e+01 1.550813749399788755e+01
6.302014768137680534e+01 1.524099833181518981e+01
6.195201937241619561e+01 1.497393875013046305e+01
6.088396240662730463e+01 1.470668401408885728e+01
5.981601901821515099e+01 1.443892141119770223e+01
5.874797760546560710e+01 1.417143652040655688e+01
5.767987262088755784e+01 1.390418174235800386e+01
5.661172388979049686e+01 1.363687941470164056e+01
5.554363840900975191e+01 1.336981263531027508e+01
5.447568158546967965e+01 1.310296673288955560e+01
5.340795251764685503e+01 1.283636609101626114e+01
5.234014338436620051e+01 1.256955003868679732e+01
5.127196784003680108e+01 1.230229879065808163e+01
5.020391144361182967e+01 1.203512421833850077e+01
4.913596836578103222e+01 1.176800778289366711e+01
4.806816815060531667e+01 1.150094800363249803e+01
4.699752963824114005e+01 1.123210275770947320e+01
4.592796402989473847e+01 1.096430277272639309e+01
4.486015418931866350e+01 1.069742831317941523e+01
4.379263942599398263e+01 1.043058435132044970e+01
4.272547251600827423e+01 1.016376746496942118e+01
4.165837416188669096e+01 9.896891891835734256e+00
4.058991640810092605e+01 9.629769366393386321e+00
3.952156438896945190e+01 9.362653084211155274e+00
3.845290016897447316e+01 9.095527673867362495e+00
3.738316991701059777e+01 8.828379975078249231e+00
3.631469470422486978e+01 8.561159814660577183e+00
3.524682084339742971e+01 8.293848247676471885e+00
3.417913813771710352e+01 8.026449076446546371e+00
3.311171536797186121e+01 7.758917531541370316e+00
3.204354272703942996e+01 7.491686464042090599e+00
3.097555211796894881e+01 7.224457665104307758e+00
2.990751554133131052e+01 6.957407713184329268e+00
2.883992816611972643e+01 6.690090733438991855e+00
2.777272056389740484e+01 6.422293574973382491e+00
2.670577791769304454e+01 6.154110300842094539e+00
2.563521314436318121e+01 5.893795002283328976e+00
2.456701119994495031e+01 5.628105619990850350e+00
2.349932225446271872e+01 5.361072024553119597e+00
2.243157747327889950e+01 5.093859668850384104e+00
2.136369496916719868e+01 4.826631790741878092e+00
2.029559786578985126e+01 4.559453898208867706e+00
1.922727950736218006e+01 4.292248692205194338e+00
1.815884036840682114e+01 4.024968016543921223e+00
1.709096483028654845e+01 3.757686949765617346e+00
1.602287659556404975e+01 3.490630781399512106e+00
1.495462253222111926e+01 3.223812491179968376e+00
1.388654962222590861e+01 2.957368874883923748e+00
1.281839375185973040e+01 2.691379640913234894e+00
1.175019375781567632e+01 2.426024554999086646e+00
1.068197242479450537e+01 2.161588416858999828e+00
9.613762052741583020e+00 1.898575644721662181e+00
8.545616031393048928e+00 1.637717065255658078e+00
7.477541265008013305e+00 1.380149684678736000e+00
6.409527097394417616e+00 1.127580038301785770e+00
5.341512637258455598e+00 8.823517812067238619e-01
4.273580291659929919e+00 6.483623061501495588e-01
3.205787442172312485e+00 4.315309204099119778e-01
2.138266037821841881e+00 2.408370484790302579e-01
1.070349208104495631e+00 9.078805941348891406e-02
2.622107669125225970e-03 2.640539329225980478e-04
