-4.809796379904516073e+01 1.748251748251784532e-01
-7.929409924397108966e+01 1.729769627736753579e-01
-9.942045184333986185e+01 1.711625851438272894e-01
-1.122296303378190743e+02 1.693153962918499678e-01
-1.202026494879995226e+02 1.675024222358438009e-01
-1.249791741537977714e+02 1.657186550956942506e-01
-1.276389767810294984e+02 1.638743684536039802e-01
-1.288951592192890701e+02 1.616993248695347274e-01
-1.292386252449610708e+02 1.598877976187759453e-01
-1.289654653033068712e+02 1.580550083517874849e-01
-1.282953276776914038e+02 1.562214900247403671e-01
-1.273578565953700235e+02 1.544402295354043442e-01
-1.262429317439955128e+02 1.527787195976067769e-01
-1.250099907828129204e+02 1.513297282348775863e-01
-1.237022581576391360e+02 1.495544319498127162e-01
-1.223416144552971758e+02 1.478563977926670991e-01
-1.209486533661519019e+02 1.460240605153983739e-01
-1.195341434621574450e+02 1.441919364604760667e-01
-1.181045001604514653e+02 1.423624482930666568e-01
-1.166648046156495582e+02 1.405229777795692636e-01
-1.152189191340033148e+02 1.387414612791425528e-01
-1.137684970387365126e+02 1.369227390042563886e-01
-1.123153677370180787e+02 1.351610747572242477e-01
-1.108605420930392711e+02 1.334859858387611176e-01
-1.094045137999643345e+02 1.318674234868421891e-01
-1.079470060846091855e+02 1.299674269176561425e-01
-1.064891786168664680e+02 1.281666046081614274e-01
-1.050308439292296754e+02 1.262409424443990402e-01
-1.035724750542651975e+02 1.244411299797432563e-01
-1.021140004582150169e+02 1.226544811561285503e-01
-1.006554903358573370e+02 1.209509994118389414e-01
-9.919699226884543464e+01 1.193288156304267850e-01
-9.773843028759725371e+01 1.176634831421484034e-01
-9.627953932214622057e+01 1.154196860728648744e-01
-9.482045446797796728e+01 1.127877975026824464e-01
-9.336182181337267139e+01 1.111358943845423830e-01
-9.190293176921903751e+01 1.088588794114455638e-01
-9.044450907915062032e+01 1.077636682760950010e-01
-8.898610374564405845e+01 1.067211119257414631e-01
-8.752702181274288762e+01 1.020308928594823167e-01
-8.606850193101371360e+01 1.004778593288837008e-01
-8.460990741297629825e+01 9.890388814418810126e-02
-8.315125055920034924e+01 9.733993342551615358e-02
-8.169220466146489912e+01 9.502709764874017750e-02
-8.023351090665148888e+01 9.346177262943752839e-02
-7.877486791423424961e+01 9.192395853763379865e-02
-7.731618659560588469e+01 9.027397450361013265e-02
-7.585747643500315007e+01 8.854471345430235674e-02
-7.439874180996460495e+01 8.676148505281285062e-02
-7.294015182274392828e+01 8.511580900237684932e-02
-7.148140496160607427e+01 8.328175140320891179e-02
-7.002266208554341631e+01 8.144431592083482829e-02
-6.856392682238906389e+01 7.961518701339133364e-02
-6.710519721619827749e+01 7.779220497640634835e-02
-6.564647767975914405e+01 7.598055998126648780e-02
-6.418754528993412123e+01 7.406358122578501901e-02
-6.272862978568694103e+01 7.216598353746644934e-02
-6.126997204361637728e+01 7.037396195657230624e-02
-5.981108366018868594e+01 6.850133993672934130e-02
-5.835248970128846224e+01 6.670881169556101831e-02
-5.689368183578280735e+01 6.486562710988841296e-02
-5.543493822095949497e+01 6.302840757860408982e-02
-5.397603255361679686e+01 6.116650713561976038e-02
-5.251745598413930338e+01 5.932962811521986374e-02
-5.105896077708634806e+01 5.748215691272652583e-02
-4.960034204140239211e+01 5.562681885375179297e-02
-4.814164603881150128e+01 5.377546835184377622e-02
-4.668247779445130874e+01 5.196850585530836397e-02
-4.522329216552940068e+01 5.018095912979017581e-02
-4.376415972456088355e+01 4.839897997609070995e-02
-4.230480169762932263e+01 4.664214760685930772e-02
-4.084614110054596381e+01 4.475300582675213745e-02
-3.938750531799585275e+01 4.285193251128648767e-02
-3.792894735273115714e+01 4.093958471017235257e-02
-3.647032807993549142e+01 3.904912642240435799e-02
-3.501166455324231919e+01 3.717818923250870711e-02
-3.355298582527229456e+01 3.532838956362969324e-02
-3.209428576450939374e+01 3.347774560733561555e-02
-3.063558063502394901e+01 3.160636636454425275e-02
-2.917692801595779173e+01 2.967877182246411033e-02
-2.771798737449202221e+01 2.804115770114997200e-02
-2.625926842364562575e+01 2.615456116766735895e-02
-2.480044589646217901e+01 2.439314008008964738e-02
-2.334170811975006288e+01 2.255241185742386592e-02
-2.188289125865442841e+01 2.086211076204044085e-02
-2.042398515717764695e+01 1.933350414343660770e-02
-1.896509565252742391e+01 1.779574998075627093e-02
-1.750642915114565668e+01 1.580154679169975748e-02
-1.604776061674868615e+01 1.374706485552406460e-02
-1.458899970023540860e+01 1.197313078879406155e-02
-1.313050711768194745e+01 9.271923789416715647e-03
-1.167204088360968584e+01 6.338279665089476163e-03
-1.021318959406996996e+01 5.288653697799283564e-03
-8.754223893479165852e+00 5.818121958272065748e-03
-7.295136419822187968e+00 6.520551618902801702e-03
-5.836534585970160727e+00 4.991281986033883206e-03
-4.377885389359811086e+00 4.576490506390663675e-03
-2.919278562584942005e+00 2.632896509547823661e-03
-1.460707583588427561e+00 8.814413664722367319e-04
-2.048133402701175516e-03 8.518912489606637478e-17
