-4.615285521708872807e+01 -1.530087440284894962e+00
-7.608834716745116111e+01 -1.514679982090433530e+00
-9.540226428018924310e+01 -1.499162258840218476e+00
-1.076949585476408942e+02 -1.483637686289218216e+00
-1.153463569881667752e+02 -1.468082037269933915e+00
-1.199296937670291783e+02 -1.452504545701450711e+00
-1.224848662579684060e+02 -1.436809375678061551e+00
-1.236995013763032460e+02 -1.421460979287713311e+00
-1.240279400451910590e+02 -1.406247196789514486e+00
-1.237705466320743000e+02 -1.391009356313175127e+00
-1.231260211258253605e+02 -1.376095465669289197e+00
-1.222253437948287313e+02 -1.360063203282681599e+00
-1.211547026758025822e+02 -1.339745011375522488e+00
-1.199733306565033786e+02 -1.325528186864529889e+00
-1.187180245042214750e+02 -1.311430193548992040e+00
-1.174137178837494133e+02 -1.297020080828777955e+00
-1.160752068503432781e+02 -1.276815559013584567e+00
-1.147171217810616071e+02 -1.261943725081086098e+00
-1.133446854641378536e+02 -1.246130753536930147e+00
-1.119620490699802815e+02 -1.226885505516286834e+00
-1.105740177825677364e+02 -1.210596449456628587e+00
-1.091822700775651214e+02 -1.195575576410099261e+00
-1.077877639095231643e+02 -1.180360230709677216e+00
-1.063911218208926357e+02 -1.164030197052638549e+00
-1.049936289136325058e+02 -1.148735885930309397e+00
-1.035955143773898470e+02 -1.133804928207399643e+00
-1.021968103660356917e+02 -1.118594407121118239e+00
-1.007977295702533524e+02 -1.103204896021525938e+00
-9.939852216303845012e+01 -1.087813158247701750e+00
-9.799911866426606366e+01 -1.072250602793064722e+00
-9.659982845463547108e+01 -1.056769481463297300e+00
-9.520021613361643631e+01 -1.041026342353803091e+00
-9.380048268060521366e+01 -1.025248617043658772e+00
-9.240100989539968168e+01 -1.009605488891189395e+00
-9.100126291282340674e+01 -9.938713168995763070e-01
-8.960120854972241489e+01 -9.780504645440377676e-01
-8.820149687868929789e+01 -9.623264234212276502e-01
-8.680195680204927555e+01 -9.466585279993737778e-01
-8.539991380436906354e+01 -9.304372817530940365e-01
-8.399778204707055806e+01 -9.140988231282752841e-01
-8.259842132321145414e+01 -8.984380811303699366e-01
-8.119915481958817338e+01 -8.828659533671147086e-01
-7.979815287660304080e+01 -8.671296629483514762e-01
-7.839891303074061568e+01 -8.515268979036964003e-01
-7.700024038056062636e+01 -8.359486260086652631e-01
-7.559820667649998427e+01 -8.195933691946034605e-01
-7.419888439722325302e+01 -8.038656687480845164e-01
-7.279879850050912182e+01 -7.880714261307927293e-01
-7.139861940335950408e+01 -7.723095284719828646e-01
-6.999949562127756053e+01 -7.566652970590591609e-01
-6.860018286010011934e+01 -7.410023911689312959e-01
-6.719842205801025159e+01 -7.253470120852991698e-01
-6.579915677691258225e+01 -7.096640159320178887e-01
-6.440004494298013071e+01 -6.939308545495042058e-01
-6.299940713026769856e+01 -6.779651079705032446e-01
-6.159900983427390031e+01 -6.620616212717501670e-01
-6.019940444522544709e+01 -6.462617889992918752e-01
-5.879966171056613433e+01 -6.304622981495962009e-01
-5.739985753184772932e+01 -6.146656565371269032e-01
-5.599967299314841540e+01 -5.988612494579599321e-01
-5.459929179143144751e+01 -5.830378482825294695e-01
-5.319935172285250502e+01 -5.671998736039044475e-01
-5.179965746442066177e+01 -5.513391334148051159e-01
-5.039989246756267960e+01 -5.354754171117752648e-01
-4.900007979255769897e+01 -5.196173294693142708e-01
-4.760037712630864348e+01 -5.036992423630241023e-01
-4.620068107904946686e+01 -4.877360408216053211e-01
-4.480090013021042950e+01 -4.717860697686542815e-01
-4.340120644304219155e+01 -4.557414133631425002e-01
-4.200163788630301553e+01 -4.395479621805164494e-01
-4.060185268555417082e+01 -4.235396132260664803e-01
-3.920230426093857545e+01 -4.073026291613074945e-01
-3.780022222895271966e+01 -3.940858840479491421e-01
-3.640081796499373468e+01 -3.776824174770631593e-01
-3.500179242396161072e+01 -3.607936922760261456e-01
-3.360075106247164456e+01 -3.466302308520599063e-01
-3.220002108339868840e+01 -3.321048257711343155e-01
-3.080094361343926579e+01 -3.151194308068990813e-01
-2.940075222877462835e+01 -2.994612630906105522e-01
-2.800140872581824425e+01 -2.827794763759739483e-01
-2.659941760218761431e+01 -2.698592799047813684e-01
-2.520010323896674365e+01 -2.531210913715802868e-01
-2.380079902512732559e+01 -2.363155940013324796e-01
-2.240109437272805337e+01 -2.201239405149115202e-01
-2.100157372757757557e+01 -2.036071539709625733e-01
-1.960185245049891378e+01 -1.874893952394128815e-01
-1.820199584721355279e+01 -1.716819786847699758e-01
-1.680203362595649708e+01 -1.562148016881428902e-01
-1.540153633388259102e+01 -1.423848114338210902e-01
-1.400229254452777639e+01 -1.253579272573461245e-01
-1.260075511771155021e+01 -1.133884992377633266e-01
-1.120047520354862058e+01 -9.898521398517792780e-02
-9.800960189885811857e+00 -8.294266431447637478e-02
-8.401169333868711675e+00 -6.769285320610748946e-02
-7.001569251352435685e+00 -5.255290749563397423e-02
-5.601930201674239385e+00 -3.823651571205955585e-02
-4.201859163165217126e+00 -2.558055239307326090e-02
-2.802152534014550778e+00 -1.411456178185379294e-02
-1.402380682832356618e+00 -5.161011169976256231e-03
-2.447927706630975003e-03 -8.226699014611710954e-16
