-4.808188158220728070e+01 -1.889534853307249573e+00
-7.926849156326943557e+01 -1.870028453942188529e+00
-9.938685828900113961e+01 -1.850767587655994140e+00
-1.121914183207561138e+02 -1.831372753390182684e+00
-1.201607559545890780e+02 -1.811950925434910209e+00
-1.249335125549978329e+02 -1.792525415744850026e+00
-1.275941782313953610e+02 -1.773105774953115166e+00
-1.288588607335429401e+02 -1.753694393767712079e+00
-1.291963852094207823e+02 -1.733880876327694720e+00
-1.289276437293463289e+02 -1.714412014153944508e+00
-1.282560802207033248e+02 -1.695006331819534529e+00
-1.273176721149422406e+02 -1.675569480157650171e+00
-1.262031233425084480e+02 -1.656150014822140415e+00
-1.249720143144924265e+02 -1.636698005230177388e+00
-1.236640824303355117e+02 -1.617306505337489986e+00
-1.223050314924086734e+02 -1.597827725855603731e+00
-1.209123337424202447e+02 -1.578334836316713563e+00
-1.194975708247606150e+02 -1.558953721948420412e+00
-1.180679561729470493e+02 -1.539480991333608939e+00
-1.166287882898644170e+02 -1.520166062306902655e+00
-1.151830906222229061e+02 -1.500778604738012056e+00
-1.137330704529727115e+02 -1.481314678896829440e+00
-1.122801585397415494e+02 -1.461757588580151257e+00
-1.108255409086280423e+02 -1.442413260071328196e+00
-1.093697513405978867e+02 -1.423159069186515913e+00
-1.079133210793494726e+02 -1.404213018575650729e+00
-1.064563612598536793e+02 -1.385326213176027110e+00
-1.049987046906657469e+02 -1.365682522115365449e+00
-1.035413299663077282e+02 -1.347075353053942992e+00
-1.020814930774684228e+02 -1.322631428608006310e+00
-1.006238096287322605e+02 -1.303932299952048846e+00
-9.916597346436360283e+01 -1.285104731000970890e+00
-9.770748029825668368e+01 -1.265152260534845308e+00
-9.624876574395258899e+01 -1.244979151470958945e+00
-9.479073652679603867e+01 -1.225997858049080014e+00
-9.333270186376897470e+01 -1.206969267402829171e+00
-9.187444956999159729e+01 -1.187626309978120576e+00
-9.041626242350517373e+01 -1.168338579833431812e+00
-8.895801999128866555e+01 -1.148970923044629222e+00
-8.749987942220376169e+01 -1.129678526999030153e+00
-8.604155777968625785e+01 -1.110216986081635993e+00
-8.458336609369862913e+01 -1.090843088435981656e+00
-8.312516764885110376e+01 -1.071447190847527375e+00
-8.166697945486093602e+01 -1.052039237237279101e+00
-8.020861872078945964e+01 -1.032538654517083376e+00
-7.875045030941303992e+01 -1.013113286669391266e+00
-7.729232131503164283e+01 -9.936820544304560965e-01
-7.583404075857153259e+01 -9.741907606145707721e-01
-7.437580682678763822e+01 -9.547055735882747918e-01
-7.291788421067927572e+01 -9.352714190016730988e-01
-7.145854156202798890e+01 -9.156334793559205432e-01
-7.000039566065861152e+01 -8.961707501732352199e-01
-6.854221990100344897e+01 -8.766910848838851411e-01
-6.708375506406282796e+01 -8.571966265887679404e-01
-6.562526926912951808e+01 -8.377170934811506431e-01
-6.416707126177857390e+01 -8.182330029641946556e-01
-6.270857230546422301e+01 -7.987737313683969109e-01
-6.125006782848126363e+01 -7.793246781805642787e-01
-5.979184198243352455e+01 -7.598325333926031488e-01
-5.833333644245076499e+01 -7.404026757308467266e-01
-5.687511975013415366e+01 -7.209089314458053677e-01
-5.541690773793237668e+01 -7.014062746322631270e-01
-5.395870603077509031e+01 -6.818951365977028445e-01
-5.250053465025345645e+01 -6.623662508715969510e-01
-5.104217878004725861e+01 -6.429275155684130993e-01
-4.958407299770855303e+01 -6.233293172025451412e-01
-4.812583194098466777e+01 -6.038039394110249480e-01
-4.666748215596901872e+01 -5.843355489651195223e-01
-4.520920936205607177e+01 -5.647834702121764527e-01
-4.375033527973199909e+01 -5.457521642882863233e-01
-4.229176866643955890e+01 -5.265173419157311852e-01
-4.083331803800209059e+01 -5.072330523032332339e-01
-3.937543076124301678e+01 -4.872485172999732050e-01
-3.791750653958317940e+01 -4.672150478271200336e-01
-3.645927153471658499e+01 -4.476665745070196323e-01
-3.500115974657350648e+01 -4.279880326576465110e-01
-3.354322425852210188e+01 -4.079667989154863172e-01
-3.208457116434895084e+01 -3.899853009596082609e-01
-3.062583024135459908e+01 -3.719722262356993103e-01
-2.916723630020419122e+01 -3.534062577457546817e-01
-2.770894155189289521e+01 -3.339611379864488860e-01
-2.625093469454671435e+01 -3.139186673717401233e-01
-2.479290187914266497e+01 -2.940000274106241429e-01
-2.333481932040773188e+01 -2.742353385951739053e-01
-2.187671903828697850e+01 -2.545644936571602734e-01
-2.041862857153860489e+01 -2.349592888549418279e-01
-1.896047160241955254e+01 -2.154752352340005561e-01
-1.750247160154883730e+01 -1.959698629207932419e-01
-1.604443128004408337e+01 -1.765818347024379897e-01
-1.458635808482887164e+01 -1.573038764356109176e-01
-1.312840114468932384e+01 -1.380975780746673265e-01
-1.166972929919292667e+01 -1.192619694747142634e-01
-1.021168971512772750e+01 -1.005425756915696994e-01
-8.754051613098518203e+00 -8.214267996832559648e-02
-7.296804575921189695e+00 -6.428367623486365423e-02
-5.839763987444428039e+00 -4.729859867390500544e-02
-4.383719205793019214e+00 -3.153502999499541853e-02
-2.928808445936694316e+00 -1.765080072454902269e-02
-1.475228170074939671e+00 -6.645199460270321060e-03
-2.166601867834519728e-03 -8.103242418050812774e-06
