-4.533228072804451614e+01 2.353426891097560869e+00
-7.473784916714460280e+01 2.330798142172680443e+00
-9.371081605616006982e+01 2.308276406042532258e+00
-1.057872105732151198e+02 2.285883799733725130e+00
-1.133044211656959419e+02 2.263832257938913628e+00
-1.178077746508028838e+02 2.242105215722489664e+00
-1.203187870170276312e+02 2.212211569470779793e+00
-1.215123960184416632e+02 2.184070146447538718e+00
-1.218355717680288848e+02 2.162296874911483258e+00
-1.215825222580366045e+02 2.134941206643389933e+00
-1.209483528862896264e+02 2.105372560418392602e+00
-1.200636835376032394e+02 2.081004714254403254e+00
-1.190131599186085936e+02 2.058167127779133576e+00
-1.178527170749406707e+02 2.032052378687005056e+00
-1.166195986957688575e+02 2.008617422338915048e+00
-1.153383494568240621e+02 1.985327999851779213e+00
-1.140251917545456450e+02 1.961646213027447461e+00
-1.126908738810967918e+02 1.937720615548091274e+00
-1.113425827049664889e+02 1.913616840379710027e+00
-1.099852744080357780e+02 1.889543111046060098e+00
-1.086215950192171817e+02 1.865258730639282270e+00
-1.072538024947144635e+02 1.840934701628881953e+00
-1.058835825687551022e+02 1.816646956350090214e+00
-1.045116146849585732e+02 1.792347017923881181e+00
-1.031388098386758969e+02 1.767977676844368240e+00
-1.017649938176862889e+02 1.743672637065611930e+00
-1.003907591883191799e+02 1.719365568699974256e+00
-9.901622417194936077e+01 1.695056431576247746e+00
-9.764125175313064631e+01 1.670933998610566462e+00
-9.626594420714221201e+01 1.647059060340319681e+00
-9.489085397667986399e+01 1.622741059486525028e+00
-9.351581039342363511e+01 1.598259082521548136e+00
-9.214124631271184285e+01 1.572754008193262720e+00
-9.076666208286935955e+01 1.547213125833526881e+00
-8.939207066132327384e+01 1.521575292837456184e+00
-8.801567389818640663e+01 1.501525666697704153e+00
-8.663775637574019584e+01 1.488064218886897105e+00
-8.526343773647386115e+01 1.461692728639395256e+00
-8.388872805166508329e+01 1.436112097439479651e+00
-8.251406862882235771e+01 1.410382510986489146e+00
-8.113922133881376908e+01 1.385143831306785422e+00
-7.976426009931383021e+01 1.360225944774694717e+00
-7.838922397174378887e+01 1.335520420953134835e+00
-7.701414817831090431e+01 1.310973823221598611e+00
-7.563880842492395118e+01 1.286664400137306430e+00
-7.426373665954277214e+01 1.262281866916543871e+00
-7.288844980357455938e+01 1.238030733897425906e+00
-7.151297874145765832e+01 1.213820145542148232e+00
-7.013758792210242632e+01 1.189606591162380544e+00
-6.876224193831849618e+01 1.165383587992705250e+00
-6.738692421180493852e+01 1.141132882349414013e+00
-6.601184772670507073e+01 1.117037706654127494e+00
-6.463659468840383227e+01 1.092763862152765553e+00
-6.326138824977076069e+01 1.068489730868696475e+00
-6.188620606528103707e+01 1.044242094670025489e+00
-6.051104896325225013e+01 1.020062420658298441e+00
-5.913593718279259548e+01 9.960188262943515669e-01
-5.776090512925901521e+01 9.722266795794908267e-01
-5.638587538399206522e+01 9.483815262727685047e-01
-5.501065929639452889e+01 9.232457183427311698e-01
-5.363431014797166796e+01 8.915188080297797857e-01
-5.225963281159349805e+01 8.685165431546807424e-01
-5.088488473392208533e+01 8.453728544517655763e-01
-4.950985189718654311e+01 8.214745623986495771e-01
-4.813445510063262134e+01 7.970018817928221644e-01
-4.675908848222233871e+01 7.727512940405251163e-01
-4.538359924462633188e+01 7.484080356498744591e-01
-4.400851342567838032e+01 7.245143605937918174e-01
-4.263362789453988455e+01 7.007039551195082261e-01
-4.125874922607216178e+01 6.767681955670865612e-01
-3.988363060990798203e+01 6.525745564902702966e-01
-3.850723739895743591e+01 6.277781451539713453e-01
-3.713198928673771348e+01 6.035970729657254008e-01
-3.575697450274473965e+01 5.794484461913115281e-01
-3.438189464322376665e+01 5.552350382922645045e-01
-3.300677435816371030e+01 5.309749555796188236e-01
-3.163162710209743977e+01 5.066763398941789287e-01
-3.025646824696702097e+01 4.823448010335598668e-01
-2.888132368945732864e+01 4.579740229693660680e-01
-2.750621166999348333e+01 4.335358726996997869e-01
-2.613115039380357629e+01 4.089932921293644719e-01
-2.475616775347997134e+01 3.843039490447509587e-01
-2.338129678280561308e+01 3.594287803227729783e-01
-2.200660388131852940e+01 3.342557989947902986e-01
-2.063097037220210694e+01 3.100616138117540110e-01
-1.925502167901122164e+01 2.865213262284103113e-01
-1.787959206278833690e+01 2.623952190174649868e-01
-1.650406954149291039e+01 2.384805709001837637e-01
-1.512897506342008391e+01 2.138666036385123426e-01
-1.375350431883276414e+01 1.902104637954421529e-01
-1.237830014845757987e+01 1.660782806577044413e-01
-1.100292634881848031e+01 1.428909844150598463e-01
-9.627223900809260826e+00 1.219655015279884347e-01
-8.251904285607023937e+00 1.009857088949257381e-01
-6.875907615956774244e+00 8.442502733463871922e-02
-5.500297551160418408e+00 6.466092004597233378e-02
-4.125562861090857680e+00 4.262821224095222211e-02
-2.750769016177085469e+00 2.364064578599595415e-02
-1.376023129319925431e+00 8.822405586951824127e-03
-2.099417382252471119e-03 7.660349843941752216e-06
