-3.838485612981911288e+01 4.241337544686192729e+01
-6.331654558080306572e+01 4.197654629495001899e+01
-7.944037238172400350e+01 4.153971691842627223e+01
-8.971231895155121094e+01 4.110288302531947124e+01
-9.611275191725459877e+01 4.066603808672190468e+01
-9.995209671752886038e+01 4.022919024718610359e+01
-1.020969994299395154e+02 3.979232852420630451e+01
-1.031209148452030462e+02 3.935544882295017999e+01
-1.034032217427173350e+02 3.891854159675474989e+01
-1.031950107262368164e+02 3.848164716820154041e+01
-1.026622949255911692e+02 3.804478514684375057e+01
-1.019149096648729795e+02 3.760797745191209884e+01
-1.010252664580192317e+02 3.717102635066485306e+01
-1.000417925203283573e+02 3.673420893480790284e+01
-9.899612115678201008e+01 3.629739257057430279e+01
-9.790924934136353386e+01 3.586049196600184530e+01
-9.679517271020785074e+01 3.542358323379381346e+01
-9.566312598909873088e+01 3.498676671834330421e+01
-9.451915501254673302e+01 3.454995526644433568e+01
-9.336728175326058476e+01 3.411304487748336101e+01
-9.221019892816583763e+01 3.367625244232262816e+01
-9.104964905766424010e+01 3.323948059410412270e+01
-8.988681483764844415e+01 3.280262228325853613e+01
-8.872250102017721929e+01 3.236566798125220146e+01
-8.755720625657555445e+01 3.192872374999726759e+01
-8.639119703767282488e+01 3.149191343906584706e+01
-8.522473361210903420e+01 3.105511728150506201e+01
-8.405805220792638011e+01 3.061820649683230400e+01
-8.289106637550732160e+01 3.018145386432113497e+01
-8.172402778318745220e+01 2.974459438028369718e+01
-8.055686537945211967e+01 2.930777444701991286e+01
-7.938958642191994386e+01 2.887100760909508068e+01
-7.822218168466575605e+01 2.843431571501175270e+01
-7.705461870212651831e+01 2.799772900484458660e+01
-7.588749759707162923e+01 2.756071944416889608e+01
-7.472043578533292418e+01 2.712368611154429132e+01
-7.355345789858027672e+01 2.668661642257612598e+01
-7.238543842266214767e+01 2.625034974488226425e+01
-7.121716242089561888e+01 2.581426334802523215e+01
-7.005243583643398608e+01 2.537567904671801244e+01
-6.888529788534548004e+01 2.493881401520320296e+01
-6.771730706430663815e+01 2.450250626508319129e+01
-6.654985284552222424e+01 2.406578490496428557e+01
-6.538435974829253894e+01 2.362757913985928226e+01
-6.421895838452091709e+01 2.318941421565751426e+01
-6.305093647733534823e+01 2.275315418768085252e+01
-6.188335044432724885e+01 2.231654667895039168e+01
-6.071546515347789352e+01 2.188017580583433030e+01
-5.954761812958784617e+01 2.144380098879262064e+01
-5.838036075566540717e+01 2.100692153184908761e+01
-5.721289707299349914e+01 2.057024706402043179e+01
-5.604558007897409055e+01 2.013343202292966794e+01
-5.487825631080492172e+01 1.969662328611233804e+01
-5.371091588999773592e+01 1.925982204741507786e+01
-5.254365213981484573e+01 1.882292939615114946e+01
-5.137665776351232694e+01 1.838570296444452978e+01
-5.020975691708577671e+01 1.794835246628249337e+01
-4.904251557674441386e+01 1.751145720404473849e+01
-4.787516586183536305e+01 1.707472137482047714e+01
-4.670779645356680021e+01 1.663802387706120101e+01
-4.554051312097923443e+01 1.620117652010520715e+01
-4.437323504188503875e+01 1.576429219974783358e+01
-4.320592668929420910e+01 1.532745876135579266e+01
-4.203862412922249803e+01 1.489058289453916473e+01
-4.087131851485114709e+01 1.445383124859699286e+01
-3.970404446853941494e+01 1.401712357534080766e+01
-3.853680560259819998e+01 1.358039977260227360e+01
-3.736958458160905394e+01 1.314360243757006685e+01
-3.620232713923110168e+01 1.270666383471568395e+01
-3.503505601908788947e+01 1.226973538790452878e+01
-3.386788881979521904e+01 1.183296438695004049e+01
-3.270076427229138005e+01 1.139620775757611426e+01
-3.153348495254374484e+01 1.095926551204368771e+01
-3.036620838531302624e+01 1.052235194235287530e+01
-2.919893498885734573e+01 1.008546128632540650e+01
-2.803166630117718228e+01 9.648584133200479585e+00
-2.686419543520174713e+01 9.211592474535454045e+00
-2.569696134082164107e+01 8.774738410937644062e+00
-2.452973216894227093e+01 8.337905821123596795e+00
-2.336262904224965098e+01 7.901142209016954077e+00
-2.219555785677147952e+01 7.464413607781358095e+00
-2.102840521311021860e+01 7.027715635835098063e+00
-1.986117466852415347e+01 6.591090582363485773e+00
-1.869415778047481069e+01 6.154623430242080140e+00
-1.752754078407017246e+01 5.718370889849867744e+00
-1.636098920558919545e+01 5.282395743534325838e+00
-1.519379607651140418e+01 4.846853681458341612e+00
-1.402329810936657317e+01 4.411990029783944500e+00
-1.285663706306936938e+01 3.978145961957142429e+00
-1.168987370997018616e+01 3.545848639157723525e+00
-1.052274870000739249e+01 3.115929440495865510e+00
-9.355948526932204246e+00 2.689538176788849544e+00
-8.189383947304111899e+00 2.268492789686554545e+00
-7.021367586541593653e+00 1.855746659339078342e+00
-5.854693867116234962e+00 1.455040847224332135e+00
-4.687814112815303247e+00 1.072813236384642765e+00
-3.521564736727543110e+00 7.184627176816336114e-01
-2.356094420093996611e+00 4.063047079095388758e-01
-1.191336883043197181e+00 1.579617061599271899e-01
-1.762732345641984666e-02 6.077740547282416313e-03
