-4.576351500821566987e+01 -1.083689801751575921e+00
-4.575510033200858828e+01 -1.058944097694554554e+00
-4.555232285408025206e+01 -4.668268688309343828e-01
-4.529203614250965870e+01 2.833128437609748196e-01
-4.494712896894210274e+01 1.261241750189521449e+00
-4.454057649907774419e+01 2.401714993050508618e+00
-4.412911078390694541e+01 3.549546281516464674e+00
-4.372502021154428320e+01 4.672162677268056896e+00
-4.333343806957537936e+01 5.752854460491789723e+00
-4.294098833930766546e+01 6.826713750082425314e+00
-4.254407574124772395e+01 7.899993425494180599e+00
-4.213044054658937654e+01 9.003487386412446725e+00
-4.169123672252752044e+01 1.015764067886147970e+01
-4.121888787742341975e+01 1.138061847669371041e+01
-4.070909744589173584e+01 1.268159512799328326e+01
-4.017758354751877192e+01 1.401871838215830479e+01
-3.963945653650751666e+01 1.535396233490574680e+01
-3.910876878631894016e+01 1.665155630343984328e+01
-3.860637771622427294e+01 1.786029053141045964e+01
-3.814117313929114772e+01 1.896074414341978454e+01
-3.770461757292201810e+01 1.997454571883154983e+01
-3.728494155751541683e+01 2.092948065252375756e+01
-3.686884837626997324e+01 2.185533000124320324e+01
-3.644608012939840336e+01 2.277420291936533658e+01
-3.601034875397122903e+01 2.369595203384306359e+01
-3.554644707676323634e+01 2.464999708007070112e+01
-3.505236827807741662e+01 2.563166594596668446e+01
-3.452353627848724926e+01 2.664450873864528191e+01
-3.395210517622826529e+01 2.769563591126043178e+01
-3.333345327834017269e+01 2.878634439114339472e+01
-3.268129661057923130e+01 2.988569068263113593e+01
-3.201840125964010042e+01 3.095348874836078323e+01
-3.137328591236682485e+01 3.194275474668793535e+01
-3.076949493666574398e+01 3.281869080680483108e+01
-3.021598976516538215e+01 3.356947125161128298e+01
-2.971473293917397385e+01 3.419307014329975658e+01
-2.925628475676717599e+01 3.470248301137301894e+01
-2.880865983138896524e+01 3.513892485985066116e+01
-2.835769752273052902e+01 3.551607985919669375e+01
-2.789247338715270530e+01 3.584240819013727730e+01
-2.740513787112048760e+01 3.611917512328016500e+01
-2.688534560329780021e+01 3.635041242152598784e+01
-2.632009080698517067e+01 3.653977897676846709e+01
-2.571414049351659870e+01 3.667459905918473595e+01
-2.506249903577442240e+01 3.675337657045311346e+01
-2.439107624820642073e+01 3.675684270891839844e+01
-2.374791162765773223e+01 3.667396732759657851e+01
-2.313809562528568975e+01 3.650711773261042481e+01
-2.254951634037562158e+01 3.625351162371897829e+01
-2.196065579023733605e+01 3.591065014236527020e+01
-2.138553100890394987e+01 3.548921284658570130e+01
-2.086811142971547994e+01 3.503345255762747001e+01
-2.040904262658297696e+01 3.457157486696054605e+01
-2.000688802459769988e+01 3.412081405572503456e+01
-1.966243440745930471e+01 3.369651967342336718e+01
-1.934281740892318169e+01 3.327481952638586904e+01
-1.903278301562303909e+01 3.284249148641782767e+01
-1.870918874282220301e+01 3.237531162001484120e+01
-1.834373370839931283e+01 3.183667620991690228e+01
-1.789386475204593197e+01 3.116672697684504101e+01
-1.729154973969588127e+01 3.026585283773202306e+01
-1.644529794954094015e+01 2.899805354474382568e+01
-1.534626009148009551e+01 2.735225402253185578e+01
-1.416485302553212122e+01 2.558517967334127263e+01
-1.311594950246382929e+01 2.401804981808892947e+01
-1.228070143246024593e+01 2.276950222037323002e+01
-1.175535985521617022e+01 2.198427304317683451e+01
-1.143000211535214738e+01 2.149945087555433076e+01
-1.120491967019316704e+01 2.116600759858108916e+01
-1.099796481828832917e+01 2.085988373819171571e+01
-1.078486441154775299e+01 2.054284178449401921e+01
-1.055740244164059582e+01 2.019820214079751253e+01
-1.029845581586133285e+01 1.979714007431076794e+01
-9.968746300994872911e+00 1.927558234603331755e+01
-9.463429189733785662e+00 1.845611855052870354e+01
-8.619214906720932490e+00 1.705836203486527936e+01
-7.444030237993107590e+00 1.508054950589145804e+01
-6.238669644402986769e+00 1.303441710661094000e+01
-5.334681643194957523e+00 1.148184456261507513e+01
-4.685053576059966751e+00 1.035023422298364792e+01
-4.285276278032410069e+00 9.636810338145950894e+00
-4.034961784269950336e+00 9.173743216506892395e+00
-3.851744405707619112e+00 8.820265313219419312e+00
-3.689786230170338133e+00 8.495400559714701316e+00
-3.529180927812149537e+00 8.162980895113507884e+00
-3.353939044541029091e+00 7.791546822003835082e+00
-3.147787204763536906e+00 7.344428104024726345e+00
-2.889912884679223914e+00 6.773652927060034301e+00
-2.559865218169263823e+00 6.030899693098236369e+00
-2.145756053814920961e+00 5.090175062372904513e+00
-1.665588390515365669e+00 3.991443395290341645e+00
-1.238425450874832690e+00 3.008036137166469892e+00
-9.357395748086153597e-01 2.305832012770001160e+00
-7.538380229324475046e-01 1.876662228312845793e+00
-6.271530468521238078e-01 1.570121999430252435e+00
-5.158612231483078459e-01 1.295325288583724754e+00
-4.013190830851312008e-01 1.008591671601296813e+00
-2.717196288109886004e-01 6.823622101567704545e-01
-1.240443055715497456e-01 3.104110886941593983e-01
-1.587349457529217391e-05 4.020273311787752723e-05
