-1.064965289568708329e+01 -4.271313258517175804e+00
-1.075622240290155673e+01 -4.258971844736915813e+00
-1.110407734343377584e+01 -4.225578664115595906e+00
-1.153761804260490109e+01 -4.188162915926563201e+00
-1.213730806764464276e+01 -4.145477442768736864e+00
-1.288674501143982098e+01 -4.100924997288219132e+00
-1.374049225419812537e+01 -4.057193094562811631e+00
-1.467186979607336106e+01 -4.015887038522601316e+00
-1.565869363377384360e+01 -3.977025336089820673e+00
-1.667483511330601686e+01 -3.940431538799806788e+00
-1.771763901525242346e+01 -3.904261604053783419e+00
-1.877869773687253030e+01 -3.867561836667612774e+00
-1.985702461639547423e+01 -3.829564009918098755e+00
-2.095070492944933704e+01 -3.789657577265458599e+00
-2.205544983055353825e+01 -3.747985380329974969e+00
-2.315101823036515327e+01 -3.704932924229798807e+00
-2.423746663119262479e+01 -3.660040975299512223e+00
-2.531503856231305960e+01 -3.612148405112943106e+00
-2.637693624637297063e+01 -3.560146363034184080e+00
-2.742184885723852972e+01 -3.502593011365274123e+00
-2.843883536786102439e+01 -3.438062579231724314e+00
-2.944008317928929941e+01 -3.364526179983886589e+00
-3.042752972016593560e+01 -3.278989426850788202e+00
-3.140878550049878726e+01 -3.178031886751407686e+00
-3.238075332768259074e+01 -3.057692903906938042e+00
-3.335283785788274002e+01 -2.914300129025080288e+00
-3.431502216491155366e+01 -2.743032749787196689e+00
-3.527618223976108425e+01 -2.540569487515035085e+00
-3.621358235300985484e+01 -2.302316598365716782e+00
-3.711123856528936216e+01 -2.028257807646230315e+00
-3.795717995927901711e+01 -1.717650929572031693e+00
-3.874020282346879895e+01 -1.370095602538763169e+00
-3.945413499549009373e+01 -9.850948152652468925e-01
-4.008261056681707402e+01 -5.639709099519266688e-01
-4.062400120606341858e+01 -1.070805582501197506e-01
-4.108181145152232006e+01 3.899584906638149384e-01
-4.144922921949990524e+01 9.292888788116266952e-01
-4.172291841371976773e+01 1.510083283263590204e+00
-4.190711032231626376e+01 2.134436166931263923e+00
-4.199662067367311380e+01 2.802636225314776741e+00
-4.198699245168417349e+01 3.509996686749315309e+00
-4.187044122729602691e+01 4.239606277914938381e+00
-4.165898623903520814e+01 4.980142318996730211e+00
-4.135249040542291965e+01 5.709918567572477954e+00
-4.096320358816673490e+01 6.412198200210497134e+00
-4.050075357417188826e+01 7.090268314948694695e+00
-3.996774460064060008e+01 7.732635221976282835e+00
-3.937462714140018250e+01 8.329446194380285107e+00
-3.873203542625839191e+01 8.874523108069810817e+00
-3.804136769854670774e+01 9.377864721340595011e+00
-3.730711945692137732e+01 9.830747285895789389e+00
-3.652742256490080308e+01 1.024429530396346166e+01
-3.570613760026039074e+01 1.061290718657813059e+01
-3.484824046399639030e+01 1.093820208403418448e+01
-3.395453399880626222e+01 1.122309144128392688e+01
-3.302632927321177192e+01 1.146843809739474374e+01
-3.207250530600622085e+01 1.167124244539587963e+01
-3.110088237044146098e+01 1.183114229638460735e+01
-3.010568260202410684e+01 1.195237024931815029e+01
-2.907598065799708564e+01 1.203726339420031088e+01
-2.800618599307207646e+01 1.208566182617749440e+01
-2.690449995135525896e+01 1.209553929134528794e+01
-2.578463945924362832e+01 1.206728354341019127e+01
-2.464239385502947144e+01 1.200441539662614332e+01
-2.349908614396881390e+01 1.190470277132126320e+01
-2.236017130628859206e+01 1.177202362779691747e+01
-2.122367277546561226e+01 1.160767085625293760e+01
-2.009581860599531922e+01 1.141227260623350048e+01
-1.898455948806410731e+01 1.118757063511880823e+01
-1.788285427864174082e+01 1.093479930846887704e+01
-1.680265598399246230e+01 1.065536095356600299e+01
-1.574923347355673542e+01 1.035206815613518394e+01
-1.472377364039859593e+01 1.002591911781390799e+01
-1.372516882840766073e+01 9.676795600228093264e+00
-1.274861280054382817e+01 9.303734616228426901e+00
-1.180711596111598993e+01 8.909675731578738933e+00
-1.089378333688957134e+01 8.495645086677447111e+00
-1.001544512324730540e+01 8.064777342998810994e+00
-9.168688014979672118e+00 7.618859774132038076e+00
-8.362281809314128012e+00 7.163675963241026956e+00
-7.609723127731523817e+00 6.709236572541027677e+00
-6.905266324731717198e+00 6.257453274648227648e+00
-6.250430247495271097e+00 5.811639606046351325e+00
-5.634238217551399863e+00 5.368587203940069941e+00
-5.053412609700932201e+00 4.928048923419151350e+00
-4.502960078317806314e+00 4.488802647781676036e+00
-3.988391900416254909e+00 4.056342190729154140e+00
-3.504374659901983158e+00 3.630185534020963001e+00
-3.049997877201868324e+00 3.211805194753697190e+00
-2.613514148968338446e+00 2.794485437665124028e+00
-2.196180022427007383e+00 2.380850366136671337e+00
-1.797433629634563212e+00 1.973406390349589312e+00
-1.421578324817077243e+00 1.578822011438902884e+00
-1.073121291463655647e+00 1.204598278365567321e+00
-7.617266520708220190e-01 8.634801263065230437e-01
-4.898719204196236299e-01 5.610050776918161786e-01
-2.723387364984175552e-01 3.154026691791625425e-01
-1.159874307395646065e-01 1.364500169207767677e-01
-1.425772230603448119e-02 1.816730934287673349e-02
-1.217708103742435070e-04 1.718789826640212905e-04
