1.107432530547257432e+00 3.896260030757869686e+01
1.093285292305067768e+00 3.895871277823430034e+01
1.040165617998328518e+00 3.896581537179275756e+01
2.659280553291024640e-01 3.919450804042720193e+01
-7.333566438177393509e-01 3.950513554227995172e+01
-1.903612883924906241e+00 3.987779311396459292e+01
-3.041189480869670447e+00 4.023332190634285155e+01
-3.420975060665679024e+00 4.031294578460153843e+01
-3.793108714796943115e+00 4.037212319248450854e+01
-4.229999826554712961e+00 4.042296002458093085e+01
-4.793110752815740838e+00 4.046337086347590173e+01
-5.513087475249481173e+00 4.049650119793277980e+01
-6.445749239898098004e+00 4.052101180765898647e+01
-7.607188026846032791e+00 4.053378173799410433e+01
-8.927298638297482825e+00 4.053078424884019171e+01
-1.025261534442729783e+01 4.051056034862121180e+01
-1.151389479986769970e+01 4.047471865578933858e+01
-1.261875021514284256e+01 4.042234653211028217e+01
-1.364377873648972361e+01 4.035271350906994314e+01
-1.464077518808052680e+01 4.026029640873138504e+01
-1.567215170673616065e+01 4.013851057857685589e+01
-1.678924512280758563e+01 3.997595979656156118e+01
-1.803252208803468903e+01 3.975937688960220839e+01
-1.943237217366689151e+01 3.947814998362265015e+01
-2.094728037550592958e+01 3.912894155848377409e+01
-2.248079546331523204e+01 3.873328940437662737e+01
-2.387433580287863322e+01 3.832899546113085876e+01
-2.510670290112810932e+01 3.793005664639634489e+01
-2.617996886921576660e+01 3.753975742773675961e+01
-2.711500982073401289e+01 3.715546996459114126e+01
-2.795279472545989563e+01 3.676577934768020839e+01
-2.872965828193798643e+01 3.635622117423771016e+01
-2.947060166440472528e+01 3.591165402125392347e+01
-3.021544791398723717e+01 3.540771578871192560e+01
-3.099014884626545907e+01 3.481591329315963890e+01
-3.180906866687444534e+01 3.410982768266359955e+01
-3.268501653066332580e+01 3.326833946362391714e+01
-3.361106774384244744e+01 3.227777126205344871e+01
-3.457493352521010621e+01 3.114384956271102212e+01
-3.553524985564246919e+01 2.990070715827655690e+01
-3.643029190055527522e+01 2.862428336032859022e+01
-3.725977225230671053e+01 2.733346094124398107e+01
-3.799130368293467797e+01 2.607507355439830476e+01
-3.863252003889288488e+01 2.485457276440541463e+01
-3.917095178326125904e+01 2.370360892947035580e+01
-3.960944643496859641e+01 2.263503954110204575e+01
-3.994962507756928005e+01 2.166216694661963871e+01
-4.021458340478338300e+01 2.075010649208457991e+01
-4.041712563020367099e+01 1.987125183808335294e+01
-4.056372276247763153e+01 1.900436766770464203e+01
-4.065868218525068301e+01 1.812738469225392279e+01
-4.070633010810817609e+01 1.720591654346536359e+01
-4.070181716942806105e+01 1.621262198876996052e+01
-4.063521668092533901e+01 1.513401994805818518e+01
-4.049599789243628578e+01 1.398267189003320610e+01
-4.028214509803226662e+01 1.278748506949063746e+01
-3.999826898446386281e+01 1.162715059459751288e+01
-3.966141662148606173e+01 1.054780037396846559e+01
-3.928571432884776016e+01 9.590602206898793725e+00
-3.887612740207801920e+01 8.740966735306807678e+00
-3.843449514680821011e+01 7.995270242564228802e+00
-3.794364552150892678e+01 7.297956584916767575e+00
-3.738827168467570061e+01 6.633802511542382874e+00
-3.675544663353499431e+01 5.987973021704840804e+00
-3.602792834055584592e+01 5.343435672642672607e+00
-3.519068589411367753e+01 4.691888224502950955e+00
-3.424690820685913195e+01 4.043785277254262844e+00
-3.320519528651937691e+01 3.400804229372792253e+00
-3.209600418795307775e+01 2.783284429944746119e+00
-3.099310416086175124e+01 2.230225927366591865e+00
-2.996920053418875440e+01 1.770297467183127749e+00
-2.907077822806569500e+01 1.416647124871841745e+00
-2.827291631064675670e+01 1.148709349945806313e+00
-2.752030329316990631e+01 9.377500299093264324e-01
-2.675969700832317955e+01 7.620126305639245423e-01
-2.595427459692932715e+01 6.117554094931442199e-01
-2.508467715460482239e+01 4.853142340059206639e-01
-2.412093767046993875e+01 3.753467393949605491e-01
-2.302301368002601833e+01 2.782495078691158419e-01
-2.173612671650509043e+01 1.890564748661134609e-01
-2.018995672873855440e+01 1.053101576498997188e-01
-1.834805802783652240e+01 2.741991848650512237e-02
-1.629298127077241887e+01 -3.968751532571265783e-02
-1.417424489626702488e+01 -9.453242823987248467e-02
-1.228114013143242822e+01 -1.300732925088144143e-01
-1.074808550328759438e+01 -1.479620807110559599e-01
-9.514558969320237480e+00 -1.534129324664526284e-01
-8.463764261812993794e+00 -1.507197461077988687e-01
-7.529683980235569507e+00 -1.419125147396461117e-01
-6.665591388005515761e+00 -1.284792125478812219e-01
-5.859071099651362857e+00 -1.117161177520718113e-01
-5.095813360885153465e+00 -9.342717277660111952e-02
-4.331050227679757114e+00 -7.468453434928871981e-02
-3.542894044784050678e+00 -5.628392905210282543e-02
-2.734451969130434978e+00 -3.916394315990695540e-02
-1.944680823366554234e+00 -2.453042945322340268e-02
-1.215724673318679727e+00 -1.303242572073542299e-02
-5.947090838864826923e-01 -4.971767418173807414e-03
-1.618381018274939742e-01 -7.165936816737323960e-04
-4.074600595343398114e-04 -1.445778641629940004e-06
