-1.069804467648030943e+01 3.711134381444616714e+00
-1.072311029480384903e+01 3.712735913148771161e+00
-1.110001564174129918e+01 3.717847649385412456e+00
-1.154170807546764266e+01 3.719062603221060304e+00
-1.213973937998763830e+01 3.706717169319363236e+00
-1.286644817603347768e+01 3.679930112304382384e+00
-1.367743990470891191e+01 3.639675097310329122e+00
-1.453753974357846879e+01 3.586960678317842266e+00
-1.543095306477184536e+01 3.521178198487748379e+00
-1.635267864830488094e+01 3.440129921810090252e+00
-1.729777442208765947e+01 3.340893142447685094e+00
-1.826629445772138993e+01 3.220044839020624661e+00
-1.925026134245671372e+01 3.073688658433309406e+00
-2.023641795565997370e+01 2.898756907385273696e+00
-2.120350083496591864e+01 2.693315163476247776e+00
-2.213696421356377186e+01 2.456435868259218669e+00
-2.303468138473046167e+01 2.185737903200202670e+00
-2.387703858958226988e+01 1.880634693582212247e+00
-2.466396891856141949e+01 1.540103070014932740e+00
-2.540556609393488685e+01 1.159296292544382379e+00
-2.609346465441892349e+01 7.361774818372333051e-01
-2.672265665342311891e+01 2.708590117325068714e-01
-2.728820478144163886e+01 -2.355645574511159301e-01
-2.777798693811340769e+01 -7.773478809397057487e-01
-2.817465818960399560e+01 -1.342154561912512589e+00
-2.848815326856524877e+01 -1.931843277492142130e+00
-2.871226502377451695e+01 -2.545067845850427890e+00
-2.884832348384410139e+01 -3.184238560337635082e+00
-2.889135864224341788e+01 -3.849169310742480921e+00
-2.883720529984470460e+01 -4.537797791756089438e+00
-2.868478336071609647e+01 -5.254030464522791988e+00
-2.842417955373134930e+01 -5.991711692195632821e+00
-2.805751435921754222e+01 -6.752030907249896075e+00
-2.757931433313946812e+01 -7.514404998026184224e+00
-2.700003893193899174e+01 -8.283530440015107743e+00
-2.632482822616679741e+01 -9.031157448556180967e+00
-2.556694488334233029e+01 -9.756610070200077089e+00
-2.474094442690863360e+01 -1.043333455836422807e+01
-2.384987807029926188e+01 -1.107070109209087683e+01
-2.289729625047966977e+01 -1.166168047832839783e+01
-2.189516170516514748e+01 -1.219884882177205654e+01
-2.084171613762311637e+01 -1.269141921365102199e+01
-1.974571050751022838e+01 -1.313654786968067256e+01
-1.860951962822284855e+01 -1.354116690204577367e+01
-1.744656202446275728e+01 -1.390331635924002640e+01
-1.625952443306620765e+01 -1.422904349102856081e+01
-1.503641113031075527e+01 -1.452787708964613245e+01
-1.378513787818078207e+01 -1.479927650158424690e+01
-1.252279642938118442e+01 -1.504221382169716748e+01
-1.125319303675349758e+01 -1.525934838164335616e+01
-9.993579705315847050e+00 -1.544861409435163502e+01
-8.743320688426932108e+00 -1.561252191475385764e+01
-7.511363505841302413e+00 -1.574988980076668454e+01
-6.294446182474359830e+00 -1.586190135257319866e+01
-5.100354181386366648e+00 -1.594613303000168258e+01
-3.937716350309666158e+00 -1.600036385571547015e+01
-2.787175184334098610e+00 -1.602515395690123867e+01
-1.632222405185671743e+00 -1.601769230631536090e+01
-4.876660701085243077e-01 -1.597105030308022044e+01
6.563424715819132782e-01 -1.588327646337485710e+01
1.797374205109202094e+00 -1.574808065372767985e+01
2.932497240489972956e+00 -1.556097842718892288e+01
4.047450905257168330e+00 -1.531830282370535912e+01
5.134276146754467085e+00 -1.501832167335660628e+01
6.189642606490076027e+00 -1.465966823093181226e+01
7.203833220559877404e+00 -1.424203218573027030e+01
8.159548601075872654e+00 -1.376884306988029927e+01
9.048820564164396174e+00 -1.324475838399699335e+01
9.857826084316585025e+00 -1.267517883603608198e+01
1.058481866259200466e+01 -1.206294074683033379e+01
1.123555023143782350e+01 -1.140682837237282499e+01
1.177199607686911520e+01 -1.072870915883709841e+01
1.219760068550266752e+01 -1.004006975130390877e+01
1.250921501411292702e+01 -9.350562408905345180e+00
1.270563756718892101e+01 -8.670350911387616932e+00
1.279487815969505071e+01 -8.000734801807725560e+00
1.278158990214854107e+01 -7.341415899658096045e+00
1.267445110529413199e+01 -6.683691614240311551e+00
1.247362365221145097e+01 -6.027582100562806744e+00
1.218150851084027764e+01 -5.386641640030627620e+00
1.180956548102332526e+01 -4.772859348920944988e+00
1.137184330784952202e+01 -4.210877968192753507e+00
1.088310819003677565e+01 -3.701623867908976351e+00
1.035137671111310276e+01 -3.245140214640063636e+00
9.785800580824078665e+00 -2.845066722023587680e+00
9.186528894729194761e+00 -2.490109706095230191e+00
8.543831492144395412e+00 -2.166306750869527065e+00
7.856627567743935892e+00 -1.873389003140729425e+00
7.118582203516399254e+00 -1.601910310932247672e+00
6.327893037218664141e+00 -1.349756473266968904e+00
5.488849010836272413e+00 -1.114865232763116998e+00
4.606678342508148560e+00 -8.944009051158281487e-01
3.693947781787100038e+00 -6.874675597548378647e-01
2.786784536969565185e+00 -4.985981368316988460e-01
1.941555814039001682e+00 -3.349433548386543391e-01
1.221763571477109345e+00 -2.039771028104760409e-01
6.571433584928584315e-01 -1.063556196585755814e-01
2.829696187705066368e-01 -4.465877262911999851e-02
7.084141092780943394e-02 -1.093422692363324629e-02
1.602176856371784219e-04 -2.376851436646959355e-05
