1.003376947213616965e+01 1.793446826429036633e+01
1.001437080738079821e+01 1.793460760788440922e+01
9.275045333056340269e+00 1.792922657888415472e+01
8.439255494900963939e+00 1.792105399936762922e+01
7.490588931539107875e+00 1.790170903381013900e+01
6.410686979643585026e+00 1.786303465198971807e+01
5.186198858490205232e+00 1.779444369103056189e+01
3.865657624990598507e+00 1.769542622968278778e+01
2.477757838400340251e+00 1.756703076399943342e+01
1.043928422002668999e+00 1.740758277584123803e+01
-4.205565932874085200e-01 1.721572328433320820e+01
-1.900340101869508969e+00 1.698925528414854469e+01
-3.367334883472444140e+00 1.672613363592071778e+01
-4.821237673098710985e+00 1.642469257367386959e+01
-6.241917985987948114e+00 1.608010690768227846e+01
-7.626940404489506165e+00 1.568900362238976420e+01
-8.968734279666064069e+00 1.524653207798677812e+01
-1.027409265437622388e+01 1.474647261488838978e+01
-1.155349107984629597e+01 1.417957855497151343e+01
-1.278339202932781227e+01 1.353841153103069850e+01
-1.396005778180541590e+01 1.282029147468714214e+01
-1.507648284516170278e+01 1.201885494240454300e+01
-1.611845789583621169e+01 1.112988502677697511e+01
-1.709286547013298474e+01 1.014757937028693391e+01
-1.800107730730294620e+01 9.063080378062428721e+00
-1.882452360266980662e+01 7.880851610879086699e+00
-1.956755310385072022e+01 6.609879622915220132e+00
-2.022593904702429768e+01 5.260676835584641609e+00
-2.077603823502450453e+01 3.872227978319275010e+00
-2.122769184232881656e+01 2.466832480597759059e+00
-2.157483925082614817e+01 1.071714934730692459e+00
-2.182818645531700597e+01 -3.118410927499818408e-01
-2.199184952462277565e+01 -1.686766404250308771e+00
-2.206410178019030610e+01 -3.052915237122049597e+00
-2.204402479312846452e+01 -4.407797800457450954e+00
-2.192614002381561633e+01 -5.729949541906509403e+00
-2.171831518886532209e+01 -7.024016919435988271e+00
-2.142192262475951736e+01 -8.290753700542731863e+00
-2.103695454622629057e+01 -9.503100505308795576e+00
-2.057225733796420286e+01 -1.067941695401181867e+01
-2.002538251583916562e+01 -1.181541329331775003e+01
-1.939796495402059051e+01 -1.290752155684931424e+01
-1.868811183850384339e+01 -1.396067754081733270e+01
-1.789393165327265578e+01 -1.496376123655088719e+01
-1.701764005312336892e+01 -1.590714339187617199e+01
-1.606036834190954465e+01 -1.678224909547737198e+01
-1.502601895751705285e+01 -1.757560835763431939e+01
-1.391089740911077932e+01 -1.829922923574104843e+01
-1.271408095296640717e+01 -1.894505021095951847e+01
-1.144390098260939581e+01 -1.951026649213084596e+01
-1.011183226134127189e+01 -1.999268855884816531e+01
-8.726945602019684500e+00 -2.039562581416068454e+01
-7.309319323553201464e+00 -2.071387204246483194e+01
-5.872338379008837705e+00 -2.095236316146425537e+01
-4.420971118802238919e+00 -2.111653650406492133e+01
-2.968970830266216332e+00 -2.120532431068278001e+01
-1.524682003203242209e+00 -2.122150283638747581e+01
-9.041447090107095075e-02 -2.116690035043672680e+01
1.316038248348780915e+00 -2.103836930726388488e+01
2.709458723756315912e+00 -2.084032546731545921e+01
4.079796753120648489e+00 -2.056673583728127497e+01
5.414516333483840427e+00 -2.021584247751491148e+01
6.714908195334476915e+00 -1.978628011414600252e+01
7.976170172308440165e+00 -1.927307223394761948e+01
9.191309158902452481e+00 -1.867250687214798788e+01
1.037545999524692775e+01 -1.797996336943791817e+01
1.149850707383083304e+01 -1.719099355940096174e+01
1.255969920441040344e+01 -1.631215348113848052e+01
1.354289936375755410e+01 -1.534904311593632187e+01
1.443094487949150206e+01 -1.431514957425169854e+01
1.521952711905456113e+01 -1.322145335202789163e+01
1.588984423910562604e+01 -1.208657885571800605e+01
1.645224061574123198e+01 -1.091575569518704292e+01
1.689726476168147684e+01 -9.723938837724141138e+00
1.721704483307063782e+01 -8.535380195433013739e+00
1.740091278130671526e+01 -7.385798029164064360e+00
1.745062159328522711e+01 -6.300440819888616595e+00
1.736062382952416172e+01 -5.317021991557147942e+00
1.714653922807329778e+01 -4.430000307674176518e+00
1.681347677711139355e+01 -3.642192012972981008e+00
1.637010327685910127e+01 -2.941335813204419836e+00
1.581957090834675661e+01 -2.328631703086042837e+00
1.516695595092228999e+01 -1.785660049081722045e+00
1.441059044514312504e+01 -1.310681485911352695e+00
1.355842154093485874e+01 -9.037780919235155475e-01
1.261973466679163280e+01 -5.540140013229497562e-01
1.161009764951413814e+01 -2.673008067452971037e-01
1.054960228056380878e+01 -3.838149738266822403e-02
9.453546196139596347e+00 1.367303010388754292e-01
8.342951241298788290e+00 2.599460155558361851e-01
7.245015612744672318e+00 3.337204476994931057e-01
6.171451289253562678e+00 3.663067390396939071e-01
5.123253947612670167e+00 3.656265162507521538e-01
4.110575173792078374e+00 3.371335389830196760e-01
3.153773996040300620e+00 2.868453479184440713e-01
2.255450451504049436e+00 2.225544944579719020e-01
1.431649741119299435e+00 1.509890019959003460e-01
7.278714411749392932e-01 8.067904204951291403e-02
1.401983777408123688e-01 1.771312051575013591e-02
7.537103244767201157e-05 1.008555908228446845e-05
