-3.234603414131938592e+01 2.066085211332264748e+01
-3.230505421202270355e+01 2.066753072042880746e+01
-3.164937544902905486e+01 2.080245147182816723e+01
-3.090394246629016806e+01 2.096315482683031917e+01
-3.000848172118406154e+01 2.115839116525287267e+01
-2.895211291065200143e+01 2.138553718285306715e+01
-2.780164180786685080e+01 2.162348334381811554e+01
-2.658849425626979013e+01 2.185887925748018645e+01
-2.535956971032450014e+01 2.207541815931617890e+01
-2.411466794167890626e+01 2.226918689720866951e+01
-2.285083008632955881e+01 2.243420377794821619e+01
-2.157715084855222187e+01 2.256352657296706354e+01
-2.027991738361028240e+01 2.265580524547420893e+01
-1.896385114765568147e+01 2.270522185938175141e+01
-1.764001508057765832e+01 2.270674286433544609e+01
-1.628780946418921616e+01 2.266044930445421457e+01
-1.492272397901986025e+01 2.255923113653266654e+01
-1.355126457944035501e+01 2.240115351089236029e+01
-1.216988724989655424e+01 2.218375238599557520e+01
-1.081039902950216458e+01 2.190652929287785255e+01
-9.524883353000607400e+00 2.157807766609011324e+01
-8.328542435414290068e+00 2.120771213326414539e+01
-7.250351008056743041e+00 2.080799566542732393e+01
-6.323940174210059162e+00 2.039899931359861185e+01
-5.636674129352976514e+00 2.002444757343672066e+01
-5.373194242944544285e+00 1.977802097182796714e+01
-5.144353125754632217e+00 1.950975511021430719e+01
-5.181705605031798889e+00 1.932510885075002349e+01
-5.257262590489929721e+00 1.912025202665314083e+01
-6.025579766134832482e+00 1.858068132096110503e+01
-6.999221770329324244e+00 1.796502131672627200e+01
-8.076762432510708578e+00 1.733317065993870187e+01
-9.195680204783934997e+00 1.671288866180752919e+01
-1.036020389086069748e+01 1.608841950148407562e+01
-1.156453782787190399e+01 1.545302877586194867e+01
-1.281767737831442133e+01 1.478979635611744747e+01
-1.409677863363460126e+01 1.409884030595693361e+01
-1.543391589391479179e+01 1.335296482499005677e+01
-1.678715959201571906e+01 1.256061816382514351e+01
-1.814170251929815691e+01 1.172387222708572807e+01
-1.946085396826790159e+01 1.085444230207136407e+01
-2.070517816965444879e+01 9.968748679582136063e+00
-2.189326903980454020e+01 9.050521394263926211e+00
-2.299570241574601326e+01 8.106457655835695775e+00
-2.400516810085032304e+01 7.135872178091592133e+00
-2.492239178848957337e+01 6.130579514745348568e+00
-2.577775233781276043e+01 5.057746853005052223e+00
-2.656035159456612149e+01 3.910023579335965227e+00
-2.724320011410016207e+01 2.708130394613946113e+00
-2.783348114256175165e+01 1.446935771951499694e+00
-2.832095952017777662e+01 1.299041152678994393e-01
-2.869018051421909377e+01 -1.223758088876243821e+00
-2.894426391851289182e+01 -2.614358065441912071e+00
-2.906853446705753186e+01 -4.016383095503954337e+00
-2.906237173787962647e+01 -5.411910931855933526e+00
-2.892232617261355188e+01 -6.773762369102804826e+00
-2.865075055572410179e+01 -8.091962196452117340e+00
-2.824446222383160077e+01 -9.346123631311947122e+00
-2.770419182144711456e+01 -1.055020329419096825e+01
-2.702672790336812625e+01 -1.169785982521269396e+01
-2.621214199886202323e+01 -1.280089448450758383e+01
-2.526459338319325099e+01 -1.384594416133852945e+01
-2.420073332261292265e+01 -1.481952020425658034e+01
-2.304468922892570149e+01 -1.570171349658876636e+01
-2.181129840486009641e+01 -1.648998803319166129e+01
-2.051108716180290159e+01 -1.718080725387342156e+01
-1.916608173818250549e+01 -1.776158674146042316e+01
-1.777860176120409719e+01 -1.824097161138996270e+01
-1.636605379483166445e+01 -1.861352893876141223e+01
-1.492387254023017462e+01 -1.889094500419684763e+01
-1.349205305235042296e+01 -1.906146287229490355e+01
-1.207719898349378873e+01 -1.913453347801765503e+01
-1.069798511224902882e+01 -1.910910115101665596e+01
-9.386333618938493828e+00 -1.898383286767088762e+01
-8.149512133290789606e+00 -1.876338393857965414e+01
-6.967540973715151686e+00 -1.844985516584599949e+01
-5.853315378987994144e+00 -1.804184398358945529e+01
-4.820281350329719494e+00 -1.754565655358827669e+01
-3.885489605788213119e+00 -1.697000814723843831e+01
-3.026981486016538714e+00 -1.631345408106889394e+01
-2.229923740546585265e+00 -1.556721941948028842e+01
-1.492796699436828245e+00 -1.472838861337284300e+01
-8.125725375455756794e-01 -1.379886991318486444e+01
-2.012844296850966053e-01 -1.279522547733190940e+01
3.294745124629838151e-01 -1.174516435777401568e+01
7.551532986740248088e-01 -1.069816254364180530e+01
1.084702672618501174e+00 -9.666818546741433593e+00
1.322246308806294790e+00 -8.658938006352917327e+00
1.469451642321262019e+00 -7.688489210958686648e+00
1.534203201831153107e+00 -6.759486595919491414e+00
1.525235507558051484e+00 -5.867760084770777596e+00
1.449942900590235562e+00 -5.006800645965943097e+00
1.317273084551022100e+00 -4.158395323790300857e+00
1.134125317966293567e+00 -3.322397702212212867e+00
9.126761626085027057e-01 -2.513844331411693389e+00
6.717119582392765409e-01 -1.760753750237750825e+00
4.389177826474560118e-01 -1.113356894816381670e+00
2.360426606399055882e-01 -5.900354503028341080e-01
6.710778496569994034e-02 -1.660554039635966928e-01
3.725612617658556136e-05 -9.353895233890528401e-05
