1.044608274308197871e+01 2.226655453047052902e+01
1.047944351781866601e+01 2.226780862486518586e+01
1.120453739025961326e+01 2.226167629403120429e+01
1.196287795697352685e+01 2.224845698098651070e+01
1.278438749094504345e+01 2.222167338345492382e+01
1.369047952061140627e+01 2.216810008468332782e+01
1.465002152324683848e+01 2.207982889504924273e+01
1.562739129380047132e+01 2.195651007845802027e+01
1.659402657229960809e+01 2.179550933384223654e+01
1.752114467636307893e+01 2.159396646935014630e+01
1.838671528866585092e+01 2.134994944717802312e+01
1.916444281845183895e+01 2.106068128047064647e+01
1.985269359975570680e+01 2.072418892257342904e+01
2.046693030923751877e+01 2.033431883675064000e+01
2.102424028110568344e+01 1.987995409485369791e+01
2.154604161334708223e+01 1.934708244826495616e+01
2.203441811788714588e+01 1.871448324494263105e+01
2.249408557974935619e+01 1.797214309362117035e+01
2.291640590342487016e+01 1.711362184198032210e+01
2.330180882557249689e+01 1.615472210377110684e+01
2.364889279934870459e+01 1.511189718336561683e+01
2.395713939274219939e+01 1.400672511376693485e+01
2.422443060698394390e+01 1.286748294659285641e+01
2.445187414134887049e+01 1.172186344419192494e+01
2.464680337106802455e+01 1.057969547077782302e+01
2.481018085078264335e+01 9.457261099568865959e+00
2.494653351171400502e+01 8.360475834112765625e+00
2.506214022914128492e+01 7.280753555086521445e+00
2.515924289565636585e+01 6.217883025990917467e+00
2.524120094562249861e+01 5.168103517876639685e+00
2.530864545350878458e+01 4.141029512040592664e+00
2.536392000486988252e+01 3.136171205069609780e+00
2.540923502084185870e+01 2.146378977107496588e+00
2.544520837995704809e+01 1.172905267073133695e+00
2.547210066407400930e+01 2.191244432209615289e-01
2.548909912941322986e+01 -7.091806778545763912e-01
2.549582023130693642e+01 -1.622869203661067905e+00
2.548961358169836089e+01 -2.525405568299355252e+00
2.546800279121666577e+01 -3.419878961195602418e+00
2.542837479346655272e+01 -4.308699468288922141e+00
2.536943374866491396e+01 -5.209503509894151563e+00
2.528756633061032844e+01 -6.139720266558542860e+00
2.517771375147076540e+01 -7.105894358779699438e+00
2.503602821449431204e+01 -8.101110904749880604e+00
2.486070129243507054e+01 -9.109586293678427538e+00
2.465045454096908628e+01 -1.010091116373867948e+01
2.440645909661266089e+01 -1.105439541820356730e+01
2.412743052346403516e+01 -1.195666476758797359e+01
2.380999944833879667e+01 -1.280995175678147469e+01
2.344816984090848067e+01 -1.361216859271369017e+01
2.303733137032698863e+01 -1.436562337444394011e+01
2.257345196128375164e+01 -1.507590982527561785e+01
2.205391825759287627e+01 -1.572967380518988811e+01
2.148300206891627084e+01 -1.632780724202474687e+01
2.086376056283113911e+01 -1.686914114539804999e+01
2.019736046908657201e+01 -1.735841495553107805e+01
1.948182544029121388e+01 -1.780012541878484811e+01
1.871644588745873605e+01 -1.819469252706000262e+01
1.790165230502998384e+01 -1.854480731084170841e+01
1.704245663020273938e+01 -1.884932525827444749e+01
1.615329829603038192e+01 -1.910463102468050423e+01
1.524659592368392325e+01 -1.931414758179084501e+01
1.433637611501063169e+01 -1.947660059156552137e+01
1.342875182284062063e+01 -1.959541863703391229e+01
1.253016538838527794e+01 -1.967010900143336727e+01
1.163607376099374235e+01 -1.970379369536921033e+01
1.074752856152123748e+01 -1.969448115058885662e+01
9.865844256705191384e+00 -1.964144417889651351e+01
8.992703069863210885e+00 -1.954338675319722540e+01
8.130443516997937436e+00 -1.939878230357629363e+01
7.290795932034255245e+00 -1.920449550746436174e+01
6.481010749752852185e+00 -1.896069667120531577e+01
5.711246111010725102e+00 -1.866651505250717591e+01
4.999390399012885844e+00 -1.832217147715368455e+01
4.341039349288304372e+00 -1.793034329480099487e+01
3.745649799945287128e+00 -1.749039630835923731e+01
3.193769737185223168e+00 -1.700138985418116988e+01
2.674709244305689460e+00 -1.645558549520929503e+01
2.193369346609680193e+00 -1.584947387081433767e+01
1.753917065458756364e+00 -1.518981636086436282e+01
1.356852718030996385e+00 -1.448374997232940764e+01
1.007379294300514427e+00 -1.374001452929220157e+01
7.075883277231957980e-01 -1.296790196232037573e+01
4.528790855116305303e-01 -1.216937138107140015e+01
2.349364704464239340e-01 -1.133718328256797925e+01
5.576393746616779140e-02 -1.047298285152809960e+01
-8.738376405210854236e-02 -9.583321195731754116e+00
-1.935041773369025053e-01 -8.683614321439048211e+00
-2.694733362943798061e-01 -7.776432242109048154e+00
-3.176957149284913018e-01 -6.866452301752247855e+00
-3.404609549081424880e-01 -5.961958392972417364e+00
-3.411285925193581758e-01 -5.065987606130057053e+00
-3.218419591664248847e-01 -4.182834883480444077e+00
-2.843765340961095789e-01 -3.330589064824899026e+00
-2.334104174501786533e-01 -2.520340843043614498e+00
-1.738027497164382762e-01 -1.760723076724943326e+00
-1.109640914577334492e-01 -1.077243063412393953e+00
-5.140020212334865668e-02 -4.876724318845513384e-01
-1.600022937209541083e-03 -1.269613746548703057e-02
-1.291626650646955330e-05 -9.147219512571626526e-05
