2.434039250762538131e+01 2.592363426603807142e+01
2.433964651935433210e+01 2.591857827993757013e+01
2.428767864254342612e+01 2.540331251147012281e+01
2.424167006349072651e+01 2.484533826093236897e+01
2.420621256054974069e+01 2.422405825319275507e+01
2.420131107046378460e+01 2.356784742758866003e+01
2.420987780099413200e+01 2.282947399834084123e+01
2.424164338595214829e+01 2.194916960376463066e+01
2.428245619773460007e+01 2.101515398399525836e+01
2.432369851484856582e+01 2.006979553240948988e+01
2.436216087924767493e+01 1.911535104022637910e+01
2.439715544004214109e+01 1.813696898010898551e+01
2.442902140242070530e+01 1.710704814992457301e+01
2.445769265909637724e+01 1.599712928090054831e+01
2.448262777490558406e+01 1.478867246914215094e+01
2.450315437936549401e+01 1.348141156717231581e+01
2.451753585306618888e+01 1.212268160211093182e+01
2.452597501740195085e+01 1.075051014207203259e+01
2.452712584258496165e+01 9.437844698779526809e+00
2.452142281426261761e+01 8.201962659780466680e+00
2.450883626788457192e+01 7.049826619692115770e+00
2.448934085108026082e+01 5.972010399436703310e+00
2.446259434693183010e+01 4.934323452716607328e+00
2.442760315420159500e+01 3.901538390009081869e+00
2.438248963614752185e+01 2.844855504569704152e+00
2.432480440920243936e+01 1.768891887816011366e+00
2.425409064427492467e+01 6.888353111018575836e-01
2.417074997296073491e+01 -3.843671096016222921e-01
2.407564510816764169e+01 -1.427086080137789148e+00
2.396966358330306690e+01 -2.428785034828567557e+00
2.385177234771131438e+01 -3.401442424909498996e+00
2.371948582994552623e+01 -4.354354159538686098e+00
2.357051278613127465e+01 -5.285961075310463997e+00
2.340305091392674797e+01 -6.191364715305296862e+00
2.321273098389217893e+01 -7.086752869107053598e+00
2.299404410020828138e+01 -7.976023122515758956e+00
2.274299242552082490e+01 -8.854421601227375760e+00
2.245601853311843854e+01 -9.720377345429794147e+00
2.212932594624687610e+01 -1.057561067369480057e+01
2.176295978571342715e+01 -1.140274241341188599e+01
2.136328862367533787e+01 -1.218095395175511975e+01
2.093226730417699244e+01 -1.291540356293645253e+01
2.047305288379453714e+01 -1.359341799809891072e+01
1.998147636826682927e+01 -1.423232852358494860e+01
1.945588526321505540e+01 -1.483048722947212639e+01
1.889698218864315038e+01 -1.539081847657888780e+01
1.830539676946992245e+01 -1.591506938468986299e+01
1.768898398973024655e+01 -1.639491199720343673e+01
1.705424853672355567e+01 -1.682942739524212428e+01
1.640955282965618522e+01 -1.721270017901436233e+01
1.575626089045433709e+01 -1.754726364358247537e+01
1.509633609129284437e+01 -1.783223984077934787e+01
1.442151595228720673e+01 -1.807552779292439027e+01
1.372081166565307697e+01 -1.828197777980092553e+01
1.298071646130656731e+01 -1.845645503013818356e+01
1.219914718921377883e+01 -1.859585529693481121e+01
1.138722294702249194e+01 -1.869697653696040973e+01
1.056153185181995902e+01 -1.875839850179014334e+01
9.739851970738540032e+00 -1.877951530801943392e+01
8.937717042380501908e+00 -1.876152159140948683e+01
8.179066277102398530e+00 -1.870381554496003318e+01
7.456570650944765788e+00 -1.861108973120973786e+01
6.774467173648256235e+00 -1.848298581286051956e+01
6.130339356035405807e+00 -1.832060972182586767e+01
5.518577152458526314e+00 -1.812440542795794229e+01
4.939300329901849196e+00 -1.789438515004994557e+01
4.394081752772799554e+00 -1.763209275661703757e+01
3.885014769199180318e+00 -1.733981106955142337e+01
3.411086713856010366e+00 -1.701887862006342900e+01
2.968330797600455373e+00 -1.666800674841880436e+01
2.555754574954185454e+00 -1.628485070939696300e+01
2.160081143641019441e+00 -1.586196283554098585e+01
1.782638412557413066e+00 -1.539278877226528053e+01
1.426380435812354186e+00 -1.487810685712050152e+01
1.088098825186033958e+00 -1.431718359811396724e+01
7.655267882136059798e-01 -1.370827970630215731e+01
4.696310060969339784e-01 -1.306447557600395903e+01
2.025332472081176893e-01 -1.240170784516357294e+01
-2.594874044905177632e-02 -1.174427837859158252e+01
-2.164696616416495745e-01 -1.110396519433393436e+01
-3.716585886255299176e-01 -1.048307590832746072e+01
-4.885610638702949093e-01 -9.893519661859281555e+00
-5.742280569423184877e-01 -9.325630138002292568e+00
-6.313258876709472167e-01 -8.772185937643826037e+00
-6.671538024973506786e-01 -8.209735381246568764e+00
-6.824938153439377153e-01 -7.623496012556932655e+00
-6.801769198895252222e-01 -6.995797872881695412e+00
-6.596278964481789853e-01 -6.313444286304098263e+00
-6.215638552828796071e-01 -5.576205431680453906e+00
-5.676728853491586069e-01 -4.807856977301335988e+00
-5.031368678437334596e-01 -4.051630599730589033e+00
-4.337744112098395055e-01 -3.344049773119862845e+00
-3.631137906925948622e-01 -2.692720402566589843e+00
-2.932651306563514026e-01 -2.100177281107479921e+00
-2.254679668554986360e-01 -1.561418277827577805e+00
-1.620029197265781262e-01 -1.087485180847058475e+00
-1.050782073032360264e-01 -6.885262966067334789e-01
-5.414800626191604987e-02 -3.505604932268615581e-01
-1.136184956281212008e-02 -7.389084129810979951e-02
-2.765142496496457443e-06 -1.651227751776501807e-05
