-4.650661155269544622e+01 -2.351434145211189630e+01
-4.647418958980503589e+01 -2.353163122672383167e+01
-4.640114322123103818e+01 -2.356475605912452664e+01
-4.631627341943056564e+01 -2.362679452129840030e+01
-4.491871811290616279e+01 -2.713821777410645453e+01
-4.430471452836330570e+01 -2.871539990045995694e+01
-4.413521059849079364e+01 -2.917284557254220090e+01
-4.403370212132193728e+01 -2.946180975689205539e+01
-4.391299128701216148e+01 -2.979789781345087718e+01
-4.376013970352094873e+01 -3.021230680993486573e+01
-4.358364018705632503e+01 -3.068057448122834074e+01
-4.341722584189167833e+01 -3.111936352328204336e+01
-4.328462127149351346e+01 -3.146335998828513070e+01
-4.316488815709624305e+01 -3.175917635313932763e+01
-4.303540032860878028e+01 -3.204918816642265256e+01
-4.286784272839383192e+01 -3.236643370202607173e+01
-4.262463682775914720e+01 -3.274205559618257411e+01
-4.228846963984047846e+01 -3.314718335819750195e+01
-4.188427208876752417e+01 -3.351107719927735218e+01
-4.140581822814527868e+01 -3.381390452105095079e+01
-4.078211867550725600e+01 -3.408282453592142502e+01
-3.998510449191702065e+01 -3.430831141975125576e+01
-3.906097868509064597e+01 -3.447965142032068542e+01
-3.819938688904595381e+01 -3.457554231869595895e+01
-3.751747951604614428e+01 -3.460561968304574521e+01
-3.697802228753966602e+01 -3.459304148617045627e+01
-3.650606524961572319e+01 -3.454735574082765481e+01
-3.610424358592001681e+01 -3.447271965339109556e+01
-3.574676738990147129e+01 -3.436795182114124003e+01
-3.540312972817788761e+01 -3.422781125524063839e+01
-3.504784052482590084e+01 -3.404161120969018839e+01
-3.465420396391735380e+01 -3.379186260456830126e+01
-3.420701126449814211e+01 -3.346037261300071464e+01
-3.366640252070803996e+01 -3.301295698737219197e+01
-3.296584326284341415e+01 -3.238878759048732547e+01
-3.210312028290284303e+01 -3.157806391784170330e+01
-3.124706038352389470e+01 -3.073807703241552147e+01
-3.047429314200449468e+01 -2.995106102595845599e+01
-2.998471543154505170e+01 -2.942502187730146446e+01
-2.964030869225195985e+01 -2.903567924416005397e+01
-2.935908265231980963e+01 -2.870579638380816689e+01
-2.908145884037310935e+01 -2.837958070932003807e+01
-2.875404131224594906e+01 -2.800777002832548845e+01
-2.833999354513346347e+01 -2.756159003574375177e+01
-2.780049079102555964e+01 -2.701355226598084158e+01
-2.710211422124944036e+01 -2.634546582948839344e+01
-2.623797740761602526e+01 -2.556183870244775491e+01
-2.524063991985249089e+01 -2.470173871030028678e+01
-2.412043898647085172e+01 -2.378068078072486102e+01
-2.301546679977204235e+01 -2.291509730040750625e+01
-2.194828632393205936e+01 -2.211603585376636971e+01
-2.108335749561096151e+01 -2.150105084601810290e+01
-2.051146698620326347e+01 -2.111974863746116426e+01
-2.015738354209477023e+01 -2.090767975679917967e+01
-1.992685559484729652e+01 -2.079420974050999504e+01
-1.973352263321412181e+01 -2.072297275807216010e+01
-1.953110277030743802e+01 -2.066677021324558439e+01
-1.929910968136114491e+01 -2.061468797812151621e+01
-1.899500894301797160e+01 -2.055074491192350195e+01
-1.848387120964005703e+01 -2.044088623680012162e+01
-1.733386814002011178e+01 -2.018861767231323867e+01
-1.527814482042466437e+01 -1.973801484843387755e+01
-1.325600167358365589e+01 -1.929327747798797787e+01
-1.173104150663293410e+01 -1.895472261329804908e+01
-1.075053740619408948e+01 -1.873137259140164801e+01
-1.033448729156356194e+01 -1.863418456479692864e+01
-1.011968336920696743e+01 -1.857978400873598446e+01
-9.930887538053813302e+00 -1.851895192439329207e+01
-9.721980609694796271e+00 -1.842960717442598906e+01
-9.474989961915659009e+00 -1.829415426935477385e+01
-9.206892794395587387e+00 -1.811062276794151060e+01
-8.907471630322138623e+00 -1.787006189238051945e+01
-8.564106336232709893e+00 -1.755573442073918500e+01
-8.159659497037171860e+00 -1.714465615502854590e+01
-7.678782644043185890e+00 -1.660946473974909310e+01
-7.103372391770919947e+00 -1.591998569390705676e+01
-6.460649660714256726e+00 -1.509988592059900903e+01
-5.813492772858891655e+00 -1.422415563904885261e+01
-5.120056145255249547e+00 -1.323714848117388598e+01
-4.360192680373144114e+00 -1.210633274233256884e+01
-3.634811074831693745e+00 -1.098149223079226466e+01
-3.028866189678898646e+00 -1.000416816171894041e+01
-2.612906699074744044e+00 -9.301250837261708426e+00
-2.395487145640605942e+00 -8.905255489715719008e+00
-2.265633392348012531e+00 -8.641141142234829431e+00
-2.161444596658598893e+00 -8.403208202190969089e+00
-2.068341843487746967e+00 -8.164192015797409496e+00
-1.974431454085908699e+00 -7.896708596305049177e+00
-1.862430611808664205e+00 -7.546301391934822966e+00
-1.697655182975186472e+00 -6.981102019756466603e+00
-1.415134791962375571e+00 -5.935618219629988701e+00
-1.010539334334849437e+00 -4.373121125400802889e+00
-5.963379439125187087e-01 -2.728758687269605687e+00
-2.979236791372837367e-01 -1.511585858927912529e+00
-1.461121776697026919e-01 -8.630871785019856857e-01
-7.864421314904296301e-02 -5.445066930257068671e-01
-4.116576805695316282e-02 -3.346129207244922243e-01
-1.643687312435666847e-02 -1.610691298574224717e-01
2.633146267501830637e-04 -1.333213624840806112e-02
1.667661211151348505e-05 -1.856574301000503977e-04
