-1.225563797443859038e+01 3.085646180948790285e+00
-1.229331363533152022e+01 3.140088073089890131e+00
-1.245281522705956512e+01 3.410379726165964076e+00
-1.269919471104122799e+01 3.869497087277487868e+00
-1.357815727820759122e+01 5.746894579284138160e+00
-1.426010589774867832e+01 7.263310522078889164e+00
-1.463809631726568661e+01 8.179735586497050903e+00
-1.489878799644655416e+01 8.924483707118172404e+00
-1.510645645522586378e+01 9.670959553634359551e+00
-1.528777741319034611e+01 1.051864863958383189e+01
-1.544569258978027371e+01 1.151837292459846473e+01
-1.557654702359638144e+01 1.269246874554593951e+01
-1.567491563229692986e+01 1.403633306856821328e+01
-1.572633545659286192e+01 1.541230474232988712e+01
-1.573043340498913878e+01 1.670153660718378319e+01
-1.569161909823769641e+01 1.777270111164077093e+01
-1.561867129114734176e+01 1.865672686275851078e+01
-1.551411986301601331e+01 1.943549139055323494e+01
-1.536987901348100749e+01 2.020929393013850373e+01
-1.516814933068772220e+01 2.107048861203911372e+01
-1.487851031617958775e+01 2.211894301392124973e+01
-1.446222761234242427e+01 2.347076653426055159e+01
-1.391886098401012894e+01 2.509304308439133990e+01
-1.331768441383707646e+01 2.678835319281846949e+01
-1.279832503904132501e+01 2.817758367574174727e+01
-1.240360520668904165e+01 2.917634392030500479e+01
-1.208366789731849522e+01 2.994409542816453751e+01
-1.177257065407033387e+01 3.066595478650652140e+01
-1.142798621566584316e+01 3.145479032898157001e+01
-1.102453014022918509e+01 3.238211308554033252e+01
-1.057144249769718591e+01 3.343543676642300966e+01
-1.013913842223882966e+01 3.445842410697380842e+01
-9.789098000389381937e+00 3.530857699742646361e+01
-9.557480232550776833e+00 3.589830023655168389e+01
-9.398417498313753171e+00 3.633483103113550072e+01
-9.262304289623839892e+00 3.673872748259920940e+01
-9.104917038816639163e+00 3.721447651048715954e+01
-8.863502617033354625e+00 3.791900791518627756e+01
-8.359484872883134798e+00 3.930168652021172448e+01
-7.616189060097102725e+00 4.124298754269624823e+01
-7.064751855675792669e+00 4.262426217956711838e+01
-6.688073787627531352e+00 4.349820960951504389e+01
-6.380156383454228752e+00 4.412280339342349578e+01
-6.107255801087665859e+00 4.457552453422917438e+01
-5.932284172220622764e+00 4.474967235227789075e+01
-5.753245918698189243e+00 4.480942993426060639e+01
-5.565479078736087715e+00 4.474617922214347487e+01
-5.324128587615263086e+00 4.458128695202378822e+01
-5.065957837536965158e+00 4.428553367446562561e+01
-4.881920906270897476e+00 4.402039865363379079e+01
-4.642944091585424538e+00 4.366156452691733847e+01
-4.197172055555004277e+00 4.296927983785859340e+01
-3.018262886472901307e+00 4.107415589471727912e+01
-2.101713547420879014e+00 3.956963338550306730e+01
-1.604440049080701369e+00 3.872259912818321936e+01
-1.258940335822833267e+00 3.810513008398993406e+01
-9.357485317294255145e-01 3.750499724797310108e+01
-5.914875974653620583e-01 3.684887916479869574e+01
-1.878081543650010898e-01 3.606709888020831301e+01
2.752850770807216407e-01 3.516035923569521771e+01
7.522134460743309381e-01 3.422192222926187810e+01
1.203185881261203516e+00 3.332844574679835858e+01
1.584395232851945945e+00 3.256644567399862211e+01
1.922189919680264980e+00 3.188278712304451545e+01
2.226352073694179534e+00 3.125593370269868032e+01
2.525070733302076320e+00 3.062349445910450285e+01
2.844139971540260881e+00 2.992278515750754053e+01
3.206779973140306161e+00 2.908784396621745216e+01
3.637227744944406815e+00 2.804007562188727931e+01
4.151406766150924632e+00 2.671404912177239765e+01
4.726584331385137006e+00 2.514166020109068356e+01
5.310846995710046592e+00 2.345141292339427253e+01
5.860643178200140468e+00 2.176767728000481839e+01
6.327536723336230295e+00 2.023875088251304177e+01
6.670532904098917193e+00 1.901246739707082156e+01
6.911845487885666550e+00 1.804074869535288883e+01
7.056935117931459445e+00 1.732609353517404571e+01
7.141298652895979870e+00 1.674083575357448339e+01
7.181163950767254889e+00 1.621143121928070130e+01
7.183254422606063727e+00 1.569367576328067315e+01
7.148350410392456666e+00 1.515337593294958118e+01
7.071140334893463830e+00 1.457236887285505667e+01
6.941063049612790969e+00 1.390663473190301858e+01
6.734663864179124992e+00 1.309263373800034991e+01
6.414047259885532704e+00 1.204628311635450721e+01
5.927562444313746681e+00 1.064856763387081706e+01
5.251997595184514367e+00 8.876740121203823719e+00
4.478154231264024787e+00 6.974932887666103198e+00
3.764175492095078290e+00 5.312590598813616616e+00
3.250700244090817481e+00 4.189016225186647624e+00
2.928882036647735276e+00 3.546176797014680027e+00
2.720282245367089846e+00 3.184934294553261491e+00
2.549043183053192330e+00 2.933597843956892159e+00
2.372399825107386562e+00 2.703992695190270634e+00
2.173876535359934969e+00 2.466168854790305787e+00
1.926948529421598444e+00 2.182265779418640417e+00
1.557347849819360031e+00 1.762375467029314358e+00
8.919737428064180573e-01 1.009322270626284768e+00
1.445700225153402456e-02 1.578166800984743059e-02
8.240971012683867978e-06 8.718832515916512266e-06
