-2.707264966197689304e+01 -2.239221177580760447e+00
-2.712230762173689058e+01 -2.179784768320473187e+00
-2.741463469812871878e+01 -1.813289595167348889e+00
-2.777177254201574286e+01 -1.344647583464547935e+00
-2.816367262096175850e+01 -7.953670588137821129e-01
-2.858150330619253054e+01 -1.560064655897785701e-01
-2.900054388458470811e+01 5.714483311393893095e-01
-2.939228957603954129e+01 1.365114051614263024e+00
-2.973470982481324043e+01 2.208761724209608701e+00
-3.001016989442745242e+01 3.090988055176143057e+00
-3.020804348727669009e+01 4.007576154984793249e+00
-3.031644115459002720e+01 4.950447548558247313e+00
-3.033043272914901678e+01 5.914975643065702116e+00
-3.023614526650059631e+01 6.862300631371850201e+00
-3.004442563589094917e+01 7.796335926100256941e+00
-2.975237082383494069e+01 8.710361677310206829e+00
-2.936074102083613369e+01 9.608477364515819019e+00
-2.886742823913393607e+01 1.051509712777394334e+01
-2.826880069831247155e+01 1.143102941404069206e+01
-2.758440572568127180e+01 1.233088228484127313e+01
-2.685262284569775559e+01 1.318654641912976899e+01
-2.615581839851211043e+01 1.391227066824512271e+01
-2.552345937705387513e+01 1.451576460594326790e+01
-2.494082207864023104e+01 1.504346174105817546e+01
-2.437140045081615369e+01 1.555603904028994044e+01
-2.378230445310270369e+01 1.610197206449545604e+01
-2.313974565993235899e+01 1.672827776965989699e+01
-2.240568547400821231e+01 1.748563455930372257e+01
-2.154735586417976023e+01 1.841910326152245503e+01
-2.056318386406408294e+01 1.953428625128524132e+01
-1.951981628650849032e+01 2.075543104397799254e+01
-1.855952648215440348e+01 2.190870477096434144e+01
-1.773582616583472671e+01 2.291321501583912124e+01
-1.705150508280990707e+01 2.375109744157929370e+01
-1.645799563870530235e+01 2.446734946667449861e+01
-1.589961877635579590e+01 2.511674754897831718e+01
-1.533423841538530397e+01 2.573676195476978990e+01
-1.473154076860394746e+01 2.634885242090772905e+01
-1.407563191048772744e+01 2.695437940400789145e+01
-1.336196940680256162e+01 2.754402799825138004e+01
-1.259875990484544950e+01 2.809791080395404350e+01
-1.180491590077318342e+01 2.859263399917777448e+01
-1.098625155132253717e+01 2.902300589226751626e+01
-1.013859154435299637e+01 2.938889972110155924e+01
-9.276317672383203927e+00 2.967590552847385865e+01
-8.402659186471025166e+00 2.988546145049359026e+01
-7.514421173890124095e+00 3.002005701198790888e+01
-6.607351044441129417e+00 3.008196875377411317e+01
-5.690660751651368976e+00 3.006935343842378927e+01
-4.790646361164484723e+00 2.998079273079190088e+01
-3.919194690839733930e+00 2.982144288749172389e+01
-3.094612354725274628e+00 2.959384294327082188e+01
-2.334924367523645294e+00 2.930164037217430462e+01
-1.689733676242608285e+00 2.895321691916753082e+01
-1.125453531640153937e+00 2.854905181244887302e+01
-6.268379876964780273e-01 2.807835647864735407e+01
-1.827850621108834950e-01 2.752948367163167376e+01
2.220849366175090822e-01 2.688956361275753082e+01
5.932642792537915488e-01 2.615008421408686345e+01
9.298319404484115536e-01 2.532222870815552440e+01
1.216905211682942856e+00 2.445685783972549387e+01
1.457287184579067141e+00 2.360314080075313115e+01
1.648680782259160704e+00 2.282500653093484999e+01
1.821205502922282671e+00 2.209976821220614696e+01
2.000940257345172224e+00 2.139652500090311449e+01
2.212299333120276046e+00 2.068287613180054763e+01
2.478726550966981357e+00 1.993396282551636034e+01
2.821499932036678704e+00 1.913428802957868058e+01
3.255664912534438571e+00 1.826727335995065715e+01
3.792356292742971480e+00 1.733248033688834511e+01
4.425420624559744276e+00 1.633803835360831513e+01
5.137358692797528548e+00 1.530314195386132603e+01
5.883190093718496883e+00 1.428242271251297701e+01
6.595082010706690312e+00 1.335306925596846384e+01
7.221305658973070862e+00 1.256248934146410789e+01
7.778732715968001976e+00 1.186407116569459497e+01
8.272653155420574222e+00 1.123071573892908503e+01
8.707128084192516937e+00 1.063690785530495475e+01
9.072545516069318694e+00 1.007444937641857585e+01
9.344286910771996801e+00 9.555773621727967182e+00
9.519520885444254787e+00 9.073490419275781704e+00
9.608670926870084728e+00 8.601273561635931486e+00
9.617057310040031837e+00 8.112825539748675041e+00
9.531372946231101650e+00 7.597292110190567271e+00
9.339157493416394118e+00 7.056823444710055959e+00
9.037565893667350636e+00 6.498073312251025691e+00
8.626378893818834825e+00 5.929338656646115702e+00
8.107553463611569811e+00 5.348868650296505933e+00
7.478757624352887490e+00 4.756449074578100067e+00
6.739268490581655335e+00 4.147249586501868812e+00
5.880576567508718711e+00 3.506354340694221694e+00
4.911794447877488423e+00 2.842575549299714233e+00
3.880271740792961666e+00 2.178985591632689900e+00
2.904402119585010933e+00 1.587149054487430933e+00
2.063733354129740682e+00 1.101373217596982368e+00
1.376926020394881656e+00 7.206594187348059899e-01
8.607486162261124285e-01 4.453124600384417708e-01
4.668465270824744273e-01 2.403101434988893503e-01
1.699383641985447169e-01 8.731489068766971895e-02
4.081336141317976930e-05 2.114116833420158519e-05
