2.700154669429382182e+01 4.497646788393799255e+01
2.700241930432054360e+01 4.497535209926800803e+01
2.868484922739592591e+01 4.371705673027827999e+01
3.036550815601871989e+01 4.245669363594699064e+01
3.033395917992035251e+01 4.241772401444386276e+01
3.025914301709044452e+01 4.234458923317817636e+01
3.012847238244723869e+01 4.222687777662819997e+01
2.982618724885014316e+01 4.204222346145717637e+01
2.861453247212173778e+01 4.159209510867387394e+01
2.405151327561261709e+01 4.017323130788002317e+01
2.038314567551597989e+01 3.902629288145668340e+01
2.036030075330392108e+01 3.893914884691874789e+01
2.036363683590245088e+01 3.872474405201744219e+01
2.033837246338713456e+01 3.854612967460366235e+01
2.028891643840390913e+01 3.831841663959429667e+01
2.018659950076274612e+01 3.787662155365755012e+01
1.988982460737770808e+01 3.631523595230830637e+01
1.951774917892183936e+01 3.407935134999807758e+01
1.922689230656765247e+01 3.218195813036894037e+01
1.902053747042468501e+01 3.091663452439988902e+01
1.889651190610021914e+01 3.043471136900157248e+01
1.879194191587600926e+01 3.019718779712044920e+01
1.870025161126650559e+01 3.005053160109266130e+01
1.859756042838737855e+01 2.990722208060951104e+01
1.844811844754404717e+01 2.971408966920656169e+01
1.817872642267772321e+01 2.938609587583075111e+01
1.764885377017242973e+01 2.875859322316996014e+01
1.700875355286567725e+01 2.798349587742628941e+01
1.649899192872435449e+01 2.733205531766992635e+01
1.606863046011987706e+01 2.675179776488978689e+01
1.565620487970582708e+01 2.617016300386037386e+01
1.522845277772878347e+01 2.554640100498119892e+01
1.473834448167591482e+01 2.481995898263584976e+01
1.436075661632365019e+01 2.425469029260078102e+01
1.407696540067848900e+01 2.382498938594437021e+01
1.385201251011451440e+01 2.348116633793656050e+01
1.367222009271146810e+01 2.320391706694374534e+01
1.349823118888906492e+01 2.293296243285270819e+01
1.329330332381117152e+01 2.260988128974952360e+01
1.302568508741468456e+01 2.218927227147242576e+01
1.269378561928015081e+01 2.167260551679738256e+01
1.237178315632209546e+01 2.117667110208004644e+01
1.215729853335292532e+01 2.085011419825559287e+01
1.202536094388445420e+01 2.065137812677087936e+01
1.191857946514286049e+01 2.049053961063460960e+01
1.178589792203129072e+01 2.028743841897907174e+01
1.153897036821755684e+01 1.989677923593800912e+01
1.089519615875410530e+01 1.886444045365768218e+01
1.005494324106503790e+01 1.750427429986943650e+01
9.434793695121950208e+00 1.649992392812438169e+01
9.113749388150505837e+00 1.598046230472025364e+01
9.024998412870489872e+00 1.583775417462680046e+01
8.974623053769853698e+00 1.575523381048671112e+01
8.918691995115649362e+00 1.566006741666378588e+01
8.833328157805024006e+00 1.551220495727560333e+01
8.605551759694535008e+00 1.512312643800463441e+01
7.897164747007886731e+00 1.393076975080292712e+01
7.063832536668250839e+00 1.253452300621238358e+01
6.638470109170600431e+00 1.182314187433609654e+01
6.518600879058352504e+00 1.162106410786446986e+01
6.450955205472270748e+00 1.150249224239363777e+01
6.383816357044545420e+00 1.138037542583848882e+01
6.311317303663729561e+00 1.124311157145829476e+01
6.242906002967028911e+00 1.110910936126473914e+01
6.173520758820608023e+00 1.097578777365733593e+01
6.081770079184724231e+00 1.080519816275404210e+01
5.911795985579820112e+00 1.049573054992088394e+01
5.535872706188643910e+00 9.821731668680545368e+00
4.879998613640792904e+00 8.652877575935113086e+00
4.364196913824024193e+00 7.736680169701080523e+00
3.917205605683930614e+00 6.944558584781559851e+00
3.647945058016865083e+00 6.466460719378406274e+00
3.572494248931294525e+00 6.330772006711715250e+00
3.531322513520666728e+00 6.256874941138592661e+00
3.494059909257023033e+00 6.190981703682437498e+00
3.448737747567105494e+00 6.112611717629072849e+00
3.385440281819620090e+00 6.006879369152573034e+00
3.273155533722138966e+00 5.820472981479089647e+00
3.057430160185766965e+00 5.460066078681263591e+00
2.755893257692447307e+00 4.953021950271299545e+00
2.387020493112269826e+00 4.329370258309570119e+00
2.058508334753969660e+00 3.770588372399239940e+00
1.730734790078419572e+00 3.210530180318543536e+00
1.463160977461121615e+00 2.751188910823576528e+00
1.304251614851002161e+00 2.477341871018286845e+00
1.243875173322129823e+00 2.372556261821074042e+00
1.214210475736759776e+00 2.321208853881953971e+00
1.188041721534127682e+00 2.275031722798573686e+00
1.152564985272272358e+00 2.210256392621288146e+00
1.087084204201508975e+00 2.086478736975276416e+00
9.217575091428896750e-01 1.769207510693493246e+00
6.823966789498753238e-01 1.306981635477746151e+00
5.058579801064022607e-01 9.640808320205502824e-01
4.218427204643621642e-01 7.985171616583580656e-01
3.660300560951836868e-01 6.879057255386530345e-01
3.143074180669618856e-01 5.867144322500786879e-01
2.443851616343547528e-01 4.531859254120645941e-01
1.483957810970331359e-01 2.733869406298308213e-01
1.371101000429526210e-03 1.562245638676011900e-03
1.043706171604158087e-04 -4.728575732623786640e-05
