-4.522166039240694602e+01 -4.399008546719776547e+01
-4.516678869558000997e+01 -4.377545714195541393e+01
-4.502875252089577884e+01 -4.324877867791050079e+01
-4.483513059489293084e+01 -4.250770035835657978e+01
-4.455160126440750901e+01 -4.140944505506663376e+01
-4.419957440573652718e+01 -4.003141357448401294e+01
-4.379309210337368796e+01 -3.842378909394616215e+01
-4.334318693283103840e+01 -3.663026380334466836e+01
-4.286095329958467914e+01 -3.469806688719130250e+01
-4.235897908399821432e+01 -3.268256168618030699e+01
-4.185041903662434493e+01 -3.064162657611125695e+01
-4.134239575413134560e+01 -2.861137708147804659e+01
-4.083744171676198675e+01 -2.661128203505105461e+01
-4.033556390970431238e+01 -2.465375696186905685e+01
-3.983598747285024899e+01 -2.274857034629037855e+01
-3.934301944924108341e+01 -2.092377229609742173e+01
-3.884830559499711455e+01 -1.915521486803639917e+01
-3.834494951665896423e+01 -1.742757863832541432e+01
-3.782862525089709038e+01 -1.573337412846800376e+01
-3.730016188789520015e+01 -1.408347339512939556e+01
-3.675238286994767378e+01 -1.245988878920157106e+01
-3.618002471736831183e+01 -1.085927527954018679e+01
-3.558467016333813859e+01 -9.302253980004515199e+00
-3.497823923294657078e+01 -7.840816268687490265e+00
-3.435705577411479794e+01 -6.470599983947649569e+00
-3.372835389609226553e+01 -5.228453700760476330e+00
-3.310199945384704279e+01 -4.142861336206193457e+00
-3.251172141324752829e+01 -3.297459005818380362e+00
-3.196369289318033680e+01 -2.687640230195087909e+00
-3.146644579372836859e+01 -2.317069749701844206e+00
-3.099771262373181813e+01 -2.125389224867850313e+00
-3.054433989621144718e+01 -2.086538928492059242e+00
-3.008321649649873564e+01 -2.178976451275860704e+00
-2.959447481441901218e+01 -2.414059150680764265e+00
-2.906364843901883077e+01 -2.830926912250850691e+00
-2.849226219952658923e+01 -3.471661963236015058e+00
-2.789519770786553110e+01 -4.335155809047241959e+00
-2.728969685936892375e+01 -5.401558679754835168e+00
-2.669140195344719757e+01 -6.638698593404313009e+00
-2.610906090485838504e+01 -8.011156290365095245e+00
-2.556453499537338914e+01 -9.462063551527297278e+00
-2.505898891365888304e+01 -1.095218398299504692e+01
-2.459599613079103619e+01 -1.244852094641542806e+01
-2.417519445598027872e+01 -1.392455024454469559e+01
-2.377641784049431450e+01 -1.540986371353298345e+01
-2.339307734138505879e+01 -1.690821153647898001e+01
-2.300628001278886714e+01 -1.846188140080553453e+01
-2.261191662029736804e+01 -2.007096881316154224e+01
-2.220456723612371164e+01 -2.173504535654967640e+01
-2.178010527192419588e+01 -2.345035484643250356e+01
-2.134169232848647724e+01 -2.518619125459296271e+01
-2.089153126046239350e+01 -2.691830772468748023e+01
-2.044079144790187286e+01 -2.858600458645319975e+01
-1.999406653388964727e+01 -3.015873495507828395e+01
-1.955087351938518125e+01 -3.161864521327573385e+01
-1.910957120330267855e+01 -3.294881165721690053e+01
-1.867036993182795968e+01 -3.412567838876367432e+01
-1.823269192400422867e+01 -3.512866979271964851e+01
-1.780460596883380475e+01 -3.591201600617800693e+01
-1.737999932530794567e+01 -3.649184523431436844e+01
-1.694218339275705176e+01 -3.691351741001537334e+01
-1.647873020483601891e+01 -3.720432409144784458e+01
-1.598134046942978692e+01 -3.737680520860119771e+01
-1.544073176256737057e+01 -3.743896121389821019e+01
-1.485647421897959219e+01 -3.737353084103745715e+01
-1.423068948529126310e+01 -3.717556922040025569e+01
-1.357153718574453904e+01 -3.683162844162034588e+01
-1.289106917066184010e+01 -3.633921219300670202e+01
-1.220415471845308630e+01 -3.569810984903671880e+01
-1.152050770178477812e+01 -3.491540155068039297e+01
-1.085858894340367620e+01 -3.400419479727092664e+01
-1.022743710469865341e+01 -3.298598069994991278e+01
-9.635573435338255166e+00 -3.188330110090526404e+01
-9.076686835879186788e+00 -3.070544719318663596e+01
-8.549913076008673229e+00 -2.946350919920294231e+01
-8.053263628650856987e+00 -2.817155665311793555e+01
-7.570907571284643645e+00 -2.681836248742174078e+01
-7.102090401650363205e+00 -2.541353738378433036e+01
-6.650484198487536247e+00 -2.398807265919815279e+01
-6.206023678070621941e+00 -2.253661213042010658e+01
-5.773357144465359525e+00 -2.108503381927273779e+01
-5.353861801835128276e+00 -1.965131657177786906e+01
-4.940232806678311661e+00 -1.822047776923910334e+01
-4.532475226765085630e+00 -1.679598058474233824e+01
-4.128873787897011205e+00 -1.537412149327345290e+01
-3.728673649012460789e+00 -1.395384027534323224e+01
-3.328948087064142136e+00 -1.252517207649492015e+01
-2.934301284365333551e+00 -1.110182859924734089e+01
-2.553257106964247569e+00 -9.712816705603728451e+00
-2.188547581519269869e+00 -8.366557446854335112e+00
-1.849844328308622110e+00 -7.098424194327858316e+00
-1.539506187010883709e+00 -5.920552914405056377e+00
-1.251044522176556928e+00 -4.813152767176733349e+00
-9.837714909412323960e-01 -3.778946195858274404e+00
-7.324762408973308769e-01 -2.804280093910682226e+00
-5.013431546933045935e-01 -1.909532059048262509e+00
-3.002128775695830920e-01 -1.135860168344647647e+00
-1.323278175313757354e-01 -4.969023646603680233e-01
-4.083222869457407180e-03 -1.525901677522044711e-02
-6.910134636049954093e-05 -2.587194770161317550e-04
