-2.108007477734956225e+01 -1.854753996432847885e+01
-2.108125025035066358e+01 -1.852765784177162089e+01
-2.110116698640326760e+01 -1.774677980682169220e+01
-2.111895979265917944e+01 -1.689657088401707341e+01
-2.113088581363533081e+01 -1.594122679172730805e+01
-2.113350395980399199e+01 -1.484281800388082040e+01
-2.112615020410053646e+01 -1.361039009852136239e+01
-2.111015908920070672e+01 -1.228681125933370666e+01
-2.108689248761638879e+01 -1.090092892698222826e+01
-2.105662036464864428e+01 -9.466146748580017700e+00
-2.101845748827341254e+01 -7.988246141493389629e+00
-2.097103581347481338e+01 -6.479813657745099320e+00
-2.091256435840305983e+01 -4.950798414559332450e+00
-2.084068446745927616e+01 -3.418720242427000233e+00
-2.075335111605900096e+01 -1.888406744735573461e+00
-2.064751628731542610e+01 -3.632751124279997579e-01
-2.052001261267973931e+01 1.160206381267415487e+00
-2.036634571073466304e+01 2.660303672047483303e+00
-2.018479722922045383e+01 4.128133042365445426e+00
-1.997270768283934572e+01 5.571079085352406146e+00
-1.972572961085024446e+01 6.979485043674550582e+00
-1.944191076164893062e+01 8.362071650380928034e+00
-1.911771317124298974e+01 9.713148246946897046e+00
-1.875218954726921439e+01 1.103402112778505995e+01
-1.834417574262862161e+01 1.231309439280305362e+01
-1.789360570922575633e+01 1.355812356988178280e+01
-1.739800272129056680e+01 1.476796743267150447e+01
-1.685806200702893420e+01 1.593040795610628280e+01
-1.627550290646679798e+01 1.704582854492706190e+01
-1.565306961792956564e+01 1.809937574182856324e+01
-1.499363166186789975e+01 1.908899021751273750e+01
-1.429962306709212072e+01 2.000774228278292100e+01
-1.357569084318910413e+01 2.084652945935305368e+01
-1.282655302372795525e+01 2.159884622546765698e+01
-1.204361181070042974e+01 2.228669449776045397e+01
-1.121630469932073737e+01 2.291514138956413760e+01
-1.033616238322375125e+01 2.348887106714441231e+01
-9.394299150430041934e+00 2.401411647518564152e+01
-8.385604631990272395e+00 2.449044057607663660e+01
-7.312532240834508812e+00 2.491655831032568003e+01
-6.183782427029601791e+00 2.528931290042964974e+01
-5.008882808608221104e+00 2.560948776418816308e+01
-3.800699991320044102e+00 2.587462547605218433e+01
-2.568433256693850364e+00 2.608605422147639530e+01
-1.320600388862117169e+00 2.624339135642441789e+01
-6.262681817621433555e-02 2.634796238249713696e+01
1.192625359365537596e+00 2.639694374715654490e+01
2.445346187587335240e+00 2.639408650024124015e+01
3.680765404285839093e+00 2.633530069271323626e+01
4.885223212948145211e+00 2.622153482525741808e+01
6.057917364038369890e+00 2.605637876796146912e+01
7.188981375125666595e+00 2.584035728751926442e+01
8.273134903636607973e+00 2.557671786847216566e+01
9.300458872757811690e+00 2.526806844452700673e+01
1.024434909754605449e+01 2.491786285404006307e+01
1.111641418309850415e+01 2.453121858390127485e+01
1.192121486875487868e+01 2.410722166931468280e+01
1.266152380069156358e+01 2.364418614859847878e+01
1.334461832019080596e+01 2.314018480502192432e+01
1.396908442330895106e+01 2.259374751922861435e+01
1.454202109955392963e+01 2.200370995825739939e+01
1.505783614956424721e+01 2.137022832559504693e+01
1.551195960803941176e+01 2.069739809407463937e+01
1.590507290657665074e+01 1.998788813500296513e+01
1.623715712624039043e+01 1.924319806931656629e+01
1.650933119007521555e+01 1.846311021724795154e+01
1.671540017175436077e+01 1.765140430395824467e+01
1.684939292309744729e+01 1.681844240879884467e+01
1.691481216966299073e+01 1.596802861109173222e+01
1.690953592229838165e+01 1.510354030531560099e+01
1.683460051155767800e+01 1.422530920661707121e+01
1.668647386178928826e+01 1.334028570330923102e+01
1.646488682450165797e+01 1.246085606354227870e+01
1.617390176141040570e+01 1.159771907633777843e+01
1.581769591881280057e+01 1.075426154747167651e+01
1.539865185824666938e+01 9.931276288390487039e+00
1.491959963592901772e+01 9.131871854674226796e+00
1.438633162902615048e+01 8.375242147312578211e+00
1.380819928450674539e+01 7.657288254924944582e+00
1.318891208726812891e+01 6.982787956170700916e+00
1.253235451758264496e+01 6.350298252942133459e+00
1.183874308678777787e+01 5.751948359451223958e+00
1.111263789933446589e+01 5.192553574020365659e+00
1.036467829198431900e+01 4.677041113745231016e+00
9.595420597631319382e+00 4.194997229274338935e+00
8.804882290778696330e+00 3.743441878842674875e+00
7.994347194179019844e+00 3.318071981939230142e+00
7.162845905375023747e+00 2.912922126383394428e+00
6.312546538278826169e+00 2.525118784354681178e+00
5.452076994795206133e+00 2.153982668395557631e+00
4.602753859640012379e+00 1.804886764270259292e+00
3.778097691992291729e+00 1.477185765770056003e+00
3.000029524398692971e+00 1.175586912023092623e+00
2.290158648968647181e+00 9.043105081540930845e-01
1.650951292414040372e+00 6.605161417559282100e-01
1.099788040945893330e+00 4.482238087906446067e-01
6.406317009443914801e-01 2.677055552549952866e-01
2.920969389541145933e-01 1.261344756961822466e-01
4.673706038265047075e-02 2.276791604815272402e-02
2.554046542714821693e-05 1.138006454279841582e-05
