4.062786926370853280e+01 4.767050628442419224e+01
4.062165904415834206e+01 4.766145511896560549e+01
4.037728624515560227e+01 4.732113386904535446e+01
4.009577963445273951e+01 4.693674550975454451e+01
3.976116325071585322e+01 4.648983734356630748e+01
3.936632622786929403e+01 4.596584255073643277e+01
3.889002989436446001e+01 4.534053888534702281e+01
3.836635380829882536e+01 4.466359136921242623e+01
3.781487358775873986e+01 4.396581845612485040e+01
3.725333580990125881e+01 4.327608500860102936e+01
3.668835761195730782e+01 4.260732379013636972e+01
3.613602089075745738e+01 4.198434971390750547e+01
3.561459008118245606e+01 4.143180412121283496e+01
3.511767549783210285e+01 4.094218084209911268e+01
3.464340792411203296e+01 4.051603842625510055e+01
3.419823064490169173e+01 4.016154574681569045e+01
3.377091663341478522e+01 3.986412692635827426e+01
3.335187924508078083e+01 3.961646054226562086e+01
3.293783161597397680e+01 3.941990303669483353e+01
3.252319631267316424e+01 3.927259354396095148e+01
3.209387872763107907e+01 3.916784736027371139e+01
3.164120502201722118e+01 3.910741554579740153e+01
3.116113421909531667e+01 3.909400285328457159e+01
3.065019725900193492e+01 3.912787459651158883e+01
3.011325552165060770e+01 3.921148044315341963e+01
2.954811614463456948e+01 3.933925500466370551e+01
2.894593541086820565e+01 3.950908260272453987e+01
2.828940917900564855e+01 3.972080964149847659e+01
2.756205770830182189e+01 3.997765647592093075e+01
2.675105804493148298e+01 4.028106753871215773e+01
2.584607962032707107e+01 4.063190694540230652e+01
2.486960070208668228e+01 4.101966031047044225e+01
2.387789373862777609e+01 4.141769552711373592e+01
2.291768139293279205e+01 4.180286601349600772e+01
2.208326341350226230e+01 4.213375251214279871e+01
2.137275420668736814e+01 4.240771968216680676e+01
2.075931203773216893e+01 4.263236159218509869e+01
2.020399657469699761e+01 4.282041650063685267e+01
1.967015806902660913e+01 4.298337453240295503e+01
1.913569927445783136e+01 4.312525621883373361e+01
1.857998593546593114e+01 4.324877096726905989e+01
1.798895320040046641e+01 4.335200388789838399e+01
1.735286327165629316e+01 4.343082535946784617e+01
1.665723244332908592e+01 4.348203669151806849e+01
1.589343638466704434e+01 4.349735465616193153e+01
1.506964801174433077e+01 4.346987666852372456e+01
1.422112858763114929e+01 4.339298921488023808e+01
1.337761305044547377e+01 4.326957234375274197e+01
1.255904174915155025e+01 4.310215872951325622e+01
1.179115661155037920e+01 4.289357928530704811e+01
1.107717361076899820e+01 4.264725310007921877e+01
1.041799672282114031e+01 4.236445696014634876e+01
9.812569142813634571e+00 4.204608088027396207e+01
9.258579662829049539e+00 4.169160971954060813e+01
8.729203341854898213e+00 4.129105410568163137e+01
8.205951675817171775e+00 4.082946767611387884e+01
7.689200537343841901e+00 4.029950807640211963e+01
7.190051541670039015e+00 3.970825553171614075e+01
6.715918079367942717e+00 3.906669931411683905e+01
6.272702169537193839e+00 3.838483312020780147e+01
5.865565718048564747e+00 3.767233682471664480e+01
5.495819239440504766e+00 3.693504217376332122e+01
5.158801218366959596e+00 3.617063517044609000e+01
4.853704485113551570e+00 3.537771574660961704e+01
4.571147462095303204e+00 3.454115585350044171e+01
4.304667847984670281e+00 3.364242110307561973e+01
4.047321884179450713e+00 3.266044127692561716e+01
3.793624177016178933e+00 3.157231837328799884e+01
3.537571414693094773e+00 3.035455354541192818e+01
3.272853966131930914e+00 2.898304851481167077e+01
2.994131470472303214e+00 2.743759905862924597e+01
2.705528408378150118e+00 2.573884654650704462e+01
2.411744915288772884e+00 2.393352384991900905e+01
2.130443411996815861e+00 2.213591443988835650e+01
1.894674563988594906e+00 2.056376707623874367e+01
1.703564637304054719e+00 1.923693617767895248e+01
1.558846134001039330e+00 1.818140967768601612e+01
1.448858407971158391e+00 1.733246126889654093e+01
1.361581071538311871e+00 1.661729419471725677e+01
1.286427566543386192e+00 1.596861757897024425e+01
1.218363227178091091e+00 1.535251126016450129e+01
1.153616180609446706e+00 1.473948818446809206e+01
1.089338984231621676e+00 1.409949197250556630e+01
1.023159406329892107e+00 1.340239635399831641e+01
9.521466364247512804e-01 1.261364261047576996e+01
8.727405457306371961e-01 1.169271419219412422e+01
7.820888314164899935e-01 1.060306503329549699e+01
6.807307179095772875e-01 9.352857381369055645e+00
5.725314032601994674e-01 7.992469233058677069e+00
4.616526254301667742e-01 6.579100829431920872e+00
3.548471007580936698e-01 5.200682926253120009e+00
2.580546872002229541e-01 3.934893985257844840e+00
1.763602288222586023e-01 2.846656014447930261e+00
1.128416454538631736e-01 1.976759036249701174e+00
6.674361069066155061e-02 1.316106170783896800e+00
3.581995453741306651e-02 8.371637852247495459e-01
1.780591635056230637e-02 5.133228301250478687e-01
6.835578312975999424e-03 2.657954051394985640e-01
-3.544619378829151905e-04 5.360612673057539579e-02
-1.081099137629148815e-06 3.199560361793365288e-04
