3.039080276774830836e+01 4.595685435756971060e+01
3.037226369636106327e+01 4.594041066755081459e+01
3.008513555783713755e+01 4.569207210176355005e+01
2.974103108919218386e+01 4.539805893401953796e+01
2.931168188763257731e+01 4.503425660537521225e+01
2.871747529085226347e+01 4.453503559849724525e+01
2.798457489637552342e+01 4.392140143212735381e+01
2.716026373436498176e+01 4.323126015758111862e+01
2.629302032251003851e+01 4.250388002139508359e+01
2.541988527710158152e+01 4.176862915970354351e+01
2.461505732255503531e+01 4.108597869373858913e+01
2.391441936259158396e+01 4.048545706138621370e+01
2.331004198918542514e+01 3.995970802694581892e+01
2.277906572138428487e+01 3.948901366369479149e+01
2.229346986296246769e+01 3.904828361486292465e+01
2.183894655976131460e+01 3.862190682160537136e+01
2.140051592936405811e+01 3.819245983360075058e+01
2.096707887657071012e+01 3.774428317434771429e+01
2.053692681335313353e+01 3.726783993304902509e+01
2.010955098118316187e+01 3.675660949003702882e+01
1.969466025751453842e+01 3.621274214053591578e+01
1.930221843326332021e+01 3.564316258751009769e+01
1.896415247302795848e+01 3.507961267245586612e+01
1.869477288090629585e+01 3.454636470634277856e+01
1.848703869144940271e+01 3.403985765621430915e+01
1.833900630036102086e+01 3.355978709886256439e+01
1.824797852616633165e+01 3.310810412675317593e+01
1.820994386251932440e+01 3.268267905934025208e+01
1.821825529271203692e+01 3.227200738490680010e+01
1.827591058073728547e+01 3.188288949110377857e+01
1.837779383154547830e+01 3.150546470932771115e+01
1.853012359403334841e+01 3.114004086843668517e+01
1.873663372459943233e+01 3.078058667722794794e+01
1.900430423099579258e+01 3.042880880192105764e+01
1.933558865103709934e+01 3.007999460141518711e+01
1.973682681988607968e+01 2.973246143023780874e+01
2.020780030605074273e+01 2.938360532010563020e+01
2.073551446986893509e+01 2.903980736599861601e+01
2.129360871267948596e+01 2.870504207574574096e+01
2.184938530388146205e+01 2.838753109276228415e+01
2.238137185415837394e+01 2.808626189173578780e+01
2.286590833207739593e+01 2.780335554462870107e+01
2.330383939115879954e+01 2.752858491031278731e+01
2.369045535920015055e+01 2.725500241627415576e+01
2.401202633836866340e+01 2.698228944708724342e+01
2.426368333590031767e+01 2.671051144519598353e+01
2.445314470584305511e+01 2.643502131199846517e+01
2.458662958392752529e+01 2.614854173325125331e+01
2.467601286234800284e+01 2.583734672403291199e+01
2.471370013625393014e+01 2.549538546652453874e+01
2.469519786409688678e+01 2.512749678352650662e+01
2.461716401563232637e+01 2.475196969279157599e+01
2.449614176329129833e+01 2.433721525450851075e+01
2.430427876778845686e+01 2.384645906731504184e+01
2.400804785106619477e+01 2.326010104888592522e+01
2.362834489267180871e+01 2.261832551509503020e+01
2.318996671613426130e+01 2.195636575052354189e+01
2.271017634402341656e+01 2.129384321139839642e+01
2.221050017141780941e+01 2.066023794886477205e+01
2.170362966454819897e+01 2.006117795317288355e+01
2.120327461970467908e+01 1.950729124305346929e+01
2.071205486878955426e+01 1.899177931648935669e+01
2.024016003621736104e+01 1.852056509496965475e+01
1.977505746318346169e+01 1.807245072281429543e+01
1.930502318447495824e+01 1.763235550342900382e+01
1.880653396942405919e+01 1.717436912724836517e+01
1.826108789297483881e+01 1.668076912796999167e+01
1.765080567907300235e+01 1.613416783184447922e+01
1.696103268974737688e+01 1.552116359590701400e+01
1.619613367869141030e+01 1.484481954737097809e+01
1.538270597374888560e+01 1.412740560439977422e+01
1.456913831179098651e+01 1.341010229795945463e+01
1.378879548989841197e+01 1.272109248142607463e+01
1.307471830931592471e+01 1.208879768416868750e+01
1.242932578800165899e+01 1.151519495423377748e+01
1.183210282523215184e+01 1.098222525879670464e+01
1.126526666796326381e+01 1.047408845866574723e+01
1.071244572716065058e+01 9.976753163743143915e+00
1.016005431187955743e+01 9.478973321462399682e+00
9.591486133771704559e+00 8.966647328704649311e+00
8.999741422116665390e+00 8.433824868974006961e+00
8.380861979565313646e+00 7.876757435005793617e+00
7.738489325260989204e+00 7.298288362959269193e+00
7.080995767857491963e+00 6.705324121792776815e+00
6.422599360724468021e+00 6.109934107429667804e+00
5.771107022804469189e+00 5.518538460165255621e+00
5.134569749611544331e+00 4.937964025172635552e+00
4.517859154663031340e+00 4.372152273104148890e+00
3.918765272584713077e+00 3.818611399254025596e+00
3.339670264210443218e+00 3.278860976751515111e+00
2.787860251407315193e+00 2.759020810077108976e+00
2.271401128163161864e+00 2.266638096732828789e+00
1.801422401156631992e+00 1.812731436123762752e+00
1.371087350013486583e+00 1.391853917255235551e+00
9.862272723069676061e-01 1.010191411347565404e+00
6.561062690550779619e-01 6.779460432374170287e-01
3.818688646967123290e-01 3.980086198944389753e-01
1.662491333094860413e-01 1.748806173018986609e-01
8.641106597901581504e-03 1.003901619632550229e-02
2.012446856755108085e-04 2.321444306357506023e-04
