1.276609798570356835e+00 4.393449781337923099e+01
1.177072445812492596e+00 4.390119319246467455e+01
1.025455822238641179e+00 4.380779544720262919e+01
8.007898681956396869e-01 4.371944453929565100e+01
-5.416561967996820215e+00 4.412425862869710613e+01
-7.214075038520257444e+00 4.424665850741419604e+01
-7.702111300339662847e+00 4.428329813140786797e+01
-7.999392273530529174e+00 4.430895046328024023e+01
-8.320009594793633667e+00 4.433723172749053276e+01
-8.690180221494010482e+00 4.436917861436171506e+01
-9.144556202459314775e+00 4.440665907092827780e+01
-9.786104422400345726e+00 4.445277895012857527e+01
-1.093718778706349504e+01 4.451650485983969929e+01
-1.333905476340157747e+01 4.459691462618524582e+01
-1.665740814034380790e+01 4.465762358187414094e+01
-1.926291002006381703e+01 4.467835911835111062e+01
-2.075354940155161287e+01 4.468008602942130381e+01
-2.156843013059512870e+01 4.467551898957736967e+01
-2.199256118791172199e+01 4.467014612155747955e+01
-2.232033680091812755e+01 4.466378441622041606e+01
-2.263940641500606787e+01 4.465348548979866194e+01
-2.299223933949891219e+01 4.463542931863209162e+01
-2.344789316262298939e+01 4.459660780545473813e+01
-2.415881110246707308e+01 4.448588595015707625e+01
-2.538500104924068879e+01 4.419816745799170121e+01
-2.698379225858852593e+01 4.371027887603632678e+01
-2.844623427979544772e+01 4.317313563145035715e+01
-2.945559369349304646e+01 4.271673318332413771e+01
-3.008216652294284899e+01 4.234242864472344792e+01
-3.054261556738578776e+01 4.196321529035757436e+01
-3.086422598347521173e+01 4.159587803551832508e+01
-3.106928949688482788e+01 4.126173046687189583e+01
-3.119595366026858940e+01 4.096808662136308499e+01
-3.128910056798150663e+01 4.068984919787336452e+01
-3.138938064741647338e+01 4.033204335884472869e+01
-3.152604676773787418e+01 3.975478820716637074e+01
-3.176949419352837722e+01 3.857058006934772010e+01
-3.215699441898679112e+01 3.648653657662057270e+01
-3.260490017387257211e+01 3.393885881519001657e+01
-3.287960116387039733e+01 3.228566360459171847e+01
-3.300858645809236691e+01 3.142716108584010470e+01
-3.306593924892069936e+01 3.096394493841237860e+01
-3.309825856486124707e+01 3.061441894835267874e+01
-3.312669299279998114e+01 3.024155156486662221e+01
-3.315745719883704368e+01 2.976974298597153279e+01
-3.319563053519870266e+01 2.908026595656992086e+01
-3.324964789492322836e+01 2.790621961434971610e+01
-3.332428734323616482e+01 2.601956453586729268e+01
-3.340660391972273402e+01 2.369959994976738216e+01
-3.347354651836226935e+01 2.154536980234305332e+01
-3.352395004861718064e+01 1.963104370704012069e+01
-3.356258630291621614e+01 1.786306555331739077e+01
-3.358753139566090340e+01 1.637627464408081579e+01
-3.360263230057970674e+01 1.515971045278773666e+01
-3.360837999740696347e+01 1.434733992784087242e+01
-3.360858031113733091e+01 1.382436654237502083e+01
-3.360565842469359410e+01 1.338626461134113477e+01
-3.359583723893989315e+01 1.291285228563291021e+01
-3.356706416364234258e+01 1.229739080339188462e+01
-3.349295922127605252e+01 1.135350643707774765e+01
-3.333032400984436094e+01 9.836956611153715002e+00
-3.309096245317006435e+01 7.985071123327837306e+00
-3.286296632535573536e+01 6.457566133569950573e+00
-3.267315617094493518e+01 5.406322491825527266e+00
-3.249063583598898930e+01 4.625111168240240822e+00
-3.230095202950315780e+01 4.027953112261201341e+00
-3.208453077104164208e+01 3.534969929844287151e+00
-3.183019909645772927e+01 3.121434603611338066e+00
-3.151828478189530713e+01 2.761234848968281863e+00
-3.111627970157438483e+01 2.429507700353184863e+00
-3.059656664337277121e+01 2.123661885039427766e+00
-2.992143888635790105e+01 1.835155979530944670e+00
-2.905035523043405732e+01 1.554720105212083592e+00
-2.793224364362170320e+01 1.270455564429549877e+00
-2.653281903471208025e+01 9.774229249711022804e-01
-2.495470329081279104e+01 6.988724211810477538e-01
-2.343107037630338851e+01 4.709992623897369390e-01
-2.215211064704468313e+01 3.132202099657355188e-01
-2.106741925064126519e+01 2.074804870754205499e-01
-2.011271656483141257e+01 1.377286112313979849e-01
-1.921421943059958082e+01 9.029810390665883590e-02
-1.834445898710773548e+01 5.804534680324613394e-02
-1.748715405697614145e+01 3.621029030568903573e-02
-1.662406893034586730e+01 2.187188383533594446e-02
-1.571195475717113688e+01 1.323056608436150999e-02
-1.458711340367833564e+01 7.834863876391689325e-03
-1.298717557819048096e+01 4.963061199746830569e-03
-1.074660927001639621e+01 5.008223657538464664e-03
-8.307020208490172308e+00 7.888120191965320577e-03
-6.414903842619358976e+00 1.184074068287889643e-02
-5.260332602181036599e+00 1.548444140198782480e-02
-4.586073724327898837e+00 1.822515720054463523e-02
-4.148893276620081672e+00 2.019672178357206568e-02
-3.807521682575215394e+00 2.189531551265853221e-02
-3.473781828539782790e+00 2.373080821775503529e-02
-3.059758820854051820e+00 2.494736275222697586e-02
-2.488753575799376172e+00 2.386282251897921605e-02
-1.721875364791463969e+00 1.869479893186018829e-02
-7.662404229274386580e-01 9.238921558727235250e-03
-6.750632814886566545e-06 7.064790149619537790e-08
