-4.698185960844261899e+01 1.442040940656197145e+00
-4.695938463981517685e+01 1.490183740341302077e+00
-4.675928119835524654e+01 1.911142417626056744e+00
-4.651486548226882434e+01 2.421013100011530916e+00
-4.622687082064914676e+01 3.016037380382660782e+00
-4.588319820712690955e+01 3.712034349232793851e+00
-4.549308868187894461e+01 4.480280617555137290e+00
-4.505851382151325168e+01 5.307604245945373833e+00
-4.458123341810308915e+01 6.178916332113087329e+00
-4.406607032708463834e+01 7.076101979484080928e+00
-4.351649042971278192e+01 7.985025648723573788e+00
-4.293713101470797255e+01 8.891812843028818136e+00
-4.234489096529013352e+01 9.763392101887115260e+00
-4.174528896009999102e+01 1.058927413793772665e+01
-4.115960715819775118e+01 1.133252600278746769e+01
-4.058088741319671300e+01 1.200291208737912463e+01
-4.001328416543009325e+01 1.259062451798151372e+01
-3.947406629777459841e+01 1.307486622647686403e+01
-3.896875806769207884e+01 1.345306091071004140e+01
-3.850880916189684910e+01 1.371568387227444497e+01
-3.807776238481878295e+01 1.388230395269091488e+01
-3.766037328844455345e+01 1.396525937415023400e+01
-3.724818081689638660e+01 1.396933866251992740e+01
-3.683299200720752253e+01 1.389475404564104366e+01
-3.640870928063961998e+01 1.373710174737638567e+01
-3.595864886728809040e+01 1.349379750303796044e+01
-3.549208637576267478e+01 1.315508249798846485e+01
-3.502061062876669695e+01 1.273592872841048340e+01
-3.456598153757502701e+01 1.225671616629944261e+01
-3.414136963036983730e+01 1.173880429842507489e+01
-3.373963319702104258e+01 1.118324887991822791e+01
-3.334199288268983707e+01 1.057534630713744228e+01
-3.294590018420778677e+01 9.911674171982310710e+00
-3.253677775711066289e+01 9.179862326813385209e+00
-3.210011117541121450e+01 8.361766020638036423e+00
-3.163272530099763458e+01 7.456571816931836238e+00
-3.113836509467057923e+01 6.480273865792353760e+00
-3.062826855278238725e+01 5.464444975839461982e+00
-3.012384693225701326e+01 4.460617629924264804e+00
-2.963946127779304618e+01 3.506903313574699421e+00
-2.918131619877003402e+01 2.625607894375569185e+00
-2.873133722336070406e+01 1.793943064284876820e+00
-2.828085124482765522e+01 1.007288570300139074e+00
-2.783881191865268789e+01 2.927600398081358080e-01
-2.740195163731485906e+01 -3.491335620236626913e-01
-2.696601019110557473e+01 -9.161969726839018779e-01
-2.652267262333334585e+01 -1.414518861073615463e+00
-2.607668406501614200e+01 -1.832186153414901764e+00
-2.562100540802379101e+01 -2.177011635667204015e+00
-2.514249162273509342e+01 -2.458444476515747823e+00
-2.463385178613211579e+01 -2.675991282217223599e+00
-2.409169727366809610e+01 -2.826539370169370624e+00
-2.350759321802516766e+01 -2.911605035960753707e+00
-2.288652540262676993e+01 -2.923629854455374044e+00
-2.225093790984396591e+01 -2.857771208434009669e+00
-2.160607979369059706e+01 -2.719968110285061691e+00
-2.096462185175430903e+01 -2.510811802397926673e+00
-2.033092963750811322e+01 -2.235813336741370172e+00
-1.971433570754726006e+01 -1.900670317132470588e+00
-1.909307784663539564e+01 -1.504907097609836431e+00
-1.843786215030580422e+01 -1.036876195521113875e+00
-1.772719435925028719e+01 -4.838343210777196757e-01
-1.694542992092829081e+01 1.619644143341749942e-01
-1.608066997595072678e+01 9.051300407798653636e-01
-1.513443304425959823e+01 1.739737301214171028e+00
-1.415107448180418714e+01 2.623705709921168694e+00
-1.319142756954519413e+01 3.497830727187854816e+00
-1.228234702647201004e+01 4.331552256208730078e+00
-1.147966627188082356e+01 5.069727198840753957e+00
-1.080660512957177666e+01 5.685737205916042036e+00
-1.020841642965363683e+01 6.221497854449046017e+00
-9.674001549040720960e+00 6.679124523402136582e+00
-9.159923090968860038e+00 7.090502147522402154e+00
-8.650294507318710302e+00 7.462082022033087014e+00
-8.130536267242071347e+00 7.802577794833080560e+00
-7.605723498255633430e+00 8.105180587635221201e+00
-7.083959950980527331e+00 8.363941263371540202e+00
-6.589686428807829621e+00 8.563095180503767168e+00
-6.130285619573198730e+00 8.700141699040528920e+00
-5.702256992675136971e+00 8.776520749054972370e+00
-5.301812685935390235e+00 8.793192476159683579e+00
-4.936417370372540248e+00 8.748621491092929858e+00
-4.592827245794487645e+00 8.649179554176480877e+00
-4.272082633021067721e+00 8.493364979235858314e+00
-3.963146067782170601e+00 8.280402544756819694e+00
-3.656318907891958236e+00 8.001454963287320865e+00
-3.344902970892755345e+00 7.644785129620123243e+00
-3.034163460362518716e+00 7.205988539746688737e+00
-2.721961601701443190e+00 6.685848445748181490e+00
-2.392690406832860717e+00 6.065084589244824187e+00
-2.032880405571488414e+00 5.315734320158796322e+00
-1.644550687712119430e+00 4.438408860231578323e+00
-1.240565096455429117e+00 3.470590833984960266e+00
-8.633540231232365025e-01 2.517648092054560305e+00
-5.547364121299989126e-01 1.697138041283013710e+00
-3.334362291994594774e-01 1.074425925137279636e+00
-1.923764854908910915e-01 6.480999893093537523e-01
-1.041639812599405857e-01 3.596273851316637016e-01
-4.078770045706948955e-02 1.419167004412136002e-01
-2.963021907053572167e-05 9.776778186295152610e-05
