3.544120093170597841e+01 2.592400560383914154e+01
3.534896321503933336e+01 2.588421199510857207e+01
3.474463965608716620e+01 2.561637541039953803e+01
3.400677552657491276e+01 2.528369805542604354e+01
3.313671368766348735e+01 2.488119244387136320e+01
3.216737559056510065e+01 2.441775864554453079e+01
3.113257264983550243e+01 2.390338475783658367e+01
3.005574555803589476e+01 2.334189276247144562e+01
2.895518986575087794e+01 2.273331479519616494e+01
2.785554580351653442e+01 2.207941957459548377e+01
2.677831685851771226e+01 2.138164051641707175e+01
2.576200011338581319e+01 2.064987712049705948e+01
2.481918762490796482e+01 1.988742414201118081e+01
2.398274610265010409e+01 1.910828644542391075e+01
2.326579086098621474e+01 1.832351122988341530e+01
2.269303817160988501e+01 1.755416468546460962e+01
2.228198708974008824e+01 1.682371481091868404e+01
2.202880051157238128e+01 1.614066132334824033e+01
2.193872757822957098e+01 1.551833717365780174e+01
2.198457316753532353e+01 1.493188985827843851e+01
2.217104680205796541e+01 1.437140816550923006e+01
2.250156782521650101e+01 1.381982905400507278e+01
2.300078236930717424e+01 1.326936020000954741e+01
2.369565372582633600e+01 1.272342212635229330e+01
2.458358523770019843e+01 1.220244124445174627e+01
2.561983832271967643e+01 1.171769227052778994e+01
2.675747398532870136e+01 1.127854001584985433e+01
2.796217034211897001e+01 1.087750332854740343e+01
2.921066257603118288e+01 1.050720482785962062e+01
3.049875493176375940e+01 1.015115514814984721e+01
3.181850578240072736e+01 9.796693540110446463e+00
3.316114151663722964e+01 9.430482568366734597e+00
3.450693153942835778e+01 9.042768612573691911e+00
3.584048741887146861e+01 8.624131937601431375e+00
3.713652183644190785e+01 8.169244966285491572e+00
3.833973627324788680e+01 7.683438076405292527e+00
3.941274436738498110e+01 7.174544037580475653e+00
4.034575059042179390e+01 6.645321125756998626e+00
4.108828803016096742e+01 6.112084314003588759e+00
4.164139671524984010e+01 5.580760513457570404e+00
4.205259550655331680e+01 5.034315538150377911e+00
4.233366037080118360e+01 4.461710642885106992e+00
4.250174330079576634e+01 3.849346251794765195e+00
4.255336909303881754e+01 3.191279272142215628e+00
4.248551390479347134e+01 2.487962897063907164e+00
4.229056173462013390e+01 1.748588407396562516e+00
4.197000895738025150e+01 9.844186499186075023e-01
4.152695669923520683e+01 2.048156913965809012e-01
4.096637432234901155e+01 -5.769902557327650783e-01
4.030289198505496273e+01 -1.330305687270586734e+00
3.955622245827311900e+01 -2.048014152147326072e+00
3.874038517176666119e+01 -2.715121471835305389e+00
3.786934925782785655e+01 -3.323290011826060208e+00
3.693975342179729893e+01 -3.884853478006261351e+00
3.596985904946230050e+01 -4.375792517310173046e+00
3.495514344081495750e+01 -4.811533577038656695e+00
3.389115726417286822e+01 -5.190835852058349964e+00
3.278170398722753021e+01 -5.509931777365105532e+00
3.164052477049863299e+01 -5.762631233979520040e+00
3.047981698699529574e+01 -5.948120926520565455e+00
2.931060139232156558e+01 -6.067240666384895675e+00
2.815567263362676087e+01 -6.117624124046253442e+00
2.703491983468977722e+01 -6.101564744339569302e+00
2.595827715695617499e+01 -6.022197482361098864e+00
2.491105970625826416e+01 -5.883493072880311203e+00
2.388918683809342980e+01 -5.683073648553694568e+00
2.287588069078265818e+01 -5.419796844150282844e+00
2.185099525046372193e+01 -5.088558463355215444e+00
2.081560710512692935e+01 -4.682921963513097197e+00
1.975189839291969207e+01 -4.202309324155205417e+00
1.867563547068153085e+01 -3.647725796299222889e+00
1.760537065185816274e+01 -3.036078816694145921e+00
1.656207935495173444e+01 -2.387600874602769263e+00
1.555472022169832513e+01 -1.720026698554605105e+00
1.461049623729736879e+01 -1.061532691786031712e+00
1.372573701319610429e+01 -4.255216151012446435e-01
1.288318329633813164e+01 1.857681649401359547e-01
1.207056388972283401e+01 7.681068232592738187e-01
1.126806722688577267e+01 1.322910598919416536e+00
1.045329695334826958e+01 1.853885566962605314e+00
9.622796177079898428e+00 2.349418698419407647e+00
8.786943911900250370e+00 2.790602542868044544e+00
7.947700200858281327e+00 3.170696218677827805e+00
7.118965967990160237e+00 3.474332513342561768e+00
6.303595547266739096e+00 3.700207113813032134e+00
5.507409863229670854e+00 3.845068065822193848e+00
4.738522632155919290e+00 3.908261574808882255e+00
4.002560538210782504e+00 3.892650617760618381e+00
3.328536865000442102e+00 3.794382965089967197e+00
2.723198394026217439e+00 3.621707409460769522e+00
2.178243181450153720e+00 3.379700891043698530e+00
1.701117456979324594e+00 3.068668978925115809e+00
1.277138628874844306e+00 2.693144992581153474e+00
9.139795890340608464e-01 2.258202435247397499e+00
6.154414982723855898e-01 1.782485234281770969e+00
3.806467920374395075e-01 1.292920045550912445e+00
2.105316755117286054e-01 8.275718224070983675e-01
9.188664816401156954e-02 4.173292769710019168e-01
1.981456074728779604e-02 1.115128108231209642e-01
8.249832443919313059e-06 4.922210975799525164e-05
