3.578930380830725255e+01 4.483966817312568764e+01
3.577108433184596947e+01 4.484056929590976637e+01
3.485959764184494247e+01 4.482484292590714858e+01
3.385547099789425118e+01 4.480128739309456876e+01
3.267305740714103024e+01 4.476199969471485218e+01
3.128543160143662760e+01 4.469938808553132503e+01
2.975590395803469690e+01 4.461418410881635310e+01
2.813210157055262428e+01 4.450673614696991365e+01
2.644285993016368863e+01 4.437546782864163930e+01
2.471168388748790790e+01 4.421740724455267468e+01
2.294595251386035528e+01 4.402899748151860138e+01
2.116169661504764221e+01 4.380469824366342380e+01
1.937400753406386755e+01 4.353980711951652438e+01
1.758405764559816831e+01 4.322849775713594767e+01
1.580869355634248663e+01 4.286369609616214404e+01
1.406375152264868689e+01 4.244081091098805558e+01
1.235404160350029024e+01 4.195501974252168509e+01
1.068741190154321075e+01 4.140053763769948603e+01
9.063330830632887469e+00 4.077164258520439688e+01
7.517292875514911543e+00 4.006615570769745460e+01
6.063292601329609788e+00 3.928800405311982757e+01
4.714174975676477253e+00 3.844031364423166508e+01
3.504147095228272946e+00 3.753525328099154734e+01
2.439218785050433880e+00 3.658545548014645021e+01
1.546478632235928741e+00 3.561276590332629155e+01
8.655422889692863109e-01 3.465569169724557952e+01
3.839588648490928624e-01 3.372953403621809798e+01
9.686763828947525523e-02 3.284429944424638137e+01
-2.663624589215747920e-02 3.198329604291259542e+01
7.297975758300488322e-03 3.113781603651296592e+01
2.062884633591502981e-01 3.031275269862796407e+01
5.625971536018556929e-01 2.950317419508669303e+01
1.080934746400432633e+00 2.870795586094276430e+01
1.768232343036918452e+00 2.793043256020627041e+01
2.627234067996366385e+00 2.718307768590369733e+01
3.645659629825107828e+00 2.646280437648776385e+01
4.822345896259784936e+00 2.578041999734795908e+01
6.139783031115095824e+00 2.513715286829666695e+01
7.582457148350681742e+00 2.453477925700041240e+01
9.126717452305866729e+00 2.397694715539894261e+01
1.074592582436394572e+01 2.346148571825552764e+01
1.239463600705927782e+01 2.299554974300184185e+01
1.403522699615257530e+01 2.257604547741302525e+01
1.565168229724767457e+01 2.219362161344014694e+01
1.723323296711522801e+01 2.184006397994822635e+01
1.877183285559972603e+01 2.150696436146881396e+01
2.028218532735181157e+01 2.118089379013384388e+01
2.176833118281843937e+01 2.085160762867182882e+01
2.324012846790547826e+01 2.050852159354136361e+01
2.468753043401362390e+01 2.014456945022494594e+01
2.610973825154452399e+01 1.975273099101125496e+01
2.749530937802164132e+01 1.932789500614689260e+01
2.882228840983697182e+01 1.886872424326005770e+01
3.008569575251768669e+01 1.837374776038359769e+01
3.127069178412771677e+01 1.784274851133652717e+01
3.237446960770535043e+01 1.727614647778506907e+01
3.336185720072761995e+01 1.668289371147809774e+01
3.421971636449325160e+01 1.607277726685665087e+01
3.494664548485506828e+01 1.545057216349404072e+01
3.552929529762739946e+01 1.482569756885343359e+01
3.597084819629379382e+01 1.420452213110784712e+01
3.628669947093297310e+01 1.358411051670263703e+01
3.648389452997996329e+01 1.296323334688978868e+01
3.656646237848849523e+01 1.234162202562923305e+01
3.654090512733358054e+01 1.171209360645658926e+01
3.641151499730217012e+01 1.106264530690981829e+01
3.616388561271717350e+01 1.039214478515453344e+01
3.579051720253893620e+01 9.713132932697222444e+00
3.529640117691525347e+01 9.037754507905393808e+00
3.468554136693435908e+01 8.370641280448939625e+00
3.395702989359705271e+01 7.722473171709130391e+00
3.311702571206483015e+01 7.099599469268204288e+00
3.216911595077589681e+01 6.502028076598684869e+00
3.111720398808962784e+01 5.936297041544288611e+00
2.996909706482938063e+01 5.402226582016181666e+00
2.873552834248523524e+01 4.904433577518062748e+00
2.743681032756007099e+01 4.448295918180333430e+00
2.609245798821127593e+01 4.034413484941718586e+00
2.470382081363327487e+01 3.653962750695541217e+00
2.329659426535004130e+01 3.313453807762140713e+00
2.188394601290348618e+01 3.008715904584535306e+00
2.046277614683951285e+01 2.733201879596049544e+00
1.904030861756262638e+01 2.485120177672650144e+00
1.761728573767235062e+01 2.259677882917362712e+00
1.617944685574712693e+01 2.049496887243082099e+00
1.473201419177780913e+01 1.852420832133899076e+00
1.327810209986435908e+01 1.664274136046250518e+00
1.185402019517793804e+01 1.487205119469888537e+00
1.045538842865429530e+01 1.317298714674743909e+00
9.082175868383426831e+00 1.152753442269680573e+00
7.745050760060870232e+00 9.936057245694277507e-01
6.450446056964161734e+00 8.393460480668664125e-01
5.195238744014569754e+00 6.883854739157440061e-01
4.007976953134600784e+00 5.429540822030674008e-01
2.919732319038940815e+00 4.059350824037434857e-01
1.961562297051522075e+00 2.809332203270900052e-01
1.162457977026946088e+00 1.720379062901721823e-01
5.326174714677376354e-01 8.193158002423382713e-02
7.071130075550510763e-02 1.263191032136445208e-02
4.651830576611304900e-05 7.972232269847189375e-06
