-4.829717096155479084e+01 -1.889507227635077280e+00
-4.826357924986603365e+01 -1.884316888529264045e+00
-4.813726505381307419e+01 -1.863267464903521464e+00
-4.796095702352067036e+01 -1.830195439575452276e+00
-4.726724500335220114e+01 -1.666739332322845657e+00
-4.558917356810285071e+01 -1.251707823738885450e+00
-4.455242821723508229e+01 -9.943715320760825316e-01
-4.387880504053430997e+01 -8.247023422996758724e-01
-4.340243766497842870e+01 -6.994931849287271408e-01
-4.299574799943829362e+01 -5.832228421637202231e-01
-4.259740722679931935e+01 -4.558950081658540987e-01
-4.217954552388030010e+01 -3.046256892918871584e-01
-4.172365451193846297e+01 -1.180369338118319872e-01
-4.121751191922322022e+01 1.140058363328923935e-01
-4.067419420084832637e+01 3.903655442268348930e-01
-4.013110987099238258e+01 6.947126620856310941e-01
-3.960449518359264687e+01 1.017503723903259827e+00
-3.912998447272421743e+01 1.338009956478867890e+00
-3.870088287804444604e+01 1.657697231652566439e+00
-3.829737793280765601e+01 1.986783768863224608e+00
-3.790422428548607314e+01 2.335138336644930757e+00
-3.749372187978564597e+01 2.722667326223718209e+00
-3.705519442393192264e+01 3.157922769536651408e+00
-3.657507527464922958e+01 3.651477674267577633e+00
-3.608044608425618804e+01 4.175644763141684201e+00
-3.559058416448235107e+01 4.705743296785811935e+00
-3.514431809804498386e+01 5.197750956983130166e+00
-3.475344471425189141e+01 5.634441253367484137e+00
-3.439682631209068830e+01 6.033726537818832725e+00
-3.405425309409831414e+01 6.413703369316328562e+00
-3.369830976625516428e+01 6.799029523921907625e+00
-3.331230405727178834e+01 7.201531926707038345e+00
-3.289986005840327721e+01 7.611378110939126529e+00
-3.244352284221008631e+01 8.040367212324643020e+00
-3.194919518092029165e+01 8.475049432551527318e+00
-3.141893743479426249e+01 8.909715341537147282e+00
-3.086242652470664538e+01 9.333546650494016106e+00
-3.031320766813320589e+01 9.719239814410727263e+00
-2.977755106809134844e+01 1.006346633725299178e+01
-2.926098120862313223e+01 1.036242927393849911e+01
-2.874748124010170613e+01 1.062612451666711344e+01
-2.824635717599440454e+01 1.084812502111962829e+01
-2.774651176801696550e+01 1.103471884310793172e+01
-2.724511965774544819e+01 1.118664062604757525e+01
-2.673330303888001680e+01 1.130781398471598287e+01
-2.622026635147141960e+01 1.139603522199166363e+01
-2.570222258473068067e+01 1.145374618349848106e+01
-2.519186024594692341e+01 1.147868800038570569e+01
-2.468090623367966785e+01 1.147254855941662832e+01
-2.417530376066391895e+01 1.143448116067695786e+01
-2.366727673616549765e+01 1.136470216621729890e+01
-2.315999272420800281e+01 1.126285200499141936e+01
-2.265396438537784007e+01 1.112910296394991150e+01
-2.216628532944257657e+01 1.096710429194365766e+01
-2.169855305553657843e+01 1.077874236604489866e+01
-2.126851898134724550e+01 1.057000132579107721e+01
-2.085761451126085930e+01 1.033482681855195651e+01
-2.044921079099381700e+01 1.006347295174468748e+01
-2.003978843964756607e+01 9.750710601226259655e+00
-1.960079963749863197e+01 9.374979558422095849e+00
-1.910422907892625943e+01 8.909462571465896374e+00
-1.855740949599550760e+01 8.356448340992665536e+00
-1.798816536909756891e+01 7.744999485453980981e+00
-1.743672398973434667e+01 7.122108069128605834e+00
-1.697742498858819005e+01 6.575439194896667061e+00
-1.665630996399803365e+01 6.167735387428352922e+00
-1.643679130440534308e+01 5.867526227432389163e+00
-1.626671351586244540e+01 5.622460957321187891e+00
-1.609994459299061020e+01 5.384343944657286052e+00
-1.590743175259613018e+01 5.127197323221326819e+00
-1.565813600299914121e+01 4.825583754609280795e+00
-1.532559217306747890e+01 4.465185904889051649e+00
-1.491825746494099469e+01 4.068875620832638873e+00
-1.445282577635901511e+01 3.657362485671225905e+00
-1.395760534675282472e+01 3.261120329495854175e+00
-1.346694596872625560e+01 2.910236538504791248e+00
-1.298295025687754034e+01 2.604529208803093354e+00
-1.248577931246249584e+01 2.327765369882680346e+00
-1.199047241318672441e+01 2.088802252628217726e+00
-1.149377689651715428e+01 1.881547505126082154e+00
-1.098854637959783176e+01 1.701186186742965400e+00
-1.043418434766043568e+01 1.530535070460194547e+00
-9.791753481083636856e+00 1.359321262830182730e+00
-9.026831599374789405e+00 1.180313366714002443e+00
-8.109242202270223743e+00 9.872883031590196090e-01
-7.094585625427325404e+00 7.939052703610450790e-01
-6.090092443342522976e+00 6.192847189547985298e-01
-5.152589449540511346e+00 4.702216452526270518e-01
-4.419283301756235183e+00 3.669247287785473155e-01
-3.846802480529871282e+00 2.972747736958968878e-01
-3.382972990519412360e+00 2.499160412165011280e-01
-2.993975638123746563e+00 2.172832760485396142e-01
-2.617499433908989648e+00 1.895856838692523139e-01
-2.223360957938480098e+00 1.626672233387591870e-01
-1.782167899605108463e+00 1.333571439782105517e-01
-1.305480349260557116e+00 1.016192321665776721e-01
-8.397317935118356891e-01 6.960640843029607117e-02
-4.646831202335246491e-01 4.185442230214334036e-02
-2.070213437265311651e-01 1.970561596697168599e-02
-1.355987347555645355e-04 1.329861998104206068e-05
