-4.554091358812601698e+01 2.353261320346682783e+00
-4.553833340644052186e+01 2.335656888491996153e+00
-4.509868749120005305e+01 -6.347147266320106729e-01
-4.506224578321344154e+01 -9.867479326897176106e-01
-4.502842286519112491e+01 -1.382686627087794884e+00
-4.498747159692171493e+01 -1.897789497832575112e+00
-4.492483174189028006e+01 -2.631208299352744362e+00
-4.482000232064609690e+01 -3.723369031855647826e+00
-4.464782667617086531e+01 -5.332261491074260285e+00
-4.440950603767548444e+01 -7.371168980283382410e+00
-4.415070455110551961e+01 -9.409491516554048474e+00
-4.390957292489127184e+01 -1.113934779674773523e+01
-4.369097078868806250e+01 -1.253859903868018222e+01
-4.348871519322200641e+01 -1.365557893167721737e+01
-4.328296298615003934e+01 -1.460372460082284007e+01
-4.304768990945104434e+01 -1.550101925996549568e+01
-4.275692472740431782e+01 -1.642171698507141997e+01
-4.239958593710750989e+01 -1.735518252958929253e+01
-4.201224286495774152e+01 -1.815509100045510138e+01
-4.164750804953020946e+01 -1.870052328226971738e+01
-4.127711380975818400e+01 -1.906228722200753367e+01
-4.085286527594984562e+01 -1.931315033907953804e+01
-4.034308433683795414e+01 -1.947331232289928948e+01
-3.971551500942540258e+01 -1.956906288934167648e+01
-3.932608003767171567e+01 -1.951287409956524854e+01
-3.889260300453951658e+01 -1.936751511995625208e+01
-3.839163106839087902e+01 -1.907501890964610780e+01
-3.781548324807445027e+01 -1.861119235246946957e+01
-3.717331537822501275e+01 -1.796536315787465554e+01
-3.641116149325100082e+01 -1.709313574204033870e+01
-3.545547876360860329e+01 -1.588827579099411480e+01
-3.425187156575142211e+01 -1.426906685086533777e+01
-3.290305191820365138e+01 -1.237065661773367964e+01
-3.177903364282797938e+01 -1.072685202221678402e+01
-3.097205559842598532e+01 -9.510925012784653632e+00
-3.033772281951064897e+01 -8.545594390458129297e+00
-2.977022521086193052e+01 -7.703999614317665667e+00
-2.919643914139155427e+01 -6.903887907833113680e+00
-2.857964158996913895e+01 -6.114455577365168537e+00
-2.791210554303435742e+01 -5.344189673995463075e+00
-2.720116980089370884e+01 -4.611464011830575416e+00
-2.667811649479048342e+01 -4.174025568345795634e+00
-2.632312305013279996e+01 -3.990005412893945724e+00
-2.604530262751591252e+01 -3.974267386443455674e+00
-2.573111608601263356e+01 -4.057556544006564181e+00
-2.533472208583900809e+01 -4.317386267566437397e+00
-2.485496275825244084e+01 -4.781819773766670778e+00
-2.435009492517016128e+01 -5.373688853774142515e+00
-2.397901044923674618e+01 -5.875925969202211441e+00
-2.365110597753740151e+01 -6.384789357118582309e+00
-2.331834997382922481e+01 -6.983304608592818319e+00
-2.296071479664352211e+01 -7.711559747810357912e+00
-2.257058265966380972e+01 -8.573901636902071743e+00
-2.214189373793825766e+01 -9.559496690543182851e+00
-2.170123655436620069e+01 -1.058665211246314186e+01
-2.125818776905111918e+01 -1.161104550192717433e+01
-2.081601211797415019e+01 -1.262217878117005121e+01
-2.039835327891311678e+01 -1.356007290453836056e+01
-1.999312337964099839e+01 -1.443877978901026182e+01
-1.961090459062092961e+01 -1.521978307888007720e+01
-1.921869600251542209e+01 -1.595412881917802039e+01
-1.878366560596363755e+01 -1.668258703480980643e+01
-1.830081025618539670e+01 -1.738747033044632317e+01
-1.776517733765876983e+01 -1.805952109704037056e+01
-1.718876363310818789e+01 -1.866765457980026000e+01
-1.658155091721707208e+01 -1.919542448042179927e+01
-1.594021953064093999e+01 -1.964393562864274756e+01
-1.527133790770498578e+01 -2.000644118073209654e+01
-1.459374188677850270e+01 -2.027347312146514113e+01
-1.391531009540075026e+01 -2.044546305190088731e+01
-1.324622907761605362e+01 -2.051988903986645951e+01
-1.257094742552205702e+01 -2.050138864241710124e+01
-1.191037990128711499e+01 -2.038203599772850083e+01
-1.124252662848594397e+01 -2.016078767455772436e+01
-1.056875775096548686e+01 -1.982664695335996186e+01
-9.882274409397529880e+00 -1.937091900525797428e+01
-9.152123059866200450e+00 -1.877142273558898466e+01
-8.369904473154273106e+00 -1.800956040212993514e+01
-7.502835303989556337e+00 -1.705787942455741302e+01
-6.589657760236147688e+00 -1.595070137557631185e+01
-5.696334754919046617e+00 -1.477969840609957508e+01
-4.927434025908268289e+00 -1.369591456632917748e+01
-4.399710731263968277e+00 -1.288141081368672758e+01
-4.045810424941447714e+00 -1.227333432401485780e+01
-3.805328504963758629e+00 -1.180244617807577079e+01
-3.609940467930329522e+00 -1.137205508092139361e+01
-3.425214753260743095e+00 -1.092379370265485150e+01
-3.227303587364414472e+00 -1.040259210007205226e+01
-2.986744006935151408e+00 -9.721620551108895114e+00
-2.650048571290942068e+00 -8.717266561120579738e+00
-2.153250360237779937e+00 -7.172386078964769318e+00
-1.555252711055648440e+00 -5.269589670666404935e+00
-1.010244744630720559e+00 -3.501894405210243200e+00
-5.840337968257965917e-01 -2.094493053460576348e+00
-3.348104579309315043e-01 -1.247379217913884508e+00
-1.895959032152962631e-01 -7.332394069652908852e-01
-1.049704353378997923e-01 -4.179325720049422710e-01
-5.318961207096850607e-02 -2.149428340318022546e-01
-1.112432281556174039e-02 -4.547425295475902851e-02
-1.605515709451195395e-05 -6.906418125393708597e-05
