-4.014114570487476641e+01 4.241340317502179147e+01
-4.001708740287613608e+01 4.241359855872050133e+01
-3.870584332007053519e+01 4.241848590776403682e+01
-3.718807698886651281e+01 4.242470600231924038e+01
-3.564996599219802675e+01 4.243189598616690006e+01
-3.417840474183683597e+01 4.243664382769281218e+01
-3.272180885483984980e+01 4.243326592700780253e+01
-3.127408897033296853e+01 4.241980816984165870e+01
-2.982393483409500945e+01 4.239502862731968946e+01
-2.833553523589287337e+01 4.235775137670510304e+01
-2.676464244032172601e+01 4.230569457237602649e+01
-2.508449680558290495e+01 4.223541906845750304e+01
-2.328739668531705220e+01 4.214366932569387814e+01
-2.138810887928998383e+01 4.202824120510150863e+01
-1.943593586053020772e+01 4.188881105046940689e+01
-1.747811911440101795e+01 4.172578427490239505e+01
-1.564639562996546651e+01 4.154483720359262122e+01
-1.394417076679673073e+01 4.134697704326423207e+01
-1.241279475677534982e+01 4.113235540798789458e+01
-1.100563669656220256e+01 4.089523306814206194e+01
-9.731480996418778062e+00 4.063196460643211338e+01
-8.581136112974370178e+00 4.033847747827540076e+01
-7.503473716334510435e+00 4.000641165202679872e+01
-7.101925626533314606e+00 3.975623955052491709e+01
-6.774613590484806380e+00 3.948457221300331810e+01
-6.694352083601475378e+00 3.923278139612816062e+01
-6.666042467031465968e+00 3.895292648332809193e+01
-6.719572391874506501e+00 3.860793617959664914e+01
-6.896777022999393658e+00 3.814855901105325131e+01
-7.308959413950494088e+00 3.748202531305819463e+01
-7.943128569731971567e+00 3.664179694946115262e+01
-8.737219404745298235e+00 3.570346097139596964e+01
-9.627296348470189002e+00 3.473376245118809891e+01
-1.057956720904883952e+01 3.375852690563496594e+01
-1.157690101122958914e+01 3.278984336207559380e+01
-1.261670528101253730e+01 3.182298766385347122e+01
-1.371297365646069544e+01 3.083713766039547366e+01
-1.487028746799635570e+01 2.982370778026173141e+01
-1.608741113099579678e+01 2.877849576755212624e+01
-1.733374225788834266e+01 2.772438664301126110e+01
-1.859512525148043238e+01 2.666723365306763327e+01
-1.984954358718274037e+01 2.561991929088546982e+01
-2.107495619450199342e+01 2.459591114196079076e+01
-2.228430266084253830e+01 2.357835514549416089e+01
-2.347540185806543889e+01 2.256352453398665503e+01
-2.467334803124652254e+01 2.152479385176279081e+01
-2.586890753953975164e+01 2.046447054861701176e+01
-2.706255597953165903e+01 1.937953151145626762e+01
-2.824048328056974455e+01 1.827912591840338408e+01
-2.936441225739513072e+01 1.719489115017067249e+01
-3.043621977759399755e+01 1.612429204289152906e+01
-3.141312574561810678e+01 1.510418788990143213e+01
-3.229394681166656511e+01 1.413539873058338259e+01
-3.307938433354980390e+01 1.321410045773186503e+01
-3.378232725462261499e+01 1.232327450325960427e+01
-3.441378436957616316e+01 1.144385987978018093e+01
-3.497508043454350712e+01 1.056587353631822879e+01
-3.545037351599481212e+01 9.699962310785863906e+00
-3.585234396367067689e+01 8.830705904683476604e+00
-3.614596078064447937e+01 8.003341721859650093e+00
-3.632361098626466855e+01 7.249907143083788696e+00
-3.637280262256083319e+01 6.605667992741643957e+00
-3.631951437099021263e+01 6.024381399478412114e+00
-3.616815758368673528e+01 5.473998366384845937e+00
-3.591677513378544973e+01 4.929766001398564690e+00
-3.555276780980892681e+01 4.398976315497509226e+00
-3.507982241963821934e+01 3.880806393270894716e+00
-3.449413067980796654e+01 3.374480521009013412e+00
-3.379500799213036544e+01 2.881558961742994196e+00
-3.299155215519816409e+01 2.409001233075666715e+00
-3.211171059541328532e+01 1.975170418548251705e+00
-3.118552125999490698e+01 1.590118653183938635e+00
-3.022131087487564471e+01 1.251498825590265485e+00
-2.921388089309757063e+01 9.538874010026368033e-01
-2.816047660413786247e+01 6.949772436047295665e-01
-2.706196279416204220e+01 4.731161457947589688e-01
-2.593117684515433297e+01 2.894620699864345337e-01
-2.475788017164154198e+01 1.358713165966844438e-01
-2.354606403230745926e+01 1.166280052808678185e-02
-2.230065825522643408e+01 -8.548445330879315962e-02
-2.101337211367858160e+01 -1.598013950862102461e-01
-1.967838008440365272e+01 -2.140484788433845154e-01
-1.830489089694856375e+01 -2.493656650960597576e-01
-1.689874671156033159e+01 -2.681510541183056429e-01
-1.543417345205259750e+01 -2.741030321335058972e-01
-1.389339010896013171e+01 -2.688536205405124835e-01
-1.227530058380114930e+01 -2.538701732478058082e-01
-1.062357039568963124e+01 -2.304872407042102278e-01
-9.002806385325696326e+00 -2.013299952677150007e-01
-7.518514731889716529e+00 -1.698573020482887774e-01
-6.267605145608938777e+00 -1.399293819240783887e-01
-5.253446024581881701e+00 -1.137550911294474137e-01
-4.400384224934659194e+00 -9.149566653733844090e-02
-3.658986606837453248e+00 -7.300217410579704080e-02
-2.979373725335694445e+00 -5.721698411928990285e-02
-2.320020521639613698e+00 -4.309540144478704593e-02
-1.661534763227508371e+00 -3.004807552687377425e-02
-1.006625644973842437e+00 -1.789944436688045010e-02
-3.997295402196178182e-01 -7.023908678521371615e-03
-7.086231114183297439e-05 -1.229888855052252178e-06
