-4.379249743892486890e+01 -3.103448275362101771e+00
-7.226008184638740772e+01 -3.070000565951862548e+00
-9.059048555232043043e+01 -3.036552856541602452e+00
-1.022241689013015389e+02 -3.003105147131302388e+00
-1.094340373494458305e+02 -2.969657437720940152e+00
-1.137215623006359380e+02 -2.936209728310491762e+00
-1.160786088862353154e+02 -2.902762018899923913e+00
-1.171603982593857296e+02 -2.869314309489189085e+00
-1.173997658165572915e+02 -2.835866600078217115e+00
-1.170826397815389157e+02 -2.802418890666900086e+00
-1.163979021172099948e+02 -2.768971181255074132e+00
-1.154703264914556655e+02 -2.735523471842489229e+00
-1.143823369949913484e+02 -2.702075762428765682e+00
-1.131883818766665399e+02 -2.668628053013324841e+00
-1.119244287767172779e+02 -2.635180343595290964e+00
-1.106142372329619690e+02 -2.601732634173334446e+00
-1.092735022617115277e+02 -2.568284924745440900e+00
-1.079125915770627842e+02 -2.534837215308558100e+00
-1.065383537730252925e+02 -2.501389505858062190e+00
-1.051553127882118019e+02 -2.467941796386951658e+00
-1.037664569526463652e+02 -2.434494086884618547e+00
-1.023737602187915599e+02 -2.401046377335000148e+00
-1.009785264762190451e+02 -2.367598667713770588e+00
-9.958161699761140540e+01 -2.334150957984088670e+00
-9.818360068318852996e+01 -2.300703248090167463e+00
-9.678485330728965153e+01 -2.267255537947525212e+00
-9.538562307701008081e+01 -2.233807827428235360e+00
-9.398607393758621242e+01 -2.200360116338585303e+00
-9.258631417812497943e+01 -2.166912404385255009e+00
-9.118641532748296186e+01 -2.133464691124102419e+00
-8.978642463652920469e+01 -2.100016975882631254e+00
-8.838637332433135896e+01 -2.066569257642600022e+00
-8.698628202689663169e+01 -2.033121534862289970e+00
-8.558616439911058649e+01 -1.999673805207431432e+00
-8.418602949834351534e+01 -1.966226065143830581e+00
-8.278588336564553174e+01 -1.932778309320635879e+00
-8.138573008045507606e+01 -1.899330529636650056e+00
-7.998557247288474059e+01 -1.865882713826821693e+00
-7.858541261789709154e+01 -1.832434843322347184e+00
-7.718525219762202028e+01 -1.798986890011140316e+00
-7.578509279505320251e+01 -1.765538811333636104e+00
-7.438493617038068351e+01 -1.732090542858579774e+00
-7.298478456817974802e+01 -1.698641987043984392e+00
-7.158464110904988331e+01 -1.665192996223160860e+00
-7.018451033402038775e+01 -1.631743346848656628e+00
-6.878439899667687030e+01 -1.598292700502455643e+00
-6.738431724115915245e+01 -1.564840544873071781e+00
-6.598428037147033365e+01 -1.531386104406791571e+00
-6.458431152064956393e+01 -1.497928205052144746e+00
-6.318444568527996097e+01 -1.464465069511566631e+00
-6.178473582889013471e+01 -1.430994007296268578e+00
-6.038526211857930548e+01 -1.397510945536439841e+00
-5.898614590556369564e+01 -1.364009718730302190e+00
-5.758757088757913323e+01 -1.330480993579919335e+00
-5.618981514343713712e+01 -1.296910641428811406e+00
-5.479329962590495029e+01 -1.263277274489837065e+00
-5.339866156907235251e+01 -1.229548516233690325e+00
-5.200686561095626104e+01 -1.195675355570132492e+00
-5.061937200890554323e+01 -1.161583600302084740e+00
-4.923839128129806397e+01 -1.127160939495167380e+00
-4.786726968023527462e+01 -1.092237358670689717e+00
-4.651107271463402526e+01 -1.056555492564377863e+00
-4.517746847982405711e+01 -1.019725745453934129e+00
-4.387806428068376619e+01 -9.811583575156677117e-01
-4.261384880017572385e+01 -9.402565715316448802e-01
-4.135166574132244222e+01 -8.984236151816852312e-01
-4.008521122339708143e+01 -8.562264451627230599e-01
-3.881433436507156642e+01 -8.138696799094211620e-01
-3.754018955480383823e+01 -7.714944873782222379e-01
-3.626725547961436291e+01 -7.290590276517117108e-01
-3.499833065916992325e+01 -6.866223196504139814e-01
-3.373691598396081304e+01 -6.441011247148383800e-01
-3.248164787206017223e+01 -6.017501458107099577e-01
-3.122761178376602942e+01 -5.602040248859895266e-01
-2.996763286276538096e+01 -5.202524340489405041e-01
-2.870066129307253888e+01 -4.822073249928635619e-01
-2.742867563935941178e+01 -4.460968213877747335e-01
-2.615666260556076850e+01 -4.118626195025957282e-01
-2.488959908098168228e+01 -3.795327138665774980e-01
-2.362944554325699542e+01 -3.491911741533669788e-01
-2.237516096132835486e+01 -3.208467407135225380e-01
-2.112691386414950045e+01 -2.944336351728130685e-01
-1.988819113120321092e+01 -2.699021662525795118e-01
-1.866214482949690634e+01 -2.472074033743863475e-01
-1.744479717262887064e+01 -2.259951842992500015e-01
-1.622289664332382486e+01 -2.053235888252865349e-01
-1.499062786871719410e+01 -1.846379192969629934e-01
-1.375010128510286300e+01 -1.638386304569185714e-01
-1.250835511937313704e+01 -1.431480397182290087e-01
-1.127014565631148457e+01 -1.227255033666925926e-01
-1.004086019040541267e+01 -1.030238221680670196e-01
-8.825513186830594492e+00 -8.443867518537025163e-02
-7.629528687400376263e+00 -6.729993089663106887e-02
-6.449774049688467237e+00 -5.141144667713874045e-02
-5.289087179819698115e+00 -3.700507328517771422e-02
-4.159087091328321328e+00 -2.471414978730914619e-02
-3.072795023228731992e+00 -1.531714074114994342e-02
-2.039122607868827597e+00 -8.970720714875552587e-03
-1.040169630550291213e+00 -4.472755493243834798e-03
-5.383367596935131757e-06 -3.731261282075550376e-08
