-1.090904713666104975e+01 -2.020227366379039768e+00
-1.791002743940936881e+01 -1.998591444951943075e+00
-2.236808230136112030e+01 -1.976522887559805541e+00
-2.516206176116896742e+01 -1.953586203813229671e+00
-2.685673375440231325e+01 -1.929246957994084966e+00
-2.781478072009648628e+01 -1.902750242575493411e+00
-2.826572354247322139e+01 -1.872961578107396718e+00
-2.834760151583019194e+01 -1.838170300929344858e+00
-2.829289193442269834e+01 -1.808498066438249952e+00
-2.814760939316813193e+01 -1.782065390317288500e+00
-2.794282750626462786e+01 -1.757751391029735988e+00
-2.769900563439974306e+01 -1.734831672242702849e+00
-2.742962145846227884e+01 -1.712834287070560180e+00
-2.714335444689267263e+01 -1.691436460967762123e+00
-2.684601873427686058e+01 -1.670433840037134132e+00
-2.654152309010572353e+01 -1.649699528850158803e+00
-2.623241129109388226e+01 -1.629146895949104223e+00
-2.592017519229966993e+01 -1.608709880048092788e+00
-2.560578197268393197e+01 -1.588341588334035048e+00
-2.528997451229936289e+01 -1.568020252972482265e+00
-2.497332745614371419e+01 -1.547735870409312264e+00
-2.465629063957129929e+01 -1.527489060193054637e+00
-2.433907468536204632e+01 -1.507271238456275642e+00
-2.402171683440541372e+01 -1.487073443619045143e+00
-2.370413759822308819e+01 -1.466878724423205327e+00
-2.338642049479486573e+01 -1.446688559423010334e+00
-2.306842103723875326e+01 -1.426485929678302123e+00
-2.275014642052832770e+01 -1.406270234110700734e+00
-2.243172842365378372e+01 -1.386047861895132405e+00
-2.211329937598949513e+01 -1.365829524614293300e+00
-2.179496311906024530e+01 -1.345620825062624037e+00
-2.147682142532629967e+01 -1.325430755050513554e+00
-2.115877398624872185e+01 -1.305248887183729112e+00
-2.084081329408142125e+01 -1.285077201878053854e+00
-2.052286912083382830e+01 -1.264907677233561234e+00
-2.020495091971053370e+01 -1.244743886018848444e+00
-1.988699507706864011e+01 -1.224577864620794765e+00
-1.956900847190405202e+01 -1.204413049478920916e+00
-1.925091523174175379e+01 -1.184240026453039718e+00
-1.893269769273148739e+01 -1.164060240577748262e+00
-1.861423921489957323e+01 -1.143860221143045086e+00
-1.829566513964903507e+01 -1.123653223967723491e+00
-1.797705408056226517e+01 -1.103443562433462422e+00
-1.765850408715325059e+01 -1.083242568870396161e+00
-1.734009803292801521e+01 -1.063055182366885898e+00
-1.702197058132490781e+01 -1.042896514749523718e+00
-1.670413466782287415e+01 -1.022763323865026219e+00
-1.638662565790456682e+01 -1.002662014732428331e+00
-1.606933624651913561e+01 -9.825790231392804719e-01
-1.575229402001294154e+01 -9.625210851081420493e-01
-1.543548310532909618e+01 -9.424820415217538550e-01
-1.511889425274526921e+01 -9.224667944520048568e-01
-1.480245738965641777e+01 -9.024645252287437636e-01
-1.448623955556101706e+01 -8.824862889303345392e-01
-1.417024446266602489e+01 -8.625273118654547266e-01
-1.385435845355849160e+01 -8.425736596384257870e-01
-1.353861198748310812e+01 -8.226348310783936357e-01
-1.322276408744435194e+01 -8.026872910270828054e-01
-1.290673494645438701e+01 -7.827200432650880391e-01
-1.259037234097066538e+01 -7.627286700901476646e-01
-1.227332976269797804e+01 -7.426804071775803262e-01
-1.195561023899483821e+01 -7.225707148064527408e-01
-1.163744188275705227e+01 -7.024197489301106101e-01
-1.131897228304673142e+01 -6.822401303426431918e-01
-1.100032312439120830e+01 -6.620478162354286322e-01
-1.068155578106107129e+01 -6.418476457727975149e-01
-1.036271046735320489e+01 -6.216427579395581438e-01
-1.004381334422967420e+01 -6.014350090365160328e-01
-9.724881119183500289e+00 -5.812253098452477840e-01
-9.405923963049330538e+00 -5.610138229193766257e-01
-9.086947332669010891e+00 -5.408001285526112811e-01
-8.767981722710301185e+00 -5.205931386649236270e-01
-8.449030741673714928e+00 -5.003929889094735906e-01
-8.130100320470615927e+00 -4.802007746184319692e-01
-7.811199656873835551e+00 -4.600186947709909435e-01
-7.492301520665126446e+00 -4.398361239125044286e-01
-7.173419772453271115e+00 -4.196568359827409500e-01
-6.854570559251097706e+00 -3.994852304293381451e-01
-6.535775160159086106e+00 -3.793271198378162512e-01
-6.217020292318859553e+00 -3.591765057138308626e-01
-5.898342494113044232e+00 -3.390432487032724040e-01
-5.579746470042800333e+00 -3.189267969082161258e-01
-5.261249517843865853e+00 -2.988306082931687091e-01
-4.942884725568283955e+00 -2.787627462687709556e-01
-4.624646071489817878e+00 -2.587210196062438849e-01
-4.306546497042316624e+00 -2.387090226434422369e-01
-3.988620275563717232e+00 -2.187365090752867169e-01
-3.670930257067619440e+00 -1.988210074216158751e-01
-3.353500476804954999e+00 -1.789714574162435956e-01
-3.036400073916392994e+00 -1.592082343445216097e-01
-2.719756606068382432e+00 -1.395674419219003204e-01
-2.403779197249182431e+00 -1.201070740111160468e-01
-2.088796165265532689e+00 -1.009177231924944240e-01
-1.775218876828197567e+00 -8.211838206721509825e-02
-1.463804602822219358e+00 -6.392129273747959584e-02
-1.155602246944023470e+00 -4.662872746027104526e-02
-8.522348622858368916e-01 -3.070957638173081247e-02
-5.559544062519174989e-01 -1.684292583868273602e-02
-2.702820209394886097e-01 -6.088436101690831992e-03
-1.288462524416760997e-06 -4.358324112352509900e-08
