2.818145675601496425e+00 3.030429454812057699e+01
4.790595807353913216e+00 2.998949133262303235e+01
6.157925424628573730e+00 2.967468811712531362e+01
7.096373975396364386e+00 2.935988490162725384e+01
7.730915481702258063e+00 2.904508168612873931e+01
8.150108048024248930e+00 2.873027847062969897e+01
8.416704833057673696e+00 2.841547525513007955e+01
8.575173197724062391e+00 2.810067203962988813e+01
8.657022921257974346e+00 2.778586882412913894e+01
8.684581876263179012e+00 2.747106560862787816e+01
8.673671540180009742e+00 2.715626239312614487e+01
8.635502907668044514e+00 2.684145917762399591e+01
8.578019962992785352e+00 2.652665596212149524e+01
8.506851682410268012e+00 2.621185274661870324e+01
8.425986633481640453e+00 2.589704953111567320e+01
8.338251001673141261e+00 2.558224631561246554e+01
8.245647322387984701e+00 2.526744310010914063e+01
8.149594506928435678e+00 2.495263988460575533e+01
8.051097924208599821e+00 2.463783666910237358e+01
7.950869919377915984e+00 2.432303345359908064e+01
7.849415211787053259e+00 2.400823023809597245e+01
7.747091406413538550e+00 2.369342702259317335e+01
7.644151870764291701e+00 2.337862380709085031e+01
7.540776116098038884e+00 2.306382059158922360e+01
7.437091324378179102e+00 2.274901737608859875e+01
7.333187601263374766e+00 2.243421416058941276e+01
7.229128783532265068e+00 2.211941094509225536e+01
7.124960096527937381e+00 2.180460772959797211e+01
7.020713579655269321e+00 2.148980451410772474e+01
6.916411930430362176e+00 2.117500129862316882e+01
6.812071228007781976e+00 2.086019808314660295e+01
6.707702862781389719e+00 2.054539486768127432e+01
6.603314903470497654e+00 2.023059165223173395e+01
6.498913065657716537e+00 1.991578843680438737e+01
6.394501397955099975e+00 1.960098522140822652e+01
6.290082768113144596e+00 1.928618200605589195e+01
6.185659207394077264e+00 1.897137879076515787e+01
6.081232154530699319e+00 1.865657557556099277e+01
5.976802628546775686e+00 1.834177236047852233e+01
5.872371351180658117e+00 1.802696914556711860e+01
5.767938833607114901e+00 1.771216593089621583e+01
5.663505437868312065e+00 1.739736271656347455e+01
5.559071420389711804e+00 1.708255950270624623e+01
5.454636962806415745e+00 1.676775628951776298e+01
5.350202193802182649e+00 1.645295307726987843e+01
5.245767204584382171e+00 1.613814986634513815e+01
5.141332059853970904e+00 1.582334665728189371e+01
5.036896805588544801e+00 1.550854345083787855e+01
4.932461474573758053e+00 1.519374024807975587e+01
4.828026090347885990e+00 1.487893705050929505e+01
4.723590670033624761e+00 1.456413386024113699e+01
4.619155226397476000e+00 1.424933068025337057e+01
4.514719769384186066e+00 1.393452751474066531e+01
4.410284307310554652e+00 1.361972436961214683e+01
4.305848847861874162e+00 1.330492125319332608e+01
4.201413399010419880e+00 1.299011817721591555e+01
4.096977969965892363e+00 1.267531515821375798e+01
3.992542572271332801e+00 1.236051221949173318e+01
3.888107221175259642e+00 1.204570939390321449e+01
3.783671937443647604e+00 1.173090672776847576e+01
3.679236749827768271e+00 1.141610428640342434e+01
3.574801698482204415e+00 1.110130216192109032e+01
3.470366839740804732e+00 1.078650048424124286e+01
3.365932252820622139e+00 1.047169943662851033e+01
3.261498049254388132e+00 1.015689927762317168e+01
3.157064386178466631e+00 9.842100371996380659e+00
3.052631485064609240e+00 9.527303234445103186e+00
2.948199658135542300e+00 9.212508591271564740e+00
2.843769345624583611e+00 8.897717467450442896e+00
2.739341168338480070e+00 8.582931309533032405e+00
2.634916001816173914e+00 8.268152159135002677e+00
2.530495080964146659e+00 7.953382897816127617e+00
2.426080147701422440e+00 7.638627592709144487e+00
2.321673659301952242e+00 7.323891984307239866e+00
2.217279102338217456e+00 7.009184180737067393e+00
2.112898186561223746e+00 6.694506938884067004e+00
2.008534127658044621e+00 6.379866683012011208e+00
1.904192087355824237e+00 6.065274291019659536e+00
1.799877126632839497e+00 5.750739681191063823e+00
1.695600131703982827e+00 5.436286401025825832e+00
1.591376456662295880e+00 5.121947714535291851e+00
1.487224850932117315e+00 4.807763761648412348e+00
1.383172452494910498e+00 4.493793068561083182e+00
1.279261169227774664e+00 4.180126506880863069e+00
1.175546605532475253e+00 3.866884417475933589e+00
1.072107808927328376e+00 3.554237993026416298e+00
9.690567961734430913e-01 3.242429886899063529e+00
8.665520412325100619e-01 2.931803361523467988e+00
7.648175054478049129e-01 2.622843451085324684e+00
6.641694884243325436e-01 2.316235126407480305e+00
5.650545443507838383e-01 2.012945482288360566e+00
4.680989502609881892e-01 1.714331681962132814e+00
3.741917859002029667e-01 1.422319691527777374e+00
2.845834317852898310e-01 1.139619841188410643e+00
2.010288020607799986e-01 8.700417003472988853e-01
1.260010027707851032e-01 6.189605795497766794e-01
6.296810637803523791e-02 3.939409129677747812e-01
1.655737938755015223e-02 2.053807963009210147e-01
-7.636491834293955561e-03 6.701905355698102584e-02
2.953122424357642054e-06 1.473356693903478032e-06
