-1.054532840947786632e+01 2.757435256284163305e+00
-1.710437411412787867e+01 2.730670996347151380e+00
-2.125247219988107972e+01 2.703000665637526279e+00
-2.385254932331939060e+01 2.674515168998634618e+00
-2.544190918001140744e+01 2.645337412575963221e+00
-2.637177865148847999e+01 2.615462784558431508e+00
-2.687187228304009423e+01 2.584758268795814384e+00
-2.709271440002740761e+01 2.552937935501349287e+00
-2.713337462299125136e+01 2.519510256334307918e+00
-2.705972293480227009e+01 2.483687536392361839e+00
-2.690393792977335252e+01 2.449726095243803581e+00
-2.669386661986852260e+01 2.417188906558489503e+00
-2.644812483208599119e+01 2.385647462421804477e+00
-2.617911418886265196e+01 2.354770851162280909e+00
-2.589468407623932578e+01 2.324366092915900239e+00
-2.560015593298787451e+01 2.294280396266015210e+00
-2.529897034551323287e+01 2.264417597913549240e+00
-2.499332836909946565e+01 2.234720267973677288e+00
-2.468474114779393602e+01 2.205135001851577403e+00
-2.437417117341245643e+01 2.175626165958654656e+00
-2.406225693152671852e+01 2.146185692204778395e+00
-2.374934215845678409e+01 2.116799507779727474e+00
-2.343575154466401855e+01 2.087456488229935125e+00
-2.312168547332820623e+01 2.058150865627043302e+00
-2.280721300514546712e+01 2.028868043842001256e+00
-2.249237167018910810e+01 1.999607763793427306e+00
-2.217713229180012391e+01 1.970370537902662589e+00
-2.186149450408183270e+01 1.941147858884133770e+00
-2.154561356263242544e+01 1.911939303090649744e+00
-2.122960081201929228e+01 1.882745899924447075e+00
-2.091357814887242839e+01 1.853564736868300589e+00
-2.059766597814101630e+01 1.824394835189731445e+00
-2.028197240829121739e+01 1.795241646045489636e+00
-1.996653663066330608e+01 1.766105297165545318e+00
-1.965118879136053920e+01 1.736977530401868863e+00
-1.933582701618842137e+01 1.707858804665743246e+00
-1.902044279371556712e+01 1.678747025945813709e+00
-1.870488496859225336e+01 1.649632541387095808e+00
-1.838897356613785661e+01 1.620503761494730188e+00
-1.807282185253436069e+01 1.591368030101567133e+00
-1.775652935997320725e+01 1.562229434246297455e+00
-1.744016983143306732e+01 1.533091305012518113e+00
-1.712380479710116887e+01 1.503956815242809109e+00
-1.680749487217079263e+01 1.474829546644074174e+00
-1.649131089097674163e+01 1.445714202858330300e+00
-1.617534696757617496e+01 1.416617478896732951e+00
-1.585973786232402105e+01 1.387549323635003606e+00
-1.554463122238527362e+01 1.358521150210274753e+00
-1.522978445179793461e+01 1.329514137736518276e+00
-1.491505789497470680e+01 1.300519006111753084e+00
-1.460044014777000498e+01 1.271534478216441721e+00
-1.428577615611832385e+01 1.242547828383735009e+00
-1.397106369983906404e+01 1.213558533338013001e+00
-1.365629109358161486e+01 1.184565402815045632e+00
-1.334143516646878602e+01 1.155566416959779241e+00
-1.302645769738728809e+01 1.126558500445072442e+00
-1.271129931470075114e+01 1.097536954533552489e+00
-1.239570846207867660e+01 1.068482195196350348e+00
-1.207975695403265171e+01 1.039399737196929463e+00
-1.176355175847588086e+01 1.010297560507132708e+00
-1.144718263972799654e+01 9.811827079414284780e-01
-1.113070908894162869e+01 9.520598447711976497e-01
-1.081417124854272416e+01 9.229321280892510693e-01
-1.049759726954033745e+01 8.938018037482896583e-01
-1.018100855107761049e+01 8.646706313600753813e-01
-9.864393158058982536e+00 8.355372759961641194e-01
-9.547764602448893356e+00 8.064029739160828436e-01
-9.231133868368580409e+00 7.772687602312117194e-01
-8.914511464982789235e+00 7.481356528995755095e-01
-8.597878339446506146e+00 7.190017376620747580e-01
-8.281244350509577856e+00 6.898679391836326502e-01
-7.964619124252657834e+00 6.607351547274665782e-01
-7.647982517153159243e+00 6.316012282563792102e-01
-7.331343504652396703e+00 6.024670508230254296e-01
-7.014710623714452531e+00 5.733334831743012172e-01
-6.698093546226114192e+00 5.442015286669872332e-01
-6.381473406903456436e+00 5.150694756858587020e-01
-6.064862200376598622e+00 4.859387420241044753e-01
-5.748273568365847908e+00 4.568110509187646717e-01
-5.431693870076375497e+00 4.276859417253796036e-01
-5.115142671962287224e+00 3.985662946398214612e-01
-4.798644968107474540e+00 3.694560301883074716e-01
-4.482235728294321042e+00 3.403608242098346004e-01
-4.165935319327017439e+00 3.112864439012177353e-01
-3.849815145251691550e+00 2.822451486335775250e-01
-3.533979857819738335e+00 2.532552333282905299e-01
-3.218586662859573178e+00 2.243443998645946735e-01
-2.903843722169880515e+00 1.955518348956515051e-01
-2.590109747208870328e+00 1.669413998914767716e-01
-2.277929525265965260e+00 1.386104410501801665e-01
-1.968104451935434485e+00 1.107044090599767772e-01
-1.661900092089388714e+00 8.345033845716881560e-02
-1.361249555214669504e+00 5.719541761333793439e-02
-1.069081610788459757e+00 3.246761467493213676e-02
-7.898903833775231531e-01 1.007628391880080986e-02
-5.305646681266479314e-01 -8.738449215618332780e-03
-3.016287905598400987e-01 -2.208089072753405963e-02
-1.191083517430479022e-01 -2.706156617666110112e-02
-6.493872373032482867e-03 -1.948227460592272253e-02
-3.812397338914513129e-04 -2.044120836311738251e-04
