1.188990315693896171e+01 1.410267442232737523e+01
1.964160174660205627e+01 1.395661896517061784e+01
2.464486411473461303e+01 1.381056350801380184e+01
2.782911331536565314e+01 1.366450805085688458e+01
2.980954643088691469e+01 1.351845259369984120e+01
3.099330054362396680e+01 1.337239713654265927e+01
3.164981842410660207e+01 1.322634167938534766e+01
3.195741662445224307e+01 1.308028622222791881e+01
3.203410431694330640e+01 1.293423076507041181e+01
3.195797925908264503e+01 1.278817530791287105e+01
3.178072588230069329e+01 1.264211985075535516e+01
3.153654834958253517e+01 1.249606439359794940e+01
3.124808246270012546e+01 1.235000893644077102e+01
3.093030816311629039e+01 1.220395347928398344e+01
3.059313882009291774e+01 1.205789802212782647e+01
3.024313481344732324e+01 1.191184256497266425e+01
2.988463757321122216e+01 1.176578710781903325e+01
2.952052007757482599e+01 1.161973165066772928e+01
2.915268352355098003e+01 1.147367619351997092e+01
2.878238601574542344e+01 1.132762073637758249e+01
2.841046008584953597e+01 1.118156527924332622e+01
2.803745664143913530e+01 1.103550982212137299e+01
2.766374022673332078e+01 1.088945436501802888e+01
2.728955206252537735e+01 1.074339890794282937e+01
2.691505176314606373e+01 1.059734345091018426e+01
2.654034494252689669e+01 1.045128799394188235e+01
2.616550148218678373e+01 1.030523253707086262e+01
2.579056761968998046e+01 1.015917708034691636e+01
2.541557394781429124e+01 1.001312162384530957e+01
2.504054070767794826e+01 9.867066167679819699e+00
2.466548129120294774e+01 9.721010712022430056e+00
2.429040455866911685e+01 9.574955257133096254e+00
2.391531637221641304e+01 9.428899803404746649e+00
2.354022061056283022e+01 9.282844351431277730e+00
2.316511984048204553e+01 9.136788902110321686e+00
2.279001576121686767e+01 8.990733456798551515e+00
2.241490949872700256e+01 8.844678017546399929e+00
2.203980180069157768e+01 8.698622587452739197e+00
2.166469316601605399e+01 8.552567171200909257e+00
2.128958393126026039e+01 8.406511775868713343e+00
2.091447432894940306e+01 8.260456412152462846e+00
2.053936452786345512e+01 8.114401096216665721e+00
2.016425466228077923e+01 7.968345852489115089e+00
1.978914485523920064e+01 7.822290717884547107e+00
1.941403523984147483e+01 7.676235748186951646e+00
1.903892598229213107e+01 7.530181027693696905e+00
1.866381731065105143e+01 7.384126683788429624e+00
1.828870955427611023e+01 7.238072908961457053e+00
1.791360320077434309e+01 7.092019994083558210e+00
1.753849898030661336e+01 6.945968378683952338e+00
1.716339799181817938e+01 6.799918726921937662e+00
1.678830189301340070e+01 6.653872042382181107e+00
1.641321318690947351e+01 6.507829841533243176e+00
1.603813565449554090e+01 6.361794415827394467e+00
1.566307500827414678e+01 6.215769227739101233e+00
1.528803987963607014e+01 6.069759509187678148e+00
1.491304331071444089e+01 5.923773165766999860e+00
1.453810500855076526e+01 5.777822143057399273e+00
1.416325475115311328e+01 5.631924491156531154e+00
1.378853753410476735e+01 5.486107484240329235e+00
1.341402134719811201e+01 5.340412334309190712e+00
1.303980892511450662e+01 5.194901313804265897e+00
1.266605550300888972e+01 5.049668518115795202e+00
1.229299564569807934e+01 4.904856128107456748e+00
1.192098378737188469e+01 4.760678983376281259e+00
1.155055548839029633e+01 4.617461713345551999e+00
1.118251999635502791e+01 4.475694843684283164e+00
1.081810005702620359e+01 4.336119574994808268e+00
1.045431301484726916e+01 4.196875565012311959e+00
1.008944939702532473e+01 4.056921423110291691e+00
9.723249943289399511e+00 3.916114841654108059e+00
9.355783339857563163e+00 3.774518691240312585e+00
8.987220591893709809e+00 3.632252475889443666e+00
8.617678600668021716e+00 3.489398131081409282e+00
8.247373267403663277e+00 3.346091142138404528e+00
7.876384573625482055e+00 3.202386400856167992e+00
7.504905412569094381e+00 3.058399219392440749e+00
7.133044750891230912e+00 2.914193311022523769e+00
6.760846962303094898e+00 2.769791085808886333e+00
6.388388427475257814e+00 2.625230038646053643e+00
6.015800009754845412e+00 2.480578729810754002e+00
5.643088408464142169e+00 2.335830475466616818e+00
5.270339270845271429e+00 2.191021663121222041e+00
4.897631528090100161e+00 2.046178847401022516e+00
4.525121151297545552e+00 1.901363029040727737e+00
4.152928223900123506e+00 1.756601058704295948e+00
3.781296697255623229e+00 1.611968964256397241e+00
3.410497067355589440e+00 1.467527587115249110e+00
3.041012720406743863e+00 1.323411054217852767e+00
2.673574666749203743e+00 1.179823196929701501e+00
2.309246376761326491e+00 1.037048416986299015e+00
1.949452877613577106e+00 8.954151265346458333e-01
1.596405153971813817e+00 7.554527254053634566e-01
1.253683065030889443e+00 6.180890234114798654e-01
9.266567760800671349e-01 4.847038496965358489e-01
6.233667484036491402e-01 3.573391983529072280e-01
3.559763093225217223e-01 2.390850342335074097e-01
1.427420601949314638e-01 1.345250321828198592e-01
1.115780164568110425e-02 5.046162143919425552e-02
3.919320782218147516e-06 2.296066360213636820e-06
