-3.141092464734958867e+01 1.807823810186849300e+01
-5.190555341562839686e+01 1.789058687780977408e+01
-6.513485896944901299e+01 1.770293565375098055e+01
-7.355732594882954345e+01 1.751528442969204491e+01
-7.879985640957434612e+01 1.732763320563293163e+01
-8.193872606755914489e+01 1.713998198157360520e+01
-8.368594259738330265e+01 1.695233075751407981e+01
-8.451253161105192646e+01 1.676467953345435191e+01
-8.473009692659516645e+01 1.657702830939444638e+01
-8.454477702855002974e+01 1.638937708533438098e+01
-8.409294010994651103e+01 1.620172586127418768e+01
-8.346479819094544439e+01 1.601407463721389135e+01
-8.272002904964446657e+01 1.582642341315351509e+01
-8.189811088939264039e+01 1.563877218909308375e+01
-8.102515920030087671e+01 1.545112096503262400e+01
-8.011844964065441843e+01 1.526346974097216957e+01
-7.918941010435244721e+01 1.507581851691175245e+01
-7.824560008149165924e+01 1.488816729285142415e+01
-7.729202006761920529e+01 1.470051606879125217e+01
-7.633197777217625912e+01 1.451286484473132532e+01
-7.536766113284657820e+01 1.432521362067178572e+01
-7.440051737228037609e+01 1.413756239661283942e+01
-7.343150374643838063e+01 1.394991117255479907e+01
-7.246125341412900411e+01 1.376225994849813361e+01
-7.149018515792020878e+01 1.357460872444355005e+01
-7.051857596229434932e+01 1.338695750039211418e+01
-6.954660902187910665e+01 1.319930627634543896e+01
-6.857440549689884790e+01 1.301165505230596153e+01
-6.760204551771870740e+01 1.282400382827735896e+01
-6.662958207797977650e+01 1.263635260426518769e+01
-6.565705022383009748e+01 1.244870138027784456e+01
-6.468447313177793490e+01 1.226105015632801809e+01
-6.371186612858693366e+01 1.207339893243486806e+01
-6.273923935001791108e+01 1.188574770862735974e+01
-6.176659949933220872e+01 1.169809648494923948e+01
-6.079395101044341487e+01 1.151044526146660907e+01
-5.982129681740683935e+01 1.132279403827934061e+01
-5.884863886369294050e+01 1.113514281553832141e+01
-5.787597843957501453e+01 1.094749159347153089e+01
-5.690331640615702469e+01 1.075984037242342062e+01
-5.593065334490840712e+01 1.057218915291442762e+01
-5.495798965865225938e+01 1.038453793573089534e+01
-5.398532564153194357e+01 1.019688672206095070e+01
-5.301266153009853355e+01 1.000923551369981723e+01
-5.203999754438490299e+01 9.821584313360075313e+00
-5.106733392609300637e+01 9.633933125140492493e+00
-5.009467098051758427e+01 9.446281955234509198e+00
-4.912200912947365339e+01 9.258630813000904070e+00
-4.814934898439963007e+01 9.070979712581809906e+00
-4.717669145230001249e+01 8.883328675347980763e+00
-4.620403789287770024e+01 8.695677733594351366e+00
-4.523139035406970265e+01 8.508026936125268946e+00
-4.425875192677546011e+01 8.320376356695925679e+00
-4.328612728020592471e+01 8.132726106770849839e+00
-4.231352347055570107e+01 7.945076354807757646e+00
-4.134095116302626138e+01 7.757427355404781011e+00
-4.036842647879834090e+01 7.569779493356993960e+00
-3.939597378675865258e+01 7.382133350249940662e+00
-3.842362992336492056e+01 7.194489805120761972e+00
-3.745145057130668675e+01 7.006850186617650245e+00
-3.647951990140234813e+01 6.819216503007519137e+00
-3.550796514718434338e+01 6.631591789865096231e+00
-3.453697863569652071e+01 6.443980635658978606e+00
-3.356685108904346748e+01 6.256389976261480079e+00
-3.259802196273304986e+01 6.068830295984210643e+00
-3.163115553674956004e+01 5.881317443143326607e+00
-3.066725593436809660e+01 5.693875374572879622e+00
-2.970784098407349916e+01 5.506540304345703518e+00
-2.875520502867892603e+01 5.319366975052837176e+00
-2.781281583059013940e+01 5.132438146782583033e+00
-2.687067585308671980e+01 4.945542782634777979e+00
-2.592407714514500228e+01 4.758644778226328143e+00
-2.497296275824835377e+01 4.571741115450553394e+00
-2.401793981649342058e+01 4.384816476453623046e+00
-2.305984012490610269e+01 4.197868864494643582e+00
-2.209948504574324701e+01 4.010912482653569811e+00
-2.113752320257717443e+01 3.823967655885986527e+00
-2.017456153419782439e+01 3.637065597125301863e+00
-1.921121863054507628e+01 3.450253971147886567e+00
-1.824786928930653573e+01 3.263573018100238698e+00
-1.728507024111240042e+01 3.077094465749750984e+00
-1.632347717330253190e+01 2.890916672301920176e+00
-1.536395854597300570e+01 2.705180547208113406e+00
-1.440736610007204632e+01 2.520033101244707030e+00
-1.345321913771050149e+01 2.335414717607663171e+00
-1.250182760494132062e+01 2.151397434811034959e+00
-1.155258931455152371e+01 1.967929356630471638e+00
-1.060632207180550246e+01 1.785211951022793508e+00
-9.662972286767924857e+00 1.603345768390212367e+00
-8.723370726952683896e+00 1.422642487638430708e+00
-7.789011279621148809e+00 1.243620312303991282e+00
-6.861952881276662808e+00 1.067030650649812173e+00
-5.944313641964289907e+00 8.938687426966021032e-01
-5.038015388586337906e+00 7.254480410247149402e-01
-4.128929700319119434e+00 5.609177007065978549e-01
-3.227738653373186661e+00 4.041967325478219020e-01
-2.346270798612009045e+00 2.604939873636816783e-01
-1.499496711595471155e+00 1.371971595934820820e-01
-7.077218114800997162e-01 4.505113580215702740e-02
-1.910236848541728335e-05 5.705127100062417079e-07
