8.659153144407461866e+00 2.212910539196584736e+01
1.369402018087244599e+01 2.194608504405929139e+01
1.669774187276051336e+01 2.175395045836087249e+01
1.851161628705281004e+01 2.154966098458549695e+01
1.958319848133295693e+01 2.133561953920601795e+01
2.018486381323486256e+01 2.111427966251199351e+01
2.048611795004223168e+01 2.088807135546399252e+01
2.059467148840356288e+01 2.065913898179769959e+01
2.057980520528719026e+01 2.042908460062670528e+01
2.048579661111889649e+01 2.019768829631649609e+01
2.034070224973561025e+01 1.996487082623934484e+01
2.016264892091851024e+01 1.973092931946596451e+01
1.996327611355398091e+01 1.949611446600349396e+01
1.975009910544290648e+01 1.926064671900555680e+01
1.952801461076320777e+01 1.902472882269389487e+01
1.930026706864936514e+01 1.878855834697880312e+01
1.906883971856622750e+01 1.855219534272310611e+01
1.883497940903680146e+01 1.831565969572130470e+01
1.859957944132002794e+01 1.807902292104524022e+01
1.836322526565806612e+01 1.784233863830917244e+01
1.812617596774318329e+01 1.760557154594673079e+01
1.788868719787127048e+01 1.736875422128762381e+01
1.765092673520344846e+01 1.713190868668458577e+01
1.741300801968723277e+01 1.689505125292484777e+01
1.717501242757377966e+01 1.665819742697528127e+01
1.693700442285398466e+01 1.642136628062129944e+01
1.669904357005556150e+01 1.618458380642729821e+01
1.646119630171024539e+01 1.594788649555852977e+01
1.622340826963228722e+01 1.571124575914553567e+01
1.598577547099581153e+01 1.547472021812426846e+01
1.574828223815831940e+01 1.523830314829262278e+01
1.551094080513763096e+01 1.500200488445878122e+01
1.527362635589366491e+01 1.476575249335174433e+01
1.503638811110337237e+01 1.452957859386751949e+01
1.479912860392528096e+01 1.429341717690687119e+01
1.456175307480738290e+01 1.405719351098169412e+01
1.432431206612367980e+01 1.382092819460453548e+01
1.408668487403613057e+01 1.358452935692955421e+01
1.384887529902960246e+01 1.334799650383926028e+01
1.361098697159654769e+01 1.311139765400450230e+01
1.337297132873727001e+01 1.287470652263430715e+01
1.313489079657291647e+01 1.263796582123294598e+01
1.289679482692644008e+01 1.240120894577689370e+01
1.265872978479478661e+01 1.216446646884632266e+01
1.242061167008434452e+01 1.192768848029619910e+01
1.218248241941804189e+01 1.169090190087314340e+01
1.194438174302892719e+01 1.145413147158109446e+01
1.170621849513067936e+01 1.121732028253120284e+01
1.146802558759885748e+01 1.098048716660630220e+01
1.122983000204145831e+01 1.074364694394152586e+01
1.099165818458143740e+01 1.050681446723760715e+01
1.075340472359895649e+01 1.026992528984186848e+01
1.051508449216191998e+01 1.003298828966234701e+01
1.027669901262590457e+01 9.796004546060880003e+00
1.003823676056754621e+01 9.558967479787970234e+00
9.799782770181419522e+00 9.321926698098900843e+00
9.561311818709913979e+00 9.084867204540348240e+00
9.322795291084249314e+00 8.847772964426942721e+00
9.084195458991208838e+00 8.610623828343364039e+00
8.845569911063263291e+00 8.373452916653665312e+00
8.606859120674153374e+00 8.136228818644138272e+00
8.368098543013037016e+00 7.898972699624141391e+00
8.129313944758198573e+00 7.661700789050708948e+00
7.890416842492489202e+00 7.424368096728866107e+00
7.651410274752413088e+00 7.186977638689408643e+00
7.412362202249423326e+00 6.949567226919746155e+00
7.173251659377635647e+00 6.712127125318801291e+00
6.934049728039604510e+00 6.474643156169241465e+00
6.694792521732074952e+00 6.237136513325268972e+00
6.455507519525598426e+00 5.999623738081830027e+00
6.216218808959680153e+00 5.762119800741465347e+00
5.976878586961935191e+00 5.524596334608760095e+00
5.737504141126640533e+00 5.287064549846091310e+00
5.498107561972943813e+00 5.049532670713323235e+00
5.258698045369433416e+00 4.812007277848052489e+00
5.019283569743134166e+00 4.574494544153502318e+00
4.779872312380303967e+00 4.337001608258355567e+00
4.540474020147094336e+00 4.099538247948905756e+00
4.301101751099612791e+00 3.862118991852896865e+00
4.061774426383648162e+00 3.624766003930760316e+00
3.822520627236114077e+00 3.387513281516299379e+00
3.583320098997650582e+00 3.150357466982273369e+00
3.344228228421394000e+00 2.913367695251069645e+00
3.105322374642457195e+00 2.676644214448260062e+00
2.866653604411509182e+00 2.440277666613752672e+00
2.628383493458905651e+00 2.204487515965772637e+00
2.390689939576227996e+00 1.969541794016440805e+00
2.153866031147734894e+00 1.735872609917094245e+00
1.918298491650680448e+00 1.504077559438780964e+00
1.684705584639489828e+00 1.275210511660293200e+00
1.454122793516873680e+00 1.050819487521059248e+00
1.228188290126627447e+00 8.333412782698573773e-01
1.009269976820517334e+00 6.263548521091705235e-01
8.010196953702151124e-01 4.353887058491650586e-01
6.088018657762964692e-01 2.686777814576646328e-01
4.405799652574127201e-01 1.385748928131550484e-01
3.078766457334773943e-01 6.316232138037113086e-02
2.258059031865193023e-01 6.612555241909433279e-02
1.153000460301221719e-01 3.204595247350482817e-02
4.966919941658214329e-07 2.768867248706408286e-07
