1.962838557159377473e+01 2.444444443565785008e+01
3.243567417445369472e+01 2.418983527516660104e+01
4.070785693461095889e+01 2.393522611467527028e+01
4.597729064986109648e+01 2.368061695418382229e+01
4.925870695405498623e+01 2.342600779369222508e+01
5.122392862147770387e+01 2.317139863320052484e+01
5.231774831261334668e+01 2.291678947270879974e+01
5.283464861545669322e+01 2.266218031221719542e+01
5.296959624323860538e+01 2.240757115172592151e+01
5.285167146318991627e+01 2.215296199123531196e+01
5.256633320510479734e+01 2.189835283074584638e+01
5.217016016101108278e+01 2.164374367025822821e+01
5.170061043984109972e+01 2.138913450977351260e+01
5.118248314044787151e+01 2.113452534929326987e+01
5.063219635380780659e+01 2.087991618881985545e+01
5.006061948338361844e+01 2.062530702835681495e+01
4.947494842108572755e+01 2.037069786790949166e+01
4.887994702690286175e+01 2.011608870748595734e+01
4.827876905866812507e+01 1.986147954709838004e+01
4.767350233249450753e+01 1.960687038676515570e+01
4.706552898269647756e+01 1.935226122651404523e+01
4.645576396885897452e+01 1.909765206638699908e+01
4.584481297595600324e+01 1.884304290644736923e+01
4.523307694872869433e+01 1.858843374679085514e+01
4.462082129564177535e+01 1.833382458756199895e+01
4.400822170280920176e+01 1.807921542897912559e+01
4.339539446304229386e+01 1.782460627137200859e+01
4.278241655360193363e+01 1.756999711523872065e+01
4.216933892750918034e+01 1.731538796133156666e+01
4.155619531228897756e+01 1.706077881078681102e+01
4.094300803479390538e+01 1.680616966532060985e+01
4.032979187754660444e+01 1.655156052752497686e+01
3.971655663231378952e+01 1.629695140131474318e+01
3.910330879177242736e+01 1.604234229260259781e+01
3.849005267135358821e+01 1.578773321031862942e+01
3.787679115498348636e+01 1.553312416795013107e+01
3.726352619350898721e+01 1.527851518586719060e+01
3.665025914189332923e+01 1.502390629483501883e+01
3.603699099342577483e+01 1.476929754131871952e+01
3.542372255140183057e+01 1.451468899549515612e+01
3.481045456792850956e+01 1.426008076335351049e+01
3.419718787382589653e+01 1.400547300497117575e+01
3.358392352205153486e+01 1.375086596211663448e+01
3.297066296939918573e+01 1.349625999993952696e+01
3.235740832782028775e+01 1.324165566993776189e+01
3.174416272871993883e+01 1.298705380506123497e+01
3.113093086306144386e+01 1.273245566335479317e+01
3.051771979043349603e+01 1.247786314491529680e+01
2.990454015662066212e+01 1.222327911958387681e+01
2.929140802967374313e+01 1.196870792189560539e+01
2.867834767115244077e+01 1.171415609866068941e+01
2.806539572051065790e+01 1.145963353813042218e+01
2.745260751433667679e+01 1.120515517552547102e+01
2.684006663039071938e+01 1.095074356912792624e+01
2.622789930261924241e+01 1.069643279131137525e+01
2.561629619351629827e+01 1.044227430570643378e+01
2.500554527927622317e+01 1.018834584429147760e+01
2.439608152004143449e+01 9.934764815638217783e+00
2.378856188282915340e+01 9.681708557049001129e+00
2.318397877063790347e+01 9.429444933812833440e+00
2.258208610897477797e+01 9.177921136010592562e+00
2.198207958113890115e+01 8.926922262262499075e+00
2.138349189844591791e+01 8.676330969781743008e+00
2.078638871738226612e+01 8.426192590368078328e+00
2.019109784817614894e+01 8.176619126964196127e+00
1.959769166708262844e+01 7.927637376539459879e+00
1.900594309178631391e+01 7.679148792436238047e+00
1.841444393042236172e+01 7.430705502661574258e+00
1.782097698246349182e+01 7.181668735284348237e+00
1.722528610544099692e+01 6.931973915164530098e+00
1.662766810695749342e+01 6.681724700149743512e+00
1.602836581952794504e+01 6.431015655132003239e+00
1.542760836366509380e+01 6.179911901206675218e+00
1.482537344885165531e+01 5.928394188116739905e+00
1.422138035343066775e+01 5.676376342191048252e+00
1.361575693666658360e+01 5.423902900015360018e+00
1.300892215439630739e+01 5.171098482805720487e+00
1.240109688033869340e+01 4.918033244371312840e+00
1.179263108099784141e+01 4.664814695834410330e+00
1.118376574608529772e+01 4.411521966790289184e+00
1.057453416154115189e+01 4.158176297510010500e+00
9.965049548776791610e+00 3.904822310348173620e+00
9.355509497460303692e+00 3.651534873627017230e+00
8.745986322992871820e+00 3.398354792173047034e+00
8.136678141281075582e+00 3.145373067286652002e+00
7.527704803271335621e+00 2.892665001445436701e+00
6.919364781871632175e+00 2.640390351212188680e+00
6.311949113944363532e+00 2.388731000389853421e+00
5.705778998391473067e+00 2.137912844995498496e+00
5.101525196951296692e+00 1.888354795513662587e+00
4.500195144300687566e+00 1.640690212848745722e+00
3.903306675392327119e+00 1.395875930235342732e+00
3.313150893781164452e+00 1.155359258935878985e+00
2.733064055159343475e+00 9.212727966611395924e-01
2.168130717943448360e+00 6.968623872747992110e-01
1.625935239772807961e+00 4.869919632904954332e-01
1.117880585069521260e+00 2.989936429401351403e-01
6.606929544170684343e-01 1.437409894171667590e-01
2.784511151317790589e-01 3.714103095328695481e-02
7.660043194342259034e-06 1.050999738354225873e-06
