-4.304573036870255009e+01 -2.189781020952606383e+01
-7.121352193780302287e+01 -2.167174364891213401e+01
-8.941716256302518673e+01 -2.144567708829810471e+01
-1.010223591196174056e+02 -2.121961052768390132e+01
-1.082590547397834939e+02 -2.099354396706946346e+01
-1.126036033533090546e+02 -2.076747740645476981e+01
-1.150334334033629915e+02 -2.054141084583981325e+01
-1.161956530937455767e+02 -2.031534428522460800e+01
-1.165186786510344206e+02 -2.008927772460917183e+01
-1.162861397052726034e+02 -1.986321116399353670e+01
-1.156858094337243728e+02 -1.963714460337772394e+01
-1.148419993497059011e+02 -1.941107804276177262e+01
-1.138370065570563696e+02 -1.918501148214570406e+01
-1.127253130124451133e+02 -1.895894492152953603e+01
-1.115429861562235061e+02 -1.873287836091329694e+01
-1.103139025593750091e+02 -1.850681180029699746e+01
-1.090538682270022264e+02 -1.828074523968065535e+01
-1.077733463782648329e+02 -1.805467867906427770e+01
-1.064792633096710972e+02 -1.782861211844787519e+01
-1.051762039109815419e+02 -1.760254555783145847e+01
-1.038672031094431389e+02 -1.737647899721503464e+01
-1.025542698070340180e+02 -1.715041243659861792e+01
-1.012387337224995463e+02 -1.692434587598221540e+01
-9.992147499415752065e+01 -1.669827931536583776e+01
-9.860307616995029889e+01 -1.647221275474950986e+01
-9.728392281837211897e+01 -1.624614619413325656e+01
-9.596427012730705997e+01 -1.602007963351712760e+01
-9.464428698784334415e+01 -1.579401307290118162e+01
-9.332408517406587123e+01 -1.556794651228551984e+01
-9.200373865719053867e+01 -1.534187995167028618e+01
-9.068329638930153180e+01 -1.511581339105569910e+01
-8.936279076450284720e+01 -1.488974683044209613e+01
-8.804224321893937599e+01 -1.466368026982997108e+01
-8.672166793707502563e+01 -1.443761370922008780e+01
-8.540107430455923065e+01 -1.421154714861358848e+01
-8.408046853152119127e+01 -1.398548058801219796e+01
-8.275985472682469890e+01 -1.375941402741852038e+01
-8.143923560896141112e+01 -1.353334746683648859e+01
-8.011861297647378422e+01 -1.330728090627203919e+01
-7.879798801924198415e+01 -1.308121434573413211e+01
-7.747736152446394442e+01 -1.285514778523629786e+01
-7.615673401295325107e+01 -1.262908122479895034e+01
-7.483610582933205535e+01 -1.240301466445291823e+01
-7.351547720172364109e+01 -1.217694810424472607e+01
-7.219484828127377796e+01 -1.195088154424461457e+01
-7.087421916834142621e+01 -1.172481498455860560e+01
-6.955358992989211231e+01 -1.149874842534675068e+01
-6.823296061110585242e+01 -1.127268186685065743e+01
-6.691233124320910974e+01 -1.104661530943505987e+01
-6.559170184888753852e+01 -1.082054875365054869e+01
-6.427107244621669224e+01 -1.059448220032831678e+01
-6.295044305179070676e+01 -1.036841565072316840e+01
-6.162981368359072576e+01 -1.014234910672945666e+01
-6.030918436408809669e+01 -9.916282571207080565e+00
-5.898855512411790158e+01 -9.690216048473722310e+00
-5.766792600819056247e+01 -9.464149545048062606e+00
-5.634729708215623845e+01 -9.238083070771985206e+00
-5.502666844454232375e+01 -9.012016640505088105e+00
-5.370604024351607109e+01 -8.785950276683408333e+00
-5.238541270239358028e+01 -8.559884013183282292e+00
-5.106478615808810417e+01 -8.333817901156130858e+00
-4.974416111911933314e+01 -8.107752017839841230e+00
-4.842353835317516086e+01 -7.881686479865575023e+00
-4.710291901930875724e+01 -7.655621463354041367e+00
-4.578230486754467421e+01 -7.429557234266140675e+00
-4.446169854028303092e+01 -7.203494194241577553e+00
-4.314110402743517625e+01 -6.977432949830521203e+00
-4.182052735371964758e+01 -6.751374417058875643e+00
-4.049997761656491946e+01 -6.525319979363355394e+00
-3.917946855350567859e+01 -6.299271726140191596e+00
-3.785902090924471963e+01 -6.073232813059634694e+00
-3.653866601042840756e+01 -5.847208006306911621e+00
-3.521845116442977286e+01 -5.621204504643129596e+00
-3.389844781296901743e+01 -5.395233181109891696e+00
-3.257876384647929768e+01 -5.169310458594745583e+00
-3.125956220269141639e+01 -4.943461142811980125e+00
-2.994108895673050341e+01 -4.717722701380183459e+00
-2.862371574702422450e+01 -4.492151727046351795e+00
-2.730800481209518082e+01 -4.266833711628428283e+00
-2.599452087485357410e+01 -4.041864666667514427e+00
-2.468302392092638087e+01 -3.817250643391224774e+00
-2.337321937938942540e+01 -3.592978905446325033e+00
-2.206417212418460849e+01 -3.368915264411425081e+00
-2.075557417925704939e+01 -3.145020334550310714e+00
-1.944742723183884436e+01 -2.921314545581058297e+00
-1.813958367495198942e+01 -2.697805919058519741e+00
-1.683217471628072914e+01 -2.474574731463377919e+00
-1.552518379843310292e+01 -2.251704280411691794e+00
-1.421889410513890084e+01 -2.029379778674461843e+00
-1.291392644325023120e+01 -1.807934071905971551e+00
-1.161091124769306049e+01 -1.587833621815676555e+00
-1.031008788932106057e+01 -1.369688849874916903e+00
-9.010301220990406534e+00 -1.154222795922201561e+00
-7.711203999236638573e+00 -9.427617438309865427e-01
-6.413433341312347657e+00 -7.374859945522665994e-01
-5.118121101389233374e+00 -5.417085657991556058e-01
-3.827551369037519358e+00 -3.604871782194242757e-01
-2.544365335093426772e+00 -2.013864300391871309e-01
-1.270143260457533119e+00 -7.566548944622286665e-02
-6.720412730327079184e-05 -5.911147526312558401e-07
