-9.686079439798282564e+00 6.055679007246560497e-01
-1.574307864722883288e+01 6.106627606421651810e-01
-1.960736892545422805e+01 6.119227163433488270e-01
-2.203635845935252036e+01 6.106725100584774468e-01
-2.352618437764227011e+01 6.077800764397938149e-01
-2.440160164438281498e+01 6.038132481004937491e-01
-2.487507004297286528e+01 5.991435181301899560e-01
-2.508558350241133894e+01 5.940139286547355679e-01
-2.512407318482330609e+01 5.885834853766815922e-01
-2.505002677813694945e+01 5.829562148094074026e-01
-2.490236120378912688e+01 5.772001743608120572e-01
-2.470653576333782908e+01 5.713598893010242152e-01
-2.447920568829376720e+01 5.654644894138025624e-01
-2.423126656454923022e+01 5.595330322554017410e-01
-2.396984603217608623e+01 5.535779858062225278e-01
-2.369960677223309986e+01 5.476075069388067762e-01
-2.342359892591892034e+01 5.416269320694102607e-01
-2.314381774621501364e+01 5.356397523937258542e-01
-2.286156840972694937e+01 5.296482519203339345e-01
-2.257770467169480355e+01 5.236539248956194603e-01
-2.229278498917886253e+01 5.176577489004183796e-01
-2.200717465239373283e+01 5.116603635245137172e-01
-2.172111259523825666e+01 5.056621872706533738e-01
-2.143475509965651327e+01 4.996634940519444346e-01
-2.114820438460093044e+01 4.936644632625872831e-01
-2.086152730708578318e+01 4.876652125726623765e-01
-2.057476759507816411e+01 4.816658194405912252e-01
-2.028795384936399415e+01 4.756663352750621909e-01
-2.000110477789015562e+01 4.696667948348764443e-01
-1.971423262000698529e+01 4.636672225848520457e-01
-1.942734538700804592e+01 4.576676371695932999e-01
-1.914044832887175573e+01 4.516680548229189962e-01
-1.885354489557208524e+01 4.456684923361876050e-01
-1.856663736886664040e+01 4.396689701281006335e-01
-1.827972728018294646e+01 4.336695159770687091e-01
-1.799281569108438106e+01 4.276701700982691312e-01
-1.770590338764746718e+01 4.216709924932208198e-01
-1.741899102432257251e+01 4.156720739149623034e-01
-1.713207924359731749e+01 4.096735524526139427e-01
-1.684516879334311312e+01 4.036756387659918843e-01
-1.655826066328736346e+01 3.976786545816702323e-01
-1.627135626553591408e+01 3.916830914853564605e-01
-1.598445769210754897e+01 3.856897007545465050e-01
-1.569756809650361262e+01 3.796996306480273642e-01
-1.541069226899055344e+01 3.737146362415985634e-01
-1.512383751066266591e+01 3.677374001573821549e-01
-1.483701496594537694e+01 3.617720228002111460e-01
-1.455024165697524019e+01 3.558247716924114457e-01
-1.426354359156398921e+01 3.499052268487376494e-01
-1.397696051266284378e+01 3.440280315087766994e-01
-1.369055340649161323e+01 3.382155684595178902e-01
-1.340423748174322327e+01 3.324339762381873231e-01
-1.311790329538289157e+01 3.266410900171849430e-01
-1.283153902856462203e+01 3.208319341526826296e-01
-1.254512544952859265e+01 3.149993207096294934e-01
-1.225866101630809801e+01 3.091429619223087233e-01
-1.197215874705778305e+01 3.032673419720539054e-01
-1.168562416076365018e+01 2.973745406015319004e-01
-1.139905644588327327e+01 2.914651411803567682e-01
-1.111247015205047894e+01 2.855437012870640223e-01
-1.082585526425302547e+01 2.796093783552271450e-01
-1.053919722518788404e+01 2.736614561218948527e-01
-1.025245018335388281e+01 2.676956292771614510e-01
-9.965644827822361052e+00 2.617180783801664745e-01
-9.678801448651855210e+00 2.557328467445320608e-01
-9.391933235383135070e+00 2.497425736400289975e-01
-9.105048853892185434e+00 2.437489769831419906e-01
-8.818154026697946790e+00 2.377531673048588479e-01
-8.531252575968094831e+00 2.317558507108356258e-01
-8.244347119754641184e+00 2.257574579264885473e-01
-7.957439548605935720e+00 2.197582230120658231e-01
-7.670531369559753010e+00 2.137582261346881729e-01
-7.383623980285539901e+00 2.077574082153660073e-01
-7.096718923380806565e+00 2.017555601288677780e-01
-6.809818167201931338e+00 1.957522844837499831e-01
-6.522924464459826766e+00 1.897469229989997563e-01
-6.236041854021566522e+00 1.837384362068412713e-01
-5.949176397527942584e+00 1.777252134993638211e-01
-5.662337285347655680e+00 1.717047788075722892e-01
-5.375538513885881109e+00 1.656733381288436890e-01
-5.088801440686046895e+00 1.596250862167311046e-01
-4.802158684193796212e+00 1.535511457330419882e-01
-4.515660264957491066e+00 1.474379454690929181e-01
-4.229344842645009983e+00 1.412752094707120376e-01
-3.943172554240118366e+00 1.350779853038494849e-01
-3.657158027090474661e+00 1.288489621879528590e-01
-3.371315828201721043e+00 1.225951502713610586e-01
-3.085721242289018118e+00 1.163105966901057386e-01
-2.800495423915627224e+00 1.099844420052369376e-01
-2.515853008707174876e+00 1.035905414011062536e-01
-2.232116160425471563e+00 9.709040738735756626e-02
-1.949774242424465065e+00 9.042660054848716822e-02
-1.669594384184113434e+00 8.350369086424096199e-02
-1.392740030801296269e+00 7.617817267127817427e-02
-1.120963985219050940e+00 6.823963784845470115e-02
-8.569695573885482975e-01 5.935713643257342631e-02
-6.048670919286533998e-01 4.903372143356925922e-02
-3.709053787796234292e-01 3.652539128514020045e-02
-1.646169042950601791e-01 2.070842189495190194e-02
-1.109454804400778470e-05 2.090932863207845162e-07
