2.746988101604860333e+01 4.258241756628167707e+01
4.542415598111434605e+01 4.213981642065677846e+01
5.703744168731626019e+01 4.169721527503170933e+01
6.444761956009710957e+01 4.125461412940629913e+01
6.907203567361405305e+01 4.081201298378046260e+01
7.185009372396902450e+01 4.036941183815415002e+01
7.340442044560542456e+01 3.992681069252734005e+01
7.414768511143387286e+01 3.948420954690006113e+01
7.435339889244062306e+01 3.904160840127236298e+01
7.420284026684281287e+01 3.859900725564430246e+01
7.381615689475700037e+01 3.815640611001593641e+01
7.327297972871623699e+01 3.771380496438733587e+01
7.262608588279562127e+01 3.727120381875855770e+01
7.191045425287532566e+01 3.682860267312968716e+01
7.114926747760380010e+01 3.638600152750078820e+01
7.035788995378625543e+01 3.594340038187196740e+01
6.954650439673253004e+01 3.550079923624332423e+01
6.872185929749055333e+01 3.505819809061504344e+01
6.788842709355326122e+01 3.461559694498734530e+01
6.704917176955778757e+01 3.417299579936057086e+01
6.620605759564098491e+01 3.373039465373521750e+01
6.536038629788123444e+01 3.328779350811202420e+01
6.451302051837845397e+01 3.284519236249210650e+01
6.366453191195613925e+01 3.240259121687716259e+01
6.281529929503958698e+01 3.195999007126971136e+01
6.196557369146779592e+01 3.151738892567356842e+01
6.111552143940514981e+01 3.107478778009449982e+01
6.026525275853523311e+01 3.063218663454118129e+01
5.941484068138036179e+01 3.018958548902670458e+01
5.856433359875531863e+01 2.974698434357079435e+01
5.771376357326226270e+01 2.930438319820323656e+01
5.686315184828539060e+01 2.886178205296890908e+01
5.601251249849129721e+01 2.841918090793550888e+01
5.516185484876343992e+01 2.797657976320513384e+01
5.431118507703732945e+01 2.753397861893173726e+01
5.346050727636378497e+01 2.709137747534751384e+01
5.260982415865787232e+01 2.664877633280260838e+01
5.175913752104906251e+01 2.620617519182508559e+01
5.090844855496956001e+01 2.576357405321133243e+01
5.005775805110087617e+01 2.532097291816238638e+01
4.920706653540578657e+01 2.487837178848957009e+01
4.835637435963055708e+01 2.443577066692464328e+01
4.750568176183740121e+01 2.399316955758758496e+01
4.665498890737592319e+01 2.355056846669214465e+01
4.580429591733880557e+01 2.310796740361000445e+01
4.495360288939519222e+01 2.266536638247600521e+01
4.410290991458328591e+01 2.222276542460935644e+01
4.325221709294793726e+01 2.178016456216590768e+01
4.240152455070831650e+01 2.133756384364737357e+01
4.155083246190147861e+01 2.089496334221201224e+01
4.070014107821357641e+01 2.045236316821145550e+01
3.984945077211317965e+01 2.000976348810326755e+01
3.899876210068109827e+01 1.956716455298230883e+01
3.814807590107886881e+01 1.912456674162393711e+01
3.729739343402290075e+01 1.868197062542150633e+01
3.644671659986261858e+01 1.823937706635696898e+01
3.559604826431188229e+01 1.779678736481094603e+01
3.474539274968901026e+01 1.735420348257068213e+01
3.389475657590848101e+01 1.691162837929779528e+01
3.304414957830776700e+01 1.646906652018806483e+01
3.219358659403670941e+01 1.602652464193343107e+01
3.134309000627658648e+01 1.558401290842329701e+01
3.049269358272910679e+01 1.514154665450442394e+01
2.964244826687667000e+01 1.469914901703016596e+01
2.879243091556820033e+01 1.425685490468070959e+01
2.794275748202129961e+01 1.381471698773783707e+01
2.709360290609019017e+01 1.337281473553517053e+01
2.624523112449313800e+01 1.293126805207963237e+01
2.539804073486973834e+01 1.249025787074105409e+01
2.455213158165992482e+01 1.204983622519496045e+01
2.370737635222567619e+01 1.160995919448687097e+01
2.286366374120363076e+01 1.117058910607612532e+01
2.202106126917628615e+01 1.073176660603265198e+01
2.117982688407630931e+01 1.029361817749334485e+01
2.033981083074803564e+01 9.856074298789085475e+00
1.950107014860622812e+01 9.419158108487314607e+00
1.866336606323578451e+01 8.982757544626819524e+00
1.782690023971007065e+01 8.546973401801448489e+00
1.699182628980177867e+01 8.111897761907393090e+00
1.615854539955111591e+01 7.677739187138581833e+00
1.532748711090439819e+01 7.244718925765933015e+00
1.449851863867880830e+01 6.812787673544900890e+00
1.367039762028143279e+01 6.381354634695829198e+00
1.284203182770985130e+01 5.949917876982183884e+00
1.201341663095437795e+01 5.518535403629389435e+00
1.118550137055911264e+01 5.087763018311637353e+00
1.035993004766754311e+01 4.658545499266601553e+00
9.538185364265283184e+00 4.231824388587040353e+00
8.721776712432131262e+00 3.808650514669918774e+00
7.910432326211150666e+00 3.389335660968482600e+00
7.102378436162820385e+00 2.973652644456732386e+00
6.296945739498048589e+00 2.562304986210897084e+00
5.494457854262567942e+00 2.156968435777171678e+00
4.694739424035414110e+00 1.759967715164495683e+00
3.898091990760971903e+00 1.375206113337206215e+00
3.106388752106705287e+00 1.009239476902958232e+00
2.322868716507838105e+00 6.722083397381152237e-01
1.545652478620267223e+00 3.766618591924292825e-01
7.706524526482179116e-01 1.417267501522146977e-01
1.433033759720885858e-05 1.065963886038681783e-06
