-3.005072768330229138e+01 4.335106381282140831e+01
-4.967668583187055020e+01 4.289719791280260353e+01
-6.236242636117223981e+01 4.244333201278364953e+01
-7.045010367173607335e+01 4.198946611276445395e+01
-7.549170504223631895e+01 4.153560021274495995e+01
-7.851538086536817218e+01 4.108173431272521725e+01
-8.020225229343469664e+01 4.062786841270533955e+01
-8.100354215008607639e+01 4.017400251268554712e+01
-8.121817143611589529e+01 3.972013661266615969e+01
-8.104416521247276251e+01 3.926627071264766045e+01
-8.061270779104418693e+01 3.881240481263076703e+01
-8.001070347931738524e+01 3.835853891261651682e+01
-7.929572250924880450e+01 3.790467301260643751e+01
-7.850590232038949523e+01 3.745080711260281703e+01
-7.766650688000576963e+01 3.699694121260910862e+01
-7.679427203165246851e+01 3.654307531263046371e+01
-7.590028414278511093e+01 3.608920941267465565e+01
-7.499188710216957077e+01 3.563534351275338707e+01
-7.407394562723361275e+01 3.518147761288435049e+01
-7.314968214727986151e+01 3.472761171309422679e+01
-7.222123119577386774e+01 3.427374581342330373e+01
-7.129000666352311555e+01 3.381987991393241799e+01
-7.035694508044838358e+01 3.336601401471340012e+01
-6.942266677243148365e+01 3.291214811590492673e+01
-6.848758261496445243e+01 3.245828221771636635e+01
-6.755196474807767970e+01 3.200441632046384655e+01
-6.661599341814792297e+01 3.155055042462464598e+01
-6.567978800565876440e+01 3.109668453091936868e+01
-6.474342757758334699e+01 3.064281864043591241e+01
-6.380696450092855798e+01 3.018895275481675000e+01
-6.287043346017669876e+01 2.973508687654146598e+01
-6.193385743056101944e+01 2.928122100935342687e+01
-6.099725163529441829e+01 2.882735515890379574e+01
-6.006062616793656161e+01 2.837348933372365423e+01
-5.912398773135254260e+01 2.791962354669155744e+01
-5.818734079266548775e+01 2.746575781724867582e+01
-5.725068835307773440e+01 2.701189217474270521e+01
-5.631403246513285410e+01 2.655802666347532082e+01
-5.537737458650683919e+01 2.610416135032134477e+01
-5.444071583126657998e+01 2.565029633622958727e+01
-5.350405716187459149e+01 2.519643177358307184e+01
-5.256739955500892592e+01 2.474256789240372001e+01
-5.163074416975033643e+01 2.428870503990734164e+01
-5.069409254708561008e+01 2.383484374021040253e+01
-4.975744687505401487e+01 2.338098478445519746e+01
-4.882081036514620820e+01 2.292712936685039793e+01
-4.788418780469272207e+01 2.247327929001959035e+01
-4.694758638023907338e+01 2.201943727496820458e+01
-4.601101691350083200e+01 2.156560742896954253e+01
-4.507449572243768898e+01 2.111179595182696644e+01
-4.413804742747790755e+01 2.065801220196166454e+01
-4.320170918545196770e+01 2.020427030565430115e+01
-4.226553707930204240e+01 1.975059158617536426e+01
-4.132961576234377787e+01 1.929700823053767422e+01
-4.039407301551923979e+01 1.884356882444365056e+01
-3.945910172093923762e+01 1.839034670728277376e+01
-3.852499303036344003e+01 1.793745258401244058e+01
-3.759218643243193014e+01 1.748505356282771928e+01
-3.666134532851806682e+01 1.703340189257782100e+01
-3.573347111377707108e+01 1.658287834193071220e+01
-3.481007538169632909e+01 1.613405768011871189e+01
-3.389343982766982322e+01 1.568780753359136781e+01
-3.298533832343975547e+01 1.524488515786063481e+01
-3.208817324090234990e+01 1.480630649799620535e+01
-3.120484937327021413e+01 1.437329785016341965e+01
-3.034030097422841266e+01 1.394789931613543388e+01
-2.950050994127937187e+01 1.353265377549744386e+01
-2.869324772032942761e+01 1.313082626183301471e+01
-2.793332917454544884e+01 1.274845462935780027e+01
-2.724197894934763298e+01 1.239430789881831707e+01
-2.647232573311610437e+01 1.200862605791144944e+01
-2.564932685703939441e+01 1.160144680402212991e+01
-2.479064956970079692e+01 1.117989286175261654e+01
-2.390802173423362476e+01 1.074867468434566753e+01
-2.300925752323741591e+01 1.031093353058315287e+01
-2.209980756390443091e+01 9.868891484821837423e+00
-2.118328145005584418e+01 9.424022489274364034e+00
-2.026207238659484133e+01 8.977304537452287292e+00
-1.933795629092188406e+01 8.529485243428860386e+00
-1.841202440173056942e+01 8.081008688105477233e+00
-1.748504962222309089e+01 7.632199183881347437e+00
-1.655761817759868038e+01 7.183322832037431382e+00
-1.563002618018686007e+01 6.734521023884398438e+00
-1.470230725877961575e+01 6.285827823989508012e+00
-1.377446461524088583e+01 5.837297635438398302e+00
-1.284647636883509847e+01 5.389008323893293095e+00
-1.191805193854558453e+01 4.940940681096535947e+00
-1.098930883003564674e+01 4.493373917702410125e+00
-1.006052966612211819e+01 4.046790363759777520e+00
-9.132002787081589190e+00 3.601840570396848129e+00
-8.204251021151728551e+00 3.159558872196946755e+00
-7.277932753734648763e+00 2.721439114818275051e+00
-6.353761913867855604e+00 2.289592339723247605e+00
-5.432600035012369766e+00 1.867107189434096481e+00
-4.515334397435742275e+00 1.458465280502101891e+00
-3.602635204643182654e+00 1.070159119968459471e+00
-2.694517321955243627e+00 7.115849612704828742e-01
-1.791406588027892877e+00 3.971830527929515742e-01
-8.949996334871493930e-01 1.493636164519916987e-01
-1.404813213354006292e-05 1.087813966059478056e-06
