-4.068449424372430911e+01 -4.482758618830398234e+01
-6.725783108451147996e+01 -4.436043776323893439e+01
-8.442884999914473099e+01 -4.389328933817368750e+01
-9.537352881479348810e+01 -4.342614091310809243e+01
-1.021954961352756044e+02 -4.295899248804204262e+01
-1.062876601552406015e+02 -4.249184406297549543e+01
-1.085723265436110552e+02 -4.202469563790844376e+01
-1.096601925066603940e+02 -4.155754721284091602e+01
-1.099556247065350760e+02 -4.109039878777296906e+01
-1.097263690046292766e+02 -4.062325036270468104e+01
-1.091497087060414657e+02 -4.015610193763612301e+01
-1.083430281550887031e+02 -3.968895351256742288e+01
-1.073840503205052670e+02 -3.922180508749867300e+01
-1.063242370089278239e+02 -3.875465666243003682e+01
-1.051976617159856744e+02 -3.828750823736169906e+01
-1.040268846924450372e+02 -3.782035981229391552e+01
-1.028268430377232221e+02 -3.735321138722705570e+01
-1.016074264554036404e+02 -3.688606296216167379e+01
-1.003751827312939611e+02 -3.641891453709856563e+01
-9.913444696784156918e+01 -3.595176611203892492e+01
-9.788808926816133749e+01 -3.548461768698455643e+01
-9.663800978445154044e+01 -3.501746926193816023e+01
-9.538546649037743919e+01 -3.455032083690382194e+01
-9.413129219703607475e+01 -3.408317241188768065e+01
-9.287603823588642626e+01 -3.361602398689903026e+01
-9.162006958762356135e+01 -3.314887556195184004e+01
-9.036362786364315980e+01 -3.268172713706722732e+01
-8.910687300314722847e+01 -3.221457871227705283e+01
-8.784991087837590840e+01 -3.174743028762937769e+01
-8.659281157009097285e+01 -3.128028186319673054e+01
-8.533562146626115918e+01 -3.081313343908856339e+01
-8.407837127145513989e+01 -3.034598501547000993e+01
-8.282108130901990251e+01 -2.987883659259029301e+01
-8.156376503107068743e+01 -2.941168817082548514e+01
-8.030643134209763900e+01 -2.894453975074313234e+01
-7.904908613727796762e+01 -2.847739133319971216e+01
-7.779173332106137195e+01 -2.801024291948780842e+01
-7.653437548189488382e+01 -2.754309451155819133e+01
-7.527701433959865085e+01 -2.707594611235504090e+01
-7.401965104265578077e+01 -2.660879772632200257e+01
-7.276228636676503925e+01 -2.614164936016603491e+01
-7.150492084895577705e+01 -2.567450102401053513e+01
-7.024755488043405194e+01 -2.520735273313610136e+01
-6.899018877419955231e+01 -2.474020451060864190e+01
-6.773282281911261293e+01 -2.427305639124705294e+01
-6.647545732974543853e+01 -2.380590842761369075e+01
-6.521809270061881136e+01 -2.333876069905921469e+01
-6.396072947417491861e+01 -2.287161332537942826e+01
-6.270336843419945438e+01 -2.240446648743682090e+01
-6.144601074078770608e+01 -2.193732045829948873e+01
-6.018865813010376087e+01 -2.147017565026316888e+01
-5.893131321334399075e+01 -2.100303268586013417e+01
-5.767397992640790960e+01 -2.053589250509425668e+01
-5.641666420774802759e+01 -2.006875652738784410e+01
-5.515937502119212610e+01 -1.960162689616034015e+01
-5.390212589998539983e+01 -1.913450684820879388e+01
-5.264493727813592727e+01 -1.866740127158264784e+01
-5.138784001085497266e+01 -1.820031754815241953e+01
-5.013088069086096965e+01 -1.773326682616825067e+01
-4.887412967690541166e+01 -1.726626594225318101e+01
-4.761769321845886083e+01 -1.679934032425747503e+01
-4.636173176668214069e+01 -1.633252837550807612e+01
-4.510648762835079850e+01 -1.586588809634892527e+01
-4.385232673016167837e+01 -1.539950708444957428e+01
-4.259980229744220281e+01 -1.493351766108984791e+01
-4.134924560908061153e+01 -1.446801449684667418e+01
-4.010058754532072101e+01 -1.400302287743529561e+01
-3.885384897614448363e+01 -1.353860398863323056e+01
-3.760937902472149119e+01 -1.307490920378826260e+01
-3.636737568099252371e+01 -1.261208207676144966e+01
-3.512815462098080133e+01 -1.215031044369279378e+01
-3.389109438435443167e+01 -1.168956551325032400e+01
-3.265594985554507446e+01 -1.122995438399951595e+01
-3.142321449170887604e+01 -1.077187809082016479e+01
-3.019452647759105801e+01 -1.031618412134314511e+01
-2.897257006883856079e+01 -9.864196048643433912e+00
-2.776178766973515977e+01 -9.418016751233187378e+00
-2.656883280767705457e+01 -8.980811672935200107e+00
-2.539658745820619856e+01 -8.554121240501640244e+00
-2.424350990514815152e+01 -8.137301611724913286e+00
-2.311016728206009674e+01 -7.730357552790752429e+00
-2.198804165810481237e+01 -7.328342474259107675e+00
-2.082434290890349260e+01 -6.905559746246791697e+00
-1.963333343856373148e+01 -6.469111433167814340e+00
-1.842425105163137289e+01 -6.023691476092515096e+00
-1.720285557398892351e+01 -5.572386805872642235e+00
-1.597274918544539624e+01 -5.117293855070827568e+00
-1.473662995653220875e+01 -4.660020559864257450e+00
-1.349643741449266265e+01 -4.201870787345535874e+00
-1.225366750673930127e+01 -3.744059481740333872e+00
-1.100960745973283039e+01 -3.287917936389681106e+00
-9.765088929181109378e+00 -2.835015263957141318e+00
-8.521098697774494468e+00 -2.387536688450449862e+00
-7.278927864097491707e+00 -1.948657214467385934e+00
-6.039971167407934161e+00 -1.522994100595786993e+00
-4.806180677727433626e+00 -1.117448298875586721e+00
-3.580402472505137101e+00 -7.424000558372995107e-01
-2.366869651655877593e+00 -4.135024367084342289e-01
-1.171185770190535491e+00 -1.542648916965827233e-01
-2.579999295467705033e-05 -1.221307512703631536e-06
