-1.724677753323554441e+01 -2.036146195290472960e+01
-2.848708653735623386e+01 -2.014815410573337218e+01
-3.574175601212633779e+01 -1.993484625856193304e+01
-4.035877326231338458e+01 -1.972153841139036246e+01
-4.323030141358151468e+01 -1.950823056421862134e+01
-4.494673939171851629e+01 -1.929492271704670259e+01
-4.589878996276690515e+01 -1.908161486987461331e+01
-4.634500449639281072e+01 -1.886830702270239613e+01
-4.645648156788384142e+01 -1.865499917553010789e+01
-4.634644684116543090e+01 -1.844169132835783032e+01
-4.608982794805650940e+01 -1.822838348118568419e+01
-4.573620842276993415e+01 -1.801507563401382583e+01
-4.531840013437388848e+01 -1.780176778684248973e+01
-4.485811619810336026e+01 -1.758845993967201338e+01
-4.436972508724090858e+01 -1.737515209250289061e+01
-4.386273495262043554e+01 -1.716184424533585684e+01
-4.334343764002383637e+01 -1.694853639817201696e+01
-4.281599662724659083e+01 -1.673522855101302298e+01
-4.228316696890929904e+01 -1.652192070386137956e+01
-4.174677171905850770e+01 -1.630861285672084904e+01
-4.120801720131829882e+01 -1.609530500959711574e+01
-4.066770163580173403e+01 -1.588199716249877191e+01
-4.012635319482575369e+01 -1.566868931543877608e+01
-3.958432135840067900e+01 -1.545538146843671079e+01
-3.904183736623753731e+01 -1.524207362152214884e+01
-3.849905421979996589e+01 -1.502876577473974962e+01
-3.795607315200295062e+01 -1.481545792815697737e+01
-3.741296114224013536e+01 -1.460215008187572572e+01
-3.686976250597304983e+01 -1.438884223604989820e+01
-3.632650656343473372e+01 -1.417553439091195244e+01
-3.578321271392829317e+01 -1.396222654681301556e+01
-3.523989379350204842e+01 -1.374891870428344376e+01
-3.469655829687690840e+01 -1.353561086412435266e+01
-3.415321184804938071e+01 -1.332230302754582674e+01
-3.360985817402683296e+01 -1.310899519637575672e+01
-3.306649975019439580e+01 -1.289568737337528503e+01
-3.252313822900133289e+01 -1.268237956271535083e+01
-3.197977472616278050e+01 -1.246907177069665984e+01
-3.143641001391643641e+01 -1.225576400683731393e+01
-3.089304465478833350e+01 -1.204245628551607794e+01
-3.034967909902402283e+01 -1.182914862845499471e+01
-2.980631376255112741e+01 -1.161584106847032594e+01
-2.926294909896615692e+01 -1.140253365513978956e+01
-2.871958567800053785e+01 -1.118922646336537419e+01
-2.817622428403662482e+01 -1.097591960631138619e+01
-2.763286605170753774e+01 -1.076261325495376475e+01
-2.708951266202256036e+01 -1.054930766761950700e+01
-2.654616663292087964e+01 -1.033600323462231074e+01
-2.600283175447833983e+01 -1.012270054571055411e+01
-2.545951374399684042e+01 -9.909400491988222370e+00
-2.491622123421683455e+01 -9.696104419930403395e+00
-2.437296726548175130e+01 -9.482814364123246520e+00
-2.382977153980649376e+01 -9.269533398971949723e+00
-2.328666382652286870e+01 -9.056266170193117304e+00
-2.274368910826866141e+01 -8.843019697997092976e+00
-2.220091535697611818e+01 -8.629804590846212875e+00
-2.165844528422357840e+01 -8.416636879667386495e+00
-2.111643409745705213e+01 -8.203540789670931588e+00
-2.057511633196563494e+01 -7.990552929018085671e+00
-2.003484639762269737e+01 -7.777728618486571044e+00
-1.949615997951046253e+01 -7.565151464837202688e+00
-1.895879909804624930e+01 -7.352776152860199588e+00
-1.842200300202646801e+01 -7.140481350468647292e+00
-1.788537666262018178e+01 -6.928208057851800383e+00
-1.734880334817689373e+01 -6.715939182961447429e+00
-1.681218086985118632e+01 -6.503655518311176387e+00
-1.627540425325581808e+01 -6.291335484152677182e+00
-1.573856622027846619e+01 -6.078994490166709674e+00
-1.520175014254712309e+01 -5.866651331738315989e+00
-1.466503953587438858e+01 -5.654327099771811582e+00
-1.412853227582562177e+01 -5.442047051933367463e+00
-1.359213533729366574e+01 -5.229806233285017036e+00
-1.305552783979685749e+01 -5.017559833199940478e+00
-1.251860202050372983e+01 -4.805288297758497862e+00
-1.198120748670815239e+01 -4.592966898420610455e+00
-1.144353657011220626e+01 -4.380629026320391972e+00
-1.090554299551311956e+01 -4.168272475549152034e+00
-1.036732574425161602e+01 -3.955917332707270084e+00
-9.828948577766768224e+00 -3.743577487528606085e+00
-9.290449668715407228e+00 -3.531263124369750983e+00
-8.751847857574704292e+00 -3.318980877630837156e+00
-8.213146125103248707e+00 -3.106735685156265525e+00
-7.674333193464403458e+00 -2.894533767138881775e+00
-7.135553486949569368e+00 -2.682426000413353773e+00
-6.596792419749311520e+00 -2.470439965897655910e+00
-6.058215504641177418e+00 -2.258658010727106369e+00
-5.520174377549805556e+00 -2.047227936938377901e+00
-4.983121024331259363e+00 -1.836354415634770199e+00
-4.447687185999829040e+00 -1.626334591394481999e+00
-3.914912977096556723e+00 -1.417642734389987336e+00
-3.386304711607162954e+00 -1.210979941395546433e+00
-2.864193249733239632e+00 -1.007426694358905417e+00
-2.351943141420111516e+00 -8.085706765829229203e-01
-1.854725640309816015e+00 -6.168422809994693612e-01
-1.380233417640552185e+00 -4.358778535264255516e-01
-9.401889580295181847e-01 -2.712072244076450533e-01
-5.522165227647011232e-01 -1.311587232411770831e-01
-2.428305288544827523e-01 -2.828269161848275329e-02
-5.124960711077441999e-02 1.871650680546151080e-02
-4.258420645318115924e-06 -6.453459567595853052e-07
