4.134790487867305586e+01 4.607798155961054221e+01
6.844059406698983139e+01 4.560239775516749461e+01
8.596744407608190386e+01 4.512681395072424095e+01
9.715312648445450350e+01 4.465123014628061782e+01
1.041364757402314325e+02 4.417564634183649730e+01
1.083349318350905008e+02 4.370006253739182966e+01
1.106878498086947218e+02 4.322447873294661491e+01
1.118177479008892163e+02 4.274889492850086725e+01
1.121371710273634932e+02 4.227331112405462221e+01
1.119195118467254986e+02 4.179772731960795795e+01
1.113459454524793273e+02 4.132214351516091710e+01
1.105365338924576974e+02 4.084655971071357072e+01
1.095708396192417808e+02 4.037097590626597565e+01
1.085015862606415595e+02 3.989539210181817452e+01
1.073637117049433840e+02 3.941980829737020997e+01
1.061803675935998967e+02 3.894422449292211752e+01
1.049668951577921661e+02 3.846864068847393270e+01
1.037334599607770969e+02 3.799305688402566261e+01
1.024867978927406540e+02 3.751747307957733568e+01
1.012313721950965117e+02 3.704188927512896612e+01
9.997014017950766629e+01 3.656630547068056103e+01
9.870506129812081042e+01 3.609072166623214173e+01
9.743743381365520406e+01 3.561513786178370822e+01
9.616811788836899666e+01 3.513955405733527471e+01
9.489768340771158250e+01 3.466397025288684830e+01
9.362650792967171753e+01 3.418838644843844321e+01
9.235484158563855317e+01 3.371280264399008075e+01
9.108285008255030846e+01 3.323721883954178224e+01
8.981064319471180113e+01 3.276163503509359742e+01
8.853829364109768107e+01 3.228605123064557603e+01
8.726584959223508520e+01 3.181046742619781753e+01
8.599334295624369418e+01 3.133488362175046404e+01
8.472079486834266504e+01 3.085929981730370386e+01
8.344821932755120031e+01 3.038371601285786738e+01
8.217562560586810605e+01 2.990813220841340936e+01
8.090301984421631687e+01 2.943254840397104388e+01
7.963040610963258814e+01 2.895696459953183677e+01
7.835778709555167154e+01 2.848138079509740095e+01
7.708516458566040797e+01 2.800579699067015227e+01
7.581253976113538329e+01 2.753021318625377134e+01
7.453991340413759303e+01 2.705462938185377908e+01
7.326728603259039119e+01 2.657904557747852792e+01
7.199465798944321193e+01 2.610346177314059091e+01
7.072202950179041636e+01 2.562787796885896441e+01
6.944940072002694365e+01 2.515229416466228685e+01
6.817677174378468408e+01 2.467671036059376988e+01
6.690414263911831938e+01 2.420112655671858093e+01
6.563151344990154712e+01 2.372554275313504135e+01
6.435888420539822619e+01 2.324995894999148049e+01
6.308625492531314904e+01 2.277437514751161984e+01
6.181362562319348086e+01 2.229879134603296009e+01
6.054099630876717697e+01 2.182320754606459090e+01
5.926836698962167560e+01 2.134762374837447396e+01
5.799573767251229128e+01 2.087203995412102842e+01
5.672310836452543015e+01 2.039645616505170977e+01
5.545047907429713518e+01 1.992087238380247172e+01
5.417784981349601736e+01 1.944528861434960021e+01
5.290522059882532346e+01 1.896970486269122702e+01
5.163259145488747492e+01 1.849412113787549927e+01
5.035996241840223320e+01 1.801853745355156278e+01
4.908733354450168918e+01 1.754295383030938282e+01
4.781470491618115659e+01 1.706737029920959969e+01
4.654207665852616316e+01 1.659178690710874449e+01
4.526944896015437791e+01 1.611620372469307583e+01
4.399682210554828998e+01 1.564062085859909779e+01
4.272419652382190236e+01 1.516503846969969338e+01
4.145157286228229765e+01 1.468945680069283455e+01
4.017895209739877060e+01 1.421387621772609577e+01
3.890633570220710880e+01 1.373829727319860439e+01
3.763372589885517527e+01 1.326272080051665192e+01
3.636112603959854539e+01 1.278714805706318636e+01
3.508854118158690483e+01 1.231158093991693114e+01
3.381597895402407516e+01 1.183602231134413785e+01
3.254345086644012497e+01 1.136047648992925474e+01
3.127097428249078703e+01 1.088494999164474031e+01
2.999857539788415650e+01 1.040945264806642001e+01
2.872629373332426894e+01 9.933999293684371068e+00
2.745418891332483469e+01 9.458612311953853435e+00
2.618235089400331717e+01 8.983325477143305093e+00
2.491091539484007811e+01 8.508189751464565020e+00
2.364008718246650886e+01 8.033282032578034304e+00
2.237017520211158939e+01 7.558718352924981509e+00
2.110164558566739856e+01 7.084673796293311732e+00
1.983520257866733871e+01 6.611412573281267413e+00
1.857128652330296603e+01 6.139126073552682250e+00
1.730972490959530674e+01 5.667825896812111353e+00
1.605034350560929823e+01 5.197566796911435638e+00
1.479265306383795675e+01 4.728387008486116372e+00
1.353592576623360699e+01 4.260411198400474220e+00
1.227984014167225979e+01 3.794103438703309905e+00
1.102443118532760025e+01 3.330312424488355738e+00
9.770320010902572960e+00 2.870456783431628800e+00
8.518361304045811266e+00 2.416632206173161990e+00
7.269560855843783642e+00 1.971876773723911125e+00
6.025479192994273703e+00 1.540773834383185159e+00
4.788254532271264630e+00 1.130226798334019955e+00
3.560971912806144335e+00 7.506416174062031654e-01
2.348693597643715769e+00 4.178501139287081334e-01
1.158604664474251367e+00 1.556938604303807205e-01
7.361863391154868598e-05 1.317926682735155702e-06
