3.301550676998960654e+01 4.221698111525760311e+01
5.457980423384783819e+01 4.177765824457240029e+01
6.851737449448560824e+01 4.133833537388703405e+01
7.740311619638563911e+01 4.089901250320134096e+01
8.294292292033135539e+01 4.045968963251525707e+01
8.626665256735422815e+01 4.002036676182873265e+01
8.812263800816388937e+01 3.958104389114178900e+01
8.900651729809125356e+01 3.914172102045448298e+01
8.924656179311323001e+01 3.870239814976689985e+01
8.906019151074109175e+01 3.826307527907917461e+01
8.859140691884159935e+01 3.782375240839149200e+01
8.793558108370211812e+01 3.738442953770407229e+01
8.715588019232035322e+01 3.694510666701724944e+01
8.629413928992917704e+01 3.650578379633147819e+01
8.537806553997660330e+01 3.606646092564744066e+01
8.442600909581896929e+01 3.562713805496609609e+01
8.345012293489769206e+01 3.518781518428892241e+01
8.245845566182983077e+01 3.474849231361810808e+01
8.145633759243810346e+01 3.430916944295697135e+01
8.044729876382500322e+01 3.386984657231048601e+01
7.943367693159729015e+01 3.343052370168616250e+01
7.841702024198801269e+01 3.299120083109534818e+01
7.739835391581581803e+01 3.255187796055518845e+01
7.637835686736561058e+01 3.211255509009158260e+01
7.535747867366507080e+01 3.167323221974362468e+01
7.433601703858185772e+01 3.123390934957039988e+01
7.331416909345003319e+01 3.079458647966114526e+01
7.229206537039310376e+01 3.035526361015065788e+01
7.126979230044636893e+01 2.991594074124254732e+01
7.024740711222311518e+01 2.947661787324434712e+01
6.922494769793486569e+01 2.903729500662057461e+01
6.820243914668360219e+01 2.859797214207279481e+01
6.717989807082371101e+01 2.815864928066059036e+01
6.615733547097582345e+01 2.771932642398421720e+01
6.513475863348709538e+01 2.728000357446047630e+01
6.411217238740827895e+01 2.684068073573917346e+01
6.308957993768217420e+01 2.640135791333216275e+01
6.206698341819682696e+01 2.596203511556305799e+01
6.104438426007024532e+01 2.552271235500138147e+01
6.002178343868016697e+01 2.508338965062802117e+01
5.899918164204677851e+01 2.464406703110499208e+01
5.797657938961367563e+01 2.420474453971250028e+01
5.695397712191772399e+01 2.376542224180345286e+01
5.593137527661521347e+01 2.332610023605896288e+01
5.490877436397546774e+01 2.288677867148275169e+01
5.388617505485606074e+01 2.244745777306040679e+01
5.286357829631966609e+01 2.200813788050101039e+01
5.184098547480922292e+01 2.156881950673098558e+01
5.081839865498507436e+01 2.112950342621004296e+01
4.979582093535358212e+01 2.069019080827307278e+01
4.877325698192375825e+01 2.025088341845266271e+01
4.775071383177828466e+01 1.981158392243951738e+01
4.672820210491333626e+01 1.937229634500635456e+01
4.570573783298868875e+01 1.893302676289737718e+01
4.468334521983294394e+01 1.849378435096122431e+01
4.366106080895374220e+01 1.805458296161543430e+01
4.263893977552016423e+01 1.761544350954270755e+01
4.161706542601367431e+01 1.717639757214007901e+01
4.059556354094392816e+01 1.673749282553675144e+01
3.957462402975864535e+01 1.629880125199631991e+01
3.855453362587272892e+01 1.586043153162780150e+01
3.753572525030637053e+01 1.542254775168605008e+01
3.651885254194915120e+01 1.498539765436174953e+01
3.550490238496253426e+01 1.454935528608472417e+01
3.449536480516714221e+01 1.411498539068779401e+01
3.349248948356750333e+01 1.368314063210999088e+01
3.249967304671337587e+01 1.325510838403545577e+01
3.152204304082629349e+01 1.283283235944176326e+01
3.055491737803385988e+01 1.241465005607918570e+01
2.959033419972549339e+01 1.199765928838636775e+01
2.862676737822853212e+01 1.158127813222451152e+01
2.766481369070177720e+01 1.116566376652048653e+01
2.670652254152035354e+01 1.075154957520194010e+01
2.575459612672712240e+01 1.033992641283038871e+01
2.481291785074502343e+01 9.932235118034444810e+00
2.387188805225918742e+01 9.524700961076797867e+00
2.290623530374956829e+01 9.107650778984577755e+00
2.192430915509251221e+01 8.684312969354550660e+00
2.093185521243588099e+01 8.256921921390460994e+00
1.993232552531845059e+01 7.826815334169624272e+00
1.892794114770910952e+01 7.394855241595413631e+00
1.792032601296691396e+01 6.961682466434322869e+00
1.691054698037526194e+01 6.527731822842984144e+00
1.589929567267246746e+01 6.093310817551419234e+00
1.488722999512334155e+01 5.658737882104352579e+00
1.387463677829246578e+01 5.224214328109399119e+00
1.286171042148095189e+01 4.789952145575081310e+00
1.184859344031704609e+01 4.356211776616707887e+00
1.083562711106576160e+01 3.923436096500030335e+00
9.823386916495550736e+00 3.492318097074577743e+00
8.812366581598652715e+00 3.063757548750702941e+00
7.803263562803090636e+00 2.639096878448833561e+00
6.796626926071136943e+00 2.220166853024318598e+00
5.793431791664125363e+00 1.809788710309982784e+00
4.795250014908140734e+00 1.412263568190678997e+00
3.804526712440944092e+00 1.034126969912720684e+00
2.825002725041356300e+00 6.852911102496159756e-01
1.861820896291344729e+00 3.805826563367706306e-01
9.216652257759100353e-01 1.421308127919784781e-01
1.795284809195501477e-05 1.122981027033958591e-06
