-2.793295700194334263e-01 4.134078212076740044e+01
-5.212390722675002142e-01 4.099376375115997462e+01
-7.315439432274826181e-01 4.064667199914414653e+01
-9.144808575927065863e-01 4.030081454358219872e+01
-1.073640525492989939e+00 3.995767640039328228e+01
-1.212218241592218693e+00 3.961846849022526840e+01
-1.333174213552732468e+00 3.928346987004929503e+01
-1.439258165926139643e+00 3.895056239918508112e+01
-1.532590321100002262e+00 3.861803142061195615e+01
-1.614737210358914155e+00 3.828562249441115029e+01
-1.686835486785027705e+00 3.795257621822200633e+01
-1.749120349856877255e+00 3.761244305186664860e+01
-1.801591368018301997e+00 3.725734857454040139e+01
-1.845250314989798968e+00 3.688754828509900108e+01
-1.881108260010174060e+00 3.650427540854470010e+01
-1.910087386232564244e+00 3.610878997624408981e+01
-1.933010673338259711e+00 3.570225278963822291e+01
-1.950605638886453441e+00 3.528573063271081622e+01
-1.963512572444227500e+00 3.486011706090707918e+01
-1.972291219253514694e+00 3.442625801314305534e+01
-1.977432721045294217e+00 3.398503785106917263e+01
-1.979366722614661178e+00 3.353722225362360376e+01
-1.978471607155521950e+00 3.308354027434767630e+01
-1.975078773779377128e+00 3.262462698978407616e+01
-1.969478929105891174e+00 3.216103365308067197e+01
-1.961930916190999685e+00 3.169329681985464120e+01
-1.952662193275700897e+00 3.122188616073920997e+01
-1.941873006810061808e+00 3.074721184798180929e+01
-1.929739545373053922e+00 3.026963086431782912e+01
-1.916416966902262153e+00 2.978945263312002822e+01
-1.902041979131016580e+00 2.930694459501527405e+01
-1.886735187594868135e+00 2.882233742083121086e+01
-1.870605716488832337e+00 2.833588030809079328e+01
-1.853747177368744836e+00 2.784774167692377489e+01
-1.836244429465843320e+00 2.735811516742301208e+01
-1.818172161506152573e+00 2.686717123263051121e+01
-1.799596060375884266e+00 2.637505983879512783e+01
-1.780573730916259034e+00 2.588191280735690825e+01
-1.761155574667488954e+00 2.538784607107553626e+01
-1.741387731631327318e+00 2.489300031296548710e+01
-1.721308577704282694e+00 2.439746550679794979e+01
-1.700951618791856079e+00 2.390132129326067911e+01
-1.680348149853112316e+00 2.340467616648519211e+01
-1.659525659197593983e+00 2.290763075370610480e+01
-1.638506512749578148e+00 2.241024128794727588e+01
-1.617311983258221231e+00 2.191259674669414181e+01
-1.595959230726822442e+00 2.141474422931319310e+01
-1.574464628252829401e+00 2.091676548975152983e+01
-1.552842422096247788e+00 2.041874025269346404e+01
-1.531103731931530376e+00 1.992070934206126154e+01
-1.509259092030596827e+00 1.942275134137732095e+01
-1.487317345329028484e+00 1.892494579431997437e+01
-1.465284622348080878e+00 1.842733582858981833e+01
-1.443166750634335083e+00 1.793000592256077397e+01
-1.420967080537135496e+00 1.743300559458995025e+01
-1.398687738803432445e+00 1.693638861009798191e+01
-1.376330689483441061e+00 1.644025390066475723e+01
-1.353895451470008116e+00 1.594466765189353552e+01
-1.331380062507534268e+00 1.544970424436439238e+01
-1.308781037819244153e+00 1.495544748578192973e+01
-1.286093300146738505e+00 1.446199206216328648e+01
-1.263309996540478819e+00 1.396944530758314329e+01
-1.240420118839741681e+00 1.347787662637965056e+01
-1.217412910088746747e+00 1.298742351711178422e+01
-1.194275485738399922e+00 1.249824162477639256e+01
-1.170992630665697476e+00 1.201050728702601056e+01
-1.147546520459566288e+00 1.152442018089413267e+01
-1.123916287240628753e+00 1.104020664911211824e+01
-1.100077641881828772e+00 1.055812354902845485e+01
-1.076002579217954613e+00 1.007846211312763174e+01
-1.051655022255929772e+00 9.601501685724352697e+00
-1.026997951637187878e+00 9.127615165618230719e+00
-1.001988928168695114e+00 8.657224647911139215e+00
-9.765747719361169699e-01 8.190757999886628227e+00
-9.507002999650345787e-01 7.728755791180494938e+00
-9.242978182898230477e-01 7.271780212328690318e+00
-8.972912355261424278e-01 6.820473799190460262e+00
-8.695950663418363646e-01 6.375569671115817627e+00
-8.411071286613343023e-01 5.937843153906877447e+00
-8.117127995409211261e-01 5.508185075745569925e+00
-7.812827792962652174e-01 5.087617927010599672e+00
-7.496644824063202206e-01 4.677244208961845118e+00
-7.166868049185084466e-01 4.278332701671475391e+00
-6.821427544954949962e-01 3.892174412648484072e+00
-6.457990947514898883e-01 3.520168397040141617e+00
-6.073933227573551363e-01 3.163301279507026553e+00
-5.667989478259621849e-01 2.821663743913764844e+00
-5.242766725741647704e-01 2.494646659592772764e+00
-4.803267829810469736e-01 2.181659783711406231e+00
-4.354723729789810593e-01 1.882457908272151537e+00
-3.899854261689221224e-01 1.598060535473768251e+00
-3.442886032515085626e-01 1.329172224919011880e+00
-2.988550756619363646e-01 1.076427948242889787e+00
-2.539577601173549914e-01 8.417164832511148109e-01
-2.097185536534919015e-01 6.279912273262963085e-01
-1.662101810693751847e-01 4.386512312643122691e-01
-1.236479090448354551e-01 2.762771848632660787e-01
-8.194775023499892286e-02 1.450259037414368957e-01
-4.082908320902541716e-02 5.075398365591400618e-02
-3.137839728822321899e-10 2.259753205311329952e-07
