-4.506991592737286823e+01 -9.389671361361912050e-01
-7.435344164022650659e+01 -9.286477454433054168e-01
-9.319867415632228358e+01 -9.183283547503843236e-01
-1.051499117849811853e+02 -9.080089640573881793e-01
-1.125480837102600731e+02 -8.976895733642653585e-01
-1.169392344627918590e+02 -8.873701826709436968e-01
-1.193444342747749971e+02 -8.770507919773187222e-01
-1.204380388108882016e+02 -8.667314012832346704e-01
-1.206654191884861689e+02 -8.564120105884566181e-01
-1.203207157420034719e+02 -8.460926198926299602e-01
-1.195981898384440427e+02 -8.357732291952166825e-01
-1.186261387560694942e+02 -8.254538384954025476e-01
-1.174892944825585914e+02 -8.151344477919532094e-01
-1.162436168091915789e+02 -8.048150570829982753e-01
-1.149260632966447133e+02 -7.944956663657043450e-01
-1.135610417542793726e+02 -7.841762756357780750e-01
-1.121646717115136767e+02 -7.738568848867156680e-01
-1.107475988560554896e+02 -7.635374941086644496e-01
-1.093168537919319476e+02 -7.532181032866993586e-01
-1.078770796278732860e+02 -7.428987123982122576e-01
-1.064313427166406711e+02 -7.325793214089572070e-01
-1.049816680916189569e+02 -7.222599302670619226e-01
-1.035293930836940035e+02 -7.119405388939568091e-01
-1.020754008583507897e+02 -7.016211471706366165e-01
-1.006202746484459425e+02 -6.913017549168549714e-01
-9.916439961229369260e+01 -6.809823618596138051e-01
-9.770803010238510922e+01 -6.706629675854431927e-01
-9.625133409081739444e+01 -6.603435714681327173e-01
-9.479442250901392697e+01 -6.500241725592876829e-01
-9.333736862523625177e+01 -6.397047694225908021e-01
-9.188022084385904975e+01 -6.293853598828155205e-01
-9.042301116169362274e+01 -6.190659406457474923e-01
-8.896576075825568353e+01 -6.087465067226273119e-01
-8.750848369636612745e+01 -5.984270505585844724e-01
-8.605118937946143376e+01 -5.881075607128420923e-01
-8.459388419485165400e+01 -5.777880198601985651e-01
-8.313657262998341935e+01 -5.674684017647708689e-01
-8.167925805671625028e+01 -5.571486666975288271e-01
-8.022194332062872490e+01 -5.468287544974201886e-01
-7.876463123830988877e+01 -5.365085740644480738e-01
-7.730732508951048487e+01 -5.261879874500877685e-01
-7.585002919012173095e+01 -5.158667857671479506e-01
-7.439274964605358775e+01 -5.055446527129326961e-01
-7.293549541966460481e+01 -4.952211093369830452e-01
-7.147827989496113332e+01 -4.848954304102598978e-01
-7.002112321486268343e+01 -4.745665177947064328e-01
-6.856405579862304478e+01 -4.642327087051948964e-01
-6.710712365353627717e+01 -4.538914853893596946e-01
-6.565039640831032841e+01 -4.435390355404340568e-01
-6.419397947064909715e+01 -4.331695866993915400e-01
-6.273803243159428433e+01 -4.227743984461457827e-01
-6.128279692974187043e+01 -4.123402364369910811e-01
-5.982863883995132426e+01 -4.018470618869965927e-01
-5.837611215192585945e+01 -3.912645331293411188e-01
-5.692605569064158999e+01 -3.805467084965962754e-01
-5.547973956410706364e+01 -3.696240257553745079e-01
-5.403908690530489878e+01 -3.583911578636497786e-01
-5.260700962001811831e+01 -3.466886249007365417e-01
-5.118791675544408548e+01 -3.342749519556623694e-01
-4.978848424082884350e+01 -3.207845122404893723e-01
-4.841882038215280204e+01 -3.056636955636951591e-01
-4.709423058461791811e+01 -2.880742582435720789e-01
-4.583788939170835874e+01 -2.667469809271483805e-01
-4.468488438856822142e+01 -2.397600975050623584e-01
-4.349586944483586137e+01 -2.143501988013155057e-01
-4.227668993310161483e+01 -1.915022890666317756e-01
-4.103001567414730744e+01 -1.719508969965992951e-01
-3.975583996179388180e+01 -1.557538924726011853e-01
-3.845941770577080376e+01 -1.425074928079914371e-01
-3.715081728977777686e+01 -1.318966929623876516e-01
-3.583788376924546526e+01 -1.238389426141768557e-01
-3.453149856869027445e+01 -1.184848067777796859e-01
-3.324376488630028348e+01 -1.162045134211649455e-01
-3.198645473718563537e+01 -1.174511392475542648e-01
-3.077049760033894543e+01 -1.226717063183344197e-01
-2.960208978332228114e+01 -1.320343817376705697e-01
-2.849153583329049511e+01 -1.458182842130408829e-01
-2.742051160093514284e+01 -1.616277019226711742e-01
-2.626035935788840447e+01 -1.699113345447778312e-01
-2.502855846558951924e+01 -1.722077035691605418e-01
-2.374736385326971444e+01 -1.701135588066615967e-01
-2.243359455108911149e+01 -1.647549811586861701e-01
-2.109981764847242758e+01 -1.568484119054754378e-01
-1.975656463881039926e+01 -1.468263485137434876e-01
-1.841262194474255409e+01 -1.349247540328538386e-01
-1.707495947706258832e+01 -1.213079061810097004e-01
-1.574797212181401740e+01 -1.062544205602090897e-01
-1.443795367645257244e+01 -8.998405902796084710e-02
-1.315022452995844304e+01 -7.287454334974231840e-02
-1.188735383817440727e+01 -5.561483088211226222e-02
-1.064592785621129600e+01 -3.933750167384545554e-02
-9.414545930420318953e+00 -2.525786669618402050e-02
-8.190381931609302057e+00 -1.368577684813761068e-02
-6.975074508090014724e+00 -4.699286775405428669e-03
-5.769187881234878468e+00 1.483997877277049753e-03
-4.580995312260110808e+00 4.744397321902836008e-03
-3.419609989310548492e+00 5.180233827568247670e-03
-2.280962581911085696e+00 3.352368367376172120e-03
-1.155519087056164240e+00 6.551072941549737497e-04
-4.652545416815910762e-06 -3.913374169274713839e-09
