-4.790189573778555854e+01 -1.398601398257385497e+00
-7.900698779529692217e+01 -1.382905106517538174e+00
-9.901164924996639627e+01 -1.367208814777690185e+00
-1.116868085009440676e+02 -1.351512523037841751e+00
-1.195224089801768343e+02 -1.335816231297994428e+00
-1.241625235786323742e+02 -1.320119939558151989e+00
-1.266927092710435119e+02 -1.304423647818321541e+00
-1.278297431125296697e+02 -1.288727356078513298e+00
-1.280469021369705729e+02 -1.273031064338743468e+00
-1.276566838581458114e+02 -1.257334772599036699e+00
-1.268654254279803979e+02 -1.241638480859428961e+00
-1.258093678859255817e+02 -1.225942189119975101e+00
-1.245784688676337595e+02 -1.210245897380757496e+00
-1.232321257947292708e+02 -1.194549605641899825e+00
-1.218095576688905197e+02 -1.178853313903590383e+00
-1.203366600171807477e+02 -1.163157022166112498e+00
-1.188305311086914742e+02 -1.147460730429895603e+00
-1.173024605446533286e+02 -1.131764438695590513e+00
-1.157599025759122640e+02 -1.116068146964181773e+00
-1.142077790508772352e+02 -1.100371855237160856e+00
-1.126493397286883038e+02 -1.084675563516787511e+00
-1.110867303276607316e+02 -1.068979271806483666e+00
-1.095213675961944091e+02 -1.053282980111432954e+00
-1.079541869640098355e+02 -1.037586688439485982e+00
-1.063858060605632545e+02 -1.021890396802534795e+00
-1.048166326822600922e+02 -1.006194105218590984e+00
-1.032469360804400225e+02 -9.904978137149361705e-01
-1.016768940309810461e+02 -9.748015223328917456e-01
-1.001066239132198064e+02 -9.591052311350436455e-01
-9.853620323082532195e+01 -9.434089402161854876e-01
-9.696568316176696101e+01 -9.277126497198915356e-01
-9.539509750601791893e+01 -9.120163598636181757e-01
-9.382446859515542315e+01 -8.963200709767203955e-01
-9.225381119694753806e+01 -8.806237835580308371e-01
-9.068313509752456980e+01 -8.649274983630639291e-01
-8.911244681256140154e+01 -8.492312165360892395e-01
-8.754175072663433355e+01 -8.335349398101618013e-01
-8.597104985995014204e+01 -8.178386708100697788e-01
-8.440034639650110648e+01 -8.021424135111551168e-01
-8.282964206598904866e+01 -7.864461739342037960e-01
-8.125893844629509033e+01 -7.707499611978616549e-01
-7.968823723937825321e+01 -7.550537891125284062e-01
-7.811754056883761166e+01 -7.393576785943143381e-01
-7.654685135115640549e+01 -7.236616613209830851e-01
-7.497617380552213717e+01 -7.079657852688792108e-01
-7.340551419133616662e+01 -6.922701230985962573e-01
-7.183488190232120019e+01 -6.765747848550515142e-01
-7.026429110846106596e+01 -6.608799372017070128e-01
-6.869376323275764662e+01 -6.451858325507211500e-01
-6.712333069569986321e+01 -6.294928531804396821e-01
-6.555304258191155498e+01 -6.138015780511377750e-01
-6.398297321940578541e+01 -5.981128839971662225e-01
-6.241323517094204476e+01 -5.824280989820304066e-01
-6.084399890813661216e+01 -5.667492342026051455e-01
-5.927552260699938103e+01 -5.510793356101565399e-01
-5.770819727261344667e+01 -5.354230162878613752e-01
-5.614261507993637679e+01 -5.197872627352045916e-01
-5.457967287547608493e+01 -5.041826559840251187e-01
-5.302072893011343524e+01 -4.886252209767446564e-01
-5.146784034074590863e+01 -4.731392274472049908e-01
-4.992412257449455382e+01 -4.577614318514064418e-01
-4.839429399770948947e+01 -4.425475017665310151e-01
-4.688550049765215277e+01 -4.275817455993501381e-01
-4.539976512014528964e+01 -4.128949704565640366e-01
-4.392728950436617197e+01 -3.983694964145330086e-01
-4.246642342412128102e+01 -3.839626300495598277e-01
-4.102015857251883091e+01 -3.696855318852603212e-01
-3.959174063771736485e+01 -3.555606250264932156e-01
-3.817946747219459525e+01 -3.415790198854961046e-01
-3.678156154020216206e+01 -3.277330721413811987e-01
-3.539249859798167108e+01 -3.140045181678089992e-01
-3.401188646413412187e+01 -3.005486806664965926e-01
-3.264416998591406127e+01 -2.876436212474288157e-01
-3.129317489157741861e+01 -2.756318690556657791e-01
-2.995925142372301764e+01 -2.648942492422186046e-01
-2.864267967574359375e+01 -2.558548436273451188e-01
-2.734735839347993291e+01 -2.489812468711374849e-01
-2.608822464122588514e+01 -2.449410079585302158e-01
-2.488429901215205220e+01 -2.445062979268692038e-01
-2.375908853575996105e+01 -2.485597466185421600e-01
-2.271795697803381486e+01 -2.570293148545241824e-01
-2.172779000828708362e+01 -2.682859778754227986e-01
-2.061621906517861902e+01 -2.734716634549419489e-01
-1.940049423428065722e+01 -2.730503998673090016e-01
-1.811161338454127190e+01 -2.683374098191549928e-01
-1.677749297086492319e+01 -2.605003118961050634e-01
-1.541745961124665953e+01 -2.503167674065626680e-01
-1.404585484143744267e+01 -2.383282117746248485e-01
-1.267196549432912533e+01 -2.248728792274735933e-01
-1.130456314708984955e+01 -2.101713832756642031e-01
-9.947556815191559210e+00 -1.942607607786372426e-01
-8.603646704159981340e+00 -1.770078261618116822e-01
-7.281365831237734731e+00 -1.581912633446182770e-01
-5.993515549304499146e+00 -1.376478211180536260e-01
-4.756584383924407078e+00 -1.153404769367626648e-01
-3.590752750422648187e+00 -9.134227943149747508e-02
-2.520528804321738647e+00 -6.592056521081564313e-02
-1.576554445205881949e+00 -3.976259937569556063e-02
-7.690336656451345343e-01 -1.516716785729306689e-02
-1.958503401708620905e-06 -3.482661826011863873e-08
