-4.284199768148574350e+01 -3.455036154988446739e+00
-7.067807637334702520e+01 -3.417867527254453197e+00
-8.859221411690455739e+01 -3.380698899520434342e+00
-9.995327255326152738e+01 -3.343530271786365304e+00
-1.069863416205651561e+02 -3.306361644052216775e+00
-1.111609871672601031e+02 -3.269193016317952782e+00
-1.134477871725015063e+02 -3.232024388583526697e+00
-1.144877616794070576e+02 -3.194855760848867021e+00
-1.147042732489324237e+02 -3.157687133113869837e+00
-1.143769319530995858e+02 -3.120518505378376162e+00
-1.136904061700750361e+02 -3.083349877642142634e+00
-1.127666598402778249e+02 -3.046181249904802435e+00
-1.116862436715221207e+02 -3.009012622165794237e+00
-1.105023569834257131e+02 -2.971843994424269386e+00
-1.092501348917312356e+02 -2.934675366678936914e+00
-1.079527820491500307e+02 -2.897506738927843717e+00
-1.066256236822182615e+02 -2.860338111168029052e+00
-1.052787810989621420e+02 -2.823169483395004509e+00
-1.039189387242792435e+02 -2.786000855601972415e+00
-1.025505111329170660e+02 -2.748832227778634785e+00
-1.011764138103078494e+02 -2.711663599909393429e+00
-9.979857219567318793e+01 -2.674494971970621471e+00
-9.841825787426205352e+01 -2.637326343926532868e+00
-9.703631061101233968e+01 -2.600157715722924756e+00
-9.565328498900022680e+01 -2.562989087277702804e+00
-9.426954725391354373e+01 -2.525820458466531804e+00
-9.288533927283589264e+01 -2.488651829101103274e+00
-9.150082077437696171e+01 -2.451483198896224458e+00
-9.011609724540653588e+01 -2.414314567419982627e+00
-8.873123835542224924e+01 -2.377145934018269902e+00
-8.734629012574299622e+01 -2.339977297700496006e+00
-8.596128296855427209e+01 -2.302808656966516931e+00
-8.457623699967464859e+01 -2.265640009544560129e+00
-8.319116555286390735e+01 -2.228471351994368632e+00
-8.180607750944172096e+01 -2.191302679106262641e+00
-8.042097885010443292e+01 -2.154133982991175422e+00
-7.903587369999206658e+01 -2.116965251702769280e+00
-7.765076504955547421e+01 -2.079796467151020067e+00
-7.626565527714846837e+01 -2.042627601942989202e+00
-7.488054656463614833e+01 -2.005458614599157308e+00
-7.349544127861913978e+01 -1.968289442310128035e+00
-7.211034238386147877e+01 -1.931119989969086070e+00
-7.072525396112433782e+01 -1.893950113565238347e+00
-6.934018191983030022e+01 -1.856779595039043107e+00
-6.795513502999202160e+01 -1.819608104209500921e+00
-6.657012645357295355e+01 -1.782435141126991862e+00
-6.518517604263239207e+01 -1.745259948788071114e+00
-6.380031380546537179e+01 -1.708081380974888486e+00
-6.241558514584189510e+01 -1.670897702148255393e+00
-6.103105878997548217e+01 -1.633706284462439040e+00
-5.964683878503677761e+01 -1.596503149011026856e+00
-5.826308266377774459e+01 -1.559282271221731131e+00
-5.688002894621616434e+01 -1.522034529147120230e+00
-5.549803877924545503e+01 -1.484746111060962992e+00
-5.411765898300789246e+01 -1.447396104384113258e+00
-5.273971750972248884e+01 -1.409952845052924841e+00
-5.136546797872027526e+01 -1.372368390059258036e+00
-4.999680851842234830e+01 -1.334570148260133315e+00
-4.863661311742211524e+01 -1.296448208482273712e+00
-4.728923332710707683e+01 -1.257836152832307430e+00
-4.596125789596998601e+01 -1.218482005844522931e+00
-4.466266294221207289e+01 -1.178004248119291164e+00
-4.340855344668619153e+01 -1.135825215821216760e+00
-4.222179897291814399e+01 -1.091070265193011757e+00
-4.109970697975425935e+01 -1.043566793768873291e+00
-3.999642882541688493e+01 -9.959821975893518031e-01
-3.891562585438396837e+01 -9.488203267395538543e-01
-3.785624814610189759e+01 -9.028997405272858323e-01
-3.680823344991403445e+01 -8.595276455264022619e-01
-3.568878800136380391e+01 -8.188568167116661023e-01
-3.450715002363141792e+01 -7.798113641376890337e-01
-3.328178028422327372e+01 -7.418029818994775759e-01
-3.202841141659138202e+01 -7.045150850701815681e-01
-3.075927690522797064e+01 -6.677767616574783460e-01
-2.948369357777328048e+01 -6.315138075322205280e-01
-2.820809850364141624e+01 -5.957063510542268681e-01
-2.693318585348673011e+01 -5.602540464181707813e-01
-2.565756284743845228e+01 -5.249950462277374053e-01
-2.437975007062371446e+01 -4.898566263794062459e-01
-2.310203483424928095e+01 -4.549334489279792115e-01
-2.182868843882283727e+01 -4.203690204865216939e-01
-2.056655696648912368e+01 -3.863505560516801163e-01
-1.932086952471730257e+01 -3.530128039789449668e-01
-1.808878062901247930e+01 -3.202774186718488902e-01
-1.686204694649236657e+01 -2.881118208044157747e-01
-1.564627415614726047e+01 -2.569099330299155493e-01
-1.445138413610601802e+01 -2.272340226311606315e-01
-1.328202746243186105e+01 -1.996351955865238725e-01
-1.213409503724844463e+01 -1.744203624590480173e-01
-1.099864706607950993e+01 -1.512349901801945673e-01
-9.869417807279251775e+00 -1.295454208437358257e-01
-8.738197836163296373e+00 -1.088344053175119702e-01
-7.599649077113959095e+00 -8.868059960333680991e-02
-6.453163057525257429e+00 -6.905378007911329441e-02
-5.312970835154510851e+00 -5.087903271023920537e-02
-4.196977260829890533e+00 -3.527272140012138041e-02
-3.117919934913863322e+00 -2.282666485477689161e-02
-2.078630396840072336e+00 -1.328312371234033860e-02
-1.058971267477244904e+00 -6.028175504473970610e-03
-4.162236166047774189e-06 -3.646559883227263185e-08
