-4.738270243443940188e+01 -2.180232557444442776e+00
-7.820242910748035570e+01 -2.156949355371296395e+00
-9.805769937496569355e+01 -2.133666153298142909e+00
-1.106680439417331883e+02 -2.110382951224976100e+00
-1.184913571362723843e+02 -2.087099749151792416e+00
-1.231516793238805150e+02 -2.063816547078591856e+00
-1.257220858141641315e+02 -2.040533345005374866e+00
-1.269116042715869668e+02 -2.017250142932147217e+00
-1.271887195480964436e+02 -1.993966940858914016e+00
-1.268629789965515329e+02 -1.970683738785685701e+00
-1.261389128714277348e+02 -1.947400536712475372e+00
-1.251516620331244809e+02 -1.924117334639302346e+00
-1.239905188152530400e+02 -1.900834132566194157e+00
-1.227144815506034519e+02 -1.877550930493190995e+00
-1.213625321445714604e+02 -1.854267728420352368e+00
-1.199604269174577951e+02 -1.830984526347767538e+00
-1.185251836005729871e+02 -1.807701324275570842e+00
-1.170680460751446788e+02 -1.784418122203964563e+00
-1.155964432874959869e+02 -1.761134920133255122e+00
-1.141152835727887833e+02 -1.737851718063904816e+00
-1.126278098556088167e+02 -1.714568515996615083e+00
-1.111361647046895911e+02 -1.691285313932445522e+00
-1.096417636777378704e+02 -1.668002111873002180e+00
-1.081455419972188423e+02 -1.644718909820714670e+00
-1.066481175322321633e+02 -1.621435707779262714e+00
-1.051498984817702080e+02 -1.598152505754216746e+00
-1.036511545211081682e+02 -1.574869303754010685e+00
-1.021520638077939083e+02 -1.551586101791411210e+00
-1.006527440379213658e+02 -1.528302899885747301e+00
-9.915327296446494643e+01 -1.505019698066278222e+00
-9.765370195335314918e+01 -1.481736496377298762e+00
-9.615406493981301139e+01 -1.458453294885859064e+00
-9.465438434598929973e+01 -1.435170093693459270e+00
-9.315467499129698581e+01 -1.411886892953740480e+00
-9.165494667714463617e+01 -1.388603692899269548e+00
-9.015520589662472162e+01 -1.365320493882076214e+00
-8.865545696724714730e+01 -1.342037296435010685e+00
-8.715570278422015349e+01 -1.318754101364607800e+00
-8.565594532563306984e+01 -1.295470909891644373e+00
-8.415618599764013652e+01 -1.272187723863869913e+00
-8.265642587984730483e+01 -1.248904546077978628e+00
-8.115666591369927119e+01 -1.225621380766908741e+00
-7.965690706672179999e+01 -1.202338234337360978e+00
-7.815715050125812979e+01 -1.179055116486010579e+00
-7.665739777711480940e+01 -1.155772041888853296e+00
-7.515765112343423482e+01 -1.132489032757954872e+00
-7.365791382716736280e+01 -1.109206122710962861e+00
-7.215819080582882350e+01 -1.085923362627406297e+00
-7.065848946431624711e+01 -1.062640829511861229e+00
-6.915882098505609576e+01 -1.039358639907818516e+00
-6.765920227621860761e+01 -1.016076970198734886e+00
-6.615965891737184279e+01 -9.927960873323961044e-01
-6.466022961568540950e+01 -9.695163953202924345e-01
-6.316097294891025626e+01 -9.462385056115031334e-01
-6.166197756968480093e+01 -9.229633435992208312e-01
-6.016337764862915094e+01 -8.996923098119482543e-01
-5.866537624621149405e+01 -8.764275238669269052e-01
-5.716828068445234834e+01 -8.531721936798395411e-01
-5.567255607974664855e+01 -8.299311742435329098e-01
-5.417890636152810657e+01 -8.067118133102033628e-01
-5.268839688922354725e+01 -7.835252312883245196e-01
-5.120264002593921049e+01 -7.603882583031994491e-01
-4.972407599379219789e+01 -7.373263658435809109e-01
-4.825639793303990643e+01 -7.143781036658694017e-01
-4.680519520628809005e+01 -6.916018148282002675e-01
-4.537892657439372357e+01 -6.690857987765295167e-01
-4.396762854839147394e+01 -6.465756593637759231e-01
-4.256626383127249369e+01 -6.238858980340797888e-01
-4.117342822835696836e+01 -6.008697883978313392e-01
-3.978935007975989180e+01 -5.773421949824765198e-01
-3.842203885807967367e+01 -5.531333203336545878e-01
-3.708259087140824306e+01 -5.280243585896942093e-01
-3.578120769388144851e+01 -5.017807975231235451e-01
-3.452214976995352202e+01 -4.743078411773209990e-01
-3.329388220039093937e+01 -4.459864299928814058e-01
-3.204676781650392314e+01 -4.180352007660722569e-01
-3.076035437749848711e+01 -3.912078370633324531e-01
-2.943525779800479825e+01 -3.657144773423482431e-01
-2.807724737728706543e+01 -3.414068694741637655e-01
-2.669622901913029267e+01 -3.180843426626316361e-01
-2.530082214330488455e+01 -2.956377415470775039e-01
-2.390081130977154800e+01 -2.740949776708120345e-01
-2.250518140203195117e+01 -2.535825162645219955e-01
-2.112477553049956214e+01 -2.343795201936413330e-01
-1.976966127229454528e+01 -2.168202460791175124e-01
-1.845176047415129972e+01 -2.013276579683133949e-01
-1.718369267522463417e+01 -1.883420521211854048e-01
-1.598031858998545474e+01 -1.784099369300654325e-01
-1.480547262547822385e+01 -1.694175693867822352e-01
-1.358457305303053886e+01 -1.575408597357159657e-01
-1.230605841781644827e+01 -1.427673226327982881e-01
-1.098649636682935693e+01 -1.260247150517593284e-01
-9.639853371694112383e+00 -1.080455109779346196e-01
-8.274999497291936734e+00 -8.940345949353571686e-02
-6.897390020163379987e+00 -7.062211197095992488e-02
-5.513290447025745777e+00 -5.227050865547414743e-02
-4.127806470803350614e+00 -3.499753418742779232e-02
-2.745783893944249598e+00 -1.965228328141584505e-02
-1.371108632932645621e+00 -7.423627172151498269e-03
-8.374165477479876598e-06 -4.493968657263204793e-08
