-4.068770363014171210e+01 8.670520841904162390e-01
-6.708401106625335331e+01 8.595051712847812109e-01
-8.404158011566458697e+01 8.519582583789780950e-01
-9.476965832703115211e+01 8.444113454728106039e-01
-1.013863310952804255e+02 8.368644325660178351e-01
-1.052895148875740432e+02 8.293175196582290853e-01
-1.074018214425714177e+02 8.217706067488996791e-01
-1.083321658422340761e+02 8.142236938372149346e-01
-1.084824263214123050e+02 8.066767809219481666e-01
-1.081178387404257251e+02 7.991298680012438593e-01
-1.074134562758169693e+02 7.915829550722944807e-01
-1.064848123798942083e+02 7.840360421308495420e-01
-1.054081580460399152e+02 7.764891291704681953e-01
-1.042338182137479095e+02 7.689422161813933565e-01
-1.029950068705139614e+02 7.613953031488411849e-01
-1.017136449363106436e+02 7.538483900504130419e-01
-1.004042000127326304e+02 7.463014768521701869e-01
-9.907622058142321464e+01 7.387545635026915303e-01
-9.773600855131809340e+01 7.312076499240635075e-01
-9.638772312424704580e+01 7.236607359982353271e-01
-9.503410933605981370e+01 7.161138215463382917e-01
-9.367697888722612731e+01 7.085669062973560806e-01
-9.231752748696943911e+01 7.010199898406533903e-01
-9.095654429810352326e+01 6.934730715540448065e-01
-8.959455016970044028e+01 6.859261504948136468e-01
-8.823188887093488120e+01 6.783792252345818286e-01
-8.686878730696012951e+01 6.708322936091094535e-01
-8.550539526445173522e+01 6.632853523392009398e-01
-8.414181164879389030e+01 6.557383964563103795e-01
-8.277810180871129830e+01 6.481914184322334904e-01
-8.141430898299279306e+01 6.406444068604438824e-01
-8.005046187435705463e+01 6.330973444580895171e-01
-7.868657967712671564e+01 6.255502050386702040e-01
-7.732267543937672372e+01 6.180029489251271935e-01
-7.595875834848321517e+01 6.104555159998790170e-01
-7.459483534041829955e+01 6.029078151744311498e-01
-7.323091231468048079e+01 5.953597084340179757e-01
-7.186699516767261287e+01 5.878109866624897650e-01
-7.050309082553756923e+01 5.802613330128451041e-01
-6.913920845736684839e+01 5.727102674072821475e-01
-6.777536108129284287e+01 5.651570624452076919e-01
-6.641156784479261432e+01 5.576006159893848180e-01
-6.504785737863082318e+01 5.500392581119892821e-01
-6.368427281193003608e+01 5.424704585846219507e-01
-6.232087932682711795e+01 5.348903836752718632e-01
-6.095777557601687846e+01 5.272932246193504646e-01
-5.959511096312209588e+01 5.196701801375952501e-01
-5.823311181278349835e+01 5.120079147753696658e-01
-5.687212101451904545e+01 5.042862230210600760e-01
-5.551265808451697836e+01 4.964744900429489682e-01
-5.415551016600864642e+01 4.885263290957271853e-01
-5.280186990818101833e+01 4.803714562673248034e-01
-5.145354437500881772e+01 4.719033793202985216e-01
-5.011327157724754500e+01 4.629607441651872324e-01
-4.878520007249871071e+01 4.532990715534480630e-01
-4.747561564186425898e+01 4.425479332971906654e-01
-4.619404233055298192e+01 4.301460668630831541e-01
-4.495491071477256639e+01 4.152430628016859360e-01
-4.378008561468930537e+01 3.965504042625992986e-01
-4.270269601697941653e+01 3.721157661924556770e-01
-4.177293807033093032e+01 3.389810397292560284e-01
-4.106686718774142975e+01 2.926641804057629193e-01
-4.030688502120190009e+01 2.442150215160177884e-01
-3.950177202865698689e+01 1.971002477924652108e-01
-3.869859057553594539e+01 1.506292644246802204e-01
-3.776947722270074337e+01 1.166028684261912196e-01
-3.673683537413660360e+01 9.249733970130376293e-02
-3.563455004669782511e+01 7.584060692328423170e-02
-3.448828955275678965e+01 6.504385595656055064e-02
-3.331775613815759129e+01 5.915509573694295586e-02
-3.213794581193827327e+01 5.763193404865251529e-02
-3.095939349049727340e+01 6.007732528175446785e-02
-2.978999195410135670e+01 6.622203529742548556e-02
-2.863625943281272512e+01 7.594301157399330204e-02
-2.749011415620048382e+01 8.757237200942340205e-02
-2.634494447468768996e+01 9.891744058535535677e-02
-2.519016450167721288e+01 1.070698512886473081e-01
-2.401729987765980212e+01 1.101485769506966583e-01
-2.283211943900624519e+01 1.082674703590627563e-01
-2.164666650933138570e+01 1.017773307608856592e-01
-2.047026842045903550e+01 9.067983632967205332e-02
-1.931106623071527650e+01 7.473645319892746608e-02
-1.817743968269282107e+01 5.373746313926740931e-02
-1.707292382373194428e+01 2.816439871698805247e-02
-1.599568186455380570e+01 -5.875767147033726830e-04
-1.487910028426301778e+01 -2.539106356690002536e-02
-1.371905205732721811e+01 -4.525420253728704156e-02
-1.252696275267970982e+01 -6.076190020283053772e-02
-1.131370060437161662e+01 -7.251530897322600033e-02
-1.008874728790660491e+01 -8.088091917100750927e-02
-8.861774714283150445e+00 -8.605290931558955136e-02
-7.642084415635192585e+00 -8.808859529781577768e-02
-6.440289253293284943e+00 -8.690023539027265376e-02
-5.267951538942984513e+00 -8.243544055832294215e-02
-4.137060957473515543e+00 -7.488311410436769566e-02
-3.067490254159456420e+00 -6.404208820769667632e-02
-2.082570913083011455e+00 -5.008806438657680687e-02
-1.210203548977492494e+00 -3.388811292207312420e-02
-4.925490596573727231e-01 -1.677120299748275506e-02
-6.253284075106048780e-04 -3.320872231593631610e-05
