-4.576354712196726382e+01 -1.083743944733688513e+00
-4.576305635680233053e+01 -1.082592352208916919e+00
-4.504024901093837485e+01 -1.057774879659590939e+00
-4.430318216580095481e+01 -1.031000869341340387e+00
-4.355850372794169800e+01 -1.003766671792585718e+00
-4.292230076808488093e+01 -9.879160107340493324e-01
-4.234178437281157414e+01 -9.752772331790875437e-01
-4.176369776505795528e+01 -9.589929118612399161e-01
-4.118848033480583837e+01 -9.417437541527960976e-01
-4.061765732769953274e+01 -9.239328122568177815e-01
-4.005254127738727021e+01 -9.059168134498466474e-01
-3.949001834329671823e+01 -8.871522849309075864e-01
-3.892896100324477260e+01 -8.675246932752439522e-01
-3.837016335819357948e+01 -8.469505959406279372e-01
-3.781158101845027630e+01 -8.253528546325580306e-01
-3.725379876743971153e+01 -8.026004109450859403e-01
-3.669586524020123619e+01 -7.779418871801669910e-01
-3.613860331358706190e+01 -7.520331674739604289e-01
-3.558230921219459475e+01 -7.254955262750586442e-01
-3.502727482972825612e+01 -6.986811370117205211e-01
-3.447392787715569540e+01 -6.719904831263617817e-01
-3.392245682599183709e+01 -6.454696139602372762e-01
-3.337297519698203985e+01 -6.191230657227828615e-01
-3.282560221016677104e+01 -5.929052411753118479e-01
-3.228037916509356364e+01 -5.668950330533694126e-01
-3.173743713708638126e+01 -5.409364799714067029e-01
-3.119657298029934367e+01 -5.149699903929971789e-01
-3.065784494816150030e+01 -4.890662358124870379e-01
-3.012113502629555839e+01 -4.636068207562783483e-01
-2.958637599005875174e+01 -4.386547385810654065e-01
-2.905348323505998565e+01 -4.142928423360667245e-01
-2.852261353528009380e+01 -3.905600077696789740e-01
-2.799356301244757361e+01 -3.672555961165941407e-01
-2.746633612101966548e+01 -3.441315115974419303e-01
-2.694108007952567618e+01 -3.214334596352217965e-01
-2.641766790470468962e+01 -2.990435057614616587e-01
-2.589626409049538225e+01 -2.773797193411666195e-01
-2.537653926741012711e+01 -2.563042729778618467e-01
-2.485824054938869310e+01 -2.357526727997777682e-01
-2.434151832171010454e+01 -2.159088631035168682e-01
-2.382672460164224049e+01 -1.969395020687438325e-01
-2.331411979424241920e+01 -1.788515853622237028e-01
-2.280365862283784395e+01 -1.617176890998758276e-01
-2.229542143435091361e+01 -1.456396605070633676e-01
-2.178957537622542162e+01 -1.305274085309700294e-01
-2.128629853476050116e+01 -1.165844553833500080e-01
-2.078532874298142019e+01 -1.037400308208475119e-01
-2.028691532491184901e+01 -9.189700721496270319e-02
-1.979072478781978006e+01 -8.102657600519376502e-02
-1.929674380050280291e+01 -7.114346305618993171e-02
-1.880531734889466478e+01 -6.221534610731895010e-02
-1.831629789574761702e+01 -5.412749207424209091e-02
-1.782949883633571275e+01 -4.700232240758512453e-02
-1.734487915467252961e+01 -4.074311784752457366e-02
-1.686256484454371929e+01 -3.498443199585869745e-02
-1.638194272477198510e+01 -2.938658000321342501e-02
-1.590269372004575921e+01 -2.393329939510787860e-02
-1.542520769252502078e+01 -1.911339868425167288e-02
-1.494988484275967267e+01 -1.470517509946368644e-02
-1.447700909020821669e+01 -1.073986690747709589e-02
-1.400686306707696538e+01 -6.822168692606953543e-03
-1.353981197234790734e+01 -3.062263317732929341e-03
-1.307561991657084555e+01 5.044575819906746590e-04
-1.261430761748385265e+01 3.747169615404188827e-03
-1.215672891517489518e+01 6.572483293053773580e-03
-1.170345388340816406e+01 9.576223981620352738e-03
-1.125420118116817036e+01 1.273798602010965675e-02
-1.080940990150958214e+01 1.598160801201270464e-02
-1.036917592231850094e+01 1.913554441936448150e-02
-9.932839912285704287e+00 2.189355319475551342e-02
-9.500404863641080055e+00 2.414148164897624016e-02
-9.072587352182047482e+00 2.607407239193674717e-02
-8.650218004409792272e+00 2.781813218851165656e-02
-8.233562987334897443e+00 2.911909588714951813e-02
-7.822870770303122612e+00 2.997063661996389808e-02
-7.418363383868888050e+00 3.052587603398333391e-02
-7.019987608591884864e+00 3.103136805576396304e-02
-6.627858079666954616e+00 3.141878547451309317e-02
-6.241193163129365118e+00 3.155867206736585190e-02
-5.860480780822273417e+00 3.148011864980016644e-02
-5.485257110979001816e+00 3.126423859622080165e-02
-5.115680861046571160e+00 3.119393434244550206e-02
-4.752471341430360319e+00 3.088801309940489986e-02
-4.395805098885798401e+00 3.062566709093363440e-02
-4.047206351298684446e+00 3.065974883820992911e-02
-3.704994205973582311e+00 3.072893688831268913e-02
-3.369179182135451533e+00 3.021551204501950888e-02
-3.041235401649419856e+00 2.934843366513881918e-02
-2.718791449296735774e+00 2.862164428767960747e-02
-2.401838336936697793e+00 2.812849397768899667e-02
-2.088582534574454197e+00 2.799240546378916131e-02
-1.778722304531854759e+00 2.807524563234277404e-02
-1.478259016668348025e+00 2.796085071539338926e-02
-1.190098507819251417e+00 2.753616661423719664e-02
-9.192268478265162024e-01 2.632533557772710059e-02
-6.763200840743511799e-01 2.359466919592465711e-02
-4.712159595643883314e-01 1.907079989889392743e-02
-3.024196803903910213e-01 1.299059856815855916e-02
-1.455795940529560351e-01 6.629910728651766672e-03
2.242010511778784774e-08 -2.684199213878285887e-07
