-9.925662826126178118e+00 -3.981342030846344304e+00
-9.926360654970263653e+00 -3.981264618638010067e+00
-9.849566162438089023e+00 -3.950382973420504484e+00
-9.746473340203083424e+00 -3.909257577809235773e+00
-9.643071555190138255e+00 -3.868194188862084992e+00
-9.538996552273047769e+00 -3.826769950198171788e+00
-9.435059468468651289e+00 -3.785264218312592188e+00
-9.331537991708600543e+00 -3.743341934296572138e+00
-9.228280229607408458e+00 -3.701431386827063630e+00
-9.124115725611270378e+00 -3.659344803620662834e+00
-9.019507129119521238e+00 -3.617136220812916303e+00
-8.914528727343473236e+00 -3.574908164200168326e+00
-8.809497910977999169e+00 -3.532676297022722789e+00
-8.704462853355963148e+00 -3.490451049936878825e+00
-8.599241693909405626e+00 -3.448103109899428365e+00
-8.494753907966513751e+00 -3.405727538879668614e+00
-8.389814082138181917e+00 -3.363353414999831426e+00
-8.284811699585889144e+00 -3.321052356576970954e+00
-8.179615942290780595e+00 -3.278693489934903393e+00
-8.074337638154176489e+00 -3.236404817853804072e+00
-7.968948255551434379e+00 -3.194050416181493102e+00
-7.863572261123574769e+00 -3.151717747016459015e+00
-7.758346054179080298e+00 -3.109420976738555442e+00
-7.653055038503502772e+00 -3.067065387719113190e+00
-7.547789866677149462e+00 -3.024686180113555167e+00
-7.442453470205999899e+00 -2.982274944156572793e+00
-7.337071935065709205e+00 -2.939850187041843199e+00
-7.231799966378085642e+00 -2.897555330832297216e+00
-7.126352892301283326e+00 -2.855231275678252079e+00
-7.020816842754347142e+00 -2.812966656032825696e+00
-6.915324195881802360e+00 -2.770756277252001354e+00
-6.810074774214923465e+00 -2.728548442220733339e+00
-6.704458995899704732e+00 -2.686183957173921222e+00
-6.599013506673975016e+00 -2.643839658381857749e+00
-6.493753275475474318e+00 -2.601505663940513191e+00
-6.388267794368864827e+00 -2.559131823957464746e+00
-6.283030394245550099e+00 -2.516824951052317072e+00
-6.177822976473188454e+00 -2.474531360647052924e+00
-6.072724048918792583e+00 -2.432305854228760111e+00
-5.967407419153239800e+00 -2.389971309762780827e+00
-5.862079354160563582e+00 -2.347652435656715220e+00
-5.756846231877114306e+00 -2.305260318182861479e+00
-5.651529983706904403e+00 -2.262878263138779378e+00
-5.546221655602044720e+00 -2.220461518749806906e+00
-5.440953807546190291e+00 -2.178126879076938582e+00
-5.335738522348709267e+00 -2.135841691970056022e+00
-5.230339056833690492e+00 -2.093588393596036656e+00
-5.124852615702061520e+00 -2.051407263226725064e+00
-5.019154672107996262e+00 -2.009271407472165372e+00
-4.913446539436518989e+00 -1.967088886789620794e+00
-4.807676458215675019e+00 -1.924897128787189660e+00
-4.702030305439372171e+00 -1.882754204911153417e+00
-4.596566558015926951e+00 -1.840564669628266703e+00
-4.491088930511825339e+00 -1.798413020153040609e+00
-4.385854097545530905e+00 -1.756253473194451686e+00
-4.280813909369178383e+00 -1.714051466554967540e+00
-4.175547400564365574e+00 -1.671957562419951193e+00
-4.070262352598792432e+00 -1.629860226467607420e+00
-3.965151102257046478e+00 -1.587633780990426402e+00
-3.859982194176668102e+00 -1.545324608408576994e+00
-3.754961552209772346e+00 -1.502896483387600179e+00
-3.649879427481003802e+00 -1.460474936662254475e+00
-3.544741659696680092e+00 -1.418042974173324033e+00
-3.439529816914200122e+00 -1.375625088984939959e+00
-3.334190519657601826e+00 -1.333275259634418175e+00
-3.228786859378128593e+00 -1.291057843258642812e+00
-3.123359262109086654e+00 -1.248891665738380619e+00
-3.018048578693764306e+00 -1.206682856828160011e+00
-2.912667665391777572e+00 -1.164548289249795587e+00
-2.807112153513671160e+00 -1.122672848528683209e+00
-2.701448417721239004e+00 -1.081001620525470441e+00
-2.595702189081146916e+00 -1.039477495934232110e+00
-2.489897572011702032e+00 -9.980260599319925596e-01
-2.384226997925846803e+00 -9.564568884435667995e-01
-2.278746833586486442e+00 -9.146051822369585249e-01
-2.173425948485593562e+00 -8.725932698359166739e-01
-2.068096002624675300e+00 -8.305805445177651958e-01
-1.962844354559112325e+00 -7.884580411542190248e-01
-1.857679240193614856e+00 -7.464005340748340878e-01
-1.752554542781363356e+00 -7.043422592563585161e-01
-1.647599262431265865e+00 -6.621374659398537865e-01
-1.542853035140443918e+00 -6.197989576845197579e-01
-1.438264467202531538e+00 -5.772808275086270813e-01
-1.333714071541274082e+00 -5.343666999192842049e-01
-1.229321228151898815e+00 -4.912724988942626658e-01
-1.124947618923607395e+00 -4.482496330745608937e-01
-1.020469438891882241e+00 -4.053135069845305027e-01
-9.159514707241547260e-01 -3.625213197358745365e-01
-8.115475399359183273e-01 -3.199332426425938736e-01
-7.071405829552830369e-01 -2.774349260584213495e-01
-6.028435313756569380e-01 -2.350464564622884445e-01
-4.989361333775376162e-01 -1.928137354684614224e-01
-3.959770276059028649e-01 -1.510012318321101721e-01
-2.958784219167341911e-01 -1.106715707001331567e-01
-2.000994047491853056e-01 -7.203621401798523949e-02
-1.336014036008184303e-01 -4.643035041933093326e-02
-1.029546904638781873e-01 -3.610354041203054504e-02
-8.884885273977835562e-02 -3.233630202983044100e-02
-8.203720449662932346e-02 -3.113352518703184357e-02
-7.669459032968632684e-02 -3.027298085934254993e-02
