1.107471487193363968e+00 3.896266897459445744e+01
1.106779114557719046e+00 3.896144784509569092e+01
1.103859249649616681e+00 3.893955531459078401e+01
1.100638125037441295e+00 3.891723206829920656e+01
1.097048037171903356e+00 3.887386569329859043e+01
1.092527010186590708e+00 3.878287434552775181e+01
1.087577657415484955e+00 3.868168408548382331e+01
1.082055796989342067e+00 3.856703955078237556e+01
1.076065819468157825e+00 3.843261301670801089e+01
1.069349162188986346e+00 3.827077446702482177e+01
1.061573609275793695e+00 3.808105334030142330e+01
1.052707034874839742e+00 3.786246024379754260e+01
1.043242282522025111e+00 3.762425503189628273e+01
1.033258843314220243e+00 3.736212754768328637e+01
1.023101368994159932e+00 3.709654905058570762e+01
1.012511114198860307e+00 3.682253483814946549e+01
1.001833338356700631e+00 3.653801428110631377e+01
9.907983290262946108e-01 3.623969453451498879e+01
9.793160591280788418e-01 3.592900529277756050e+01
9.670222771452481325e-01 3.560669978680208203e+01
9.545543598520244144e-01 3.527688715747784443e+01
9.421933154991971593e-01 3.493981956412047651e+01
9.296070969863363676e-01 3.459278796593746108e+01
9.188032365402142299e-01 3.423419188865842955e+01
9.078608310160197759e-01 3.385785748379944238e+01
8.970273551854343053e-01 3.346941476919287339e+01
8.860531105316058476e-01 3.306837991052802295e+01
8.745970528071305150e-01 3.265494695459492647e+01
8.626013306354449739e-01 3.223040158984809977e+01
8.503074263794470067e-01 3.179667636098124461e+01
8.381007027983660151e-01 3.135677132968534053e+01
8.256719892117687642e-01 3.090995697766938832e+01
8.136368848772307372e-01 3.046012760450989987e+01
8.015910523265196153e-01 3.000677943037250728e+01
7.893973973393798582e-01 2.955004907418886262e+01
7.769800651657721158e-01 2.909025680712984396e+01
7.644563233666836766e-01 2.862802737784308604e+01
7.519748235663753499e-01 2.816376876879861868e+01
7.392793876281699150e-01 2.769737863988653714e+01
7.266411748654151292e-01 2.722984400522992132e+01
7.138403591748800903e-01 2.676098692194709727e+01
7.009428676166989947e-01 2.629119415648365532e+01
6.878465659065574611e-01 2.582044464782289594e+01
6.747078852453525233e-01 2.534916541658548894e+01
6.613977479796633308e-01 2.487723361383140741e+01
6.481146485587579997e-01 2.440480092733832151e+01
6.348297525680948183e-01 2.393205280722510864e+01
6.216959468860383531e-01 2.345927086352937252e+01
6.085444595982323346e-01 2.298636012623254032e+01
5.955459795983257809e-01 2.251358998492378660e+01
5.824914846714533967e-01 2.204080745208059611e+01
5.694694197325326224e-01 2.156816211323668142e+01
5.564534653960239163e-01 2.109557701821530173e+01
5.432903251230954966e-01 2.062285150250258425e+01
5.301561995221972801e-01 2.014994360331273526e+01
5.168326767097894958e-01 1.967678412914390762e+01
5.033035676533678116e-01 1.920364604236100092e+01
4.896294138129668738e-01 1.873061450999426469e+01
4.758332942188902570e-01 1.825775308224124771e+01
4.618327273908101605e-01 1.778504329773502590e+01
4.478259804206110029e-01 1.731227960092774865e+01
4.338326161440267947e-01 1.683937144838355238e+01
4.199455277375018780e-01 1.636634224658020642e+01
4.061765683923341252e-01 1.589308651573828080e+01
3.925841041777893281e-01 1.541930368778673888e+01
3.789308037058529144e-01 1.494500167628732967e+01
3.653569657548565441e-01 1.447046516314281384e+01
3.519718828740948102e-01 1.399590558725024536e+01
3.384628816853387789e-01 1.352117039084801675e+01
3.251286686779864543e-01 1.304637525844791490e+01
3.120395277235085141e-01 1.257179176528506659e+01
2.992339024219342614e-01 1.209748406883156768e+01
2.867113707769511910e-01 1.162356278233796303e+01
2.741764239619643440e-01 1.115008293637713166e+01
2.615728255382251399e-01 1.067710314599257693e+01
2.490676612456887706e-01 1.020437210479002133e+01
2.367086225806587785e-01 9.731881155121595128e+00
2.243521755715441324e-01 9.259691375553709136e+00
2.119601319946711471e-01 8.788003702048625243e+00
1.997913461284578918e-01 8.316802169060819594e+00
1.880004870760374758e-01 7.845763770490691513e+00
1.764308607375150717e-01 7.374696518791253652e+00
1.649731692225945290e-01 6.903568244148771349e+00
1.536572862933365813e-01 6.432605372450579395e+00
1.423380169148632524e-01 5.962012757106302629e+00
1.308525797659328138e-01 5.491768455335261478e+00
1.193997967166331442e-01 5.021776013367040825e+00
1.078005777774685842e-01 4.552342425804171810e+00
9.617157622360021640e-02 4.083427135477524672e+00
8.471061196732590504e-02 3.614987171093531515e+00
7.362204710235192850e-02 3.147137636692159735e+00
6.217139196432397430e-02 2.679305893202541977e+00
5.023107508862078435e-02 2.211503354540542254e+00
3.860082002297514359e-02 1.744072057112088459e+00
2.707016811439748663e-02 1.278387457924686110e+00
1.568086323701381804e-02 8.152786771401506760e-01
4.556026513516641882e-03 3.580547025426658592e-01
-3.888802388695804940e-03 1.592163547365692960e-02
-1.841067009253562594e-03 7.877664486208401165e-03
6.383179326290749039e-06 -3.319067027567633250e-06
