-1.069786695859002279e+01 3.711176110634917258e+00
-1.069763025139990553e+01 3.711146897390527055e+00
-1.061815246029634885e+01 3.682935967429088020e+00
-1.053934786793212020e+01 3.654432354616872214e+00
-1.046151441803186799e+01 3.625733414840407232e+00
-1.038460726150889890e+01 3.596894372341525870e+00
-1.030901111078343391e+01 3.568005202830720535e+00
-1.023412594833781775e+01 3.539095569042898237e+00
-1.015877113938192622e+01 3.509936545853905798e+00
-1.008582373457278258e+01 3.480603471171773045e+00
-1.001329805400600392e+01 3.450119134145473776e+00
-9.940973589920902853e+00 3.420394339291604968e+00
-9.867755449655032152e+00 3.390755093823655031e+00
-9.793592075151572374e+00 3.361197307772464171e+00
-9.718186215289398078e+00 3.331584669955472311e+00
-9.641579493551521551e+00 3.301890808282505585e+00
-9.563894936838574168e+00 3.272132314619269344e+00
-9.485260755721773407e+00 3.242329567510427335e+00
-9.405729437602051490e+00 3.212458893935485005e+00
-9.325261964578919205e+00 3.182465798466541429e+00
-9.243719501295215579e+00 3.152214560118726805e+00
-9.158783726169559714e+00 3.121112345861544402e+00
-9.072868118531541626e+00 3.089886983739666082e+00
-8.986022233174102425e+00 3.058573208054596648e+00
-8.897897523670300401e+00 3.027008711045038769e+00
-8.808642651324481321e+00 2.995192431519777987e+00
-8.717995467820969679e+00 2.963136194988288175e+00
-8.626462877390176587e+00 2.930958402429657994e+00
-8.533160628787721080e+00 2.898377671598908911e+00
-8.437650959030754905e+00 2.864942334335692564e+00
-8.341537643192529217e+00 2.831375177557574396e+00
-8.235535005684049281e+00 2.794313086810226388e+00
-8.128452683537313206e+00 2.756828485861309908e+00
-8.020808676618260691e+00 2.719118453449330008e+00
-7.911993531183123096e+00 2.681053090850578968e+00
-7.802664168045866155e+00 2.642854576115584830e+00
-7.691578524889003177e+00 2.604100529656858232e+00
-7.579987994782456440e+00 2.565176756921552226e+00
-7.468066674596847143e+00 2.526208628647527377e+00
-7.355231621371277839e+00 2.486987907377505636e+00
-7.241879897853352510e+00 2.447614868451447823e+00
-7.128180323808116725e+00 2.408106790319270107e+00
-7.014153890881106967e+00 2.368519371676392815e+00
-6.897438351502704457e+00 2.327762775550413998e+00
-6.780634109994301717e+00 2.286985774052484377e+00
-6.663683535040951789e+00 2.246170830350783021e+00
-6.545699144587982410e+00 2.204977980538041837e+00
-6.427465324368543342e+00 2.163721985254051017e+00
-6.307357913457284582e+00 2.121630306198351246e+00
-6.185891976115039270e+00 2.079180152315766250e+00
-6.063958551137560882e+00 2.036625170390804929e+00
-5.941599272104393314e+00 1.993958184962398628e+00
-5.818642615382461969e+00 1.951068093656259661e+00
-5.694650739410550777e+00 1.907653621541643307e+00
-5.570346902940623401e+00 1.864161293338534531e+00
-5.445809671546697928e+00 1.820633613432774744e+00
-5.320984415900361419e+00 1.777068895559846151e+00
-5.195802832691900797e+00 1.733447228759867453e+00
-5.070276855173493580e+00 1.689789192470731116e+00
-4.944227693530084622e+00 1.646069115782720305e+00
-4.817790835593202203e+00 1.602347997482498343e+00
-4.690924587722063777e+00 1.558577314936489211e+00
-4.563732650115185585e+00 1.514819728180455849e+00
-4.436309369226195898e+00 1.471066621336814872e+00
-4.308566343365512807e+00 1.427291545657985772e+00
-4.180680681103194907e+00 1.383496614047731166e+00
-4.052505682365003636e+00 1.339677052242185473e+00
-3.923920101272992955e+00 1.295815058535977560e+00
-3.794849239147620068e+00 1.251909998732133156e+00
-3.665151159363082556e+00 1.207907751903304572e+00
-3.534915644447758076e+00 1.163861602075965118e+00
-3.404168955805170427e+00 1.119787634879620297e+00
-3.272938453157965277e+00 1.075688658522770291e+00
-3.141409446938109529e+00 1.031621374598426177e+00
-3.009546142657614887e+00 9.874512742930297016e-01
-2.877563380784561531e+00 9.432673730658388545e-01
-2.745436049821220692e+00 8.990728896405864035e-01
-2.613160822646693138e+00 8.548683966057912809e-01
-2.480865963402139940e+00 8.106900608917918527e-01
-2.348491126385617189e+00 7.665619280526125845e-01
-2.216277728758051513e+00 7.225371714121365807e-01
-2.084208913419624665e+00 6.786438261941981631e-01
-1.952490188991498510e+00 6.348558718295262970e-01
-1.820948476726792054e+00 5.912130340100865133e-01
-1.689640150126446416e+00 5.477499257600835225e-01
-1.558510737490109266e+00 5.044544337829564018e-01
-1.427647976778890992e+00 4.613497916245978270e-01
-1.297086880575775814e+00 4.184468453477328542e-01
-1.166823639268118384e+00 3.757570510868811775e-01
-1.036788632202033655e+00 3.332562481768129858e-01
-9.069087922991768691e-01 2.909805638457099164e-01
-7.771952141384569357e-01 2.488442220625080026e-01
-6.474418734039930623e-01 2.068924909747478502e-01
-5.177062260796523319e-01 1.651346781075319348e-01
-3.880416152853235490e-01 1.235614264771949938e-01
-2.585403446410419193e-01 8.220792958327376165e-02
-1.291933042743231008e-01 4.107339353469369181e-02
5.529598366258085102e-05 1.733106750026724692e-04
-6.067368608195163352e-05 -1.365453908979934053e-04
9.671095981651955844e-05 -1.414310807354724202e-04
