1.003383605827580638e+01 1.793449461187498528e+01
1.003369847613316068e+01 1.793453516930778591e+01
9.862057129830077429e+00 1.756557541433166492e+01
9.688460200667536881e+00 1.719650170729834215e+01
9.513386920921730550e+00 1.682731587150240671e+01
9.337233860903353388e+00 1.645857538783660701e+01
9.160258573656033576e+00 1.609081071660681062e+01
8.982026126638762875e+00 1.572382467159642161e+01
8.803049013665933842e+00 1.535860543532827194e+01
8.625482925194258854e+00 1.499899652543712669e+01
8.447264095059567879e+00 1.464085601910123557e+01
8.270095127414178293e+00 1.428722963628785081e+01
8.095340692781915592e+00 1.394016801011688678e+01
7.925122615457805608e+00 1.360294585341089224e+01
7.760251391948633781e+00 1.327675694282192254e+01
7.595070490400744667e+00 1.295117707449383637e+01
7.428896869651596901e+00 1.262666651605547763e+01
7.261052017440149164e+00 1.230330973358143787e+01
7.090193462717127915e+00 1.198045476795020470e+01
6.925606481630140365e+00 1.165928125330314025e+01
6.760846666078841771e+00 1.134006194603906081e+01
6.595535952016016168e+00 1.102129250314405873e+01
6.429175299356024276e+00 1.070331570360037610e+01
6.261634574776923756e+00 1.038699057398844872e+01
6.093028224477854415e+00 1.007266329296244045e+01
5.923995271757923398e+00 9.761046072872368029e+00
5.754784090600989721e+00 9.451976281118840362e+00
5.586292386072718941e+00 9.146482600341798275e+00
5.418295270222819759e+00 8.843781282249510767e+00
5.252010857229710616e+00 8.545382931845319163e+00
5.087012428461869185e+00 8.250288612837266555e+00
4.924193812461668429e+00 7.960391757241152000e+00
4.763550273712743532e+00 7.674898912574600551e+00
4.605285143603900622e+00 7.394041852644832602e+00
4.449936546086055600e+00 7.118508576771761298e+00
4.297226659498359247e+00 6.847896303421548758e+00
4.147471726929509828e+00 6.583038741531177074e+00
4.001012634480409780e+00 6.324101676835799601e+00
3.857838654996326166e+00 6.071332247671741733e+00
3.718354454905859363e+00 5.825749086710818148e+00
3.582269816025229758e+00 5.586836523417823663e+00
3.449711432225452956e+00 5.354858099733021071e+00
3.322574920848114122e+00 5.133319244668846260e+00
3.200555826021003636e+00 4.921374702982768135e+00
3.082801499132231005e+00 4.717335577548749548e+00
2.970888632303096077e+00 4.525042037134051398e+00
2.863263315328328673e+00 4.341155274427433319e+00
2.762808343411311984e+00 4.171660525741137882e+00
2.667595873635288939e+00 4.012399403426461397e+00
2.578382466690321007e+00 3.865077213142075419e+00
2.497203560453775673e+00 3.733928507491003135e+00
2.424555919522806580e+00 3.619746591268274916e+00
2.352408351638955342e+00 3.507343835897688500e+00
2.280099550246204920e+00 3.394716414749273437e+00
2.208815831690485787e+00 3.283207314922786502e+00
2.138654410759664781e+00 3.173967490908386591e+00
2.069593269076475117e+00 3.067389475867458692e+00
2.002560130290726104e+00 2.964982110217116773e+00
1.937308301441831748e+00 2.866259284383289696e+00
1.872133845466722679e+00 2.768153542289186309e+00
1.807618951167523136e+00 2.671177668424464358e+00
1.744156138556747004e+00 2.575874624098775101e+00
1.681992957677295619e+00 2.482907686084676158e+00
1.620612265230067184e+00 2.391249385594537813e+00
1.559108445453871283e+00 2.300005671015310504e+00
1.497898784512605053e+00 2.210005407348885065e+00
1.436529300467023873e+00 2.120157968994988096e+00
1.375513106138801733e+00 2.030724352381040099e+00
1.315296719956131399e+00 1.942298915368872336e+00
1.255234310657468155e+00 1.854049968406835669e+00
1.195461950139604435e+00 1.766239811304573859e+00
1.136237453905590389e+00 1.679288551095323490e+00
1.077755967815819726e+00 1.593481975782645055e+00
1.020112381683381253e+00 1.508788931883173534e+00
9.635955643143057081e-01 1.425474147280358705e+00
9.081105286198012383e-01 1.343422623886254774e+00
8.539157689336954737e-01 1.263449294226202779e+00
8.009119613745631083e-01 1.185235017757621190e+00
7.481341289774536829e-01 1.107152006278292911e+00
6.960042202716881787e-01 1.029969820761055699e+00
6.445304866805079413e-01 9.539058590702268470e-01
5.938180248997091404e-01 8.793440904765702504e-01
5.440670829049643054e-01 8.063523232496084825e-01
4.950972754231547923e-01 7.349306778019758513e-01
4.471414934990035062e-01 6.653850034503542288e-01
4.003348038031614431e-01 5.977012453575220041e-01
3.550803719551062776e-01 5.322909145768197625e-01
3.113617844580152116e-01 4.693681402055568941e-01
2.690814758035590670e-01 4.084804753068842498e-01
2.284676209301332583e-01 3.499726212090040200e-01
1.895034402194137046e-01 2.938476737615779433e-01
1.523692169538266861e-01 2.403012948783558034e-01
1.174607519256230664e-01 1.891428053025118461e-01
8.516608499565858637e-02 1.408106783220670899e-01
5.475450701002479437e-02 9.410508241544839059e-02
2.601215954836186631e-02 4.875220938167097728e-02
1.646247252974471654e-03 6.710447245507315459e-03
1.997381660480098461e-04 3.565027021414053816e-03
3.684963994168903535e-05 5.186623178116989705e-04
1.416152398427252897e-07 -1.450061912023007536e-06
