-3.234607841653634352e+01 2.066084852646373449e+01
-3.234473099226173787e+01 2.066092837900925616e+01
-3.231541347347567239e+01 2.064464580000261407e+01
-3.222605423539226166e+01 2.058928359750964887e+01
-3.211181181620612080e+01 2.051729789528011949e+01
-3.195927985454142828e+01 2.042082543216717383e+01
-3.176400419389462826e+01 2.029690760248936598e+01
-3.153416675445980033e+01 2.015111267142352247e+01
-3.126942107900502776e+01 1.998277938588789837e+01
-3.099416265772106982e+01 1.980953650771362007e+01
-3.070826692416346759e+01 1.963074680313471276e+01
-3.040745264755458521e+01 1.944277324608775004e+01
-3.009183575961455404e+01 1.924531583434585968e+01
-2.977385770512307417e+01 1.904729153580206003e+01
-2.945054625297812478e+01 1.884658920978680996e+01
-2.912147545020086881e+01 1.864267021163981042e+01
-2.878757479516064777e+01 1.843568618906816781e+01
-2.844914619191712646e+01 1.822551138118013725e+01
-2.810556498286605276e+01 1.801142612290950140e+01
-2.775796307012304354e+01 1.779431136479881559e+01
-2.740669332382389456e+01 1.757424629807869465e+01
-2.705191269065372950e+01 1.735155973100576432e+01
-2.669363937870301839e+01 1.712648803339538972e+01
-2.633203652701271125e+01 1.689904412626097141e+01
-2.596750905425301070e+01 1.666954814368648030e+01
-2.560015037869921883e+01 1.643816082183984406e+01
-2.523031925737353021e+01 1.620476577603894697e+01
-2.485816469744022328e+01 1.596935578364396413e+01
-2.448403805150414669e+01 1.573207635134993687e+01
-2.410823693351410668e+01 1.549303418645859054e+01
-2.373100744235619430e+01 1.525252843234318867e+01
-2.335263999441760774e+01 1.501016813642904779e+01
-2.297257081148975999e+01 1.476702755032616210e+01
-2.259119455801368659e+01 1.452277554550533445e+01
-2.220869274549041350e+01 1.427743561189550014e+01
-2.182512133022420997e+01 1.403072745895780038e+01
-2.144034763085148043e+01 1.378293023148518870e+01
-2.105419131105992392e+01 1.353440554368137327e+01
-2.066689458879928054e+01 1.328537486654455435e+01
-2.027826494987668582e+01 1.303591247728754787e+01
-1.988852666200125796e+01 1.278603233658588678e+01
-1.949775402940148794e+01 1.253588412678760378e+01
-1.910596159611731082e+01 1.228534561201140995e+01
-1.871317990426032196e+01 1.203439562221826442e+01
-1.831967399033757360e+01 1.178312635119315210e+01
-1.792548491854913451e+01 1.153157429896053721e+01
-1.753050874967311756e+01 1.127963378473028300e+01
-1.713515190675469668e+01 1.102723109920427547e+01
-1.673961902443195271e+01 1.077440739929876834e+01
-1.634383982490720655e+01 1.052129000087711219e+01
-1.594798088157110882e+01 1.026789198222632749e+01
-1.555196476155596486e+01 1.001441090539987222e+01
-1.515595947354468009e+01 9.760913520047482805e+00
-1.476017014926293847e+01 9.507417197806637077e+00
-1.436459241216054750e+01 9.254036845928617083e+00
-1.396946000702317647e+01 9.000662304674577285e+00
-1.357493265796981419e+01 8.747319506045695192e+00
-1.318107509096316754e+01 8.494001552255648235e+00
-1.278784767105372566e+01 8.240814292165373089e+00
-1.239575797070924068e+01 7.987649054498517920e+00
-1.200529071715828167e+01 7.734520934987164864e+00
-1.161629505545856489e+01 7.481503171173274680e+00
-1.122919007031429395e+01 7.228622537122755709e+00
-1.084439072640448920e+01 6.975881095129410348e+00
-1.046150172980196302e+01 6.723423662450422000e+00
-1.008022766125447234e+01 6.471571859035557317e+00
-9.699521500093227999e+00 6.220670283687310231e+00
-9.320117443027637449e+00 5.970846768605265531e+00
-8.941075210718466337e+00 5.722117118001813552e+00
-8.562118553484289407e+00 5.474433336936701977e+00
-8.184006028758835427e+00 5.227760245961633245e+00
-7.806742315612832606e+00 4.982235398582297137e+00
-7.430865321095244447e+00 4.737940326053433182e+00
-7.056727941180444219e+00 4.495230394229106530e+00
-6.684029757382472070e+00 4.254296773219569339e+00
-6.313347891567014258e+00 4.015318360452634572e+00
-5.944664963071625507e+00 3.778464447273152782e+00
-5.578216128757730097e+00 3.543935676470465701e+00
-5.214596674937626020e+00 3.311939989375427995e+00
-4.854702924616439041e+00 3.082853811206483385e+00
-4.498585266149093265e+00 2.856826419383585502e+00
-4.148366996882536739e+00 2.634757689839435812e+00
-3.803250439908053337e+00 2.416355327519573049e+00
-3.466054713356793826e+00 2.202823279732304407e+00
-3.136811350648990526e+00 1.994347394465846968e+00
-2.817772533662517009e+00 1.792042111265526927e+00
-2.511218071320921119e+00 1.597387174768196250e+00
-2.216165697712080718e+00 1.409992025752047518e+00
-1.941911932423432408e+00 1.235144762966124521e+00
-1.684295330451496042e+00 1.070671019236499655e+00
-1.445885356236911168e+00 9.180966743073334380e-01
-1.225183150936968168e+00 7.766084430064436051e-01
-1.007659891038073185e+00 6.375961457202885541e-01
-7.994512813194994960e-01 5.046150285741592967e-01
-5.928469974141614696e-01 3.732248246916369805e-01
-3.977670793974265040e-01 2.498302045028460150e-01
-2.047227878790723321e-01 1.283307862365623553e-01
-1.932868709581753164e-02 1.223847270551738087e-02
-2.919650716148413771e-04 -8.578874752107002659e-05
-2.789151651473482065e-06 3.854193063619934326e-06
