1.044603732905708249e+01 2.226655325404290764e+01
1.044688548086106827e+01 2.226697027426383002e+01
1.044737181238098245e+01 2.226650664763332443e+01
1.039793312375460310e+01 2.216093757573107936e+01
1.030335819256395880e+01 2.195958737139217476e+01
1.020076817475201914e+01 2.174159876046200068e+01
1.009599649017698475e+01 2.151921846852916076e+01
9.986592128074095243e+00 2.128842988683985027e+01
9.875789803739367656e+00 2.105600813616493028e+01
9.763029727120143164e+00 2.082277720390084852e+01
9.656413819766902051e+00 2.058887779889411362e+01
9.548228448836448834e+00 2.035434231776408609e+01
9.438922095186763173e+00 2.011931002824182713e+01
9.329062277248180379e+00 1.988407309334267481e+01
9.218740216598803272e+00 1.964854589936024709e+01
9.108145220542160914e+00 1.941295161576973527e+01
8.997425621659532524e+00 1.917725659705810415e+01
8.886531948611388287e+00 1.894142521843759752e+01
8.775601901105479996e+00 1.870556204821351898e+01
8.664704396217398852e+00 1.846987378820207226e+01
8.553994038938895983e+00 1.823423118307519530e+01
8.443782903965745490e+00 1.799862364980489104e+01
8.334626338876768514e+00 1.776308597005905554e+01
8.224991979332560987e+00 1.752736828684715320e+01
8.115069991667780869e+00 1.729155197973966906e+01
8.005001514841577404e+00 1.705583694992665400e+01
7.894813264553204313e+00 1.682010218967815973e+01
7.784547065288050405e+00 1.658438762684177092e+01
7.674203290968429236e+00 1.634889556661374144e+01
7.563826417737463004e+00 1.611345075240698321e+01
7.453329954624571485e+00 1.587830329866890189e+01
7.342871451224901591e+00 1.564306418477493210e+01
7.232361637625196238e+00 1.540781237645466462e+01
7.121820081756006005e+00 1.517246091684396703e+01
7.011273858781718715e+00 1.493694570352623785e+01
6.900727674716251592e+00 1.470147411803320736e+01
6.790174709439845024e+00 1.446599323780122326e+01
6.679679726941153639e+00 1.423044465859672236e+01
6.569204330872470798e+00 1.399477160575567680e+01
6.458728188327091502e+00 1.375914091093187075e+01
6.348218830133572688e+00 1.352365012617840989e+01
6.237710794855945373e+00 1.328824976674446567e+01
6.127181033962556533e+00 1.305287978741768207e+01
6.016619709082433154e+00 1.281755204698245798e+01
5.906041814623871566e+00 1.258219928054947445e+01
5.795444951725266414e+00 1.234689097960120918e+01
5.684823240144269541e+00 1.211169310073227834e+01
5.574178402248215924e+00 1.187654054577208917e+01
5.463534659429408968e+00 1.164141686747083959e+01
5.352848884283143427e+00 1.140607754641220062e+01
5.242128607312676714e+00 1.117045360650655716e+01
5.131398457025129645e+00 1.093461470577710770e+01
5.020744424745397616e+00 1.069873491506501395e+01
4.910136677159933072e+00 1.046277447402511562e+01
4.799621404713817263e+00 1.022685333789301332e+01
4.689200670512227553e+00 9.990994693890835165e+00
4.578882389305601208e+00 9.755196100117149882e+00
4.468609290281519542e+00 9.519532258435246419e+00
4.358271953292454093e+00 9.284222294475204862e+00
4.247889966582831356e+00 9.049239353330534641e+00
4.137476688842096628e+00 8.814509975247936779e+00
4.027085593480088654e+00 8.579802656948398720e+00
3.916714382721755872e+00 8.345029855664819252e+00
3.806316610839977965e+00 8.110169376331006319e+00
3.695978291779450142e+00 7.875125235816761382e+00
3.585717135592039639e+00 7.639948130724179443e+00
3.475487242609813343e+00 7.404717742591234497e+00
3.365242924026364602e+00 7.169502336172976165e+00
3.254984265778790853e+00 6.934374036226620852e+00
3.144713505127211040e+00 6.699291292051912095e+00
3.034421238712971203e+00 6.464276385436798833e+00
2.924115873424945722e+00 6.229301602741157851e+00
2.813787568314431997e+00 5.994336807110250298e+00
2.703486524199103513e+00 5.759457026595422136e+00
2.593185225153495477e+00 5.524530357443912187e+00
2.482884436543521200e+00 5.289669386356457004e+00
2.372515016570424518e+00 5.054706798336541240e+00
2.262097559763624144e+00 4.819651584127526256e+00
2.151686296213468186e+00 4.584487736521711376e+00
2.041312678538278025e+00 4.349256137367829567e+00
1.930930629575052127e+00 4.113707899239967603e+00
1.820575375962077525e+00 3.877965092610657916e+00
1.710161017853564003e+00 3.641990120478842297e+00
1.599780713444274083e+00 3.406001131545551175e+00
1.489406889278506396e+00 3.169990052001387504e+00
1.379185806114193058e+00 2.934226242042527577e+00
1.268996077469331185e+00 2.698638174950665380e+00
1.158992095952721790e+00 2.463463134972132540e+00
1.049224066963011071e+00 2.228753764426638195e+00
9.395768580648886648e-01 1.994536560069330555e+00
8.303802908400857996e-01 1.761348740437385541e+00
7.215364306942829709e-01 1.529396973595071874e+00
6.134327354685326084e-01 1.299276651092683865e+00
5.070415553587676039e-01 1.072812975764078081e+00
4.027841645875868126e-01 8.512967493248856377e-01
3.021801908642716694e-01 6.380357499807463029e-01
2.016948154861120668e-01 4.250696943906045466e-01
1.013231629402208817e-01 2.120685237185512551e-01
1.003048885523773106e-03 -6.290113408203255874e-04
-8.786414491893416277e-14 1.106581230601656598e-13
