2.433862515134097393e+01 2.592592899575561560e+01
2.433860780962602632e+01 2.592551731887806810e+01
2.433814494655208804e+01 2.592379639375258193e+01
2.429237847129340722e+01 2.587421338354614164e+01
2.419113245306365911e+01 2.576623916549890581e+01
2.404346458512269535e+01 2.560932108926570550e+01
2.389351099295999603e+01 2.544962902010452410e+01
2.373596865631816044e+01 2.528080429149667907e+01
2.356154306821909117e+01 2.509374351419097948e+01
2.338617656976997239e+01 2.490499138100703291e+01
2.320176715921091315e+01 2.470599006944805254e+01
2.300677081471191698e+01 2.449551791105528409e+01
2.279991141301907831e+01 2.427244053837219795e+01
2.258196285967341765e+01 2.403756641376370240e+01
2.236339225350640803e+01 2.380173749250290882e+01
2.213988224640823788e+01 2.356014793002902152e+01
2.191008468795471487e+01 2.331178525830192783e+01
2.167406862419723623e+01 2.305677986063185259e+01
2.143200926229229708e+01 2.279523938576093300e+01
2.118443574108743732e+01 2.252770874805262835e+01
2.093111327167845204e+01 2.225411200037538961e+01
2.067306537489235296e+01 2.197539297441659656e+01
2.040944548377517620e+01 2.169066221265201833e+01
2.014061508345426432e+01 2.140051779070650539e+01
1.986726772117744844e+01 2.110585163010068399e+01
1.958977957035003215e+01 2.080711486873675753e+01
1.930869793784728117e+01 2.050514836305071498e+01
1.902425486838181001e+01 2.020014035820793907e+01
1.873686267766879610e+01 1.989241635034547073e+01
1.844657531636912395e+01 1.958181126280052808e+01
1.815344412448226308e+01 1.926831534292339398e+01
1.785812461240189464e+01 1.895267548175420202e+01
1.756055468823949184e+01 1.863471719442174290e+01
1.726080578757302675e+01 1.831447738754807020e+01
1.695937221330682121e+01 1.799223434595020166e+01
1.665637660271548626e+01 1.766796992316290016e+01
1.635205833756517535e+01 1.734226538689235397e+01
1.604636905924834167e+01 1.701489607764921885e+01
1.573941845285914987e+01 1.668602776453427339e+01
1.543105137653962444e+01 1.635594036066135715e+01
1.512166628997974804e+01 1.602518979539708965e+01
1.481134042769277848e+01 1.569367635868017175e+01
1.450011416250093887e+01 1.536148553523715066e+01
1.418798404455293571e+01 1.502884033203001302e+01
1.387505683387608890e+01 1.469600545326869323e+01
1.356141026281137663e+01 1.436283671374047799e+01
1.324711145236265786e+01 1.402919423936150700e+01
1.293242090171178305e+01 1.369520182969698396e+01
1.261744542522925627e+01 1.336091427237791507e+01
1.230239603996289688e+01 1.302650330976983106e+01
1.198740528062912247e+01 1.269202633761187116e+01
1.167257181762872875e+01 1.235741808614220005e+01
1.135797374983811636e+01 1.202261339943016516e+01
1.104364631124123619e+01 1.168758182926220002e+01
1.072968121745615555e+01 1.135250405059192680e+01
1.041614250954663845e+01 1.101750093841855893e+01
1.010307156995388311e+01 1.068300736196048462e+01
9.790436275496309904e+00 1.034912725576888981e+01
9.478255368088687405e+00 1.001590012486452963e+01
9.166478068610116381e+00 9.683100430081264420e+00
8.855205656756696797e+00 9.351017838570495400e+00
8.544411279446212149e+00 9.019624504233394902e+00
8.234171092813502568e+00 8.688975673237191444e+00
7.924414740826292380e+00 8.358976780798588635e+00
7.615449881829388978e+00 8.029906753140600983e+00
7.307358557064240756e+00 7.701770260481549002e+00
7.000170496114324514e+00 7.374424807910543223e+00
6.694300981450957977e+00 7.048257904793524098e+00
6.389772201795508089e+00 6.723316116366534700e+00
6.086741180455440769e+00 6.399596557398460561e+00
5.785597754835619000e+00 6.077501971915845402e+00
5.486455081924041188e+00 5.757312237422813617e+00
5.189483614463692440e+00 5.439157140604382157e+00
4.895067125022354304e+00 5.123656086892816042e+00
4.603343298442757359e+00 4.811257974302153073e+00
4.314827865023580955e+00 4.502639823613367120e+00
4.030662645465720395e+00 4.199044364535604146e+00
3.750489164929461605e+00 3.900206870643277757e+00
3.474327102107504395e+00 3.606221328986440433e+00
3.202981489878485633e+00 3.317782238176913534e+00
2.936655293572683956e+00 3.035206136972952606e+00
2.675920543025625875e+00 2.759085981034429924e+00
2.421268147346903987e+00 2.489883668355087121e+00
2.173791911548162759e+00 2.228794025446073857e+00
1.933171189127311784e+00 1.975689472391097823e+00
1.701938936257550550e+00 1.733000060979074330e+00
1.478909113535874953e+00 1.499449079072801672e+00
1.264726737267577228e+00 1.275663141448837745e+00
1.062612354410392923e+00 1.065026337566710612e+00
8.727528049343871164e-01 8.678065225985129860e-01
7.013164092440962172e-01 6.904999160204736697e-01
5.486240800698357623e-01 5.334395319513615119e-01
4.149538785398834140e-01 3.969519725120984055e-01
3.080190071643350569e-01 2.890631546096478210e-01
2.304190193509487727e-01 2.125643698381580460e-01
1.613040702132482185e-01 1.450639577728733143e-01
1.071306098881875807e-01 9.370435159949394577e-02
5.452137926406765145e-02 4.472601623076420674e-02
2.097507554830544546e-03 -4.006355379513116752e-03
6.166199609310946533e-07 2.293370318318558547e-06
