-4.650677917104904679e+01 -2.351407904814105265e+01
-4.650613304603581355e+01 -2.351424145300124025e+01
-4.650508496893480270e+01 -2.351430822725718883e+01
-4.650093215325296825e+01 -2.351222602431789710e+01
-4.649531674275677062e+01 -2.350903534721030042e+01
-4.648845581210797206e+01 -2.350530221069909587e+01
-4.548529419744205171e+01 -2.300105010196301336e+01
-4.428589169764069311e+01 -2.239830709465687164e+01
-4.315423621015558098e+01 -2.183005333595538033e+01
-4.253938037920064374e+01 -2.152348337212575302e+01
-4.192436169008582425e+01 -2.121625183504907497e+01
-4.130909390865720354e+01 -2.090894254319436030e+01
-4.069376759657411213e+01 -2.060113101353721987e+01
-4.007863405021230818e+01 -2.029285980526973887e+01
-3.946356757944287352e+01 -1.998461373283269182e+01
-3.884884970276664262e+01 -1.967573556354314235e+01
-3.823456131349015408e+01 -1.936612633303397146e+01
-3.762084386077114573e+01 -1.905582352336002216e+01
-3.700795675328078005e+01 -1.874497120011417906e+01
-3.639604573498353801e+01 -1.843391856019717068e+01
-3.578508811241800203e+01 -1.812292767772176916e+01
-3.517504122399333966e+01 -1.781198409647654302e+01
-3.456583347524210126e+01 -1.750100687858592252e+01
-3.395756725167637313e+01 -1.719032227490428966e+01
-3.335044955744505302e+01 -1.688019054617600290e+01
-3.274436911084799107e+01 -1.657055945459202917e+01
-3.213949626709656826e+01 -1.626167653739765839e+01
-3.153562675684269223e+01 -1.595358926615917916e+01
-3.093283178926575872e+01 -1.564642519684454136e+01
-3.033137579997908873e+01 -1.534046892886054358e+01
-2.973152476441639180e+01 -1.503622390148935573e+01
-2.913372054250336163e+01 -1.473378140431782590e+01
-2.853766250728671494e+01 -1.443297757576887186e+01
-2.794376354125216722e+01 -1.413415078159621174e+01
-2.735211446667232238e+01 -1.383735097848941287e+01
-2.676285035439138227e+01 -1.354259178814304576e+01
-2.617611122736970231e+01 -1.324993689454096035e+01
-2.559175698928248011e+01 -1.295917509549826363e+01
-2.500946017247930797e+01 -1.267016588568824531e+01
-2.442920557282565142e+01 -1.238284725300010258e+01
-2.385094672862638276e+01 -1.209705333869220567e+01
-2.327436273933872357e+01 -1.181253446292313924e+01
-2.269966033889816259e+01 -1.152930753968943556e+01
-2.212669159278074105e+01 -1.124732352928042722e+01
-2.155572044189608860e+01 -1.096661168134338205e+01
-2.098679167162521608e+01 -1.068710413425600692e+01
-2.042027033203830655e+01 -1.040883659548289408e+01
-1.985624528932981647e+01 -1.013179434772510490e+01
-1.929505374204420676e+01 -9.856154884526095117e+00
-1.873698301891687734e+01 -9.581961798392796936e+00
-1.818216927969589136e+01 -9.309249459236230706e+00
-1.763049760671697896e+01 -9.037828314610598213e+00
-1.708208168408286554e+01 -8.767644771549452543e+00
-1.653746272675762796e+01 -8.498919847774008218e+00
-1.599674611794307566e+01 -8.231506018656526535e+00
-1.546030030186910764e+01 -7.965455612200077695e+00
-1.492809254602418711e+01 -7.700594996829688732e+00
-1.440139403476642777e+01 -7.437494704280812385e+00
-1.388016865708880232e+01 -7.176247256907867467e+00
-1.336398912937947969e+01 -6.916796848303504497e+00
-1.285239445769884270e+01 -6.658962959801752568e+00
-1.234553343258993507e+01 -6.402705650743470756e+00
-1.184338540917615390e+01 -6.148227608993442672e+00
-1.134641757557701958e+01 -5.895795634634849236e+00
-1.085563412184362342e+01 -5.645826784825668021e+00
-1.037087963818049907e+01 -5.398210069259355315e+00
-9.892254957472541577e+00 -5.153151325317030462e+00
-9.420670093056763506e+00 -4.911198615309150028e+00
-8.955709766017836415e+00 -4.672213565621459175e+00
-8.498430006005836645e+00 -4.436598411920030571e+00
-8.048061702584364596e+00 -4.204006118719515683e+00
-7.605080380971382503e+00 -3.975361700078313021e+00
-7.169513022751004883e+00 -3.750593834050823361e+00
-6.741471845393752105e+00 -3.529306597613342866e+00
-6.321239145857655117e+00 -3.311431346170842005e+00
-5.910074183112067558e+00 -3.097834586608321672e+00
-5.508339453423277021e+00 -2.889133295626706399e+00
-5.116310692307362018e+00 -2.685419879143020161e+00
-4.734077282719225899e+00 -2.486494255744428727e+00
-4.362131650447564013e+00 -2.292497149512886967e+00
-4.001186325357767970e+00 -2.104027275828467491e+00
-3.650935442708744816e+00 -1.921191372584167834e+00
-3.311582978346366612e+00 -1.743998485172004065e+00
-2.984808464137058248e+00 -1.573154294328535707e+00
-2.670228678701044966e+00 -1.408474661755162005e+00
-2.369248621958225165e+00 -1.250590107433349418e+00
-2.083693767717761158e+00 -1.100519389287867522e+00
-1.814780311473229935e+00 -9.590728415750751079e-01
-1.558610232440754695e+00 -8.243996974698617475e-01
-1.317247308676698481e+00 -6.974933385520174500e-01
-1.089447768874858724e+00 -5.777608374698361970e-01
-8.761129428359470950e-01 -4.656613962400475426e-01
-6.781991770088366955e-01 -3.615382529841446591e-01
-4.994854540866431880e-01 -2.672719970153131785e-01
-3.403140013018083332e-01 -1.831531947693334772e-01
-2.033072091839485673e-01 -1.105600538068667871e-01
-9.140522436211981350e-02 -5.106295663684420894e-02
-1.039182919599570057e-02 -7.621614411085810004e-03
-1.041532214707897907e-04 -5.306323356238761956e-04
-7.926182879768697502e-07 -1.844114514395360017e-06
