-2.707177205509415074e+01 -2.239131102197278622e+00
-2.707212606091030338e+01 -2.238620798077928686e+00
-2.707116222810780570e+01 -2.238348701716609490e+00
-2.688636040470470689e+01 -2.223469423498190434e+00
-2.662834200696654818e+01 -2.202462477819923325e+00
-2.636452819963695049e+01 -2.180817370905330232e+00
-2.609738602551310649e+01 -2.158680754102757504e+00
-2.582833296770412446e+01 -2.136049056768948518e+00
-2.555908914671099552e+01 -2.112931200429946976e+00
-2.528828632788178510e+01 -2.090672209461623687e+00
-2.501319636241277067e+01 -2.068364137258814850e+00
-2.473504181576037553e+01 -2.046049068830047446e+00
-2.445430380139842796e+01 -2.023627686516078494e+00
-2.417147938829416276e+01 -2.001095936785592500e+00
-2.388778145691857802e+01 -1.978475746365643717e+00
-2.360339000728615488e+01 -1.955870835672342656e+00
-2.331858868234945703e+01 -1.933304175498165023e+00
-2.303316049999367010e+01 -1.910813288669257481e+00
-2.274707957482946696e+01 -1.888477298721473296e+00
-2.246082787412882809e+01 -1.865985753497615640e+00
-2.217428927969310237e+01 -1.843616035139720166e+00
-2.188783179174959770e+01 -1.821110351518704595e+00
-2.160134233961249350e+01 -1.798518481157594939e+00
-2.131497449144566403e+01 -1.775682562964919109e+00
-2.102850246592050354e+01 -1.752887192963584084e+00
-2.074214959639116529e+01 -1.730178071316714083e+00
-2.045613561147056814e+01 -1.707061420571718946e+00
-2.017010888596323781e+01 -1.683753183623402760e+00
-1.988410189517310656e+01 -1.660064777639436828e+00
-1.959828268455214229e+01 -1.636060966118942916e+00
-1.931273603119415938e+01 -1.611968941957377499e+00
-1.902759185238697270e+01 -1.587811272830920606e+00
-1.874259859255691296e+01 -1.563454853888362139e+00
-1.845758519554528831e+01 -1.539197151980496336e+00
-1.817259710029758679e+01 -1.514764513266319224e+00
-1.788758828281093471e+01 -1.489908782905418061e+00
-1.760258057616124105e+01 -1.464805916961025467e+00
-1.731755987959976295e+01 -1.439711620045422746e+00
-1.703279547026719953e+01 -1.414558111665628948e+00
-1.674807327100393550e+01 -1.389424146157310025e+00
-1.646334205483415403e+01 -1.364170403615980742e+00
-1.617862852925055250e+01 -1.338985193148735542e+00
-1.589400025166187902e+01 -1.313877587993026896e+00
-1.560948722254880572e+01 -1.288822714027956895e+00
-1.532490900195082340e+01 -1.263677177019155051e+00
-1.504028362532819152e+01 -1.238460687103749791e+00
-1.475571620224613945e+01 -1.213243791464843069e+00
-1.447106263444272045e+01 -1.188098607021965236e+00
-1.418626997839577975e+01 -1.162890525752113380e+00
-1.390136371241279001e+01 -1.137714937950415228e+00
-1.361620499572233101e+01 -1.112671043942516924e+00
-1.333086919985195529e+01 -1.087760202192860737e+00
-1.304531990554969845e+01 -1.062715272443319536e+00
-1.275966105814564955e+01 -1.037523260010149384e+00
-1.247407715709745624e+01 -1.012566506401256117e+00
-1.218867877778397890e+01 -9.879263497475244682e-01
-1.190324721462163460e+01 -9.633952135357121138e-01
-1.161757360359030855e+01 -9.389729570165885608e-01
-1.133166726467976559e+01 -9.146290515988062531e-01
-1.104549743937367445e+01 -8.904230187833004351e-01
-1.075913793772441096e+01 -8.663474580790363477e-01
-1.047287647799291044e+01 -8.420904352920373093e-01
-1.018668066507074954e+01 -8.182730329533710600e-01
-9.900687436273100772e+00 -7.945430025766304638e-01
-9.614694638534302840e+00 -7.710393941679425378e-01
-9.328646807910615735e+00 -7.477932758332843655e-01
-9.042449918096240324e+00 -7.250289817323188890e-01
-8.756071670492264758e+00 -7.025400762935835042e-01
-8.469384016216130462e+00 -6.801743775952532323e-01
-8.182758076818005932e+00 -6.575996485349635545e-01
-7.896093978636669952e+00 -6.352794978990926600e-01
-7.609622488502714610e+00 -6.126383121279623811e-01
-7.323231619718200136e+00 -5.901355908748571188e-01
-7.037033168081199719e+00 -5.676928974013544238e-01
-6.750995402083495023e+00 -5.452341341178188472e-01
-6.465202259570115295e+00 -5.223620243812245878e-01
-6.179428015067464308e+00 -4.993736298918955985e-01
-5.893316950284344991e+00 -4.765113231301780772e-01
-5.606909005038201776e+00 -4.536830419492445809e-01
-5.320696785234519943e+00 -4.303019349706286856e-01
-5.034404119640972119e+00 -4.069259964413369235e-01
-4.748024065343185995e+00 -3.836577962464821079e-01
-4.461587247818000534e+00 -3.603253319384696063e-01
-4.174884337983890248e+00 -3.372206006268082534e-01
-3.888133745456825441e+00 -3.141946835076684374e-01
-3.601478426099300911e+00 -2.914090744851877135e-01
-3.315043982711653126e+00 -2.690805745785324610e-01
-3.028863222495332241e+00 -2.472183024074957047e-01
-2.742848519226098514e+00 -2.255891982730953149e-01
-2.457472582611279766e+00 -2.019800475226266323e-01
-2.173397052771284699e+00 -1.769138273992251487e-01
-1.889658912783181988e+00 -1.523039134357187241e-01
-1.606330646692620157e+00 -1.281874114273074683e-01
-1.323937520669344892e+00 -1.044301014033884312e-01
-1.042588640136226985e+00 -8.115528668708103799e-02
-7.622492500444466579e-01 -5.865783673337272852e-02
-4.831338220005093609e-01 -3.718425349860145224e-02
-2.093382220031541341e-01 -1.657350506440424115e-02
-3.929280491354652551e-03 -1.593213016560388268e-04
-3.849619081633945568e-03 -2.098407767820776356e-04
