-1.225554089298793947e+01 3.085512648352222609e+00
-1.225429496899401194e+01 3.085795545262114192e+00
-1.214500832466444358e+01 3.058354758891082437e+00
-1.203561525434091095e+01 3.030699465240557444e+00
-1.191577696178836376e+01 3.000523132884159949e+00
-1.179124921994492148e+01 2.970022340388793314e+00
-1.166191707753303675e+01 2.940136451674549178e+00
-1.153628825989403062e+01 2.908276825516983966e+00
-1.141045026732042622e+01 2.876048455117943714e+00
-1.128410663203419873e+01 2.843796257899020130e+00
-1.115741283724034361e+01 2.811434578036577481e+00
-1.103107960953812317e+01 2.778744491795988480e+00
-1.090458928816584461e+01 2.746192132502423888e+00
-1.077769287759538130e+01 2.713863189384142505e+00
-1.065062277233402277e+01 2.681602632111117934e+00
-1.052338217454111025e+01 2.649502418732184061e+00
-1.039605181816198076e+01 2.617316671463724376e+00
-1.026870642844197334e+01 2.585256491822468305e+00
-1.014132354046211759e+01 2.553256433367211642e+00
-1.001391442981852542e+01 2.521098832374051302e+00
-9.886540686354413410e+00 2.488982997755249116e+00
-9.759169603365752010e+00 2.456753613203057185e+00
-9.631755536291674247e+00 2.424594542570826849e+00
-9.504472782451788504e+00 2.392706606441041384e+00
-9.377444512144062827e+00 2.361036517108310306e+00
-9.250503615093247589e+00 2.329253637536604415e+00
-9.123415200619227505e+00 2.297351667502885775e+00
-8.996199944698529904e+00 2.265387585438129570e+00
-8.868927651184355554e+00 2.233402258460997380e+00
-8.741555884248993991e+00 2.201371498170855201e+00
-8.614049246590164799e+00 2.169296094212245229e+00
-8.486499088402341684e+00 2.137238920161005584e+00
-8.359106690243308435e+00 2.105195795129423342e+00
-8.231655961688749912e+00 2.073124373655950148e+00
-8.104140453974267189e+00 2.041075304515914901e+00
-7.976706082700504297e+00 2.009089803713258071e+00
-7.849344725442268356e+00 1.977179802716510615e+00
-7.722012060519000798e+00 1.945317538759528508e+00
-7.594681608139106643e+00 1.913391979992305814e+00
-7.467351787315117839e+00 1.881426426210240699e+00
-7.340004716948672403e+00 1.849464038857723480e+00
-7.212490742457230652e+00 1.817296117126274924e+00
-7.085006606450957811e+00 1.785158551952211514e+00
-6.957459601455261655e+00 1.752972343180490666e+00
-6.829891337109946114e+00 1.720750193200157208e+00
-6.702457206093442643e+00 1.688655829230414573e+00
-6.575080502144923678e+00 1.656660109691821425e+00
-6.447675860586780772e+00 1.624650740463845056e+00
-6.320290530169754284e+00 1.592739387572459586e+00
-6.192915692483937029e+00 1.560814928834562076e+00
-6.065515000304923632e+00 1.528809599887804627e+00
-5.938072370976162695e+00 1.496653552224876282e+00
-5.810563514995426004e+00 1.464367283238195538e+00
-5.683037433154749962e+00 1.431765907497636547e+00
-5.555584853865156880e+00 1.399481527676973869e+00
-5.428143967065903297e+00 1.367455840037521186e+00
-5.300626139230415035e+00 1.335564599287865528e+00
-5.173202851387491030e+00 1.303660112987918174e+00
-5.045851637322520844e+00 1.271583850216842615e+00
-4.918533649251712880e+00 1.239505590113757938e+00
-4.791147449803632163e+00 1.207681415332926722e+00
-4.663755682804602287e+00 1.175791751096425086e+00
-4.536359760964827181e+00 1.143914803018432513e+00
-4.408907305518098063e+00 1.111839981090166685e+00
-4.281487916296199181e+00 1.079518036747894705e+00
-4.154151669110116352e+00 1.047094551566515763e+00
-4.026711251513058976e+00 1.015019729043371122e+00
-3.899407287419021539e+00 9.827168881398944400e-01
-3.772099972788840461e+00 9.504657911217636590e-01
-3.644643967518899519e+00 9.185581339703461357e-01
-3.517023393398548414e+00 8.869746589532987446e-01
-3.389629939101115763e+00 8.552885240135964517e-01
-3.262323071150856180e+00 8.233850398055093667e-01
-3.134997830669711938e+00 7.912126820802547478e-01
-3.007667838949208416e+00 7.586664022995905921e-01
-2.880334118165822410e+00 7.260669606129649400e-01
-2.753025614316406688e+00 6.937802289917979204e-01
-2.625602816672694573e+00 6.616639709439927630e-01
-2.497988950288712040e+00 6.296322103222329325e-01
-2.370429508924814410e+00 5.974966642245135295e-01
-2.243000491742022540e+00 5.653816817988244203e-01
-2.115687457402685379e+00 5.333052562686297904e-01
-1.988424279713336684e+00 5.012681508532731423e-01
-1.861085294719307726e+00 4.691939890058253182e-01
-1.733772111470894828e+00 4.372150741397031748e-01
-1.606443435983003543e+00 4.051830732101230348e-01
-1.479127360394056456e+00 3.731609670710229754e-01
-1.351882521768998924e+00 3.409869384394781378e-01
-1.224763279805236138e+00 3.089742088828485445e-01
-1.097841198866050805e+00 2.766509553618353712e-01
-9.719008412471683567e-01 2.439822956381611785e-01
-8.452782696916290028e-01 2.113847219972765923e-01
-7.176858050624271845e-01 1.792532774748701041e-01
-5.898729454618137913e-01 1.474261239404257851e-01
-4.623832950419802246e-01 1.157960120526152908e-01
-3.352863221480129052e-01 8.455265891044901061e-02
-2.135521447382821014e-01 5.391260297399062124e-02
-1.071728121277710777e-01 2.668908263597115707e-02
-7.577929231051095749e-04 3.665411488711991270e-04
-2.840049830209316295e-14 -5.118214292967445300e-14
