2.700156853148583380e+01 4.497644993697699078e+01
2.700122908948965872e+01 4.497591524740787605e+01
2.698314719716592691e+01 4.494569331236715470e+01
2.694425248302871267e+01 4.488087114780869769e+01
2.688946803962342358e+01 4.478974137245578646e+01
2.682767285584582240e+01 4.468709867393906876e+01
2.674478742857930769e+01 4.454946142589825087e+01
2.664057766080887291e+01 4.437628366567685845e+01
2.651574912112410942e+01 4.416874051122818656e+01
2.638678379124448270e+01 4.395423629606261784e+01
2.624906609145126524e+01 4.372514741849153808e+01
2.610178314962706736e+01 4.347993771192694368e+01
2.594512538835341431e+01 4.321902653820647089e+01
2.578022988744202948e+01 4.294436826002832674e+01
2.560687027535398386e+01 4.265559619099313693e+01
2.542499088374487215e+01 4.235256478326425622e+01
2.523405917112915020e+01 4.203444193127342743e+01
2.503426541347847234e+01 4.170171169744286743e+01
2.482660943351216432e+01 4.135569680995530462e+01
2.461173203344435478e+01 4.099760371145930549e+01
2.439083081646528584e+01 4.062946236005728196e+01
2.416411379517579761e+01 4.025152172260752792e+01
2.393110768715671099e+01 3.986318916472401241e+01
2.369199719759180311e+01 3.946453720819913968e+01
2.344646827445499682e+01 3.905535385900613932e+01
2.319455964646607526e+01 3.863565648001263497e+01
2.293639815813283889e+01 3.820565777399184526e+01
2.267247927233741578e+01 3.776628703029069101e+01
2.240355593850648575e+01 3.731879613832658293e+01
2.213011497338455413e+01 3.686394322779631239e+01
2.185251678695283317e+01 3.640213159987602864e+01
2.157060118140477911e+01 3.593309598695049800e+01
2.128451976599520279e+01 3.545701181324423601e+01
2.099415264233432765e+01 3.497375547625049563e+01
2.069945301191029330e+01 3.448341999973491312e+01
2.040113108321734359e+01 3.398705107765006517e+01
2.009924428171897759e+01 3.348471952698117349e+01
1.979452487199385047e+01 3.297774839316295470e+01
1.948687185203363015e+01 3.246582111790072389e+01
1.917626401088682897e+01 3.194885396592748705e+01
1.886289634447600250e+01 3.142735089693628936e+01
1.854677784468674417e+01 3.090109639606836467e+01
1.822809893452848939e+01 3.037043771971697126e+01
1.790679944969046744e+01 2.983540253832894251e+01
1.758309696788014875e+01 2.929617907089228979e+01
1.725724421334252057e+01 2.875327743432881178e+01
1.692916219191878469e+01 2.820678109826022606e+01
1.659875939100090747e+01 2.765640210033638624e+01
1.626607344218917817e+01 2.710210859540766037e+01
1.593102576486873012e+01 2.654392974424500551e+01
1.559355323933452375e+01 2.598174299589835101e+01
1.525366610459853689e+01 2.541539535041036402e+01
1.491161515066749033e+01 2.484553250811778113e+01
1.456743279352556009e+01 2.427216012791915034e+01
1.422117983729524049e+01 2.369534793796254490e+01
1.387270897434190431e+01 2.311485009726585460e+01
1.352203348361175017e+01 2.253052595722370199e+01
1.316941890391955816e+01 2.194290121907093294e+01
1.281486979224334632e+01 2.135211102284219820e+01
1.245859323314217448e+01 2.075855643925710226e+01
1.210069207961816851e+01 2.016229585968079263e+01
1.174138621138814642e+01 1.956367274792437172e+01
1.138060783174834256e+01 1.896263442717595993e+01
1.101832472565016019e+01 1.835911305557418416e+01
1.065480413000110893e+01 1.775360036841022193e+01
1.029018905009819562e+01 1.714642189380021620e+01
9.924720800250428354e+00 1.653803787275251125e+01
9.558592078287409421e+00 1.592870232434208155e+01
9.192086613721221156e+00 1.531868457710515585e+01
8.825354639990532490e+00 1.470817512005790562e+01
8.458549045197118588e+00 1.409745486167861195e+01
8.091830475146348789e+00 1.348681532209686473e+01
7.725373243883301377e+00 1.287658384398247513e+01
7.359360461152875565e+00 1.226712773713435212e+01
6.993986183841621518e+00 1.165879326113092596e+01
6.629372795492550985e+00 1.105174349044497895e+01
6.265743569523868572e+00 1.044628243795550304e+01
5.903274399106681614e+00 9.842690856830886403e+00
5.542151216475812880e+00 9.241330395379094398e+00
5.182704599380597799e+00 8.642766733752514696e+00
4.825379552851269516e+00 8.047657316821537066e+00
4.470726130797278763e+00 7.456835903820522304e+00
4.119566403781724340e+00 6.871618952505436972e+00
3.772951262718860832e+00 6.293775326584464480e+00
3.432039675595058181e+00 5.725229698889775065e+00
3.098281998858113617e+00 5.168449911757091009e+00
2.772211018880839095e+00 4.624369638640575708e+00
2.455270255835892534e+00 4.095460401080023516e+00
2.149223474091864095e+00 3.584732436775500908e+00
1.854066836712610966e+00 3.092245285708238089e+00
1.570448032118990200e+00 2.619063363319635407e+00
1.300607711306495773e+00 2.168878248863360447e+00
1.046207555848903459e+00 1.744532316977972064e+00
8.080875755361328627e-01 1.347363513358954989e+00
5.860211377127202415e-01 9.770229096746402275e-01
3.860045873411886430e-01 6.432395766789061886e-01
2.172774085774529518e-01 3.618005409379238535e-01
8.131392325543634891e-02 1.351878745419289596e-01
1.402223154443822174e-04 1.296208574121148274e-04
-1.283411366165782355e-06 -2.126134993125598099e-06
