-3.206686816621019886e+01 4.411094345238996084e+01
-3.206693988293238817e+01 4.411065346676896581e+01
-3.133868357370259616e+01 4.311577603001707359e+01
-3.060992646061296441e+01 4.211950433335612587e+01
-2.988513619371718733e+01 4.112815044497697414e+01
-2.917839731661197078e+01 4.016104237804216126e+01
-2.849566073342202088e+01 3.922614665654103305e+01
-2.782913537494775369e+01 3.831263638053062692e+01
-2.718022483210658535e+01 3.742237580936446761e+01
-2.655866056000614606e+01 3.656877483838501774e+01
-2.595586852362213293e+01 3.574018246312242297e+01
-2.537529305664155643e+01 3.494155978568269205e+01
-2.481356290196866965e+01 3.416895918479750094e+01
-2.427342961361499007e+01 3.342633644977996710e+01
-2.373404069900255564e+01 3.268438564964842641e+01
-2.319609567859748012e+01 3.194440814619141022e+01
-2.265865365333842263e+01 3.120450031425248127e+01
-2.212297908769272681e+01 3.046600492129172366e+01
-2.158979908650662694e+01 2.973007135762526332e+01
-2.106006913088231158e+01 2.899843018134751915e+01
-2.053353508654992154e+01 2.827115120550037375e+01
-2.001038743178958867e+01 2.754850438311909144e+01
-1.949085329773355824e+01 2.683095120069365080e+01
-1.897522597568263336e+01 2.611901765716320512e+01
-1.846342939062124344e+01 2.541269574888149307e+01
-1.795500385347681060e+01 2.471140995143144181e+01
-1.745091771384336710e+01 2.401605007424968008e+01
-1.695082328641012381e+01 2.332620887127477616e+01
-1.645563043080732513e+01 2.264332213962204321e+01
-1.596615946892672078e+01 2.196869864805567829e+01
-1.548206848887675413e+01 2.130171006023905278e+01
-1.500472558657539857e+01 2.064374414259142299e+01
-1.453387535031296451e+01 1.999425779047675178e+01
-1.407081002480186527e+01 1.935506736506491166e+01
-1.361592767451199215e+01 1.872680516954429564e+01
-1.316928711890174419e+01 1.810952720472990762e+01
-1.273150880681582642e+01 1.750389313192015805e+01
-1.230254443368891515e+01 1.690952503989483802e+01
-1.188237327930774789e+01 1.632670699553899496e+01
-1.147269540405760146e+01 1.575775890542016811e+01
-1.107303957830295360e+01 1.520219011064799552e+01
-1.068183601077961420e+01 1.465794199190156100e+01
-1.029999583221437653e+01 1.412587418610418588e+01
-9.927904448144815319e+00 1.360655591926112251e+01
-9.566176004940874833e+00 1.310080623210037842e+01
-9.213940166031221679e+00 1.260790251491890501e+01
-8.871415348561114911e+00 1.212802605283402357e+01
-8.537885226282391216e+00 1.165983545601819316e+01
-8.213674010792857416e+00 1.120413125963911050e+01
-7.898397651774278216e+00 1.076043254186659048e+01
-7.591334555524629657e+00 1.032824219545771349e+01
-7.291170799569975713e+00 9.905711561284988420e+00
-6.997523226096913795e+00 9.492099516095072076e+00
-6.710234009680235090e+00 9.087284725289247689e+00
-6.429535769910089904e+00 8.691577442911745166e+00
-6.155499691309716859e+00 8.304957418511012435e+00
-5.888473628768702284e+00 7.927808554165897803e+00
-5.628015853452960293e+00 7.559483958212607213e+00
-5.375078090188706526e+00 7.201308485318869579e+00
-5.128272845326043772e+00 6.851962625874174151e+00
-4.886784113104998717e+00 6.510470667162229219e+00
-4.650145134529529045e+00 6.175955449639848993e+00
-4.417578758927261262e+00 5.847702475863748361e+00
-4.188374555237318830e+00 5.524893864552035794e+00
-3.961863078825476947e+00 5.206443762681146836e+00
-3.738838514452156758e+00 4.893703009383917113e+00
-3.520453048600467927e+00 4.588927323861851093e+00
-3.306482923674964880e+00 4.292058947583661244e+00
-3.097806687670502157e+00 4.004418383630578226e+00
-2.895063089766379605e+00 3.726900338823709191e+00
-2.698710574175188892e+00 3.460265663953983495e+00
-2.508393429393360741e+00 3.203632781117577100e+00
-2.324956890817833077e+00 2.957596556972053925e+00
-2.147666788420534711e+00 2.720996327615659460e+00
-1.976764877621304706e+00 2.494201064497361120e+00
-1.812392531525229833e+00 2.277182050006611114e+00
-1.654164575762763434e+00 2.069373190193114276e+00
-1.502986580899047242e+00 1.872027519340231150e+00
-1.358758205140937481e+00 1.684493491045487845e+00
-1.221192557419110702e+00 1.506209284194807152e+00
-1.090057943736278068e+00 1.337118052645630994e+00
-9.661425823392096879e-01 1.177740936041015374e+00
-8.487962690981735170e-01 1.027642842723759387e+00
-7.385454969027441807e-01 8.879199923704386155e-01
-6.361817904708946259e-01 7.594365738555710621e-01
-5.429447498866809552e-01 6.435849201869170422e-01
-4.578526802372758775e-01 5.390958140681109123e-01
-3.821351360833447064e-01 4.472300779800564285e-01
-3.159819496938162664e-01 3.677854409464071384e-01
-2.595368651407069516e-01 3.003461576863472038e-01
-2.110994806800089718e-01 2.425946592136941360e-01
-1.692748897243400996e-01 1.928703794674498373e-01
-1.332534521985139775e-01 1.502440137192116443e-01
-1.025014559276955228e-01 1.145098132097622512e-01
-7.522284946739092593e-02 8.298826899329710127e-02
-5.154406801066772209e-02 5.603117629265338268e-02
-3.238208266090813331e-02 3.436020652173252948e-02
-1.700206296401537975e-02 1.705573089017041119e-02
-5.730277570151939316e-03 4.811084709501451707e-03
9.592566343429660695e-07 1.106475903232740361e-06
