-4.522167576247018417e+01 -4.399014841205045201e+01
-4.522136276965469648e+01 -4.398907430063174218e+01
-4.463781396986812666e+01 -4.344664123429105018e+01
-4.401946117339095110e+01 -4.287178875463179395e+01
-4.339367885276852377e+01 -4.228801671586927569e+01
-4.276647853295834523e+01 -4.170201475808543989e+01
-4.213856372094978298e+01 -4.111466808986970278e+01
-4.151012595077272493e+01 -4.052552111940431701e+01
-4.088239259300830497e+01 -3.993601051230101007e+01
-4.025792667379386103e+01 -3.934920658099847657e+01
-3.963663855980556150e+01 -3.876467430155383909e+01
-3.901189056217464923e+01 -3.817854009219395550e+01
-3.838812334664544323e+01 -3.758992263997724592e+01
-3.776585565347566842e+01 -3.699939998204656177e+01
-3.714502254209303800e+01 -3.640820446889775042e+01
-3.652474679836369376e+01 -3.581561975449315582e+01
-3.590461687555045245e+01 -3.522095247255529671e+01
-3.528557208784415167e+01 -3.462518922175392788e+01
-3.466819087352993023e+01 -3.402939330144096886e+01
-3.405251163566567385e+01 -3.343375042719769397e+01
-3.343913582122432615e+01 -3.283894940983181243e+01
-3.282873621360863581e+01 -3.224566986852481421e+01
-3.222117995736851270e+01 -3.165411534547309813e+01
-3.161705673217356960e+01 -3.106499375678897223e+01
-3.101662722494203805e+01 -3.047862543883359976e+01
-3.041981409225170907e+01 -2.989504682757957710e+01
-2.982710486757687818e+01 -2.931515425172700873e+01
-2.923895010443543896e+01 -2.873982952198852203e+01
-2.865603578162941645e+01 -2.816955894010419570e+01
-2.807783615998950566e+01 -2.760375883187694512e+01
-2.750377772369921558e+01 -2.704173280453114714e+01
-2.693614933562431446e+01 -2.648584200225113250e+01
-2.637407134882132809e+01 -2.593535319872161082e+01
-2.581939304458015627e+01 -2.539312724292494394e+01
-2.527046842067081300e+01 -2.485774896981413917e+01
-2.472879673322302807e+01 -2.433008260730533934e+01
-2.419290929369958221e+01 -2.380844484536602224e+01
-2.366534347310956932e+01 -2.329564287821202484e+01
-2.313870319869392134e+01 -2.278388320567351144e+01
-2.261376242524718094e+01 -2.227317847773998238e+01
-2.208872174271579070e+01 -2.176210229570665433e+01
-2.156313275992460632e+01 -2.124994508581072594e+01
-2.103729963065901387e+01 -2.073660577598609578e+01
-2.051135515468575932e+01 -2.022207546760016683e+01
-1.998547348667799994e+01 -1.970639230270340647e+01
-1.946009563730004999e+01 -1.918981144720750365e+01
-1.893545177068103058e+01 -1.867271866640706435e+01
-1.841167729084601135e+01 -1.815530167060293465e+01
-1.788884387519901153e+01 -1.763753571824208422e+01
-1.736698847807860702e+01 -1.711969055783486837e+01
-1.684606358013415672e+01 -1.660195286756513866e+01
-1.632613411223716682e+01 -1.608460624135299710e+01
-1.580721076054036267e+01 -1.556776161069003628e+01
-1.528921028594537468e+01 -1.505156253221221263e+01
-1.477219836937211284e+01 -1.453605577621161693e+01
-1.425614614734484320e+01 -1.402125151265665792e+01
-1.374093804717007039e+01 -1.350747100707207871e+01
-1.322642334350705262e+01 -1.299481261265440857e+01
-1.271245913382719372e+01 -1.248308689807955751e+01
-1.219900603225001490e+01 -1.197249909909935361e+01
-1.168606301458265584e+01 -1.146331519485585737e+01
-1.117355043417624039e+01 -1.095570686494027512e+01
-1.066145760077012383e+01 -1.044965958844147735e+01
-1.014960199194698909e+01 -9.945168932789870908e+00
-9.638041376946400618e+00 -9.442526212520064632e+00
-9.127311055206359214e+00 -8.941809536858279728e+00
-8.617522406646834554e+00 -8.442901046420963951e+00
-8.108442506037468078e+00 -7.946088825441767867e+00
-7.600296887523868783e+00 -7.451530848097156046e+00
-7.099536251863646008e+00 -6.964806131300977476e+00
-6.610022260287918172e+00 -6.489076610038984505e+00
-6.132544359603116391e+00 -6.024641632065478092e+00
-5.668970711460717737e+00 -5.573305554206323897e+00
-5.219087694883350892e+00 -5.135159798942876996e+00
-4.782444280481994880e+00 -4.709586352612560312e+00
-4.361650318002261884e+00 -4.298926820032935581e+00
-3.956173109719700154e+00 -3.902924648755619952e+00
-3.570910793365119407e+00 -3.525979218290184569e+00
-3.204185288924715103e+00 -3.166507864055573496e+00
-2.859079519749041509e+00 -2.827659297181870812e+00
-2.535013518093332419e+00 -2.509262951117254836e+00
-2.231524780041090228e+00 -2.210842936834156447e+00
-1.950635157928528374e+00 -1.934145466722068107e+00
-1.689448721523864494e+00 -1.676594360391296501e+00
-1.450933230852524680e+00 -1.441000248030622544e+00
-1.233304604097644752e+00 -1.225878768199409441e+00
-1.035063497907176222e+00 -1.029819424321343657e+00
-8.558224244577987694e-01 -8.523066658049576194e-01
-6.926690989870869508e-01 -6.903735610185002258e-01
-5.477038176212155607e-01 -5.460307734497161780e-01
-4.214576147899338210e-01 -4.197502462092719822e-01
-3.135607387848571292e-01 -3.112953988815238549e-01
-2.256214539922843376e-01 -2.224553662524090814e-01
-1.565016247388629211e-01 -1.522395409377855779e-01
-1.043612036799327070e-01 -9.913188352609567100e-02
-6.654106910071580505e-02 -6.039211097163909442e-02
-3.921262928179136686e-02 -3.265979017790936884e-02
-1.949867004647450053e-02 -1.314604398725630584e-02
-1.471628651518038086e-03 3.083475718232699461e-03
-4.619294575224257252e-07 -4.426794546861205850e-07
