-2.108010350835412083e+01 -1.854775254739395152e+01
-2.108012824012981312e+01 -1.854698635544458440e+01
-2.087183288595366903e+01 -1.837732643397508170e+01
-2.066296699289716088e+01 -1.820546351720179246e+01
-2.045273028492682243e+01 -1.803059298126002830e+01
-2.024076870048625665e+01 -1.785289366466848548e+01
-2.002866158460306067e+01 -1.767408400721767237e+01
-1.981634405771901086e+01 -1.749334654183424576e+01
-1.960364813723043298e+01 -1.731067604603085996e+01
-1.939075496481999039e+01 -1.712652085453705553e+01
-1.917762176470649393e+01 -1.694053468853079991e+01
-1.896422717707465111e+01 -1.675265204816220788e+01
-1.875056185354603855e+01 -1.656329915679475917e+01
-1.853660174850940123e+01 -1.637272481813685232e+01
-1.832240571482726210e+01 -1.618104288140679969e+01
-1.810791773835894247e+01 -1.598835857601521049e+01
-1.789315530608114457e+01 -1.579480228982865420e+01
-1.767812982915307174e+01 -1.560059022169158816e+01
-1.746285118209540599e+01 -1.540586755847123790e+01
-1.724726891416067076e+01 -1.521067280267240918e+01
-1.703129952282575843e+01 -1.501517312691981587e+01
-1.681498222926555641e+01 -1.481957096630353732e+01
-1.659830990997748401e+01 -1.462397979695098904e+01
-1.638124988622516653e+01 -1.442822482123716554e+01
-1.616382125979418305e+01 -1.423240669831508498e+01
-1.594610134620158171e+01 -1.403656708978424028e+01
-1.572810345385238584e+01 -1.384064284653318211e+01
-1.550985839329572613e+01 -1.364453324787904087e+01
-1.529136038496564254e+01 -1.344845354995604936e+01
-1.507263687872409008e+01 -1.325240558775081112e+01
-1.485372022227212874e+01 -1.305645606076799936e+01
-1.463461382275675859e+01 -1.286081740721164834e+01
-1.441538737121418556e+01 -1.266523502651725153e+01
-1.419601419321505631e+01 -1.246942421939893997e+01
-1.397651672188837502e+01 -1.227324490511518285e+01
-1.375696291436622154e+01 -1.207673164629966855e+01
-1.353739546358629653e+01 -1.188007268154158780e+01
-1.331783057950518767e+01 -1.168339713027390303e+01
-1.309824015529407859e+01 -1.148654683888415740e+01
-1.287857829875159688e+01 -1.128950385896570197e+01
-1.265886031980574522e+01 -1.109229613940881087e+01
-1.243908874179096991e+01 -1.089491041443421260e+01
-1.221923505150445877e+01 -1.069744733214050214e+01
-1.199922303310837890e+01 -1.049998890807523289e+01
-1.177905498211243973e+01 -1.030235979562013249e+01
-1.155876392840929689e+01 -1.010435951362041784e+01
-1.133833617756738299e+01 -9.905948921891114978e+00
-1.111782946069310540e+01 -9.707187082911065801e+00
-1.089716802445905763e+01 -9.508242974972187511e+00
-1.067639248314002565e+01 -9.309168304255065252e+00
-1.045551609474570043e+01 -9.110036522298807782e+00
-1.023435965135226056e+01 -8.910756459815109665e+00
-1.001300013254035015e+01 -8.711405458359880782e+00
-9.791505926764722645e+00 -8.512223208984622147e+00
-9.569954512121263690e+00 -8.313354480920256862e+00
-9.348246434858126008e+00 -8.114846751947805359e+00
-9.126416937364981052e+00 -7.916573657221440463e+00
-8.904405702178975091e+00 -7.718319143127594373e+00
-8.682219353965381359e+00 -7.519848542569114613e+00
-8.459787635900635649e+00 -7.321126495214810959e+00
-8.237317794577110774e+00 -7.122234429064541850e+00
-8.014753946644356475e+00 -6.923640958327956341e+00
-7.792143804757402314e+00 -6.725262517002194684e+00
-7.569450969036252808e+00 -6.527301538962211325e+00
-7.346752090510497268e+00 -6.329866454781039486e+00
-7.123923077706129980e+00 -6.132842578957657054e+00
-6.900929373526468957e+00 -5.935896874131905143e+00
-6.677727260227745099e+00 -5.739139850464126447e+00
-6.454444095713793850e+00 -5.542636393373259196e+00
-6.231094244590477338e+00 -5.346496798816305684e+00
-6.007831536338884781e+00 -5.150511597188526913e+00
-5.784584057302104121e+00 -4.954673748963310587e+00
-5.561380248743358123e+00 -4.758917835753458725e+00
-5.338163829408735239e+00 -4.563582030872465722e+00
-5.115080842482194967e+00 -4.368858769551408727e+00
-4.892003706196417667e+00 -4.174756628397373603e+00
-4.668956601453730038e+00 -3.981266036528452013e+00
-4.445901684451272651e+00 -3.788150534658717650e+00
-4.222826596281583633e+00 -3.594935962468747359e+00
-3.999552411295709931e+00 -3.401705811133645785e+00
-3.776237154093307069e+00 -3.208500293546735715e+00
-3.552768027621441504e+00 -3.015617828161354375e+00
-3.329084560224196299e+00 -2.823072258474222718e+00
-3.105259119596227357e+00 -2.630784435993610781e+00
-2.881373308524637356e+00 -2.438741929698030386e+00
-2.657391358979517282e+00 -2.246868430834788821e+00
-2.433578932049997423e+00 -2.055201419151910347e+00
-2.209689273759586570e+00 -1.863924407180631126e+00
-1.985815019509391988e+00 -1.673120850128298143e+00
-1.762263509500098912e+00 -1.482938647401372823e+00
-1.539155591831083747e+00 -1.293577955219425757e+00
-1.316366682189254123e+00 -1.105205922290926068e+00
-1.094391160859390366e+00 -9.179266714632006163e-01
-8.732728583447247894e-01 -7.318237127254475505e-01
-6.539784420228410555e-01 -5.473364721271820610e-01
-4.351401220549414028e-01 -3.637377783945040521e-01
-2.168951387560175692e-01 -1.813172357501144083e-01
2.135251735892866349e-04 -7.921076079509076174e-04
-8.519847331911078634e-05 -4.152653204164895268e-05
-1.802833286506575002e-06 -9.672754006577569084e-06
