4.062789573746034222e+01 4.767053602619160557e+01
4.062657204912527220e+01 4.766922099825546155e+01
4.053087497788695259e+01 4.755778323266091689e+01
4.041882630238814755e+01 4.742555735085564095e+01
4.024428816571807488e+01 4.722515870446630970e+01
4.005236603655718852e+01 4.700385942236228232e+01
3.982524971383491419e+01 4.674055233705954748e+01
3.955528894753906854e+01 4.642635903435616029e+01
3.927403385626056576e+01 4.609903716535119855e+01
3.896459931625548023e+01 4.573809235072539536e+01
3.862662743186331227e+01 4.534342379642819054e+01
3.826669696293256351e+01 4.492300096040605695e+01
3.788611103464975827e+01 4.447852605709238105e+01
3.748764439497858802e+01 4.401349642914208005e+01
3.707440027061504395e+01 4.353170993383900367e+01
3.664831359326166904e+01 4.303556729173572393e+01
3.621204119187244430e+01 4.252816052709318484e+01
3.576730740715352397e+01 4.201180883315493020e+01
3.531613134722021385e+01 4.148904462696818740e+01
3.486061898500286560e+01 4.096203911799929642e+01
3.440137936115334583e+01 4.043130738598470231e+01
3.393996862822197613e+01 3.989902349340508181e+01
3.347653850960510624e+01 3.936557909753901185e+01
3.301161136443396060e+01 3.883101808361502805e+01
3.254596651188597178e+01 3.829611499961215770e+01
3.207989325270477110e+01 3.776107016773972447e+01
3.161320321386845578e+01 3.722544780368627215e+01
3.114582479463358311e+01 3.668912238956675509e+01
3.067760386658886418e+01 3.615182028424613492e+01
3.020879036611135859e+01 3.561347867614077956e+01
2.973892781855159839e+01 3.507328080400627357e+01
2.926718114863249554e+01 3.453036164149996523e+01
2.879314051528940155e+01 3.398392562558073138e+01
2.831651571711736182e+01 3.343338245277649179e+01
2.783735604455240065e+01 3.287884264802250556e+01
2.735586854150384895e+01 3.232082468329495839e+01
2.687194332564498112e+01 3.175921971485568918e+01
2.638446972900074172e+01 3.119264443653738184e+01
2.589327914101478001e+01 3.062083955224844090e+01
2.539822928303643934e+01 3.004338395211259893e+01
2.489963736201917399e+01 2.946044857987092769e+01
2.439764994484490401e+01 2.887233847348831972e+01
2.389245059051027553e+01 2.827931154034144257e+01
2.338409347786453552e+01 2.768132185185414684e+01
2.287300719038233154e+01 2.707886651940039258e+01
2.235927024736965052e+01 2.647236923273252529e+01
2.184351120976850069e+01 2.586250341732247549e+01
2.132549816025904121e+01 2.524896654916999950e+01
2.080519921478244427e+01 2.463141459990590576e+01
2.028260094525453994e+01 2.400982359682659606e+01
1.975798700480967796e+01 2.338472657625011664e+01
1.923176794879696772e+01 2.275671316175980863e+01
1.870404747122075051e+01 2.212615982013442562e+01
1.817497673474618125e+01 2.149364964131809685e+01
1.764477429772704298e+01 2.085974500430497613e+01
1.711382446875980179e+01 2.022507843417604434e+01
1.658247614265279779e+01 1.959007749422180567e+01
1.605107400087361569e+01 1.895567269627532525e+01
1.551988097105654774e+01 1.832250658627175710e+01
1.498929097789376641e+01 1.769098938870513749e+01
1.445966157585959166e+01 1.706140765124077419e+01
1.393134825648312969e+01 1.643386850895487683e+01
1.340470964703707857e+01 1.580863866580036436e+01
1.287988105178610354e+01 1.518582061811091322e+01
1.235738000960643035e+01 1.456577391715894620e+01
1.183770502700595983e+01 1.394912179113501871e+01
1.132145610312969097e+01 1.333675862170594861e+01
1.080870781105208067e+01 1.272885172749410998e+01
1.030027671778747056e+01 1.212618862148188548e+01
9.796047353359064402e+00 1.152887237547756705e+01
9.296775120771670231e+00 1.093781003217321057e+01
8.802903833985050497e+00 1.035358040034182459e+01
8.313814425166825117e+00 9.775281713868853473e+00
7.830394501579845290e+00 9.203460170719008460e+00
7.353761269943453804e+00 8.639576132757236238e+00
6.883703643325851829e+00 8.083365841109985794e+00
6.421551761985480944e+00 7.536309709603586704e+00
5.968454778659524784e+00 7.000167577687545162e+00
5.524875569823252341e+00 6.475456905578026223e+00
5.091610250402784033e+00 5.963396125745263454e+00
4.668241130045907461e+00 5.463516768532757695e+00
4.257852711521608491e+00 4.979477417274970286e+00
3.859288953336051264e+00 4.509876926143737030e+00
3.474310377429949526e+00 4.056739699652855968e+00
3.102816841705499318e+00 3.620035973628137338e+00
2.746684934208952100e+00 3.201946568601490295e+00
2.406494442288650948e+00 2.803166259056557585e+00
2.081381209704954660e+00 2.422596892390202150e+00
1.774225962054185146e+00 2.063762113794726183e+00
1.484792218768000494e+00 1.726281357043275788e+00
1.215514070808017655e+00 1.413107740924430145e+00
9.681331071744018191e-01 1.126463133895869495e+00
7.411982886666342862e-01 8.645889294302314676e-01
5.363901436160469771e-01 6.291517475506270829e-01
3.533641203417944299e-01 4.196886299870007386e-01
1.993320457790961342e-01 2.438985046912758026e-01
8.608897916934275807e-02 1.127640115966958290e-01
1.853866107729277429e-02 2.932776454030655913e-02
-3.398000752478308809e-04 3.246425556040434882e-03
-1.490371707919107956e-06 -1.874432493157945414e-06
