3.039083514558195276e+01 4.595687274426727953e+01
3.038947053028761047e+01 4.595536739976022034e+01
3.035471496134480418e+01 4.590360365763943662e+01
3.024810739076125188e+01 4.574361068893759352e+01
3.011934867295316920e+01 4.555061978353049312e+01
2.998176817619450318e+01 4.534502191047587161e+01
2.983591422990225794e+01 4.512834957639523736e+01
2.967815946356250123e+01 4.489433431647017159e+01
2.950552223111121819e+01 4.463832377649237060e+01
2.931682373303742395e+01 4.435795258533361363e+01
2.911186418907105988e+01 4.405285234584796683e+01
2.889037870544663633e+01 4.372246924380556266e+01
2.865286124061638517e+01 4.336747280450513387e+01
2.840184694983951275e+01 4.299168531469205590e+01
2.813653962973199896e+01 4.259372673614267768e+01
2.785894215026969079e+01 4.217688755374063447e+01
2.757098803199118819e+01 4.174445318285322770e+01
2.727190531793747397e+01 4.129537785854693510e+01
2.696327188913187456e+01 4.083173594267547202e+01
2.664631172359001710e+01 4.035538662571323698e+01
2.632160846843260416e+01 3.986707852894647175e+01
2.598980234692306368e+01 3.936740420033285659e+01
2.565185774506267080e+01 3.885773535332868533e+01
2.530915144430725761e+01 3.833995039878068667e+01
2.496217590523957242e+01 3.781506954107452145e+01
2.461149270600393280e+01 3.728399061130780012e+01
2.425917717760272296e+01 3.675042092295614538e+01
2.390564159998579896e+01 3.621470700213610172e+01
2.355151613382561493e+01 3.567836461752551713e+01
2.319702077041468868e+01 3.514165732025784195e+01
2.284188815799625516e+01 3.460417790684044803e+01
2.248646340665396437e+01 3.406624456818239821e+01
2.213078969322822687e+01 3.352803989910513849e+01
2.177479887956676308e+01 3.298938446466323882e+01
2.141880378090202797e+01 3.245052712084043378e+01
2.106247256630610920e+01 3.191102846448982788e+01
2.070626359294719165e+01 3.137157385403286369e+01
2.034895571232954836e+01 3.083072755313965274e+01
1.999021050813989575e+01 3.028801376985031624e+01
1.962775277294253584e+01 2.974014421874986169e+01
1.926215275353287382e+01 2.918778245507371594e+01
1.889288930522146970e+01 2.862991865727722995e+01
1.852060283678194352e+01 2.806734476378008836e+01
1.814576505639260517e+01 2.750054677281504567e+01
1.776846832421374245e+01 2.692979725605454178e+01
1.738865653693699898e+01 2.635515442866965685e+01
1.700652363468695327e+01 2.577710225452759829e+01
1.662216399120404020e+01 2.519567058846640961e+01
1.623541429185480567e+01 2.461064160458376193e+01
1.584627067492048624e+01 2.402203471906319265e+01
1.545547722157607673e+01 2.343087213835321592e+01
1.506307476992494010e+01 2.283712551457468720e+01
1.466928107856326235e+01 2.224111991626146789e+01
1.427419693937337009e+01 2.164291693226934399e+01
1.387802746627960104e+01 2.104280808315892415e+01
1.348089597761505232e+01 2.044107560298270698e+01
1.308278775289490348e+01 1.983780976945787344e+01
1.268376973942376829e+01 1.923305807835873438e+01
1.228402092626925324e+01 1.862704473307878317e+01
1.188394478517766828e+01 1.802035100459477590e+01
1.148366424840871503e+01 1.741334668292288157e+01
1.108334653066191500e+01 1.680650162616193910e+01
1.068304567550513973e+01 1.620003754636423210e+01
1.028309374260868836e+01 1.559452400352674140e+01
9.884228344207411254e+00 1.499083513232603870e+01
9.486544613636681333e+00 1.438913968756391171e+01
9.090375816866439251e+00 1.378993871587967490e+01
8.696135462214922285e+00 1.319380760630064842e+01
8.304339383831438326e+00 1.260144862018388245e+01
7.915090788741497185e+00 1.201295871590439290e+01
7.528853819119255775e+00 1.142898303921481862e+01
7.145981384987608820e+00 1.085005573159001280e+01
6.766990777847857075e+00 1.027695758499627132e+01
6.392214094365464838e+00 9.710024824496052531e+00
6.022586967050747475e+00 9.150706434970793168e+00
5.657438205007965237e+00 8.598080234395794719e+00
5.297151572251848073e+00 8.052787539323018606e+00
4.942847273101651950e+00 7.516460638070084244e+00
4.595697086498155670e+00 6.990749412482836433e+00
4.255509123321669307e+00 6.475252787004956545e+00
3.923139669297210030e+00 5.971268921768142057e+00
3.599012071810147706e+00 5.479504258519567905e+00
3.283786525183200578e+00 5.001078091919755941e+00
2.976999267115378434e+00 4.535309235367489755e+00
2.679946437042374896e+00 4.084187946390841262e+00
2.392615620924263720e+00 3.647510842139509268e+00
2.115962599247766196e+00 3.226762172835249132e+00
1.850934226664727289e+00 2.823493457394814055e+00
1.597356255960964866e+00 2.437506749060112554e+00
1.356235144538083803e+00 2.070355030178412825e+00
1.128704806187168508e+00 1.723802953157752782e+00
9.153044521621134244e-01 1.398606490298785143e+00
7.173695555928917278e-01 1.096806794407097607e+00
5.373534749051752657e-01 8.221905093016088628e-01
3.769921064787300491e-01 5.774108568647258188e-01
2.382036243717034485e-01 3.653803086222113250e-01
1.230516849169194932e-01 1.892857617899962597e-01
4.017574263253901462e-02 6.244149285548150630e-02
-8.544678883301077459e-05 4.834308524762691794e-04
-4.861812475048912998e-07 -6.658981232384850059e-07
