-4.698189190576296426e+01 1.441985417820395687e+00
-4.697412543042020872e+01 1.442535367099341936e+00
-4.695839019791102231e+01 1.444407595765328844e+00
-4.690697832280189061e+01 1.445583119665229122e+00
-4.684655786050231541e+01 1.447858372470368860e+00
-4.678190708240451556e+01 1.451688967526202800e+00
-4.671426112989954760e+01 1.456155466408595611e+00
-4.664031179980786135e+01 1.460813312935963282e+00
-4.655707305636705229e+01 1.465118485574602891e+00
-4.646326561347218131e+01 1.468677482290365210e+00
-4.635886053562096265e+01 1.471347951991672565e+00
-4.624213713886101118e+01 1.472591847925260655e+00
-4.611154520544655355e+01 1.472292126382791055e+00
-4.596677338751517539e+01 1.470471947578954941e+00
-4.580718667033608682e+01 1.466785121352422339e+00
-4.563161481978654166e+01 1.461241748713799193e+00
-4.544072875107632115e+01 1.453969292510032485e+00
-4.523357034228673257e+01 1.445076119776472989e+00
-4.501149940229682045e+01 1.434641700426258826e+00
-4.477477897698614839e+01 1.422463251988666855e+00
-4.452432254885357565e+01 1.408467390439413158e+00
-4.426314791971324780e+01 1.392691486187989991e+00
-4.399352098997020732e+01 1.375273806138837429e+00
-4.371716212607316976e+01 1.356538815890188321e+00
-4.343556556783025258e+01 1.336875948554827831e+00
-4.315043293466693086e+01 1.316662422035513424e+00
-4.286387766918700493e+01 1.295769067984772871e+00
-4.257526616420510379e+01 1.274919178637447414e+00
-4.228406212115575613e+01 1.253856069784448968e+00
-4.199038165271905854e+01 1.232767767119048008e+00
-4.169374667464257556e+01 1.212264716354752192e+00
-4.139225821827933771e+01 1.192311253180462272e+00
-4.108558500056803808e+01 1.172901261743747314e+00
-4.077401763809638169e+01 1.154021057140951712e+00
-4.045535744737205164e+01 1.135788105464818010e+00
-4.012619209515921170e+01 1.118311936791746453e+00
-3.978328270532220046e+01 1.101706379779132883e+00
-3.942394037195756340e+01 1.085940181203251864e+00
-3.904798645273683633e+01 1.071186708441546065e+00
-3.865048527781250698e+01 1.057482155307766458e+00
-3.823447431707312205e+01 1.044943074745616762e+00
-3.779850036402790892e+01 1.033454440401072816e+00
-3.733940039148411927e+01 1.022833469447679944e+00
-3.686337068093001790e+01 1.013244481078864778e+00
-3.637225343417743062e+01 1.004847895330832186e+00
-3.586566804218153948e+01 9.976349534574182609e-01
-3.534591200121082721e+01 9.915219607608212193e-01
-3.481505272666058204e+01 9.859442569324314842e-01
-3.427465802318187116e+01 9.807421568877291440e-01
-3.372697670573197115e+01 9.760702922250753533e-01
-3.317188541480619079e+01 9.719211991096454728e-01
-3.260974997359706151e+01 9.680931684508254920e-01
-3.204088960339273484e+01 9.642349789525195281e-01
-3.146525866950307559e+01 9.605585212309739607e-01
-3.088265055630817102e+01 9.568204758644569541e-01
-3.029323692763186671e+01 9.529500045481191783e-01
-2.969733634407318945e+01 9.486357278011621208e-01
-2.909541623924278042e+01 9.436327762130299890e-01
-2.848728847258027130e+01 9.378711893582457604e-01
-2.787359991903534961e+01 9.311536225619474472e-01
-2.725377691505803313e+01 9.235859236798522609e-01
-2.662755123937717272e+01 9.150209690672290730e-01
-2.599408573843698989e+01 9.054538292654644716e-01
-2.535319673526201356e+01 8.949960946658179761e-01
-2.470542862491237202e+01 8.834463662623076585e-01
-2.405069291236924656e+01 8.708611362216800433e-01
-2.338878918421436381e+01 8.573090525363313841e-01
-2.271987406033914425e+01 8.427430732302539917e-01
-2.204459161859869809e+01 8.269769455421789317e-01
-2.136363117031310566e+01 8.099565254337600662e-01
-2.067600878009656284e+01 7.916583776195474931e-01
-1.998184734221056047e+01 7.721523842141666538e-01
-1.928108719320337627e+01 7.514929226843956034e-01
-1.857368905745085996e+01 7.296990892856163313e-01
-1.786089181337036536e+01 7.068946734318379832e-01
-1.714335028387268878e+01 6.830837234784539191e-01
-1.642089827690748649e+01 6.583939283987235713e-01
-1.569457208465562204e+01 6.330038856570738837e-01
-1.496490086620178595e+01 6.070167290734986842e-01
-1.423263253751301072e+01 5.806346068277490335e-01
-1.349786579722222157e+01 5.538967953346702888e-01
-1.276042543847512256e+01 5.265860448185805121e-01
-1.202017579595002417e+01 4.987090364808381415e-01
-1.127755802506688809e+01 4.702470004011444771e-01
-1.053269577736008955e+01 4.415021239997737879e-01
-9.786393502493769603e+00 4.124742004110678040e-01
-9.039159888956147526e+00 3.832381737527663645e-01
-8.291062683634422115e+00 3.538141521969861980e-01
-7.542021505303510231e+00 3.242028227472660284e-01
-6.791996176379782924e+00 2.945321725319831607e-01
-6.041174783780864033e+00 2.649325313243255930e-01
-5.289487813694662144e+00 2.356406257142859284e-01
-4.536830550508605953e+00 2.067758376647563789e-01
-3.783636851513893617e+00 1.780052565750143145e-01
-3.030337551093784221e+00 1.497624254256216536e-01
-2.276980185504046794e+00 1.215390419626698748e-01
-1.523291228116676610e+00 9.243337459216428853e-02
-7.691728307667955455e-01 6.523819212153596225e-02
-1.999391642999833602e-02 4.148914463644987061e-02
-2.222814064740206484e-07 1.218641794242380127e-07
