3.544125395809239620e+01 2.592402653710115956e+01
3.543935073568386684e+01 2.592273461370756849e+01
3.522608169531734035e+01 2.576154387528171341e+01
3.499211303503047077e+01 2.558552825352563076e+01
3.473703813367470161e+01 2.539511291990203645e+01
3.446708897869164900e+01 2.519300511776249962e+01
3.418524781394770429e+01 2.498309544444084906e+01
3.388615214408385157e+01 2.476037447242815048e+01
3.356762481061448256e+01 2.452358020369691971e+01
3.322855848256690336e+01 2.427165690306378565e+01
3.288202597324990961e+01 2.401522340673101041e+01
3.253070093182591194e+01 2.375559285442677293e+01
3.217607893377726924e+01 2.349375915399415504e+01
3.181700198090709364e+01 2.322899482603126486e+01
3.145290977062453663e+01 2.296079214047820827e+01
3.108504924128882863e+01 2.269026986678654012e+01
3.071435586245200255e+01 2.241815977107397373e+01
3.034010275811172264e+01 2.214397854599391025e+01
2.996206103835523038e+01 2.186764310782459830e+01
2.957969763186801870e+01 2.158855296914926214e+01
2.919329580619839604e+01 2.130706798170852778e+01
2.880283707329359189e+01 2.102312122623261814e+01
2.840844317668522478e+01 2.073664272870783876e+01
2.800984926060678859e+01 2.044732294662939154e+01
2.760698921546380902e+01 2.015502657889705063e+01
2.720069245064699714e+01 1.986021140444448818e+01
2.679090839109734290e+01 1.956264360424880167e+01
2.637809490465915374e+01 1.926256420662249980e+01
2.596247529061938764e+01 1.896011770767907834e+01
2.554398474193375534e+01 1.865533913474970262e+01
2.512289200280062573e+01 1.834841875954239754e+01
2.469931459970496590e+01 1.803944051085418110e+01
2.427354511382604940e+01 1.772854487552970326e+01
2.384604086124716105e+01 1.741608401806193385e+01
2.341676170790031009e+01 1.710196743492268823e+01
2.298569702536726922e+01 1.678631846300655184e+01
2.255307350618326723e+01 1.646926655668956130e+01
2.211908901321537257e+01 1.615103410756844937e+01
2.168402798796991959e+01 1.583174663790261683e+01
2.124808655470645036e+01 1.551159258728528201e+01
2.081128612085479190e+01 1.519062217268360548e+01
2.037394712042998179e+01 1.486897434522722428e+01
1.993630115950718817e+01 1.454695015710493600e+01
1.949873750279032691e+01 1.422475143685479715e+01
1.906149890600405428e+01 1.390251778366026336e+01
1.862492668243304195e+01 1.358049432300296289e+01
1.818937715874661265e+01 1.325899906568817421e+01
1.775542293328480881e+01 1.293837598987344784e+01
1.732309847136247072e+01 1.261877905497748209e+01
1.689188991073297075e+01 1.229991545030618916e+01
1.646204235424066198e+01 1.198187977124368331e+01
1.603200696529075486e+01 1.166421936592230857e+01
1.560190568966968527e+01 1.134691346606568452e+01
1.517228676030039303e+01 1.103007758813793160e+01
1.474077697454563562e+01 1.071322527207860453e+01
1.430832537341090394e+01 1.039682771524287297e+01
1.387574001884463470e+01 1.008116441673804786e+01
1.344338104177976945e+01 9.766591698067704996e+00
1.301188729284769252e+01 9.453425931418125927e+00
1.258187263973887937e+01 9.141953906986355349e+00
1.215362000679597188e+01 8.832543171227525747e+00
1.172771552025660569e+01 8.525847915661874055e+00
1.130422871358803505e+01 8.221659077909372115e+00
1.088353901109565136e+01 7.919980440643552555e+00
1.046553475825522739e+01 7.620928557404429426e+00
1.005012831936761231e+01 7.324625027601355143e+00
9.637159101719323218e+00 7.030908197465117304e+00
9.226572914681275606e+00 6.739935217349311003e+00
8.817815107323580648e+00 6.451047388099183877e+00
8.409652486086446999e+00 6.162871920721626928e+00
8.001865316652798654e+00 5.874952629582908870e+00
7.594247359665315500e+00 5.586974518955766911e+00
7.187344727925847998e+00 5.298937063382208379e+00
6.781620738956009475e+00 5.011164992300259691e+00
6.378068064623906075e+00 4.724148279105969905e+00
5.976513783150868342e+00 4.437414066118700262e+00
5.576803467475963672e+00 4.151377056666800236e+00
5.180581104748313237e+00 3.866743810527556224e+00
4.789756052627623717e+00 3.585040188822946394e+00
4.405829757580034034e+00 3.307357387212307653e+00
4.029660290961407654e+00 3.034426891820593664e+00
3.662665345490339064e+00 2.767104731107424609e+00
3.304419778874005065e+00 2.504955455974875012e+00
2.957086283723521447e+00 2.249718003784658915e+00
2.621873091738704531e+00 2.002276240321568146e+00
2.299929525149889464e+00 1.763626866540054294e+00
1.992708938705536337e+00 1.534840473698386276e+00
1.701854306895231428e+00 1.317048274253771023e+00
1.429113985171415191e+00 1.111578864130122968e+00
1.175296437439396824e+00 9.191185810721099747e-01
9.423896242275003887e-01 7.414146436024185993e-01
7.325550101558693239e-01 5.802901638904879311e-01
5.483839549294761140e-01 4.378517557864509691e-01
3.896775674206180984e-01 3.141324998214628517e-01
2.547595999213281837e-01 2.079348526108892592e-01
1.491326391398712925e-01 1.237229733800437187e-01
6.923718808907719513e-02 5.919937323028021114e-02
1.950902568359499933e-02 1.827334830321681453e-02
-4.703717076704905394e-04 9.031166866643164761e-04
2.256968995579514188e-07 -7.422979730117371523e-07
