3.578947575472119524e+01 4.483968802908940887e+01
3.578818946772256027e+01 4.483981291646808387e+01
3.529383745326979493e+01 4.418079721637290902e+01
3.477916096496350207e+01 4.349370272490958200e+01
3.426631528846149166e+01 4.280401795253303021e+01
3.381417700780902180e+01 4.219502733326115163e+01
3.336834311911719908e+01 4.159837673653428425e+01
3.292096805753396183e+01 4.100198822517840114e+01
3.247282645351661046e+01 4.040715263952676395e+01
3.202401551201936769e+01 3.981243035302478717e+01
3.157722919525677696e+01 3.922469059688926052e+01
3.113002913453189535e+01 3.864041026882485852e+01
3.068454112937367739e+01 3.806187653948498451e+01
3.024083863013632367e+01 3.748909791212314246e+01
2.979507036216919857e+01 3.691635669926446894e+01
2.935054516742791009e+01 3.634929455447561963e+01
2.890517922468037781e+01 3.578289124590430959e+01
2.845894924931442915e+01 3.521794791707591799e+01
2.801259025252966950e+01 3.465519053645193992e+01
2.756671211948473399e+01 3.409529973616353971e+01
2.712157505458797502e+01 3.353806699933446822e+01
2.667778863720734606e+01 3.298356291503171178e+01
2.623531370521207506e+01 3.243186595642180237e+01
2.579416642889946942e+01 3.188286016432825321e+01
2.535462132789830392e+01 3.133646235808825509e+01
2.491665289764730673e+01 3.079249490523247701e+01
2.448035476495946483e+01 3.025097073406988812e+01
2.404629039783798206e+01 2.971226698323783211e+01
2.361466064865355463e+01 2.917629534404260383e+01
2.318593865105847129e+01 2.864325896297409457e+01
2.276057385610246797e+01 2.811375128827710412e+01
2.233780242618608725e+01 2.758773359478120923e+01
2.191809905744695897e+01 2.706563660406755645e+01
2.150173003877430133e+01 2.654736290026843548e+01
2.108925429074596281e+01 2.603361430039909408e+01
2.068010299698504895e+01 2.552399909456051574e+01
2.027511759320255535e+01 2.501943729774867720e+01
1.987442855460517777e+01 2.451953197103092208e+01
1.947451879212061598e+01 2.402147799038930387e+01
1.907378175843970425e+01 2.352295427464582289e+01
1.867346579992920041e+01 2.302444468691352952e+01
1.827419976560053527e+01 2.252673686354060578e+01
1.787474500995380566e+01 2.202926050602822627e+01
1.747462360959338667e+01 2.153152062013305823e+01
1.707365848357030558e+01 2.103329559125901582e+01
1.667251746062368767e+01 2.053483563790416255e+01
1.627078954864582983e+01 2.003611001169145922e+01
1.586853489327785560e+01 1.953717189070939853e+01
1.546603450428423798e+01 1.903800478069319269e+01
1.506347011541597247e+01 1.853867949169980633e+01
1.466089093747705441e+01 1.803954604572947673e+01
1.425839976114733965e+01 1.754087741223636243e+01
1.385613288777322438e+01 1.704280050277524339e+01
1.345441036575511973e+01 1.654555337981235041e+01
1.305341573282050760e+01 1.604923903314668010e+01
1.265305258313006931e+01 1.555390104629325343e+01
1.225319802134081826e+01 1.505955396796843893e+01
1.185380632931626721e+01 1.456622072487249930e+01
1.145518896735810088e+01 1.407408440474823941e+01
1.105751024124957382e+01 1.358315885206614837e+01
1.066124344171650229e+01 1.309334210507744700e+01
1.026638708532291488e+01 1.260451806428249633e+01
9.872986057059813803e+00 1.211682720125950752e+01
9.481341164516461362e+00 1.163032057052594404e+01
9.091162432245603497e+00 1.114546582338052971e+01
8.702510165923010632e+00 1.066195357081549311e+01
8.315273250094334045e+00 1.017961357548996659e+01
7.931254040976964959e+00 9.701838683079586190e+00
7.552347004783572793e+00 9.232126582017420091e+00
7.179777112926694294e+00 8.771878202515450695e+00
6.813090674747429354e+00 8.320395849773881025e+00
6.452482513842053180e+00 7.878190738513686675e+00
6.098971426648142291e+00 7.445830703947830642e+00
5.752330722554074960e+00 7.022468787547015978e+00
5.413475022691218719e+00 6.609175702780068384e+00
5.082303271209170248e+00 6.205676497191700669e+00
4.758796901990312023e+00 5.812056705223040964e+00
4.442988115827225748e+00 5.427913749121847431e+00
4.134919192406359301e+00 5.053341904112800265e+00
3.835136971216726476e+00 4.688481698255286823e+00
3.543292328314621376e+00 4.333137723977936950e+00
3.258950965989469317e+00 3.986672379749962580e+00
2.981343113462682215e+00 3.648426770527181784e+00
2.710803921777739323e+00 3.319279928857854944e+00
2.446978200217916566e+00 2.998970458542034478e+00
2.191161545170483560e+00 2.689285059838306680e+00
1.943571504684401763e+00 2.390377783860786920e+00
1.707187742622288340e+00 2.105499118872845354e+00
1.482129844622478876e+00 1.834155230312033869e+00
1.269627027290225918e+00 1.577325801284679585e+00
1.069359975597290235e+00 1.334463487475650467e+00
8.838916457349764721e-01 1.109150784800962075e+00
7.113903659952577341e-01 8.982015004497504451e-01
5.525453954086114727e-01 7.024814789100726209e-01
4.075086715163898643e-01 5.221488433363578041e-01
2.768623844403800827e-01 3.583261438794890230e-01
1.615353259953152543e-01 2.118073706303580661e-01
6.778354839022866785e-02 9.040788003064331724e-02
1.704518444240097318e-03 3.656331908140271827e-03
3.523127673875206850e-08 7.867608677854115192e-08
