-4.639622384209571493e+01 -1.530090977668486341e+00
-4.638115588572764381e+01 -1.528852605990209890e+00
-4.636349158593909436e+01 -1.526080353591723116e+00
-4.630531990064690717e+01 -1.521152616778464139e+00
-4.621132943116133163e+01 -1.515038449575601298e+00
-4.608769578270392486e+01 -1.508204682387550788e+00
-4.593498899086455367e+01 -1.500467537521239736e+00
-4.576614073327867516e+01 -1.491996390621565638e+00
-4.558755553536207827e+01 -1.482713983139658520e+00
-4.539627999790857160e+01 -1.472692222415933783e+00
-4.519267195520041014e+01 -1.462327439721252675e+00
-4.497365433336977958e+01 -1.451696508903587146e+00
-4.473641988279896964e+01 -1.440460017308123897e+00
-4.448262500451055956e+01 -1.428980745391996932e+00
-4.421597572942211229e+01 -1.417553428519965353e+00
-4.393647035515368771e+01 -1.406203402234836419e+00
-4.364294733426333295e+01 -1.394758083606994381e+00
-4.333599928364780851e+01 -1.383326385614169540e+00
-4.301712036679207074e+01 -1.371957177597338706e+00
-4.268426350550766557e+01 -1.360528198093562846e+00
-4.233286188099106084e+01 -1.348694775941539303e+00
-4.196115228749217607e+01 -1.336430431943882224e+00
-4.156744016811069997e+01 -1.323657595480236537e+00
-4.115507744313450189e+01 -1.310653780282071468e+00
-4.071778064257610907e+01 -1.297178405953530955e+00
-4.025795426246193642e+01 -1.283367817707587122e+00
-3.977317869363430702e+01 -1.269039020518529126e+00
-3.925914492152890034e+01 -1.253836692063466485e+00
-3.871813499521454816e+01 -1.237702607048623671e+00
-3.814986864595545057e+01 -1.220572762977921499e+00
-3.755657800563465543e+01 -1.202490677642242600e+00
-3.693696766907383022e+01 -1.183332755444028273e+00
-3.629656864149549023e+01 -1.163278481864896463e+00
-3.563194841198668428e+01 -1.142160671025869378e+00
-3.494906932130763977e+01 -1.120264520356204274e+00
-3.424695943348323368e+01 -1.097488691311476083e+00
-3.352891504875491080e+01 -1.073836858641880942e+00
-3.279580114298621396e+01 -1.049388436555281690e+00
-3.204853898837289705e+01 -1.024174036971325474e+00
-3.128799138669688062e+01 -9.983123209542548171e-01
-3.051581244622636291e+01 -9.719346571705110849e-01
-2.973240698425409079e+01 -9.450269640960500261e-01
-2.894021163663587970e+01 -9.176966659342394861e-01
-2.814034477381622779e+01 -8.899415647938216933e-01
-2.733427273718281114e+01 -8.618972275017704465e-01
-2.652326067557635625e+01 -8.336979303949881848e-01
-2.570876848456660468e+01 -8.054244738819233973e-01
-2.489208967763942937e+01 -7.770809518288542828e-01
-2.407475795865667223e+01 -7.486435584675433796e-01
-2.325767842366028404e+01 -7.200237785246740296e-01
-2.244150350390074067e+01 -6.912075191295424803e-01
-2.162676621421198675e+01 -6.622367596202120010e-01
-2.081513792971717791e+01 -6.332449005504674489e-01
-2.000763427721424037e+01 -6.043131515060981007e-01
-1.920592388243724358e+01 -5.754423031027865454e-01
-1.841217691868905604e+01 -5.467087358546436349e-01
-1.762807148593994100e+01 -5.182025600088421280e-01
-1.685399051563750206e+01 -4.899214856208202185e-01
-1.609190418411654022e+01 -4.619225222423418153e-01
-1.534364906053580491e+01 -4.343548138141624104e-01
-1.460898728466101382e+01 -4.073217646785045609e-01
-1.388935894559567252e+01 -3.809233034131068174e-01
-1.318305728315280234e+01 -3.551999181950111217e-01
-1.249129719066196031e+01 -3.302093574284408195e-01
-1.181477251893641345e+01 -3.058816769754699183e-01
-1.115366376992951203e+01 -2.822388928467894909e-01
-1.050980866264791125e+01 -2.593249025384442574e-01
-9.882481286399757536e+00 -2.371615751803726746e-01
-9.274648156885074712e+00 -2.159213837131056246e-01
-8.685726026427269986e+00 -1.955498379919775043e-01
-8.114517232487498788e+00 -1.760723941410235749e-01
-7.559675797147121123e+00 -1.575224498709233145e-01
-7.020644928079167180e+00 -1.400219803008765640e-01
-6.498187040531736791e+00 -1.235432665090976379e-01
-5.995225693552828972e+00 -1.080940937827200021e-01
-5.513838822910058113e+00 -9.370380539343571569e-02
-5.056359245618228471e+00 -8.044345707004811608e-02
-4.624572909315979530e+00 -6.843131089422342661e-02
-4.216692009676060948e+00 -5.764071653472259416e-02
-3.830496363927966108e+00 -4.799780718569280485e-02
-3.467908216996729021e+00 -3.944331120334633456e-02
-3.124360408118522781e+00 -3.184732992360749665e-02
-2.797521683364833756e+00 -2.516047841411656397e-02
-2.487715905299505259e+00 -1.934757714137159273e-02
-2.193944722655009727e+00 -1.433968017280351850e-02
-1.919039167935036705e+00 -1.002586456558712640e-02
-1.664557794519412548e+00 -6.408194758803816525e-03
-1.427316965899303014e+00 -3.391899620526231396e-03
-1.202004841526586265e+00 -6.975349804436275234e-04
-9.918721842623883234e-01 1.487204679634466760e-03
-7.988602930045100026e-01 3.149524281609806988e-03
-6.224568926747641173e-01 4.306737130394957570e-03
-4.630080305392566542e-01 5.208302210798355925e-03
-3.247265320330813831e-01 5.890906536023200225e-03
-2.093845249016171861e-01 6.125738573773155220e-03
-1.164802662643780601e-01 5.925569728239475122e-03
-5.489098389710032194e-02 5.086129957501375060e-03
-2.313657968045113381e-02 3.499799289851235947e-03
-9.668293562710600017e-03 1.635980685622419935e-03
-1.973880323776791795e-05 -3.598683048472289346e-06
