-4.829734369264898675e+01 -1.889534992438193894e+00
-4.829611125308547770e+01 -1.889366437746289984e+00
-4.806475208129359800e+01 -1.880465869675459478e+00
-4.778665514005020754e+01 -1.869718593815179686e+00
-4.744896393716953042e+01 -1.856713120748470169e+00
-4.710627664794238001e+01 -1.843810864318929710e+00
-4.675395470841323231e+01 -1.830602066806299000e+00
-4.638614135451275899e+01 -1.816821505511023727e+00
-4.600155845254914766e+01 -1.802390912098152942e+00
-4.559937686382569666e+01 -1.787226900930063422e+00
-4.517785407670736220e+01 -1.771240141180566274e+00
-4.473851010548727203e+01 -1.754450844509181762e+00
-4.428046565141502811e+01 -1.736777220766321683e+00
-4.380580433362856496e+01 -1.718223384695642064e+00
-4.331487417720755673e+01 -1.698739714428350256e+00
-4.280840092191534296e+01 -1.678339087375809058e+00
-4.228849441234935114e+01 -1.657173029749973825e+00
-4.175556583326924454e+01 -1.635189911504331794e+00
-4.121213723720548927e+01 -1.612413529851130845e+00
-4.065978858362744575e+01 -1.588838459784600587e+00
-4.009909753085298689e+01 -1.564432149196898880e+00
-3.953178214945064894e+01 -1.539174864684246247e+00
-3.895937866753823187e+01 -1.513102999045706110e+00
-3.838314015392209910e+01 -1.486388978379694858e+00
-3.780328095834627078e+01 -1.459368747506024633e+00
-3.722058260547125030e+01 -1.431844090141238146e+00
-3.663525339960864358e+01 -1.403986549459638633e+00
-3.604790125309558846e+01 -1.376016729969850916e+00
-3.545833940683277774e+01 -1.347628519332769503e+00
-3.486651988149298376e+01 -1.318967719618313605e+00
-3.427261263145581438e+01 -1.290227740858758798e+00
-3.367673798330699952e+01 -1.261357959360378533e+00
-3.307931408587950273e+01 -1.232497698732850866e+00
-3.248052894990012618e+01 -1.203799847032656967e+00
-3.188030727655024776e+01 -1.175268279491904710e+00
-3.127839911436389642e+01 -1.146886029471279267e+00
-3.067466608448415499e+01 -1.118685261936711139e+00
-3.006932185344883735e+01 -1.090818914331529887e+00
-2.946235454846644686e+01 -1.063372369738174061e+00
-2.885388296326203061e+01 -1.036517697107387947e+00
-2.824408732339242079e+01 -1.010294477555150117e+00
-2.763309386123810540e+01 -9.847079968546987860e-01
-2.702089330422265689e+01 -9.596789555245345271e-01
-2.640791655960330431e+01 -9.351829823725296142e-01
-2.579440467889602928e+01 -9.110583811595023285e-01
-2.518047037176878789e+01 -8.872436809564478999e-01
-2.456643085242719948e+01 -8.637876419068715173e-01
-2.395266917398381779e+01 -8.406975788753444645e-01
-2.333928737738184367e+01 -8.179566329811943648e-01
-2.272631336365122223e+01 -7.956171288624143134e-01
-2.211429572122902698e+01 -7.737140151371488805e-01
-2.150352753040120746e+01 -7.522619074713401410e-01
-2.089414667239051582e+01 -7.313055965125936364e-01
-2.028628553861465633e+01 -7.108722561820972619e-01
-1.968035942794180926e+01 -6.908515152770283718e-01
-1.907606361031124109e+01 -6.712470257221567760e-01
-1.847321911243121662e+01 -6.520230979941707972e-01
-1.787162799671300561e+01 -6.330214338555519848e-01
-1.727073419278729105e+01 -6.143871032057722781e-01
-1.667057183473609783e+01 -5.959046563364681637e-01
-1.607075362833037957e+01 -5.773716831630062440e-01
-1.547112243243766017e+01 -5.587905222742707290e-01
-1.487166052365511248e+01 -5.401454812530414040e-01
-1.427269297756485678e+01 -5.212000584450873220e-01
-1.367481001006380659e+01 -5.018999645040026492e-01
-1.307873158118196599e+01 -4.822914769501947529e-01
-1.248559767010805466e+01 -4.624404245180862572e-01
-1.189676429337304775e+01 -4.424006372648907615e-01
-1.131345141464827009e+01 -4.222767818081470947e-01
-1.073646946818594117e+01 -4.021494908017351211e-01
-1.016661578183168047e+01 -3.820679720381542910e-01
-9.605001555112671952e+00 -3.619558419251353576e-01
-9.051748259083524317e+00 -3.418581313359196350e-01
-8.507174505222243610e+00 -3.218574914900328987e-01
-7.971457508854481233e+00 -3.020193594620989019e-01
-7.445117415921290949e+00 -2.824239511009554171e-01
-6.929652353017341504e+00 -2.631070334321056192e-01
-6.425205001753718115e+00 -2.440207311218798580e-01
-5.934024881797985707e+00 -2.252905245586784566e-01
-5.455515210621872058e+00 -2.069530548799453917e-01
-4.992250406412388486e+00 -1.891563555697608479e-01
-4.544946457517226257e+00 -1.718887256503868755e-01
-4.114189715681434656e+00 -1.551705414192508237e-01
-3.700521786409312064e+00 -1.390581464640735232e-01
-3.303799613717520511e+00 -1.236145969843118197e-01
-2.924465652557796336e+00 -1.089036245900526917e-01
-2.562253379196334890e+00 -9.490753295624633490e-02
-2.218134383685599342e+00 -8.162745060734091784e-02
-1.891196259760252074e+00 -6.902678587207454475e-02
-1.582568024469639845e+00 -5.713632513402402968e-02
-1.295174060476766975e+00 -4.607691795371135490e-02
-1.030589765803285429e+00 -3.593248961103473471e-02
-7.904277378561415102e-01 -2.675186674140672682e-02
-5.752796357291269924e-01 -1.857310208257621428e-02
-3.884235537112136205e-01 -1.155931592899662672e-02
-2.318552783730228328e-01 -5.720416391242253741e-03
-1.110237585912389746e-01 -1.380116264903047223e-03
-3.413992759948358824e-02 9.648140942310768622e-04
-1.167117291906651089e-02 7.395058534935660798e-04
-1.070868210498204528e-06 -4.347293108328208205e-08
