-4.554086663265086798e+01 2.353441517998206667e+00
-4.554079503904137027e+01 2.352995752713785915e+00
-4.497557671036971527e+01 2.325369014885059205e+00
-4.441021193515042853e+01 2.297690857087984373e+00
-4.375082815145589166e+01 2.253410888449922655e+00
-4.309115450285253957e+01 2.208974954955516878e+00
-4.243120742047067750e+01 2.165278504649027713e+00
-4.177106198557006422e+01 2.122251440603938555e+00
-4.111083636348482884e+01 2.080037395747022178e+00
-4.045088170628921631e+01 2.038862667584913524e+00
-3.979937886045672002e+01 1.996137576343721909e+00
-3.914900651714243196e+01 1.954139267566551874e+00
-3.850064416878156948e+01 1.912047973989461358e+00
-3.785343393519353583e+01 1.870471758250405570e+00
-3.720742643425544571e+01 1.829803244315342470e+00
-3.656145864917101562e+01 1.788130159342442793e+00
-3.591540974737153391e+01 1.747451735466302836e+00
-3.526951834181284084e+01 1.707390013702779097e+00
-3.462395832149565678e+01 1.667927825297924382e+00
-3.397823388776010489e+01 1.628745675834163631e+00
-3.333273263170175937e+01 1.590432932305045011e+00
-3.268811294834794978e+01 1.553001430677148464e+00
-3.204518569510415205e+01 1.516853418283978128e+00
-3.140480714530691486e+01 1.481860470495490079e+00
-3.076832838001362092e+01 1.448293225764156755e+00
-3.013178918801590811e+01 1.414242621770907204e+00
-2.949642680061448274e+01 1.380591237125218029e+00
-2.886329298987568492e+01 1.347617218606461442e+00
-2.823322871728337091e+01 1.315655966216871864e+00
-2.760708924159492739e+01 1.285164800644927663e+00
-2.698434803977556484e+01 1.256395062085144287e+00
-2.636376624490898024e+01 1.229161924890182389e+00
-2.574660363204259994e+01 1.203646775226094645e+00
-2.513406203484028367e+01 1.179784626677764736e+00
-2.452813291979306953e+01 1.157282647431682854e+00
-2.392969692239104518e+01 1.135885638404280806e+00
-2.333699913711610208e+01 1.115720455796380683e+00
-2.274940968559203469e+01 1.096943778119785939e+00
-2.216659569688190601e+01 1.079622403564535649e+00
-2.158809477900448570e+01 1.063628478134039268e+00
-2.101397002782086432e+01 1.048491105894802322e+00
-2.044430558031245582e+01 1.034224386899527559e+00
-1.987931142490154102e+01 1.020385745849561543e+00
-1.931832202733374615e+01 1.006515141930619306e+00
-1.876134774722757115e+01 9.929382811025057043e-01
-1.820811883151533550e+01 9.788744283483448161e-01
-1.765889208678229494e+01 9.639599337215628561e-01
-1.711379006190897556e+01 9.480388645647780388e-01
-1.657266057980036678e+01 9.310837654763920446e-01
-1.603522925492439910e+01 9.131095497837180552e-01
-1.550163186901040291e+01 8.940967024814837627e-01
-1.497203459607609410e+01 8.737799655252888043e-01
-1.444662022836150506e+01 8.521158430823582153e-01
-1.392549435989132434e+01 8.295298382962076333e-01
-1.340848532088201139e+01 8.059479194087195708e-01
-1.289603850813930208e+01 7.810639547999493892e-01
-1.238775083065955229e+01 7.542406643488115403e-01
-1.188328449794284936e+01 7.251506761847698046e-01
-1.138235001124713897e+01 6.939534385873790123e-01
-1.088412414245092030e+01 6.610145590403725402e-01
-1.038765891985266876e+01 6.267318690248929736e-01
-9.893050688534426484e+00 5.917277548959410938e-01
-9.399971134035727260e+00 5.561080357673506835e-01
-8.908771275354405716e+00 5.197742769473931990e-01
-8.418965850460983447e+00 4.831599907103103497e-01
-7.930114278863229060e+00 4.463389492383368906e-01
-7.443433588454373862e+00 4.098521969126831532e-01
-6.960677190969360772e+00 3.743288192641166523e-01
-6.482767708196889522e+00 3.393158084123938378e-01
-6.010772795973748472e+00 3.049247034485457752e-01
-5.546358022609982008e+00 2.715763057495191313e-01
-5.090276214910787189e+00 2.395389802417942637e-01
-4.642622371127769654e+00 2.086577186904390868e-01
-4.204062936272403128e+00 1.787767302253599755e-01
-3.777466757428978639e+00 1.501996893134000255e-01
-3.366973622315371006e+00 1.232232029825870573e-01
-2.974764374355275187e+00 9.790249759692010167e-02
-2.604748305863591185e+00 7.449933016672646846e-02
-2.258978558694211269e+00 5.309290632158411571e-02
-1.938246077999203232e+00 3.381339946723322526e-02
-1.646394703063115861e+00 1.676741036157137002e-02
-1.385015519165533338e+00 2.103218751722328497e-03
-1.152325335648883398e+00 -1.006485890577158392e-02
-9.440225580408563300e-01 -1.981722021716503246e-02
-7.623008102280156573e-01 -2.720368119415225716e-02
-6.061111098926107443e-01 -3.246102003213119369e-02
-4.741387518969882864e-01 -3.562260650708136411e-02
-3.641513378145627700e-01 -3.647690975842263206e-02
-2.757257333897004670e-01 -3.548749786992914934e-02
-2.048635231298849002e-01 -3.296743345051032781e-02
-1.480337816277381424e-01 -2.959814486128688193e-02
-1.040275719718546515e-01 -2.565070095976821132e-02
-7.080292020148332144e-02 -2.138039320085938916e-02
-4.687092146348984661e-02 -1.714951811655033437e-02
-2.996873626190850112e-02 -1.297255022446072888e-02
-1.896190667203772121e-02 -9.147476812751950681e-03
-1.126710898073340732e-02 -5.800395675575827775e-03
-5.933514317147873043e-03 -2.858996050286715263e-03
-2.048102195215536440e-03 -7.261693566602323057e-04
7.601707914904693137e-06 1.480760119259347405e-05
