-4.014125212582165858e+01 4.241339870392585709e+01
-4.013844565587517366e+01 4.241270480303992230e+01
-3.979504109211566742e+01 4.202774559981492075e+01
-3.944765752095833733e+01 4.164079852156290684e+01
-3.905828603806062915e+01 4.120874087319733547e+01
-3.866297764719111285e+01 4.077692609173842442e+01
-3.825676260366620340e+01 4.033507465740939324e+01
-3.783920247645770019e+01 3.988236408796717569e+01
-3.740929309159934490e+01 3.942185794699391010e+01
-3.697111544525688487e+01 3.895861283228063598e+01
-3.652793074513952121e+01 3.849097524987953989e+01
-3.607918177913148128e+01 3.801822193948327566e+01
-3.562515950026094913e+01 3.753988079822216406e+01
-3.516651353298762928e+01 3.705662478360704881e+01
-3.470291463092381434e+01 3.656809683553370860e+01
-3.423440836324964920e+01 3.607458708799249081e+01
-3.376116411697721276e+01 3.557609720580046542e+01
-3.328406262043858277e+01 3.507288577536965590e+01
-3.280362614068138782e+01 3.456555466374324936e+01
-3.231853813409097143e+01 3.405341777588618868e+01
-3.182988501378591550e+01 3.353724458574001943e+01
-3.133857708569207290e+01 3.301729151208944302e+01
-3.084517066798754215e+01 3.249407469077077337e+01
-3.034961608761474139e+01 3.196767380685347959e+01
-2.985259948172906164e+01 3.143820284850759350e+01
-2.935452555946780606e+01 3.090645314172239821e+01
-2.885476315639949263e+01 3.037250796743726866e+01
-2.835436921566839175e+01 2.983654968563987708e+01
-2.785379850658970824e+01 2.929891882261339475e+01
-2.735246673127810269e+01 2.875983903164145872e+01
-2.685104966989679909e+01 2.821954158203649143e+01
-2.634939280827882158e+01 2.767861849086127535e+01
-2.584744613372540911e+01 2.713740906683649001e+01
-2.534528232926379232e+01 2.659592222621085966e+01
-2.484251165513234483e+01 2.605441355967858286e+01
-2.433965538480906687e+01 2.551285754788155558e+01
-2.383646858679916036e+01 2.497129878239035250e+01
-2.333326423357241808e+01 2.442951654273193185e+01
-2.282984124661312109e+01 2.388776295649395465e+01
-2.232677520632243429e+01 2.334583887895650278e+01
-2.182453296820051136e+01 2.280369330736500544e+01
-2.132300376022200794e+01 2.226107374584293908e+01
-2.082188122285630527e+01 2.171839502884686723e+01
-2.032122836026536916e+01 2.117545889356217259e+01
-1.982025611604395010e+01 2.063246683352503652e+01
-1.931961935775380468e+01 2.008961365986082015e+01
-1.881877367386556443e+01 1.954708608446486906e+01
-1.831824406682601847e+01 1.900463299122852234e+01
-1.781796799477544013e+01 1.846278532778868353e+01
-1.731780953476959439e+01 1.792323886864463134e+01
-1.681842102743268796e+01 1.738619776711113829e+01
-1.632033983543435340e+01 1.685199168532528802e+01
-1.582406470562205314e+01 1.632054603235797785e+01
-1.533002501054165556e+01 1.579189587232859360e+01
-1.483834591591860530e+01 1.526628528678236130e+01
-1.434860306990241874e+01 1.474355941285923599e+01
-1.386023340879023991e+01 1.422365063396495266e+01
-1.337343784399705982e+01 1.370687335986977295e+01
-1.288857391415783127e+01 1.319393004767012734e+01
-1.240615430800389163e+01 1.268548624240130529e+01
-1.192615394771078030e+01 1.218126600003027704e+01
-1.144995425034893088e+01 1.168234571026649427e+01
-1.097718754691941001e+01 1.118842567227469509e+01
-1.050822105119130789e+01 1.070023698346256324e+01
-1.004423217501146226e+01 1.021820644149618218e+01
-9.585645543672347557e+00 9.742577173270680291e+00
-9.132781547267953215e+00 9.273979650907245187e+00
-8.686051317724746923e+00 8.812293755229491765e+00
-8.246383916472424858e+00 8.358979208706720954e+00
-7.813866250687830473e+00 7.913930421411886407e+00
-7.389175525902926367e+00 7.477427519606584916e+00
-6.972806282859973948e+00 7.049746701426072626e+00
-6.565114803672903676e+00 6.631596364865998794e+00
-6.166441009895651248e+00 6.223291034104997621e+00
-5.776122097042601489e+00 5.824182764290963377e+00
-5.395743725067371876e+00 5.435519121437253354e+00
-5.026585172895410736e+00 5.058351281777773600e+00
-4.667473385940485997e+00 4.691402668140282728e+00
-4.318881498928233142e+00 4.335056571681752402e+00
-3.980632598220908314e+00 3.989693341111227642e+00
-3.654127858749993685e+00 3.656807607320801790e+00
-3.336878392317210285e+00 3.333497702004846186e+00
-3.030892058505589848e+00 3.021540570334782405e+00
-2.736272311248891587e+00 2.721280960795700476e+00
-2.451950718696578768e+00 2.431952595431932540e+00
-2.179369083046590827e+00 2.154979543501219563e+00
-1.920827824664878669e+00 1.892959883907166851e+00
-1.675044893174798100e+00 1.644215508949950832e+00
-1.442596048018386368e+00 1.409274977995963907e+00
-1.225916712098129135e+00 1.190939029950899730e+00
-1.024075625644184973e+00 9.880429408491713250e-01
-8.393587991352642330e-01 8.028183573777692983e-01
-6.703595409223914725e-01 6.340847060697016868e-01
-5.188094434116237164e-01 4.842611268496532229e-01
-3.861900782454032455e-01 3.538209366469699524e-01
-2.694850368489358217e-01 2.405432797639094067e-01
-1.713694583891569034e-01 1.479323284124407223e-01
-9.163247531312843086e-02 7.448110896946437409e-02
-2.908583265662021550e-02 1.908312183630490530e-02
5.375752440770077816e-08 1.535870297315050483e-07
