-4.576354659297747673e+01 -1.107581677753965987e+00
-4.374760872659017963e+01 -2.724714719064716295e+00
-4.471558763977701290e+01 -2.464492752085425398e+00
-4.855627002134277603e+01 -7.788822048414513199e-01
-4.395819833324400605e+01 -1.036284381672479382e+00
-4.328616557246805030e+01 8.440921278708910513e-01
-4.700816483707042437e+01 1.867661350685257737e+00
-4.259960983558064385e+01 3.189170207389177669e+00
-4.579279390704541441e+01 5.515275757180747362e+00
-4.161134633809475503e+01 6.344700481011770421e+00
-4.428921365064405791e+01 9.621136104699592906e+00
-4.015772297468427610e+01 1.007781600968355029e+01
-4.151431537885899559e+01 1.325245159277875651e+01
-4.023619898361879166e+01 1.608016283476821329e+01
-3.788374522914635634e+01 1.733494635724412802e+01
-3.900398135636428520e+01 2.067605418777667126e+01
-3.511126669884973239e+01 1.963035593880033503e+01
-3.751926330624991124e+01 2.344597394973500926e+01
-3.359022436388301713e+01 2.303778637951209873e+01
-3.653906674162541890e+01 2.582740650973252983e+01
-3.571048134816499697e+01 2.782782861376918149e+01
-3.238494119511481273e+01 2.586648627569924486e+01
-3.490857018858162064e+01 2.957146641401908838e+01
-3.146383769486364201e+01 2.808493820776796923e+01
-3.413780540931248453e+01 3.110455550321444207e+01
-3.059201958942343325e+01 2.993881068323205952e+01
-3.319716042687889512e+01 3.238272995336220106e+01
-2.963661212463438943e+01 3.176742872168818366e+01
-3.306696806338672445e+01 3.413441733535506017e+01
-3.159081631417701885e+01 3.366612086282705718e+01
-2.839946305670910576e+01 3.363299922549038712e+01
-3.214558744821133018e+01 3.581246761060685202e+01
-3.107626248848400152e+01 3.727992943680861515e+01
-3.038313820677155519e+01 3.510860409263572279e+01
-2.913639940260414463e+01 3.603538879531626549e+01
-2.905760911159265447e+01 3.785573518131788973e+01
-2.998735047677287469e+01 3.892735476464322630e+01
-2.711690198437357324e+01 3.558897363446529027e+01
-2.859519109909569679e+01 4.027642349831903346e+01
-2.770626979710482729e+01 3.854615152964784386e+01
-2.605271502507639525e+01 3.753417499240159572e+01
-2.564326940883689687e+01 3.615273970121698710e+01
-2.689400908943584412e+01 4.079666604307848132e+01
-2.525529648672344507e+01 4.146123313393788834e+01
-2.431134435543315320e+01 3.555971219966374264e+01
-2.313786199085264528e+01 3.569370963490082715e+01
-2.506064201173658290e+01 3.975141606642718273e+01
-2.380828662609333080e+01 4.044486356166169827e+01
-2.281181264682781773e+01 4.114517866317731176e+01
-2.139581156467574630e+01 4.106472880476489706e+01
-2.205077204300565441e+01 3.951587568431526165e+01
-1.994604322729091095e+01 4.069984453008019898e+01
-2.051849525630669646e+01 3.894076473291329421e+01
-1.849502562600396161e+01 3.935491177200106705e+01
-1.720327890844280105e+01 3.744612146711690315e+01
-1.973849706869933840e+01 3.744765387387634092e+01
-2.177320733715044909e+01 3.472188159627913961e+01
-1.899915783070127873e+01 3.591968979328866141e+01
-2.229118547286903151e+01 3.243431577598669691e+01
-1.914272917713526212e+01 3.399679750176032655e+01
-1.635140282770191789e+01 3.508971894063740393e+01
-1.810823206952043662e+01 3.244060030154970775e+01
-2.085108041256700773e+01 2.957289684466091728e+01
-1.505172871710251137e+01 3.259214498788469427e+01
-1.696179734388957527e+01 3.049250194650536372e+01
-1.359646914255375449e+01 2.970515380513579018e+01
-1.910573858677090442e+01 2.646652937881393086e+01
-1.554769734775614509e+01 2.828185719074012638e+01
-1.364305031306571969e+01 2.632441601433150424e+01
-1.693479506090718445e+01 2.347295454802895520e+01
-1.099603607510675474e+01 2.574729536910984962e+01
-1.249162208044682920e+01 2.304941287660715687e+01
-1.440037821999222700e+01 2.058475670184920148e+01
-9.212632277220201615e+00 2.329553755401872550e+01
-1.124063379626890047e+01 1.988993593212509481e+01
-7.404772266662051905e+00 2.064466999811772396e+01
-8.941525490603570603e+00 1.822660257705507192e+01
-6.149501720918607361e+00 1.749160822597118781e+01
-1.058980880390950574e+01 1.646364392977283231e+01
-8.428232180234170201e+00 1.435908677074382211e+01
-4.397233117239905731e+00 1.510882307322565410e+01
-5.454724774688576083e+00 1.324649024048289903e+01
-7.168798576070251727e+00 1.140888275151694131e+01
-4.799266823979975172e+00 1.046990128777073181e+01
-2.759357560303117740e+00 1.156423668347335187e+01
-4.796298248536244202e+00 8.387365667681615733e+00
-2.517483961516802982e+00 8.405589118579969821e+00
-3.597409447320851772e+00 6.270528332780004988e+00
-1.431381825947467767e+00 6.601326785078346582e+00
-1.890942767807802349e+00 5.199352167604581076e+00
-2.189676345631915488e+00 3.946162587905495123e+00
-9.648138423550092213e-01 3.914593227602570114e+00
-1.082784334341698074e+00 2.775352834707795591e+00
-6.911103004365560798e-01 2.000537987424841013e+00
-4.603889141796639328e-01 1.387100894136475304e+00
-5.829182411400545272e-01 8.733263225524146023e-01
-1.478689807874978557e-01 8.709481334749773485e-01
-3.409017058213709706e-01 4.260682836541068164e-01
-4.178861173667135914e-02 3.898418849059359093e-01
-4.733715655236839237e-02 8.888252739364436994e-02
