-1.069979992053011841e+01 -4.250014005836318276e+00
-1.700146456432025843e+01 -3.857188607570441796e+00
-2.282231970453925385e+01 -3.761460945944641754e+00
-2.711722636585919233e+01 -3.867700694487589796e+00
-2.994754397243282185e+01 -2.745562038344957934e+00
-3.103015236089168383e+01 -5.005304768304525531e+00
-3.340590410511234865e+01 -4.892734537749452883e+00
-3.298042378264776886e+01 -2.348613689048025144e+00
-3.508525327992467169e+01 -4.944120845536772002e+00
-3.580419987894165956e+01 -2.162973274077141461e+00
-3.682023841504450701e+01 -5.191387836403233536e+00
-3.626061895028979620e+01 -4.230052074110988158e+00
-3.782103463225544715e+01 -4.260639496257441650e+00
-3.911171349018676580e+01 -3.945701476837430999e+00
-3.872594746558485923e+01 -5.291799841303755692e+00
-3.820516028482971649e+01 -1.632901190665937863e+00
-4.061193754478540541e+01 -5.221148136939057771e+00
-4.032418078697905628e+01 -3.392938229856311327e+00
-4.000913118501187427e+01 -5.992560526051575742e-01
-4.148727388791844106e+01 -3.984139764480156831e+00
-4.329981865273865083e+01 -5.158770265128982402e+00
-4.277777875868385848e+01 -3.424860025145231024e+00
-4.192361471920133908e+01 -2.257284259674102511e+00
-4.354153595919866149e+01 -1.003776129448865406e+00
-4.416039487942180131e+01 -2.604586970950191649e+00
-4.599614768907076723e+01 -4.201427477926713117e+00
-4.233227779043532024e+01 -4.969824450960824008e-02
-4.548320851774575857e+01 -1.443040698593740956e+00
-4.093468827531817311e+01 1.314584953745966622e+00
-4.796795514253151538e+01 -2.195862881599947247e+00
-4.432325096842303935e+01 9.456837210467019528e-01
-4.657035173762336910e+01 9.756111022349249484e-02
-4.902775758331080880e+01 5.723832689648830074e-01
-4.714231985281246295e+01 2.077871257179099818e+00
-4.408246559309993984e+01 2.867461692016256780e+00
-4.930033416573336780e+01 3.466053341473480653e+00
-4.698310113053044290e+01 4.305981158379863061e+00
-4.871799144888865385e+01 6.373490117215337314e+00
-4.114361830170612677e+01 3.316555982525343449e+00
-4.608109338806410449e+01 6.645053419286069740e+00
-4.343385378306909672e+01 4.976092830280890666e+00
-4.727415736414650382e+01 9.239296725868044291e+00
-4.053631155857726043e+01 5.220349174817640048e+00
-4.454626349913976213e+01 8.934703987321627849e+00
-4.223902936915330741e+01 6.971041549135366999e+00
-4.507760210655251143e+01 1.185770075803607426e+01
-3.948965933470298495e+01 6.948927053690185929e+00
-4.089775928624371915e+01 8.720192488158666322e+00
-4.243778700588463693e+01 1.094283394228246209e+01
-3.936706413449179820e+01 1.020540064015795778e+01
-4.205227228890339575e+01 1.399136840318055341e+01
-3.822772698258449253e+01 8.460749733170326081e+00
-3.991968913136969377e+01 1.260853327047199812e+01
-3.671691864602382793e+01 9.641706929697360096e+00
-3.784206279075765167e+01 1.410369519552164874e+01
-3.761887276731523144e+01 1.132952752354718129e+01
-3.581914865055129127e+01 1.233663125234157221e+01
-3.535062764561654802e+01 1.587998097695620459e+01
-3.494868869508385956e+01 1.042931326656742996e+01
-3.458820877657179693e+01 1.357073339343696894e+01
-3.317451875244948667e+01 1.130336289133248684e+01
-3.246132231262804169e+01 1.353883620552226041e+01
-3.072675765130533421e+01 1.134831954429191114e+01
-3.138505077600319026e+01 1.638525672938180122e+01
-3.043022812859809889e+01 1.367642488245373400e+01
-2.820028087153283991e+01 1.370898608135507146e+01
-2.804727383877737523e+01 1.156231255517444900e+01
-2.692109401441814853e+01 1.655438432452890751e+01
-2.575775898695899357e+01 1.368451591416177315e+01
-2.518478187450858030e+01 1.140287797822492877e+01
-2.328036184839624312e+01 1.296163684175940389e+01
-2.235386832608401519e+01 1.553300297173048961e+01
-2.152937350910463010e+01 1.091306326376855473e+01
-2.031484497007615886e+01 1.282077606829390959e+01
-1.823865583979308980e+01 1.475565403598100112e+01
-1.807078681309233303e+01 1.104599364191670396e+01
-1.562399628684473463e+01 1.326790882597360977e+01
-1.526966143046180591e+01 1.026919303208933520e+01
-1.268106011449992288e+01 1.265229509144217879e+01
-1.274939395594823566e+01 9.360707441314152888e+00
-1.025968506689416770e+01 1.114224905666673138e+01
-1.049011617656745621e+01 8.267372435550020882e+00
-8.174942454700140360e+00 9.643669693386515362e+00
-8.459007225872712254e+00 7.242922727704922181e+00
-5.981063390658323264e+00 8.471763302124843520e+00
-6.575398307066920189e+00 6.591105752285084662e+00
-5.357298939271932348e+00 5.586717815786439445e+00
-3.745909274588809623e+00 5.905777397770132886e+00
-4.000296823094737775e+00 4.342688962342631243e+00
-2.816506660888177027e+00 3.843151487816245826e+00
-2.264260827381294305e+00 2.952356679215060620e+00
-1.630103874749225135e+00 2.243755346464773925e+00
-1.071602316448833303e+00 1.609001740277584469e+00
-8.370087361526155068e-01 8.944646379711744810e-01
-4.415588980324729462e-01 3.152352427851538019e-01
2.522188697961132153e-02 1.104407421150637614e+00
6.836359031045201595e-01 3.637944447170894935e-01
3.869006995608413879e-01 4.831502164629087881e-01
2.130940625094232266e-01 5.608047047155512166e-02
-3.080464855538907448e-15 2.229575538638631820e-15
