1.107465904033534176e+00 3.896266437832409935e+01
1.005669089825464546e+00 3.565014616275247761e+01
2.966843333265882343e+00 3.061084175177863642e+01
3.128406229860946741e+00 3.111327834600361086e+01
3.119980290631183983e+00 3.151832250398443236e+01
2.844636232476437154e+00 3.190750495779500540e+01
2.194436947524597059e+00 3.235446872676177321e+01
9.631597111922223231e-01 3.293521044678130494e+01
-1.147846448741870695e+00 3.361346910222986395e+01
-4.259381871799158503e+00 3.423724868238576846e+01
-2.837336119412892099e+00 3.734038690434775276e+01
2.293900220026836578e+00 4.317228835077968085e+01
3.739975085926665610e-01 4.394853903796087025e+01
-1.773808093007425590e+00 3.995563557368696195e+01
-2.091047367745409780e+00 4.391927982298585675e+01
-4.995181040971453434e+00 4.032326545947758234e+01
-6.032902470150363960e+00 4.467720196891389151e+01
-7.828846545302882376e+00 3.615952730196111276e+01
-8.676102407983824705e+00 4.094116794394816594e+01
-1.130588048059982320e+01 3.857680880003372437e+01
-1.022491972520885817e+01 4.497933777530145960e+01
-1.327059679077497556e+01 4.118446481665458947e+01
-1.427398825844423413e+01 4.500486879052400724e+01
-1.339993734190996300e+01 3.505517339376127239e+01
-1.708640041486254191e+01 3.978341950367482127e+01
-1.810225376998128510e+01 4.470813232546978355e+01
-1.885789169136219812e+01 3.389244171684782714e+01
-2.148641469592554643e+01 4.354774677608337896e+01
-2.115512983092808597e+01 3.816182576035493668e+01
-2.476805108639162967e+01 4.292757419240668781e+01
-2.526396867718752048e+01 3.700939197118954382e+01
-2.768442441451405855e+01 4.196872134105072405e+01
-2.442147092863919866e+01 3.203829474453597470e+01
-3.029088546889260414e+01 4.095407690862959527e+01
-3.259747080984148937e+01 3.988194596369024225e+01
-2.888026598812177426e+01 3.505184856685570338e+01
-3.469237474494062212e+01 3.876081814131531900e+01
-3.215351526190984544e+01 3.293795683384582418e+01
-3.442297836600931049e+01 3.518232199089563039e+01
-3.656646928647076322e+01 3.737345317351901741e+01
-2.920463647219298764e+01 2.951247494562821316e+01
-3.825551109618277934e+01 3.590114080593773593e+01
-3.499030497478842250e+01 3.049637552824615838e+01
-3.971182433215496843e+01 3.427694140659141908e+01
-4.099991505146691395e+01 3.239593051053910955e+01
-3.266252440354634956e+01 2.586491758077001890e+01
-4.279312050850663951e+01 3.075894015958756356e+01
-4.185708242530022005e+01 2.898476667752146696e+01
-3.716001516784595538e+01 2.733577918185098454e+01
-4.398122440881427053e+01 2.782968089637878251e+01
-3.629152844122701538e+01 2.208076455758614998e+01
-4.035144006746990186e+01 2.456035757054024771e+01
-4.444559413770145540e+01 2.521185429654740062e+01
-4.604719061150767345e+01 2.277471367549916437e+01
-4.196042576800219592e+01 2.003024855054357189e+01
-4.438249622319668219e+01 2.158858349650410346e+01
-3.728153851657573625e+01 1.799609118286247167e+01
-4.599225297112515420e+01 1.905837319620380654e+01
-4.602485347217250222e+01 1.591857392932922899e+01
-4.073955943438602390e+01 1.579501757674864493e+01
-3.741974505403499052e+01 1.275036263734157593e+01
-4.601723634202037516e+01 1.270644694321698864e+01
-4.340799575646904884e+01 1.185281586277895194e+01
-4.521907188121247856e+01 9.025188181279858668e+00
-4.252534271667087751e+01 8.434645740622192633e+00
-4.323113204023746903e+01 6.061758940525136197e+00
-3.929742734587216546e+01 5.688345880507231556e+00
-4.154307602349328477e+01 4.006614692999237448e+00
-3.971978533542563383e+01 2.320509965313730660e+00
-3.618071096425698840e+01 8.603053705089239500e+00
-3.764546045994379142e+01 7.985762764675732317e-01
-3.566190782854403096e+01 2.623279622805927414e+00
-3.396401914515670484e+01 5.597088337272642100e+00
-3.514817085070248481e+01 -4.676331904441680676e-01
-3.189142784569413180e+01 3.404194680990732191e+00
-3.268317702688161575e+01 -2.213344094615322000e+00
-3.203271165975942125e+01 5.123235344949239600e-01
-2.958389838997479160e+01 2.117591331297916213e+00
-2.970463924501436281e+01 -2.743366556794421651e+00
-2.926303544176292348e+01 1.058184705530641062e-01
-2.718270930812927944e+01 2.414577046837139696e-01
-2.658666976185511999e+01 -2.896529839021317443e+00
-2.520550566970075579e+01 -1.337607807070386179e-01
-2.304915945671064037e+01 -2.920603361055727820e+00
-2.305213636586956483e+01 -1.673507574174205037e-01
-2.085998390360053634e+01 -6.201677654747675961e-01
-1.873124089433539297e+01 -9.080300463767035923e-01
-1.643335579954730719e+01 -8.335586933325562775e-01
-1.421869234668778326e+01 -6.651199238222680332e-01
-1.225434021523968831e+01 -4.772424424151164302e-01
-1.055084434470503929e+01 -4.668632825704568945e-01
-9.132684367899258859e+00 -4.109959227057423670e-01
-7.905023895206283235e+00 -3.599061284820959661e-01
-6.803037630330344143e+00 -2.460207366580999533e-01
-5.782522112860391417e+00 -1.599116160946739418e-01
-4.761921447336701085e+00 -6.283898986853730939e-02
-3.665070415518927316e+00 1.996415021232000181e-02
-2.446786396677444131e+00 8.344075097430458943e-02
-1.143742816032192966e+00 1.330304375877268686e-01
-3.631036116253088131e-04 1.955756584941289588e-04
