-1.069974197966280904e+01 3.710449453347908211e+00
-1.279530849922014646e+01 4.099005248117768119e+00
-1.521921613807079687e+01 3.810173745769782627e+00
-1.748203623359767533e+01 3.421517974533613504e+00
-1.919176747735779998e+01 4.549911869816853915e+00
-2.040981514347563675e+01 2.602468565409145729e+00
-2.138696155474372773e+01 4.346765095838991400e+00
-2.324069495009565500e+01 4.104664256839734904e+00
-2.292644151092298088e+01 2.239775506716985110e+00
-2.485031200922245631e+01 3.299029197915492873e+00
-2.541589736812823475e+01 4.575585403223199954e+00
-2.494738811852661442e+01 1.709764889735364113e+00
-2.651258716834946583e+01 3.033242571702115864e+00
-2.659472775935538635e+01 9.830125501812081446e-01
-2.767985949903012255e+01 2.175084459731782438e+00
-2.858506725069124244e+01 3.184149247670053917e+00
-2.882440723871370736e+01 1.431702548820280585e+00
-2.788489431865543011e+01 6.875746184268137495e-02
-3.069803943302093785e+01 1.687694514890445419e+00
-2.886076934967063323e+01 -1.029736564167440083e+00
-2.978268028261960865e+01 5.568784955247800816e-01
-3.046914451594154016e+01 -4.930509026424449437e-01
-3.180023958484328617e+01 -4.919706151919232551e-01
-2.963575706863121795e+01 -2.204300113016290918e+00
-3.304260638101168013e+01 -1.973947266652474219e+00
-3.177049921056420700e+01 -2.357455581953511015e+00
-3.127951319290298926e+01 -4.371023675791815499e+00
-3.014896920479628051e+01 -3.518963636355139535e+00
-3.294040503714179380e+01 -4.127030980854482500e+00
-2.882615320188293140e+01 -4.441621004990945032e+00
-3.268267919656813092e+01 -6.182321382955994871e+00
-3.091152293032825327e+01 -6.088456020530563784e+00
-2.930096583170559654e+01 -6.116129353896138987e+00
-3.171626262313547073e+01 -8.268163364466603937e+00
-3.018788448095067167e+01 -7.893462906716946392e+00
-2.783084841638666518e+01 -6.700264743777095688e+00
-2.984219333063834512e+01 -9.707629738878392089e+00
-2.779487816670202349e+01 -8.535773682603423396e+00
-2.849781706765372746e+01 -1.096850137577619222e+01
-2.585689114362357799e+01 -8.130316768407279682e+00
-2.629612261646068916e+01 -1.011551797242608153e+01
-2.712840251965210570e+01 -1.221134038236464647e+01
-2.384747022776760872e+01 -9.872377512381200759e+00
-2.494724565313994091e+01 -1.171992349884925844e+01
-2.565739431880090748e+01 -1.348625050461634167e+01
-2.306451173921459130e+01 -1.205804258856796096e+01
-2.394112346998317165e+01 -1.407510290458757041e+01
-2.123527798676999012e+01 -1.233138181668702948e+01
-2.232835678949426850e+01 -1.477334523523387944e+01
-2.044599797817578946e+01 -1.503332194958143120e+01
-1.874733775345986331e+01 -1.288980827424443021e+01
-1.824604548630350820e+01 -1.565082602543914803e+01
-1.567988549160914502e+01 -1.355921442449395720e+01
-1.546110531776792918e+01 -1.644711064140190615e+01
-1.277350180724020667e+01 -1.507629372476603180e+01
-1.049359208620961148e+01 -1.663645554007317173e+01
-7.694188128804747784e+00 -1.553225279222328936e+01
-5.170801443053803403e+00 -1.787716625660761238e+01
-3.455512360206245859e+00 -1.483931646211984479e+01
-1.389390162112711824e+00 -1.802211818927778353e+01
7.977016971350112673e-01 -1.465808086437605340e+01
1.678128762438809929e+00 -1.789428159583985689e+01
4.197164188816012498e+00 -1.813639776627317346e+01
4.776312727603357899e+00 -1.573742901860982890e+01
6.619937325331168410e+00 -1.758078030943671166e+01
5.274220393979319965e+00 -1.304135431351431329e+01
8.762869183329170752e+00 -1.678610792779010907e+01
7.983815254301926956e+00 -1.493531500124187872e+01
1.057755382116923037e+01 -1.586186468516567416e+01
9.839582089884837401e+00 -1.325105686658718618e+01
1.229262683056349559e+01 -1.490398302881883907e+01
1.280085264690153046e+01 -1.326621061343134222e+01
1.076988384228640605e+01 -1.023186430980036832e+01
1.461821055849454609e+01 -1.271416128081968289e+01
1.382358070015093787e+01 -1.131128141254500008e+01
1.550341879076126261e+01 -1.071469328842351487e+01
1.508058253042773700e+01 -9.318183533355510306e+00
1.595394697016405416e+01 -8.446285698280084020e+00
1.543583913712031297e+01 -7.069837241464479227e+00
1.237396254863016232e+01 -7.811801196510517187e+00
1.501477501321477526e+01 -5.702210504781336731e+00
1.249434300010117660e+01 -5.550275939667869807e+00
1.435615843175245310e+01 -4.497452043744182504e+00
1.360404410211248560e+01 -3.496249990627497084e+00
1.240853400171133103e+01 -3.598247274983403354e+00
1.272500904368205177e+01 -2.611670496339436820e+00
1.172846613588197862e+01 -2.868882427728249862e+00
1.182835670216532975e+01 -2.042175335303446637e+00
1.102874871216040198e+01 -2.241726643406174002e+00
1.093761718536875449e+01 -1.635291598048233430e+00
1.028791197026238713e+01 -1.648507495915914722e+00
9.723064624317350635e+00 -1.390825823613423662e+00
9.034988695814133663e+00 -1.182349741236933927e+00
8.173840533701760336e+00 -9.580797343164750846e-01
7.052617353742165918e+00 -7.094883599956679499e-01
5.633880272033588099e+00 -4.731039257690340394e-01
4.030482018664774735e+00 -2.859862420950778916e-01
2.447065464137229807e+00 -1.495998603085856304e-01
1.066121187579992080e+00 -5.139135915053943265e-02
3.244576108549742429e-04 -8.501085582359206575e-06
