1.003384501972860043e+01 1.793449345859185229e+01
1.118633959899264951e+01 1.421368929438364148e+01
8.441932213877931801e+00 1.658573259698465563e+01
7.785742362110907422e+00 2.129126574858429066e+01
4.825172253334375938e+00 1.693091804882623563e+01
3.098988286023211636e+00 2.118778009846417731e+01
8.471899799530524522e-01 1.671496893439890385e+01
-1.789893323497742106e+00 2.079102278116539182e+01
-3.120729992498801675e+00 1.632225161829513027e+01
-6.540683035990983107e+00 2.022953707780527566e+01
-6.775939198107593597e+00 1.570605914301995121e+01
-9.995353867250081237e+00 1.493857031329574703e+01
-1.100832856313095398e+01 1.934830661581716527e+01
-1.285231482498013733e+01 1.360203989299642657e+01
-1.526292244574425894e+01 1.800243431006014916e+01
-1.595682987935949271e+01 1.309911201817082294e+01
-1.897642328519460975e+01 1.633422725927583485e+01
-1.677510863874744729e+01 1.015489292181960579e+01
-2.091884565502374826e+01 1.356637591194186676e+01
-2.307414979158514612e+01 1.143598507247527074e+01
-2.446620225567888340e+01 8.736286481870683573e+00
-1.966779984678473880e+01 8.427378201302557770e+00
-1.879004632679760078e+01 5.632516245331944837e+00
-2.560847212698019604e+01 5.710944005148149039e+00
-2.156015612311564311e+01 4.112783845436172037e+00
-2.641207545010012936e+01 2.406977639077738207e+00
-1.982462585095295537e+01 1.401305446959976830e+00
-2.312609513802530614e+01 1.114706925888130779e-01
-2.010350928217065913e+01 -2.106336576352419332e+00
-2.675485347307855122e+01 -1.284903177996008283e+00
-2.340475518165692392e+01 -3.481450492243412409e+00
-2.659465946984420270e+01 -4.630923983079513917e+00
-2.317208041152271036e+01 -6.852406535622323602e+00
-2.612563293070350312e+01 -7.702848102800758490e+00
-2.023691375789110580e+01 -6.056820263094667034e+00
-2.457002707467515989e+01 -1.005869970136170721e+01
-2.057616912992560287e+01 -9.544197148817760379e+00
-2.430472299162958194e+01 -1.245355198250212148e+01
-2.219012380557668607e+01 -1.262784575197006376e+01
-1.940477815645901671e+01 -1.203022456240734073e+01
-2.276516417880916876e+01 -1.508903782537625382e+01
-1.947100714496821894e+01 -1.466462708089892963e+01
-2.112279693608453357e+01 -1.760568643185519377e+01
-1.696107301842695492e+01 -1.473278007725184224e+01
-1.808723270472829725e+01 -1.740609834826044278e+01
-1.909735510731009711e+01 -2.009197117363353868e+01
-1.485071494299145023e+01 -1.684130098768761385e+01
-1.609856923497943271e+01 -1.971561609524483316e+01
-1.622761750226009880e+01 -2.260782729549034187e+01
-1.200727195441269934e+01 -1.849798752608897345e+01
-1.360873133636786037e+01 -2.102718490238210691e+01
-1.273637196184199283e+01 -2.396131017146304387e+01
-1.097216541846059457e+01 -2.165941890226262956e+01
-9.406432342408230340e+00 -2.361607571752636048e+01
-8.528159518700642039e+00 -2.008130651735897487e+01
-7.057451232615781223e+00 -2.367905276672403048e+01
-5.788452199457799097e+00 -2.077688817079518557e+01
-4.573302726068197543e+00 -2.388763085048836743e+01
-3.195763049953057156e+00 -2.100198955068440299e+01
-1.967862671506301897e+00 -2.391155250924141740e+01
-7.407635639397183169e-01 -2.102215167804645191e+01
6.375891025675799462e-01 -2.380862784480537542e+01
1.707185815287850739e+00 -2.090390868970696303e+01
3.277212798928899051e+00 -2.356935221124484769e+01
4.129040000740907601e+00 -2.059781180446752202e+01
6.001011930069488187e+00 -2.277823351537941221e+01
6.890610843515736939e+00 -1.780684255357062540e+01
8.270667706380327999e+00 -2.162046219108005118e+01
1.115684342609049651e+01 -2.245300923010334770e+01
1.101317093074797526e+01 -1.998545490757184950e+01
1.379923233170849706e+01 -1.989466598690601273e+01
1.556209751421824272e+01 -1.795243232113672249e+01
1.007645624487983405e+01 -1.479388958269158749e+01
1.735278088051761003e+01 -1.594474006310820435e+01
1.990871110683576717e+01 -1.413619124073706068e+01
1.260355635714454792e+01 -1.098555642676599042e+01
1.756866639967475052e+01 -1.215479849385322808e+01
2.118722660366481136e+01 -1.102854057882696637e+01
1.391052740411388911e+01 -6.642168200405110134e+00
1.849682065421419352e+01 -8.808030900490853909e+00
2.188527128868351923e+01 -7.804285689180157526e+00
1.866468782444325925e+01 -5.855760611841586361e+00
2.185851865886849765e+01 -4.632066202029095692e+00
1.807652843023119615e+01 -3.375068284288535114e+00
2.090164327424187718e+01 -1.777122240064602954e+00
1.724269558176500894e+01 -1.067104241414058352e+00
1.917264364707312652e+01 1.007892183021430466e+00
1.594741005873385298e+01 2.375858903423484492e+00
1.423033626758432924e+01 -2.727414078844675113e-02
1.278457001632292567e+01 -2.308537653682562141e+00
1.197889986318546462e+01 2.593417872204317298e+00
1.005938001364800805e+01 1.676003461586015597e-01
7.892769287668361500e+00 1.700932876680426586e+00
5.633820719352307549e+00 9.677155181124745820e-01
3.628095053373182388e+00 8.050010120332861119e-01
2.047087376377934032e+00 5.171852586640953708e-01
8.589455305744718716e-01 3.405869116333129498e-01
5.226992556927110289e-01 -2.311487922926333261e-01
-9.987052993102610299e-02 -1.866562433895706530e-01
1.216846880401805701e-07 1.988126379936583755e-07
