-3.234608216015058701e+01 2.066085400275724737e+01
-3.082851937394390163e+01 1.906836693728057952e+01
-3.138756961292840941e+01 2.209493372868224270e+01
-2.943252516142608144e+01 2.185332485526220836e+01
-2.752784439863966170e+01 2.112758613921829465e+01
-2.719627021102395759e+01 2.359853362180973946e+01
-2.497972598627217167e+01 2.206385320515711967e+01
-2.414500295609661507e+01 2.416310415108095455e+01
-2.218439639655446172e+01 2.329439346603422223e+01
-2.029117711821556114e+01 2.383380873634445862e+01
-1.852069625911039452e+01 2.416313153920752654e+01
-1.677501979656522124e+01 2.412290488895880713e+01
-1.504096843631581848e+01 2.381963997920714959e+01
-1.357722588274015152e+01 2.451838310118780129e+01
-1.211340146900354853e+01 2.343680720577047794e+01
-1.105103760714889738e+01 2.495808136903213281e+01
-9.991149274010886927e+00 2.318873646104876229e+01
-8.576691643545947485e+00 2.443281967641665275e+01
-7.994385313589634556e+00 2.269894991395100803e+01
-6.464226985147098148e+00 2.367035473906008036e+01
-6.123134604713653673e+00 2.203515687023522318e+01
-4.787438026849003769e+00 2.253069910625596961e+01
-3.560336576696514044e+00 2.194409855428677147e+01
-4.138309510130754987e+00 2.066175364503625644e+01
-2.512037107098317623e+00 2.087710911093003929e+01
-2.636246380938735090e+00 1.978137496248833571e+01
-3.396344425426032210e+00 1.831669028012668221e+01
-2.517036768296350591e+00 1.889683279670862959e+01
-2.000448997950163843e+00 1.812137891301093617e+01
-1.724865672954599694e+00 1.745082608496009158e+01
-2.111060480167216369e+00 1.714134531673895268e+01
-3.129399860906211472e+00 1.700236114818087074e+01
-4.334098462312419464e+00 1.749319606709273955e+01
-5.586003247045129072e+00 1.742140458723421759e+01
-7.049289537135945416e+00 1.675844201829702484e+01
-8.744392783994333840e+00 1.626924499696432491e+01
-1.047548550923355037e+01 1.579446240597668094e+01
-1.214466059260735342e+01 1.530651398323123757e+01
-1.374178532297139732e+01 1.478824272315230637e+01
-1.532225700994916551e+01 1.425398029265679511e+01
-1.693795417052069041e+01 1.359888141274449858e+01
-1.869190277361568775e+01 1.283953065364622326e+01
-2.045971979706333244e+01 1.198903051275740772e+01
-2.216670015081636791e+01 1.110512220136731365e+01
-2.381317870832288008e+01 1.015689901216280688e+01
-2.531624083773284895e+01 9.164284377429467554e+00
-2.672662713098668874e+01 8.140443235946865030e+00
-2.781558400064003322e+01 6.765213808989585687e+00
-2.981773748475501051e+01 5.942760672299978175e+00
-2.847299742585800786e+01 4.109975674359235498e+00
-3.139300365571498119e+01 3.666653617965739187e+00
-3.001291634137312414e+01 1.514067495364364246e+00
-3.307191125997639602e+01 6.778275015411030502e-01
-3.047200662984020880e+01 -1.477439871956804929e+00
-3.298331273025205945e+01 -2.717605791470942833e+00
-3.458774247897014220e+01 -4.783827463770111699e+00
-3.035477752230684700e+01 -6.012833669630032851e+00
-3.400909639470815904e+01 -7.618568387158052957e+00
-3.399314206099175806e+01 -1.083470779844965293e+01
-3.122387063024956788e+01 -9.565144756348392008e+00
-2.864230432130167614e+01 -1.106267040387899492e+01
-3.212360480523089024e+01 -1.359248310614988142e+01
-3.006501131666828996e+01 -1.609755122509391967e+01
-2.756720517675015003e+01 -1.409172425574517185e+01
-2.730813034348427237e+01 -1.796823745204767420e+01
-2.384172897537119695e+01 -1.533795625413825547e+01
-2.466114151877053118e+01 -1.983456273234867595e+01
-2.158340968484237621e+01 -1.894878802968142395e+01
-2.168764792103798911e+01 -2.176475130283543891e+01
-1.917561616246075573e+01 -1.666427712669847949e+01
-1.874988075032588597e+01 -2.117084229509934090e+01
-1.657979347088715016e+01 -2.306501027595266962e+01
-1.563456235538289718e+01 -1.936900213839216534e+01
-1.402775526008774420e+01 -2.163118630561071853e+01
-1.230935623687192582e+01 -2.329563075476552214e+01
-1.116992295657628986e+01 -2.008792526304561221e+01
-9.713408777716365350e+00 -2.299277628068754353e+01
-8.067556730268174547e+00 -2.019119263167848288e+01
-7.190043886162626130e+00 -2.271675085415713014e+01
-4.800263118961757058e+00 -2.203085449863674583e+01
-5.340714372135733079e+00 -1.950163703654971670e+01
-2.673699537571644136e+00 -2.053342107477229561e+01
-2.986192314071953735e+00 -1.638843795009046644e+01
-8.299570353479677198e-01 -1.924237934532605010e+01
4.325073848265738596e-01 -1.767909647030414888e+01
1.402033624813605384e+00 -1.606459709753259801e+01
1.711057127411505840e+00 -1.433032047043150037e+01
2.745650701632359247e+00 -1.297360302919070207e+01
3.092256113010611429e+00 -1.140255362842415643e+01
3.492087091477027450e+00 -9.945984117130338475e+00
3.685027991932035007e+00 -8.508673606363940323e+00
3.746945433269766035e+00 -7.131382267096258332e+00
3.521323028218134255e+00 -5.842121081757792211e+00
3.278084885952552874e+00 -4.614134270490777290e+00
2.620588083903066856e+00 -3.605207994873083965e+00
2.152556346245126040e+00 -2.549036118768325476e+00
1.561830799155469629e+00 -1.691063901333063946e+00
9.736657682443999873e-01 -9.788385314440950502e-01
3.210910215346466923e-01 -5.212676283905756103e-01
-1.657881456000265023e-06 -3.000847151419224739e-06
