2.433864645713983421e+01 2.592590728144435275e+01
2.110431779364578730e+01 2.484317617589084293e+01
2.185754197032858315e+01 2.077808577358998932e+01
2.804968388415849745e+01 2.601588356964778015e+01
2.766076967816071885e+01 2.217937929735293068e+01
2.807801601319552631e+01 1.829378224964687050e+01
2.258984203419156245e+01 1.644984859525244048e+01
2.829824379929025469e+01 1.383708035306560191e+01
2.252900930891993880e+01 1.208080584648334543e+01
2.747422691514494275e+01 9.384311346079755367e+00
2.178220768965503495e+01 7.532581013607116738e+00
2.748914784925264243e+01 5.634333175856685472e+00
2.197965748228397587e+01 3.601912110916606569e+00
2.733300815889122859e+01 2.350755853687310104e+00
2.723355227622257857e+01 -4.999328176707846239e-01
2.199483998334403623e+01 1.167991700552588608e-01
2.216741096417283785e+01 -2.877686770477403400e+00
2.613369597164505365e+01 -2.957545232466752161e+00
2.856689903887892257e+01 -4.369281990933290061e+00
2.591484416471134011e+01 -5.658724216405397023e+00
2.180055504077628470e+01 -5.555046436141027222e+00
2.570565647762594352e+01 -8.131516570279361034e+00
2.137360748101056274e+01 -8.181871676766796497e+00
2.848445401986053227e+01 -8.723953968971864370e+00
2.093579373743634164e+01 -1.080953813963668608e+01
2.531704622817774109e+01 -1.040818714915911869e+01
2.783036704552327834e+01 -1.308315425570005530e+01
2.468696903975058632e+01 -1.257048677034179285e+01
2.384766276128815932e+01 -1.465825088914496277e+01
2.012476576524649374e+01 -1.328715954571032398e+01
2.584610628566929691e+01 -1.678609098637637942e+01
2.272022782891596293e+01 -1.640063745335586631e+01
2.310189531715125355e+01 -1.956920490390455569e+01
2.133897507541395555e+01 -1.765350999101107021e+01
1.886923243992768207e+01 -1.535183619310863357e+01
2.002131728705288793e+01 -1.891373301858130418e+01
1.942558013740893585e+01 -1.801713525016184292e+01
1.827479309082333714e+01 -1.952086502415282254e+01
1.745987650950583259e+01 -1.701597804093349353e+01
1.972779479798310120e+01 -2.159117591640612233e+01
1.674620816680344504e+01 -2.021993043760743447e+01
1.596179666968063948e+01 -1.826861020976428662e+01
1.671460547637933658e+01 -2.260168278764076888e+01
1.414276253238962866e+01 -1.855241884720584977e+01
1.522489112335545336e+01 -2.088940363892071517e+01
1.445114347715239767e+01 -2.017002594666418958e+01
1.380329262951316593e+01 -2.290339994871809282e+01
1.312751738472962160e+01 -2.102289082997309677e+01
1.228482203641713255e+01 -1.900825645641191386e+01
1.155103741789620209e+01 -2.114765550674308159e+01
1.100390655388070016e+01 -2.266096314976656245e+01
1.026156736935478975e+01 -1.917713708684917151e+01
9.993515159453746577e+00 -2.120363330765787424e+01
8.820049962294699952e+00 -2.162468212445163829e+01
8.339467680018985973e+00 -1.960081546984104506e+01
7.515040909257569623e+00 -2.161494553028446930e+01
6.936262384838022044e+00 -1.951319430539890121e+01
6.369092414647015588e+00 -2.143615549315028801e+01
5.339207445896843929e+00 -2.117051761207287441e+01
5.720748586444739381e+00 -1.894596969344650361e+01
4.290996857382920027e+00 -2.091855672507987052e+01
4.175201518248937482e+00 -1.969851277505572185e+01
3.025148718495082711e+00 -2.060092764133526089e+01
4.343815949613098581e+00 -1.804252020918152155e+01
2.866049779301585332e+00 -1.923026170008735392e+01
2.890453914498496868e+00 -1.721877166837594686e+01
1.647588095669166197e+00 -2.004408063349462310e+01
1.975127122325833318e+00 -1.849665024488108500e+01
5.133780703854232685e-01 -1.920931770616843437e+01
1.174038754823553132e+00 -1.768718235324013932e+01
-5.412398307797846586e-01 -1.829420625110036625e+01
1.676697285202214172e+00 -1.618651349812825657e+01
4.579349683940737159e-01 -1.673827204038119376e+01
-1.555789273828452224e+00 -1.710111259529617200e+01
-2.530678558929497779e-01 -1.551667895824987475e+01
-2.270667440865068443e+00 -1.550964282667155025e+01
7.510135555984160938e-01 -1.478820082409985126e+01
-5.071031294944250423e-01 -1.383392060041276217e+01
-2.391359668178915321e+00 -1.349986455097795890e+01
-6.006123284976179200e-01 -1.225389828780146750e+01
-2.324692608988611742e+00 -1.170103958844631187e+01
-1.002481361513883229e+00 -1.066832318566335758e+01
-2.407073641466116243e+00 -1.002453962131160559e+01
-1.245052867940835473e+00 -9.235387941273312862e+00
-2.269630801430219336e+00 -8.605432967037739189e+00
-1.382341348999263753e+00 -7.978274520559124561e+00
-2.079052625951338218e+00 -7.391323883876221856e+00
-1.379323895055466487e+00 -6.949683036999999786e+00
-1.885473588110753385e+00 -6.359010462028284572e+00
-1.248911639372932258e+00 -6.120445719337754831e+00
-1.490065718981225418e+00 -5.557039661477919168e+00
-1.235579039559794090e+00 -4.951294514591515039e+00
-1.069809466832339240e+00 -4.256072646988053876e+00
-8.825515609314675824e-01 -3.520079083947604826e+00
-7.093875900801449585e-01 -2.795344643876110258e+00
-5.443815906700500973e-01 -2.096633872199822335e+00
-3.977505277274726025e-01 -1.430307081575761696e+00
-1.103468844594485271e-01 -7.441116646542137447e-01
-8.401850187746513487e-01 -5.142344316534509518e-01
5.329433530478134546e-08 -2.717391813696646769e-07
