1.044603730478793757e+01 2.226655326919935618e+01
1.153944443016467680e+01 2.355215230045775243e+01
1.308714051290339420e+01 2.321644612910522909e+01
1.077041770690918376e+01 1.884210394654509813e+01
1.455187012232255483e+01 2.424289049466300838e+01
1.636952360592855982e+01 2.420291579225508016e+01
1.556222935347256175e+01 2.089152808000335781e+01
1.803533309713624533e+01 2.457377377377702388e+01
1.813829865667987562e+01 2.086374256225918700e+01
1.911928307475772471e+01 2.306992667701754129e+01
1.980576759177760238e+01 2.454583811967326668e+01
2.040093474849134125e+01 2.013663628725817034e+01
2.141772784021505416e+01 2.430390682615565368e+01
2.203398085893549663e+01 2.282740756887305267e+01
2.300139844212670681e+01 2.405330820976106310e+01
2.461929317542360351e+01 2.393021297487450383e+01
2.582432078354533544e+01 2.278291925379169669e+01
2.365242231643810911e+01 2.200277614049588237e+01
2.665880950684047690e+01 2.100116298895011369e+01
2.463445459833807760e+01 2.041260607789455150e+01
2.539793725673433755e+01 1.847446051691380831e+01
2.205126510553253993e+01 1.801095614816778934e+01
2.718404323117507104e+01 1.867900216217179121e+01
2.165388807517225089e+01 1.365072578886152854e+01
2.642114757804289482e+01 1.635815770140592562e+01
2.424715580341028698e+01 1.528717088016493619e+01
2.680105710102365180e+01 1.412825915579778346e+01
2.629619696725600519e+01 1.184306910155565085e+01
2.195768749512805940e+01 8.358724002179862111e+00
2.637674208060296621e+01 9.239583365045721308e+00
2.671312071269140276e+01 6.218263975208645711e+00
2.403498654025042924e+01 4.017360244044699158e+00
2.613247601237995354e+01 1.867133392575190287e+00
2.645133805337621169e+01 -1.275031126909298429e+00
2.626340933375917430e+01 -4.034942461515218071e+00
2.212838028738350360e+01 -3.109809800314474959e+00
2.764259185144294406e+01 -6.031500356881089431e+00
2.545575268645764311e+01 -7.289980486230803969e+00
2.821957252589874798e+01 -8.928465572713953691e+00
2.494897426945388474e+01 -1.016353996322923336e+01
2.632720110886362264e+01 -1.027585641862240706e+01
2.108658525622742275e+01 -1.048977216818572877e+01
2.817173335812953994e+01 -1.199542104773465923e+01
2.522144776111361963e+01 -1.267839620749703755e+01
2.782486318939408676e+01 -1.432474269213719431e+01
2.568594842001449052e+01 -1.506792725580428893e+01
2.367593178675863896e+01 -1.472050626264244677e+01
2.720427514613444231e+01 -1.645973573326537220e+01
2.613457502441920610e+01 -1.838897981798442771e+01
2.494569883442159508e+01 -1.735991931414718792e+01
2.422194573280813401e+01 -1.948641649740210724e+01
2.259156253667851644e+01 -2.065612381855997270e+01
2.212687885306749180e+01 -1.650393185678885644e+01
2.041929868555360983e+01 -1.776283107112728032e+01
1.844279498294259412e+01 -1.870982615210082400e+01
2.052839794483091040e+01 -2.151445288251358434e+01
1.909063212091509598e+01 -2.403267663910508389e+01
1.767105908213964938e+01 -2.182793264375234088e+01
1.564971913583127794e+01 -1.927953329689055195e+01
1.758720114188398398e+01 -1.479643573565139292e+01
1.551050375702042672e+01 -2.334634298288706944e+01
1.386494698436118966e+01 -1.644715982402260579e+01
1.352976940498659353e+01 -2.171967502788508853e+01
1.185650656251660884e+01 -2.436516195269223672e+01
1.128132971032760423e+01 -2.027761778849877672e+01
1.049795464650293653e+01 -1.635432475556284615e+01
9.655532713599363603e+00 -2.270598352318656410e+01
8.655300683052930211e+00 -1.830162250340932673e+01
7.673857875526254979e+00 -2.110252139704939722e+01
6.872131372544401096e+00 -1.666774149615401157e+01
6.820122285829683051e+00 -2.399595508469710481e+01
3.950104432881616390e+00 -2.320023908466632889e+01
4.988024922084990820e+00 -2.060432005557500901e+01
4.765489928755170190e+00 -1.725243667860497965e+01
1.646373446427943588e+00 -2.197111042252507929e+01
2.881158521482204637e+00 -1.967979705367152121e+01
-1.728623456290684715e-02 -2.050736828804848599e+01
1.365427618179924307e+00 -1.852337523574450628e+01
-1.180758603651928640e+00 -1.846106380448021866e+01
6.590727301328754839e-01 -1.695817136451472251e+01
3.380337631881418226e+00 -1.543743319217184506e+01
-8.448717339854798780e-01 -1.700888179509080445e+01
-4.645029447139956691e-01 -1.565720247412471267e+01
-1.262656404198278626e+00 -1.459032666762673891e+01
1.697818802599854404e+00 -1.402688439213503635e+01
-3.050988647493380501e+00 -1.539509040663524253e+01
-1.377831992384524806e+00 -1.318133183938448383e+01
1.117156046379544465e+00 -1.195282306592200250e+01
-2.518221369490389439e+00 -1.217765390247198454e+01
-5.221681067857112390e-01 -1.090878604124301354e+01
-2.360428225634842558e+00 -1.017428922196266328e+01
2.786414922274729755e-01 -8.878035182341973197e+00
-2.076770317739900840e+00 -7.884328414904026694e+00
-4.424681041404530668e-01 -6.495945034699817988e+00
-1.380724247055786780e+00 -5.026515486584631098e+00
-8.224280016850434860e-01 -3.363242710352988496e+00
-6.039825582857495379e-01 -1.936588931176021600e+00
-2.871053814609822452e-01 -8.539739691900082308e-01
-1.154221926442746890e-02 3.534832219121474828e-01
-3.408874587017121309e-07 -4.241784664197476249e-07
