-1.225554094171739372e+01 3.085512656749608951e+00
-1.110066827224810027e+01 1.998004978277144739e+00
-9.788859155326591122e+00 6.451896188090575635e-01
-1.022557229012679514e+01 9.744390573348418183e-01
-1.066906922628244025e+01 1.437551057421234901e+00
-1.240377748828493765e+01 1.892642983492497155e+00
-1.147677640228105034e+01 2.685132823165872207e+00
-1.343538625397056308e+01 2.047541485287451835e+00
-1.436769254674864627e+01 3.383346797615565560e+00
-1.290810784336762396e+01 4.518941856263813506e+00
-1.411692773340364049e+01 5.513473486258031464e+00
-1.602453686671389832e+01 5.328806340779063788e+00
-1.736451890562065614e+01 7.554777770731107900e+00
-1.447088179016929921e+01 8.112795451095818677e+00
-1.611160170525617374e+01 9.805684065951329131e+00
-1.789841890914995659e+01 1.090253930615647171e+01
-1.445996429669021488e+01 1.251895404915851095e+01
-1.797478014492416420e+01 1.331710742247939905e+01
-1.655116076081548115e+01 1.514190074528735863e+01
-1.858907511740629559e+01 1.617884316573150372e+01
-1.505777835024948885e+01 1.716371367065643483e+01
-1.848422478643837508e+01 1.897393252419389142e+01
-1.586418506508996806e+01 1.953249315495493832e+01
-1.799797303031047235e+01 2.178863686178709358e+01
-1.553571130161693503e+01 2.240719576060211793e+01
-1.186129706106267356e+01 2.182402346106792379e+01
-1.696332339562740188e+01 2.492826016484406537e+01
-1.460275501688272826e+01 2.502878638254758314e+01
-1.480119904697793842e+01 2.725845274578660238e+01
-1.303604867350444074e+01 2.851765637667853781e+01
-1.432180378937367315e+01 3.031326733885479641e+01
-9.422605023400066671e+00 2.612830709730711831e+01
-1.213404137206669553e+01 3.057899803147451223e+01
-1.103480779871885353e+01 3.237331457057502604e+01
-7.486922398829473302e+00 3.016526914773946544e+01
-1.251528458278054856e+01 3.368107405263384635e+01
-1.019833056381346381e+01 3.442241379586982930e+01
-9.270330669856374328e+00 3.644747115281032279e+01
-1.122710296726979173e+01 3.734834221154594758e+01
-6.342982334513433074e+00 3.384462911778665273e+01
-5.737251157570720572e+00 3.695192159149152644e+01
-8.616352045934098314e+00 3.873807435616171801e+01
-1.039300166818167348e+01 4.085182673408257159e+01
-4.886794595522788498e+00 3.937918081692295402e+01
-8.245462945637200392e+00 4.125834042787193567e+01
-8.567108850266496489e+00 4.379600104395785110e+01
-7.527305734713351626e+00 4.585690969142471829e+01
-6.824035646233026497e+00 4.883551306585192719e+01
-4.930590188489204273e+00 4.631619623618104242e+01
-3.500285181378383292e+00 4.474175829770098289e+01
-2.464391921623362069e+00 4.291735843674742057e+01
-5.121430633420407830e+00 4.103258716966276154e+01
-2.393777042217312800e+00 4.085794040994048260e+01
-5.346990498802512981e-01 4.040331961697867058e+01
-1.824441133662459524e+00 3.821504813836155989e+01
7.760733580527107156e-01 3.749852294313048873e+01
-1.575234667730474269e+00 3.512418673143134384e+01
8.594069160537068930e-01 3.491214658924709369e+01
1.346500495185573465e+00 3.242411441280009399e+01
3.606705185561077887e+00 3.404468842772203629e+01
4.055107737638768417e-01 2.981641912905209324e+01
4.379354573780628535e+00 3.069415617567551280e+01
3.282853349870300530e+00 2.866904474642936762e+01
2.881163082286126720e+00 2.629838084094739514e+01
5.888110541705427359e+00 2.763552706893848310e+01
6.879773803736011217e+00 2.530145396687208859e+01
4.441431163671684779e+00 2.408203114038597192e+01
7.632543599322922034e+00 2.330966262369225461e+01
5.614750564324033633e+00 2.186249721776216859e+01
8.227275884401757722e+00 2.148780737348002745e+01
5.820787795961969380e+00 1.922487170631589848e+01
7.823570640712790514e+00 1.988149586438634486e+01
9.085093405414768952e+00 1.858118461283704903e+01
7.475553132654166433e+00 1.737345218845009853e+01
9.222605879042193422e+00 1.613402753716989224e+01
7.288002411211129683e+00 1.506620319673036157e+01
9.240582859074063293e+00 1.347336094461279288e+01
7.069271489562576782e+00 1.290145198686679073e+01
8.696852640705609261e+00 1.066464793183935633e+01
6.562024672634615641e+00 1.092586891848894126e+01
5.967320674623033838e+00 9.176649271595172408e+00
7.864643769550420771e+00 7.788538307098635372e+00
5.451808042670660548e+00 7.628614929997827865e+00
4.683597775874432045e+00 6.373699819191180005e+00
6.314018377007080574e+00 4.821915072532346969e+00
4.000611686093300534e+00 4.982399500670415371e+00
3.572106787576724951e+00 3.611856825387293135e+00
2.754476812085657311e+00 2.666941762047519315e+00
1.896069230958601803e+00 1.937772616511994173e+00
1.132195781106753563e+00 1.227282913756236660e+00
4.369967281486723532e-01 6.372289741399520535e-01
2.119676612038652319e+00 5.462906916635189569e-01
7.632958888508400985e-01 8.396202477060320246e-03
2.357475045249043388e-01 -2.708406751009312385e-01
-6.613747525661200014e-03 -4.707520361900530692e-01
-1.306221975089965348e-01 -4.872853630683565140e-01
-9.793124125155079629e-02 -3.325108560751249276e-01
-2.327643640964229266e-01 -2.571387661596784557e-01
-1.231380121196853777e-01 -1.025223498487306401e-01
-2.157288858724306333e-09 3.792000614318697177e-07
