2.700156985871270265e+01 4.497645211930925768e+01
2.768875479729388545e+01 4.284825586360665284e+01
2.504533926859648929e+01 4.468113353468365290e+01
2.215117959433181838e+01 4.729669887376505955e+01
2.646490917304272017e+01 4.649395353187049551e+01
2.939321884556330389e+01 4.497811244061121272e+01
3.300451465712738752e+01 4.256265071967398939e+01
3.025472623745937994e+01 3.901701089952094748e+01
2.338552595953106561e+01 4.247840407167872456e+01
2.674509153984726950e+01 4.130193520904187210e+01
2.554652378456465200e+01 3.933083513725565439e+01
1.622207987988831945e+01 4.501624094677352161e+01
2.084323920389414297e+01 4.414269833964282697e+01
2.094471511079069614e+01 4.106982287105282836e+01
2.063004234848786211e+01 3.896915224614483009e+01
2.745000901790947623e+01 3.545328568440480410e+01
2.403311965132939676e+01 3.704838038775328357e+01
2.228554655935456452e+01 3.445417074440441496e+01
1.889774010368542179e+01 3.897901404512563062e+01
1.860980465497166136e+01 3.663954945178673483e+01
2.472205657419600300e+01 3.206784410097513671e+01
1.448211616648279509e+01 3.960212962483606702e+01
1.745826167685801877e+01 3.468999987725014478e+01
2.084232389299098998e+01 3.138386704541548866e+01
1.642144858322255274e+01 3.282883554584685015e+01
2.200578921606447125e+01 2.839426934521987889e+01
1.304598236901525077e+01 3.498600196083138059e+01
1.543253461053960152e+01 3.089629427788905147e+01
1.204221778261236153e+01 3.078226440998518854e+01
1.839132108687951117e+01 2.868958460025652357e+01
1.547826144077244237e+01 2.862473303625965926e+01
1.348568959271963408e+01 2.734720179386049566e+01
1.641813135851736050e+01 2.556776888956410687e+01
1.952878397564655089e+01 2.520456723909430963e+01
1.327686382079178884e+01 2.491591349241925712e+01
1.059236877369422203e+01 2.794886687437539052e+01
1.722676717956622383e+01 2.246849540820718971e+01
1.470130987739040762e+01 2.289118630884694738e+01
1.093601100545040516e+01 2.542645433685071410e+01
1.299552373732239730e+01 2.221743573964686291e+01
9.710587589730474534e+00 2.345134495546072984e+01
1.515407977852646049e+01 2.002726116794829991e+01
1.125213487377348187e+01 2.150607041001525133e+01
8.581790014827339164e+00 2.157223091003292126e+01
1.003294837117166871e+01 1.939079868165924481e+01
1.272412114269857852e+01 2.008175739619494493e+01
1.344444231469812578e+01 1.793991263850728402e+01
1.120640438487772350e+01 1.794554760583559982e+01
7.779163068918642843e+00 1.965277254525957673e+01
1.189421781124375599e+01 1.599779765974321322e+01
6.572185518861336284e+00 1.760453766727646752e+01
9.945868137539605414e+00 1.604972311218111614e+01
8.691981019241008966e+00 1.702390065747460923e+01
6.713237077693404053e+00 1.544294637490685318e+01
8.866436492041698259e+00 1.431131462620669481e+01
1.036565828810445034e+01 1.391806565635208059e+01
9.078497884596085754e+00 1.210873627747090353e+01
7.542337449897746460e+00 1.300977720356482159e+01
5.008038411099575704e+00 1.405533372807036052e+01
6.692602413100262382e+00 1.177114262426050573e+01
6.039032520183281960e+00 1.051202834620178450e+01
7.870077648606105036e+00 1.034213465283120748e+01
6.981824472818083827e+00 8.947762044179897956e+00
5.549341850818317212e+00 9.123890891356271737e+00
4.252495341771219017e+00 1.187726311382590971e+01
4.458509098001612436e+00 9.925455801265531619e+00
3.320794113586202911e+00 9.509866173485644225e+00
4.778294386366103375e+00 8.123611970437222496e+00
6.104606846590186819e+00 7.849768522187422271e+00
5.345478107910437870e+00 6.897699377155556810e+00
4.750313780125412499e+00 6.087473850087129712e+00
4.227862868311476063e+00 6.975100210009086865e+00
3.570299672983719308e+00 8.016134842801443838e+00
2.533935847041262956e+00 8.070989060372685486e+00
3.162183901516784523e+00 7.057276335394901956e+00
2.245371824197253563e+00 6.746023445706996746e+00
3.561603168391179519e+00 6.026754034602869403e+00
2.756481678621137021e+00 6.232005335045814221e+00
2.235030787932207552e+00 5.549725036924291643e+00
4.187428892081789478e+00 5.382066128198088606e+00
3.604708557835278881e+00 4.696877254348340358e+00
3.046801483375131792e+00 5.073883548566938018e+00
2.851236515449070641e+00 4.226684367817970411e+00
1.905437012154987952e+00 4.787438169188603432e+00
1.627029658339312901e+00 4.034911433474182019e+00
2.445691420978015174e+00 3.713584287979123211e+00
2.134655077999512152e+00 3.256555672053548456e+00
1.300956533610271970e+00 3.311394802536648196e+00
1.886514672077070243e+00 2.858801840116114601e+00
1.658048468255617136e+00 2.499355814075183702e+00
1.416969133091408928e+00 2.163301170102152948e+00
9.638195266694289387e-01 2.656095689103182167e+00
1.159205967687042316e+00 1.824438471761101965e+00
7.271594811246393508e-01 2.044856082971617806e+00
8.052688264715897049e-01 1.532643843757159008e+00
5.899954827233094834e-01 1.231566398369917659e+00
4.407189253346404101e-01 8.535466978747577871e-01
2.778718159130201260e-01 4.870561419814792292e-01
1.183843248195374648e-01 1.412495340926529508e-01
7.207138791568355220e-03 -1.493371013550504889e-01
