-3.207566388224203990e+01 4.411130880993903247e+01
-3.093923827961201312e+01 4.364542742247849105e+01
-2.969971555984018252e+01 4.316473267705065808e+01
-2.927073088801426337e+01 4.401088007351384590e+01
-2.905619389102121986e+01 4.435087502436682172e+01
-2.943770154554589880e+01 4.353222003565456788e+01
-2.957345778190792629e+01 4.187841713894749773e+01
-3.034568479953675535e+01 4.252363050623651475e+01
-3.018649301301508103e+01 3.985804760888764520e+01
-3.035611365533685202e+01 3.688806370741807683e+01
-3.696346209172472896e+01 4.367891220475509328e+01
-3.405362023758605261e+01 3.999600632810840750e+01
-3.419941987833379216e+01 3.548407691885623905e+01
-3.781882314774234288e+01 3.669167567134085317e+01
-2.990903069765789013e+01 3.309228676670076652e+01
-3.526963830395712307e+01 3.159604675819780795e+01
-3.303774335343609891e+01 2.963171448096035121e+01
-3.419712860839366897e+01 2.692757567629764281e+01
-2.913705627859199865e+01 2.824794162557495625e+01
-3.229058455309973397e+01 2.426510855336314165e+01
-2.877032240265226193e+01 2.415580185070444941e+01
-3.492012110037197203e+01 2.197576869424234047e+01
-2.868390674877755231e+01 2.067956369481343515e+01
-3.181218295081007597e+01 2.093218352123342285e+01
-3.179789490606270164e+01 1.812595830589668111e+01
-2.882124186952611211e+01 1.762133200897858742e+01
-3.421601451281311768e+01 1.729971299364824588e+01
-3.117579292812485647e+01 1.590144901948500156e+01
-2.902664717507625625e+01 1.471745921595552176e+01
-3.270786458686598763e+01 1.433240063771939532e+01
-2.934276322666976711e+01 1.253348956608256337e+01
-3.270759965979792838e+01 1.251392849773662874e+01
-3.148493286637454247e+01 1.090217581799893942e+01
-3.394476445475086734e+01 1.072283976108610126e+01
-2.899353434552627462e+01 1.036204505900441397e+01
-3.160882080569751906e+01 9.250007022510764898e+00
-2.937790678142632217e+01 8.346938913598425103e+00
-3.327260162903947105e+01 8.697138335066455284e+00
-2.995647786356165199e+01 6.531434629214408538e+00
-3.372598071538087794e+01 7.290784073657857078e+00
-3.154875096098322729e+01 7.086068504447387895e+00
-3.393012130212369470e+01 5.604836568715074741e+00
-3.107057319158945674e+01 5.117878492042015282e+00
-3.125437783352977306e+01 3.677864351113315333e+00
-3.071558271871233003e+01 1.830648387878782923e+00
-3.218842863579006064e+01 2.596555316175896522e+00
-3.425840738106695227e+01 3.981096971816194596e+00
-3.262016183187918017e+01 1.369164101132169797e+00
-3.444147825478289349e+01 2.552844537056847329e+00
-3.451901524925120412e+01 1.305025207971470813e+00
-3.177250798187524339e+01 3.162978703408581005e-01
-3.298171020222638816e+01 -8.687982474591465776e-02
-3.465244453292937266e+01 2.328374702956100828e-01
-3.417592068194178978e+01 -7.043612075531296979e-01
-3.573873393619238925e+01 -1.084906997296365860e+00
-3.380610441075011607e+01 -1.669796842465873121e+00
-3.607859492754851516e+01 -2.693584164655984381e+00
-3.528336152785356461e+01 -4.175007674714791506e+00
-3.356692683475425554e+01 -5.139728207474387744e+00
-3.306421728842336449e+01 -2.515991638827356880e+00
-3.200934240464842162e+01 -1.090427702823903111e+00
-3.203771164629689139e+01 -3.208325236389854229e+00
-3.129202857253920556e+01 -2.100808434460259555e+00
-3.146260976149011768e+01 -5.524682154675105039e+00
-3.081265742232729821e+01 -3.256250254753909168e+00
-2.955063580338308071e+01 -4.062648170836701822e-01
-2.976664975115314959e+01 -3.536184026455543972e+00
-2.900740003259645050e+01 -5.578506209773345326e+00
-2.856513812325203716e+01 -3.954607297300785529e+00
-2.815582386993701292e+01 -2.349372122633589743e+00
-2.725963394468721290e+01 -4.252575194307715911e+00
-2.595872739759444059e+01 -3.164103427754143105e+00
-2.601762593744803098e+01 -4.613010906625566676e+00
-2.452359359297878072e+01 -4.655772752054068597e+00
-2.385890145136937335e+01 -3.228424915110498894e+00
-2.259321256107275033e+01 -4.576119594438356586e+00
-2.155018241300274795e+01 -3.262542787656310228e+00
-1.998136721216403444e+01 -3.739821704609888275e+00
-1.850096264286581871e+01 -3.248375348405970531e+00
-1.701011310631110618e+01 -3.131240826918252118e+00
-1.555865584092794585e+01 -2.840900651377564312e+00
-1.406807187922064806e+01 -2.728791470642985217e+00
-1.260022936336080157e+01 -2.332602380693768573e+00
-1.107847601794204628e+01 -2.256885177141269239e+00
-9.643836060738063765e+00 -1.982366149882432094e+00
-8.276704006703642591e+00 -1.460945539636232526e+00
-7.366225254685201840e+00 -3.282869380356362221e+00
-6.989282034259239218e+00 -1.245867877944005997e+00
-5.901055069649173035e+00 -1.004435596778958883e+00
-4.946909033543743561e+00 -8.390234668961841225e-01
-4.786953115431419548e+00 -2.786602534196690684e+00
-4.090650756556676093e+00 -6.990542017722721768e-01
-2.684432252756661974e+00 -1.990090692005734407e+00
-3.273071142660158195e+00 -5.368633127218761514e-01
-2.537739966750574006e+00 -3.138084269358696332e-01
-1.861704986006655904e+00 -3.010378351466982405e-01
-1.324814718393179991e+00 -1.174022508471144755e-01
-8.277467763691802594e-01 -5.296863962192633474e-02
-3.854215744407194499e-01 6.084515992998538840e-03
-6.374725763259635606e-07 2.116998384890377653e-08
