-4.522168517312303493e+01 -4.399008088929050331e+01
-4.451768653529293829e+01 -4.023081395760500101e+01
-4.933054993254559406e+01 -4.134307122347384222e+01
-4.083845468442696358e+01 -4.272969873314818301e+01
-4.559569760854109433e+01 -3.486029493327748696e+01
-3.992746799369043487e+01 -3.563450876186340111e+01
-4.098825660452829567e+01 -3.017512568971740805e+01
-4.409463602539235438e+01 -2.616002359358294171e+01
-3.833478133345065686e+01 -2.455920414777962435e+01
-4.272208558027851666e+01 -2.013423573741135897e+01
-3.731846858020681168e+01 -1.888165630847433718e+01
-4.122690448443440658e+01 -1.443137153040370357e+01
-3.596930416478061687e+01 -1.430220255315186684e+01
-3.517264893411277171e+01 -1.052123026230474956e+01
-3.957909809244802091e+01 -9.795921130384499520e+00
-3.901630164576389603e+01 -5.314563166828036422e+00
-3.408716267381308995e+01 -7.621455330157733243e+00
-3.581179059286080246e+01 -5.905270969934115932e+00
-3.338885794051023481e+01 -4.186664708338586394e+00
-3.672708796841162382e+01 -2.216221269987534104e+00
-3.251200959500360455e+01 -1.889577264975032200e+00
-3.795475787764085140e+01 1.216977401541392334e+00
-3.456765849335028662e+01 5.809509735791791307e-01
-3.531068782425693797e+01 3.943280958286580873e+00
-3.246217911480223961e+01 2.674585014652046677e+00
-3.208392213051909181e+01 6.478935055847431235e-01
-2.969142127137506293e+01 -1.316270996298289697e+00
-3.049657558395780299e+01 2.338481722706532651e+00
-2.901500955997643416e+01 2.119955975022758565e+00
-2.786154318640485172e+01 1.517098364594881232e+00
-2.687933515931672801e+01 6.546879257982498590e-01
-2.743638571188496655e+01 -4.325054890535723340e-01
-2.634118249236504639e+01 -8.100275492546770151e-01
-2.823123148981091646e+01 -2.841233544085771445e+00
-2.565860314668185183e+01 -4.146904024207317963e-01
-2.555578767370285931e+01 -2.301918713248932935e+00
-2.458825699576728496e+01 -1.056781332537742202e+00
-2.346484620392169518e+01 -2.297276166585222157e+00
-2.505397720407131601e+01 -4.098060737349224603e+00
-2.265633135084783234e+01 -4.469712952014564422e+00
-2.416233118206249131e+01 -6.202617769501558520e+00
-2.729003290185221786e+01 -5.225557310153851276e+00
-2.613653676960090877e+01 -8.291379153002633728e+00
-2.306944673511090116e+01 -8.826211884344646208e+00
-2.406774379674130770e+01 -1.172054580440898519e+01
-2.301757437476274148e+01 -1.488019349042398431e+01
-2.343093544623294733e+01 -1.832468283271413512e+01
-2.113116252158134856e+01 -2.088640255797835721e+01
-2.356429003600345951e+01 -2.353871730070639146e+01
-2.008972176838244295e+01 -2.534405234854301980e+01
-2.250839194479702954e+01 -2.807357290578318043e+01
-1.943569751256395506e+01 -2.978013889580406470e+01
-2.181828870851543911e+01 -3.228837694952749615e+01
-1.881235850482403649e+01 -3.348329113231024223e+01
-2.065592554523065161e+01 -3.560291686830660041e+01
-1.867294360570594236e+01 -3.681119911116897470e+01
-2.254789843971663998e+01 -3.744249495155885654e+01
-2.143012397666404212e+01 -4.048926106009612624e+01
-1.986332991234192136e+01 -3.856213210999332830e+01
-1.910733264330764669e+01 -4.072174226841625710e+01
-1.826555483920975931e+01 -3.944447398893081669e+01
-1.758057873621242706e+01 -4.099016474190316472e+01
-1.692681524608577348e+01 -3.865624604534576747e+01
-1.643993150281353977e+01 -4.135806918272531618e+01
-1.589190179737844844e+01 -4.002218509736886887e+01
-1.533523775526905908e+01 -4.167976146094235901e+01
-1.465011609062910480e+01 -4.002852309286782173e+01
-1.426982487794085408e+01 -4.160715094263009917e+01
-1.327238084951717667e+01 -4.138128078163596513e+01
-1.360209236872754524e+01 -3.951269570667358977e+01
-1.232001451637038869e+01 -4.099461277298900086e+01
-1.137733080099753913e+01 -4.047681532149509565e+01
-1.240079223813029685e+01 -3.920080556313001097e+01
-1.249128354080246339e+01 -3.740250469918384368e+01
-1.066248196723136843e+01 -3.959736782892032636e+01
-9.727329367348742650e+00 -3.876000693426481547e+01
-1.085478445188507912e+01 -3.715386904373281141e+01
-8.137443959743119848e+00 -3.796704501469087489e+01
-9.078482742787061355e+00 -3.705921095369072304e+01
-1.004813597312434048e+01 -3.495848399324163580e+01
-7.761712531938949056e+00 -3.563701186089344475e+01
-1.176296095037492684e+01 -3.202071929009418483e+01
-6.658382723134028680e+00 -3.361271439987756082e+01
-8.531799317826287421e+00 -3.197948719793956229e+01
-5.884942367188332746e+00 -3.050766479119493368e+01
-8.905725177886576915e+00 -2.823067801715113134e+01
-5.402386430181906896e+00 -2.688783165524651508e+01
-8.614764018826370773e+00 -2.390337934239734707e+01
-4.820786301288997322e+00 -2.285856427463688689e+01
-5.600596047402614630e+00 -1.944459376663359151e+01
-4.155183403185197299e+00 -1.648311489956720877e+01
-3.514788984265912131e+00 -1.326766147012417640e+01
-2.516843415353055669e+00 -1.025470522137213791e+01
-1.798857577151574461e+00 -7.522561338200214998e+00
-1.272606799928308385e+00 -5.224364032055452078e+00
-8.880958756675562116e-01 -3.323320796026771884e+00
-4.521596047334369706e-01 -1.802876692368995837e+00
-5.314337049631977505e-01 -6.264077617792501718e-01
2.109908919930093552e-01 5.678952180630196800e-01
-1.097378752494160156e-06 -2.783912937799139228e-07
