-2.101206131119334231e+01 -1.853599397966109663e+01
-2.264438994543987249e+01 -1.511848477638077703e+01
-2.121671324331720498e+01 -1.047796757890068697e+01
-1.918269150567676107e+01 -6.791437999232794454e+00
-2.366594714857645343e+01 -4.348983218090240577e+00
-1.840059298651163289e+01 -2.231927657241416174e+00
-2.194079196292449652e+01 -1.957054599293948649e-01
-2.336155005637190030e+01 2.310675567309496525e+00
-1.755589985215280890e+01 2.459015120904257667e+00
-2.292836151713762760e+01 5.917935824709159576e+00
-1.961762305108513615e+01 5.571923594513601863e+00
-1.691736194176997543e+01 7.037373552641006391e+00
-2.247289582983061962e+01 9.309496475654723824e+00
-1.908805848118644022e+01 9.916152695052094401e+00
-1.597440955696287723e+01 1.064095666889630287e+01
-2.173911245946507975e+01 1.234440790274991961e+01
-1.889913747720154547e+01 1.331051800480537750e+01
-2.079406809115595678e+01 1.526686106172333091e+01
-1.521203811488622648e+01 1.389218729108161376e+01
-1.817561099909618250e+01 1.620779090765156027e+01
-1.968036002581810706e+01 1.772365133065671827e+01
-1.414098681334167118e+01 1.699039352165039318e+01
-1.700827777196449020e+01 1.875433284345295704e+01
-1.863390815597751882e+01 1.980783693144541147e+01
-1.696307646502788202e+01 2.107544669351356248e+01
-1.216319793288877626e+01 1.978727640608797955e+01
-1.619218602702550669e+01 2.307969321052527789e+01
-1.491446260917244970e+01 2.184338258756350371e+01
-1.313331531889221360e+01 2.339396281330650851e+01
-1.437860915830223796e+01 2.454274148395558086e+01
-1.109344881313526265e+01 2.476549507917579973e+01
-1.253619724650744516e+01 2.596362522188351107e+01
-1.040739459576688652e+01 2.719361736811878316e+01
-9.116563134012595881e+00 2.185623607353522502e+01
-8.430201329750712347e+00 2.600442379023099804e+01
-7.577580724436652204e+00 2.818823850608465165e+01
-5.415507315146984801e+00 2.328673627120281964e+01
-5.540600951250191031e+00 2.724976064585356639e+01
-3.870800369103997163e+00 2.834450099417451696e+01
-1.940966942192978273e+00 2.829513939079484430e+01
-1.418509656853223833e+00 2.416124772219508188e+01
-9.943429259416508570e-02 2.836666095070173554e+01
1.641446592079818023e+00 2.862440495554790942e+01
2.575613755694114104e+00 2.440692845064595673e+01
3.474405357769927427e+00 2.854335569329864342e+01
5.340356175682059892e+00 2.816489118806685354e+01
6.529660065146599912e+00 2.399736400663179836e+01
7.013140986969953694e+00 2.904290183743832898e+01
7.723279688284286237e+00 2.739009042131182525e+01
9.526109276436971030e+00 2.795745465530523433e+01
1.055936654657712737e+01 2.628681412827501163e+01
1.191702887760204632e+01 2.744149258197290564e+01
1.011527568732607563e+01 2.285863539091908692e+01
1.297457312052988776e+01 2.597616656293730131e+01
1.473371044274211705e+01 2.586369306532128221e+01
1.468453881368449210e+01 2.406314451270945298e+01
1.680955666558681827e+01 2.462634011813601731e+01
1.289558200533151933e+01 2.112309296598402852e+01
1.623068858252274538e+01 2.285336011592975325e+01
1.840474874009677819e+01 2.236521484639753865e+01
1.479499581316630596e+01 1.859634439331816225e+01
1.692626452450729602e+01 2.111590176326787471e+01
1.952612357178560387e+01 2.010381216153700379e+01
1.773141698196347704e+01 1.942122943290996773e+01
1.870232884706484100e+01 1.788334031222390408e+01
2.013701517598001445e+01 1.705370770437355077e+01
1.655214964411280931e+01 1.589119555840958853e+01
1.997270154332944259e+01 1.508972295752429282e+01
1.803018467625367904e+01 1.453384025347046205e+01
2.034199954716934755e+01 1.276121320758584687e+01
1.842435267172237801e+01 1.296608341288419020e+01
1.724799737603767724e+01 1.227581741802080018e+01
1.969686552965921322e+01 1.050763832473886339e+01
1.714229873065389143e+01 1.081711316459663230e+01
1.640583753874709316e+01 9.513846652454223118e+00
1.886341168462563900e+01 8.708800492092530376e+00
1.772768626502753619e+01 7.141950650847083359e+00
1.553855050355296896e+01 8.276605644409610107e+00
1.629307666955213207e+01 5.617240841215456193e+00
1.460658497410567769e+01 7.167608765234392720e+00
1.368839775281412585e+01 6.202341112728913863e+00
1.451705023589125432e+01 4.346577876467010881e+00
1.276450132952832739e+01 5.396494986750586698e+00
1.158963900917924761e+01 4.869501572718784921e+00
1.243660281881105512e+01 3.527831571034799829e+00
1.047228795949757263e+01 4.143202204488496854e+00
1.070580518391101954e+01 2.747490397716485067e+00
9.299620954000360484e+00 3.446300944445761516e+00
9.008355011919029209e+00 2.091604998932660386e+00
8.040507376155540342e+00 2.887939093930292245e+00
7.333878231876403753e+00 2.056143649116755512e+00
6.221622406950108264e+00 1.978898969887159076e+00
4.984589215651135774e+00 1.578405240866205705e+00
3.623541765871651776e+00 1.270788047089198347e+00
2.309424650670298007e+00 9.949158832713548284e-01
1.205606901478268878e+00 7.533553949717317622e-01
4.269844078253349218e-01 5.861294438816788688e-01
-1.811721448577793825e-02 3.861194790293761003e-01
-9.930450576494365134e-02 4.835035327493564933e-02
3.664579263581019697e-16 6.626061875044572900e-16
