1.277045668670436118e+00 4.393471926990902432e+01
-9.582660686942455763e-01 4.496612664552167615e+01
-9.886615715308213481e-01 4.113961622840043475e+01
-2.308987954544435561e-01 3.951174760089634219e+01
4.908160781158119046e-01 3.798932875533978404e+01
-8.686385028230876326e-01 3.805067256105316886e+01
-2.931146898171539839e+00 3.821192467531081860e+01
-5.873513772331544480e+00 3.837280803988075206e+01
-4.804925398245062595e+00 4.111245179349707968e+01
-4.095008298897987453e-01 4.936679679126152109e+01
-9.405137785250834881e+00 4.036301357665001888e+01
-5.053955951231981381e+00 4.520490055193427281e+01
-9.872602292551409420e+00 4.496524569827229101e+01
-6.557298342653740342e+00 4.891488145136793975e+01
-1.092849985457059958e+01 4.877573657058385237e+01
-1.471198659554215915e+01 4.028335950895043993e+01
-1.402192799379915300e+01 4.644706884415052173e+01
-1.732143159188578707e+01 4.635424260550998099e+01
-2.112809451883186895e+01 4.499168229209425363e+01
-2.072502114444085208e+01 4.039297613971370282e+01
-2.137047812811161052e+01 4.853428601723410907e+01
-2.474878795681329535e+01 4.635740468884571186e+01
-2.540381510907808149e+01 4.281175350623031761e+01
-2.689049132000830156e+01 4.915681726834070986e+01
-2.746695404480450264e+01 4.608798196361490795e+01
-2.942965620975343199e+01 4.559071370088991415e+01
-3.094123348544762564e+01 4.855292852432196327e+01
-3.026003614186701896e+01 4.410889570679550786e+01
-3.122001241418703898e+01 4.534672245910521582e+01
-3.311278101733640256e+01 4.595451645944280727e+01
-3.212167371096330726e+01 4.396411772536715290e+01
-3.425752224805023616e+01 4.439781992567881019e+01
-3.287026117860961705e+01 4.233807747386016729e+01
-3.485976671925573100e+01 4.243230460768594980e+01
-3.367142033222086894e+01 4.060868493596056794e+01
-2.994873630481989579e+01 4.245430348799651199e+01
-3.515591142210164577e+01 3.977544047365965696e+01
-3.080954433574222051e+01 4.028086000713709325e+01
-3.531833739204949296e+01 3.679019301853251278e+01
-2.690763765240107119e+01 3.969382958985923437e+01
-3.067993527676621568e+01 3.826809454934379318e+01
-3.380093398062479082e+01 3.809892586980259210e+01
-3.164151361347078151e+01 3.645149429942896546e+01
-3.332039865341236862e+01 3.508812128254855622e+01
-3.193182017128822636e+01 3.392514150174532972e+01
-3.551224169656538265e+01 3.361906519090090484e+01
-3.248565522082706281e+01 3.177751475388946290e+01
-3.563642629338315970e+01 3.036623583436652396e+01
-3.259800161745151570e+01 2.945292265057467418e+01
-3.583684513960825768e+01 2.653145854762475508e+01
-3.272574339161867840e+01 2.721849563904549285e+01
-3.287340400089635040e+01 2.506232015846314454e+01
-3.291575819976487338e+01 2.270364529649131313e+01
-3.595068412017497650e+01 2.236959514128425752e+01
-3.279267048743221835e+01 1.998289264873532645e+01
-3.526520721217892174e+01 1.847579919940776705e+01
-3.265322630579890273e+01 1.655214228194215664e+01
-3.568900350038268954e+01 1.513915888119337971e+01
-3.243614394258791833e+01 1.336104479780301801e+01
-3.572100807172709125e+01 1.215787723434900691e+01
-3.243279531333798360e+01 1.025889834748326557e+01
-3.587514731109820332e+01 9.403392182722607018e+00
-3.262520762681332087e+01 7.400732817732726510e+00
-3.604838896580149310e+01 6.961455007651205840e+00
-3.581652939649136158e+01 5.050392265931647806e+00
-3.556727021837305358e+01 3.243724446598196032e+00
-3.302243251061818796e+01 5.064645026621226620e+00
-3.396910912483989620e+01 2.683410033569552766e+00
-3.287116580633275476e+01 1.720429799825006212e+00
-3.403024773460450803e+01 1.269666072804317425e+00
-3.309357771742839560e+01 5.808276930805973404e-01
-3.212076788233694202e+01 1.080753190388939800e+00
-3.225321867373793339e+01 3.192147639274497961e-01
-3.177140888103222593e+01 3.397243967693015954e+00
-3.176917275540692387e+01 8.654612424938504245e-02
-3.129314385756266859e+01 -1.452073929853419654e-01
-3.117457013548880695e+01 5.280854904059550936e-01
-3.068058202951228708e+01 -6.679147447765841905e-01
-3.042971224497924965e+01 8.580578031850419340e-02
-2.956260810093500524e+01 -8.808891764461509455e-01
-3.027819785291729460e+01 1.626022468593007142e+00
-2.955552738494688469e+01 1.420677617056613495e-01
-2.879032356815368487e+01 -1.072520375506576251e-01
-2.793182319644651201e+01 -1.365233271272686677e-01
-2.672687446793095489e+01 -2.947371538215015074e-01
-2.507660058317162566e+01 -3.162517292692368920e-01
-2.299039430603955125e+01 -3.320188792847321713e-01
-2.051754305504423925e+01 -2.869876307137501636e-01
-1.774570934154751356e+01 -2.503634622056173376e-01
-1.486214249133604248e+01 -1.881247354774525649e-01
-1.204005425325887657e+01 -1.233694262669569469e-01
-9.469977518053358523e+00 -4.634133963453301169e-02
-7.269267177091351506e+00 4.854043096845069775e-04
-5.481792344644037307e+00 1.236623723021719294e-02
-4.077500258750208495e+00 2.244353069263198275e-02
-2.999140775706390372e+00 2.943678840499344002e-02
-2.111368425233751012e+00 4.862079288900670454e-02
-1.324645110461537545e+00 7.059770154836959855e-02
-6.099978663015113156e-01 8.146041825609737219e-02
-1.909325917357108532e-07 7.653258640214521846e-08
