-4.698189104571005714e+01 1.441985274630200431e+00
-4.505891047041826880e+01 -4.188184332492121964e-01
-4.907761544196494441e+01 3.267207491151081555e+00
-4.573902830564910715e+01 2.789060423944406786e+00
-4.491239259104799686e+01 5.422604085262103801e+00
-4.776709653234227915e+01 6.915474377001531892e+00
-4.399058075532253298e+01 8.047180023914213720e+00
-4.634981110289286477e+01 1.026010128886283468e+01
-4.305843786935008666e+01 1.037967976915531132e+01
-4.456469536781789742e+01 1.302958140515650420e+01
-4.185183525953013373e+01 1.222197822549080648e+01
-4.281030237454793053e+01 1.471502581122324926e+01
-4.028130299349433585e+01 1.370269682527288424e+01
-4.213218447642034192e+01 1.654133393686412035e+01
-3.886941719304360987e+01 1.493027822484833322e+01
-4.073731404175499904e+01 1.747086744545694259e+01
-3.951460673186171846e+01 1.841595766810374002e+01
-3.801258361509882633e+01 1.845759823739185634e+01
-3.758416815989540538e+01 1.607551618543446992e+01
-3.658017159713664768e+01 1.817228445977395879e+01
-3.669809539571514989e+01 1.514836138068872096e+01
-3.548784212501288948e+01 1.760552674771719950e+01
-3.449044850473022450e+01 1.705522580279458111e+01
-3.376208250901894559e+01 1.622777507021184462e+01
-3.529482475931395413e+01 1.473232399473422305e+01
-3.310880121852117242e+01 1.531375398360313689e+01
-3.403155862392233644e+01 1.395256826157582353e+01
-3.253840089653679968e+01 1.411298429490584638e+01
-3.349861339192060683e+01 1.236437936886240330e+01
-3.214686053488613027e+01 1.284509513450267271e+01
-3.194248206343926810e+01 1.151556776223678646e+01
-3.161853741982443822e+01 1.027061062314895246e+01
-3.151002001982802625e+01 8.786022391021209188e+00
-3.049597307001380742e+01 7.436739532960054966e+00
-3.128196852594745536e+01 5.822995807321212247e+00
-2.954788648348361235e+01 4.639296315562726924e+00
-3.127235378058381698e+01 3.220612852273937232e+00
-2.926953600141130352e+01 2.193685150569174347e+00
-3.067350177448934190e+01 4.549128171444528634e-01
-2.834822019864169107e+01 -8.731676627642522004e-02
-3.013008932985795241e+01 -1.629315968990810992e+00
-2.945135596972395930e+01 -3.374153331170680836e+00
-2.779830504500657540e+01 -2.189414665492468437e+00
-2.849422079891088444e+01 -4.677692296583614961e+00
-2.712973450087427807e+01 -3.869158964060828598e+00
-2.633131053006835387e+01 -4.933450943155690993e+00
-2.744468375480822786e+01 -5.807772155056608376e+00
-2.618038963658462492e+01 -6.672488265341005587e+00
-2.552266465515681659e+01 -5.632460481775837913e+00
-2.447017464987629864e+01 -5.988139770997869427e+00
-2.481917396842236556e+01 -6.853124426351578258e+00
-2.383136220785946335e+01 -4.838671693805300045e+00
-2.363060831483403845e+01 -6.880310684398533994e+00
-2.314504864059865241e+01 -5.862821685178756681e+00
-2.257896988527987503e+01 -6.868416232261727927e+00
-2.176232423141981798e+01 -5.381057067749921430e+00
-2.161812346123740269e+01 -6.701348284598833693e+00
-2.078572422713908097e+01 -6.467265250894894457e+00
-2.099661610903666542e+01 -3.698105945163309372e+00
-2.019040740734950390e+01 -5.866026558935170776e+00
-1.910071233617427922e+01 -6.023059136986832485e+00
-1.946187152643349805e+01 -4.842356758006487460e+00
-1.808904223452132953e+01 -5.360980844580154780e+00
-1.850366334407940272e+01 -3.580353539103416693e+00
-1.700549190852347792e+01 -4.423165942273722173e+00
-1.701002756289596007e+01 -3.023704754761553204e+00
-1.720610440216403347e+01 -1.625178791847007087e+00
-1.505177725030271141e+01 -1.869128929237319658e+00
-1.619053185956603969e+01 -1.024548185802049427e-01
-1.458191786490727182e+01 6.591368626967548661e-01
-1.420796565264001643e+01 2.225592202563256183e+00
-1.334058688889623667e+01 3.543916375584067247e+00
-1.238370506943307880e+01 4.653231348968725811e+00
-1.226094331571557028e+01 6.295448915134243428e+00
-1.089737669900755179e+01 5.806420525262947940e+00
-1.037363908411156110e+01 7.073388800365160378e+00
-1.125215979261460397e+01 8.023857187493021570e+00
-8.879317058966318399e+00 7.740468244248633667e+00
-1.013830117207241877e+01 9.157073072383832724e+00
-6.404481643760038700e+00 8.152661557515346047e+00
-8.918010082951829176e+00 9.689623467247882260e+00
-8.421164896242951059e+00 1.079410802966489769e+01
-7.095475334060920680e+00 1.053356757439098601e+01
-5.046179304937549404e+00 1.068330999111953972e+01
-7.005451319636107677e+00 1.198355006491408581e+01
-5.597412529952223714e+00 1.243988590953020434e+01
-4.119179018424198979e+00 1.232336683688099832e+01
-2.916978318873617138e+00 1.149963885156733134e+01
-2.665691316948359812e+00 1.015966546782107649e+01
-1.267008222390672234e+00 1.046332059845381757e+01
-1.274045578756817232e+00 8.942886444908641153e+00
-3.671412380235395290e+00 6.455907724031900941e+00
-6.557364987489022745e-01 7.654441516752210184e+00
-3.962917869533646997e-01 6.189771761858630761e+00
-6.794624186233416685e-01 4.715771934157406697e+00
-3.784158644032510899e-01 3.457883713215141430e+00
-2.548952706334861595e-01 2.276442947157856445e+00
-1.359873025400449575e-01 1.313741303886938327e+00
-1.076768281166575053e-01 5.739941226021901821e-01
-1.277972719185027748e-09 3.576409104062162994e-09
