3.544125197113974224e+01 2.592402741684157519e+01
3.514022954643689900e+01 2.397958885082321245e+01
3.184814866792912369e+01 2.359075114012500052e+01
3.285006355611028539e+01 2.750844851497216226e+01
2.858567296365437826e+01 2.431557214344865869e+01
2.577091788940178319e+01 2.279508073172013738e+01
2.271237268863446701e+01 2.285384038672963669e+01
2.250481152811155994e+01 2.007576149417847944e+01
1.985247430633019050e+01 2.108867728340660364e+01
1.986838134837432435e+01 1.848585583760636908e+01
1.728404357478289199e+01 1.863021431005450879e+01
1.861484783995081571e+01 1.657275799222080792e+01
1.655767031011325940e+01 1.557690372163348691e+01
1.840165358076590607e+01 1.461791501414960059e+01
1.669533650878508269e+01 1.337269925744180732e+01
1.852061819618350924e+01 1.299598195022107205e+01
1.705450531410766857e+01 1.100929000170590655e+01
1.899993573486970533e+01 1.187977002274630145e+01
2.008020568760829505e+01 1.142769663204781949e+01
1.901527547451429001e+01 9.610848628498958490e+00
2.109976814996155525e+01 1.085232101370138302e+01
2.101472928681904051e+01 8.518208122905372548e+00
2.243983612122414328e+01 1.046003820608155621e+01
2.362583481517361506e+01 8.055051986177236500e+00
2.410675295309757971e+01 1.021573854997134845e+01
2.582501433489005294e+01 9.492381777367477014e+00
2.755281688775465909e+01 9.479078116136985699e+00
2.943670382158407151e+01 9.621129525154547224e+00
3.132454593707913659e+01 9.789687198297901460e+00
3.309386772069523630e+01 9.908260421698775744e+00
3.474025455853311684e+01 9.877404348095192077e+00
3.628202724102727927e+01 1.025981353102510418e+01
3.762855820412941910e+01 9.637540486148362007e+00
3.943206594710942170e+01 1.026357431876446036e+01
3.963312823450294786e+01 8.271734747022540191e+00
4.169265727560723178e+01 9.774159908176029532e+00
4.190017585528622845e+01 7.465928885666526682e+00
4.379557194993940783e+01 8.963605595410616189e+00
4.373416535316562914e+01 5.783174320529486323e+00
4.524050153424538223e+01 7.681147251855035663e+00
4.801361560977444043e+01 6.647514889945212779e+00
4.594102634475459013e+01 5.763414993120102636e+00
4.562355457371631218e+01 3.994393304469192607e+00
4.804418775004678110e+01 3.209999098669611417e+00
4.552885696961504891e+01 2.393670045536682167e+00
4.608406921446062654e+01 9.502933230896009054e-01
4.482697665039962942e+01 5.584894206824629892e-01
4.512131431969957163e+01 -8.234674431063195854e-01
4.379265781274011005e+01 -8.211576453632790651e-01
4.411718560247276599e+01 -2.243524161060189481e+00
4.278035852607928291e+01 -1.985685900223403300e+00
4.258103279207374925e+01 -3.225335727864794055e+00
4.136574411326768796e+01 -3.757737171368026985e+00
4.024632245340377779e+01 -4.666302597725641377e+00
3.891542235796458726e+01 -5.413118810280096227e+00
3.746398169179073534e+01 -6.144333859865658276e+00
3.597975923973217505e+01 -6.971066324135833270e+00
3.438882380610110090e+01 -6.842323708071837984e+00
3.342733283373047470e+01 -8.342336972121447758e+00
3.205493229010583178e+01 -6.945428455344172747e+00
3.099133970795950788e+01 -8.969437547384732312e+00
2.983728996054208693e+01 -7.280334165158733661e+00
2.836831974135464662e+01 -8.241056938257395714e+00
2.689606143047631193e+01 -8.280362038911780687e+00
2.551911142024366086e+01 -7.074446235362263025e+00
2.421254659074112325e+01 -9.430430550871362172e+00
2.360544040019921397e+01 -6.720779834084665616e+00
2.191209373316783626e+01 -6.241654953599239164e+00
2.117047492356925886e+01 -8.866484612694110368e+00
2.028838979303476364e+01 -5.627628641373974006e+00
1.844808023822122323e+01 -7.537224907624051617e+00
1.863626287362185963e+01 -4.697146441749136869e+00
1.631802827166610470e+01 -5.257819859481878133e+00
1.693189261625539643e+01 -3.222962828415961045e+00
1.500295244405640460e+01 -2.425789023225651153e+00
1.377905343347211975e+01 -6.466367446661515084e-01
1.262244741496524902e+01 1.018709720295806420e+00
1.164490554321626092e+01 3.025264521462646350e+00
9.586571792749515097e+00 1.481986065398166463e+00
1.015247398157736036e+01 4.563897739664543707e+00
8.644666742839451246e+00 5.719860672570240112e+00
7.363863694725519160e+00 3.620287818416129344e+00
7.128797997050085655e+00 6.449833659895677584e+00
5.417207000654943982e+00 5.335713418629522309e+00
5.630685917989792344e+00 6.901871080720122897e+00
4.132363153382912380e+00 7.030700827637486938e+00
3.661051445531938953e+00 6.076173540356058389e+00
2.377897707608684463e+00 5.967838311863415512e+00
1.443687512729177502e+00 6.887285792910132542e+00
9.300962897401158225e-01 4.859187712420793837e+00
-1.303474740769174633e-01 6.448575027089728628e+00
-1.403258960642765674e+00 5.599023290947094722e+00
-2.062515884748045369e+00 4.152413541550346032e+00
-1.524311381924423614e-01 3.526224959146171845e+00
-1.820669847270455000e+00 2.531212435501952296e+00
-4.344341329046474409e-01 1.967813766010195975e+00
-1.303433761347300379e+00 1.279004632391639529e+00
-6.035078554222808034e-01 7.206646852121607605e-01
-3.332242037172754023e-01 2.388997322979194982e-01
-3.105895055908184955e-09 2.324275731465603950e-09
