-4.830169845508260096e+01 1.748255071329786747e-01
-4.878822274823430405e+01 -1.629057516111501958e+00
-4.757562989463357894e+01 -1.414283117585395599e+00
-4.634325568821717667e+01 -7.486608747055774060e-01
-4.409617116767468303e+01 -8.559759549665819645e-01
-4.641964062161873272e+01 1.743181458357484059e+00
-4.361575724062399928e+01 1.692608530606213746e+00
-4.161220471542722521e+01 5.863407631838936096e-01
-3.979367919367845019e+01 -9.425003294291417477e-01
-3.888499489214221683e+01 1.657736403070773301e+00
-3.717652667576807346e+01 -9.083024714330200089e-01
-3.591527463499904371e+01 1.537220264334222097e+00
-3.493436837200385980e+01 -8.829597239253689223e-01
-3.349984379940492119e+01 1.317819403067892470e+00
-3.310456368132965821e+01 -8.900816264498332409e-01
-3.164512751962467973e+01 -9.543580492984636843e-01
-3.153203530219696660e+01 9.905755798457889227e-01
-2.993458323988207681e+01 5.504090460438403332e-01
-3.039421324687048909e+01 -1.049945213574605685e+00
-2.935710009485643468e+01 -1.487982303767452885e+00
-2.875937088613591186e+01 -1.407772642790000583e-01
-2.847824648746740195e+01 -2.014806147813770210e+00
-2.746975682002839036e+01 -3.818506200276282625e-01
-2.794365243738901938e+01 -1.514358715847625936e+00
-2.644950234070446271e+01 -1.058548043322978360e+00
-2.746429961897705851e+01 -2.521585371730242997e+00
-2.577353152218114118e+01 -2.032510955709869283e+00
-2.702787717705451342e+01 -3.561457700280898919e+00
-2.516542279944538762e+01 -2.952715155230061228e+00
-2.659255221940091118e+01 -4.702642178105385540e+00
-2.469862279089755219e+01 -3.997653444900668873e+00
-2.429762494277608198e+01 -5.130258372527903177e+00
-2.628047543174043099e+01 -6.019086449793326743e+00
-2.391363290561840671e+01 -6.335637753190391130e+00
-2.584369880705804334e+01 -7.377185666549357812e+00
-2.557600216758365619e+01 -8.714369218321346366e+00
-2.332555935357661170e+01 -7.692552488655549858e+00
-2.289087942877375426e+01 -9.170261959260253448e+00
-2.581203209469761006e+01 -1.026107863065487358e+01
-2.380118567191050971e+01 -1.051918134335967281e+01
-2.231723828668017973e+01 -1.131250959733390538e+01
-2.555564222269604002e+01 -1.193329038318100288e+01
-2.367001228877324692e+01 -1.284043668337858435e+01
-2.520235828498515573e+01 -1.351844253885229996e+01
-2.470981010994156435e+01 -1.492728469368793043e+01
-2.179952098035924735e+01 -1.305160682121970339e+01
-2.393210694943595840e+01 -1.609524343679129998e+01
-2.175345868993674259e+01 -1.468587245561356447e+01
-1.989640428380866410e+01 -1.455785161415813178e+01
-2.318175891167574321e+01 -1.712415477227790817e+01
-2.224703055862162770e+01 -1.761584720518294844e+01
-2.054642246469446221e+01 -1.605614002556023578e+01
-2.159425432768647468e+01 -1.842671985208856356e+01
-2.050098414135080915e+01 -1.889351873050631525e+01
-1.913059798649216958e+01 -1.687334200904207293e+01
-1.936296584603656257e+01 -1.936756147807159323e+01
-1.772428939739539544e+01 -1.802852085641149671e+01
-1.813952896506148349e+01 -1.968583189925123023e+01
-1.709441528895445828e+01 -1.629439971811287435e+01
-1.676502578933924070e+01 -1.993191224906085779e+01
-1.584901886422092332e+01 -1.878040305674777954e+01
-1.494857387504764290e+01 -1.681519140169146453e+01
-1.494895943592800158e+01 -2.026169959480476734e+01
-1.401742454634978507e+01 -1.910285310084319832e+01
-1.294075509666068591e+01 -1.691660142059090077e+01
-1.299042392234326293e+01 -2.024286152517358417e+01
-1.210450686249069641e+01 -1.905205411877101795e+01
-1.122693870248375703e+01 -1.998084988297265951e+01
-1.005583881409641833e+01 -1.924859854745381327e+01
-1.095345998121405984e+01 -1.673291103588870143e+01
-8.727235841385390103e+00 -1.882842717969329627e+01
-9.073734536031601294e+00 -1.639840934452267618e+01
-7.524546442935822199e+00 -1.820100412639304110e+01
-7.259812785633568133e+00 -1.618140022073091799e+01
-6.401825092038746057e+00 -1.767665694076135452e+01
-5.676166733323093183e+00 -1.697873733575098854e+01
-4.813820965520072548e+00 -1.650167816133523857e+01
-5.772927845167128424e+00 -1.521218469347984836e+01
-3.927335064011531873e+00 -1.568773478404547816e+01
-4.553806966655427502e+00 -1.411771417273804197e+01
-3.045387997930659729e+00 -1.468105740478473642e+01
-3.452035442022128642e+00 -1.276720992344765904e+01
-2.253670407424620770e+00 -1.359570440300860028e+01
-1.635834833920271292e+00 -1.247681229084487775e+01
-2.501455730558840074e+00 -1.093919071339401938e+01
-1.081708137513872625e+00 -1.138690358196441643e+01
-7.651112048983436109e-01 -1.036530760403434748e+01
-3.099005623682133947e-01 -9.443859284427885470e+00
-1.121544252091891014e+00 -8.654274007310059247e+00
1.483033585793336884e-01 -8.179522058036790000e+00
-4.654494861480059087e-01 -7.232806965888658901e+00
1.363724479634317588e-01 -6.333775488028562606e+00
-5.095091827445928645e-02 -5.179281145190425484e+00
1.935950444342013632e-01 -4.016523050515053761e+00
2.834129200384145064e-01 -2.891840504196418582e+00
3.979269707311624549e-01 -1.890348622574863358e+00
3.051890817356719410e-01 -1.111876867594981499e+00
5.094081602954646515e-01 -2.576819770743928317e-01
-1.900233256893680243e-03 -5.198822100419465686e-01
1.100175248871293903e-05 1.720460513552710276e-06
