3.578947742182792524e+01 4.483969348485857864e+01
3.367040327832287261e+01 4.669412116594329376e+01
3.533292918184264408e+01 4.163597294847294705e+01
2.941511606830401604e+01 4.646278734007270117e+01
2.751944937970428384e+01 4.250951688748646262e+01
2.409170501716491231e+01 4.640397653326870397e+01
2.045956603565305798e+01 4.406429884877252334e+01
1.655289007069055529e+01 4.535125925572737771e+01
1.312916933214694559e+01 4.401346818016788376e+01
1.000514483100439023e+01 4.506474077445597715e+01
8.714658794029288558e+00 4.194086202802633778e+01
6.771121491189305175e+00 4.414699368785128542e+01
4.084394858747828039e+00 4.326730145343120171e+01
4.175057634348987357e+00 4.031452557794582248e+01
1.764418018030445401e+00 4.220342549825113565e+01
-3.026521504257655426e-01 4.103846208255389882e+01
3.591609523167600959e-01 3.816903867418171359e+01
-2.387543766834349768e+00 3.959689588005196725e+01
-4.017701626301828810e+00 3.768700109508549190e+01
-1.748357749856709331e+00 3.578917819540606615e+01
-5.847279052793395770e+00 3.580333195515902389e+01
-3.381172000233916286e+00 3.383682904040397688e+01
-6.730296212426200242e+00 3.329408061741106906e+01
-3.417708091262269487e+00 3.139388191962789421e+01
-6.720124532334378564e+00 3.085477466832420390e+01
-6.013684703726303482e+00 2.873617028261690720e+01
-3.012658886861512730e+00 2.908890059350412827e+01
-4.810643165655434039e+00 2.703408230051575956e+01
-3.230735915257610724e+00 2.575680069761726187e+01
-1.963164625314516964e+00 2.727339302766714724e+01
-1.873888012131370573e+00 2.462770918040024171e+01
-2.892651465227580876e-01 2.576989874049561990e+01
-5.421767670980284226e-01 2.342161950252319258e+01
1.276570342214988774e+00 2.481145064401024314e+01
9.590388201447489491e-01 2.251926136182947857e+01
2.714444381480048740e+00 2.182627731835400198e+01
2.974591712447686387e+00 2.422193493738517134e+01
4.838252226780494603e+00 2.373754771863306701e+01
4.986834250863014795e+00 2.120452878736290714e+01
7.026088366066965740e+00 2.318234716036168663e+01
8.179943801521652347e+00 2.052235671169135145e+01
9.733174323077411927e+00 2.272274686693589985e+01
1.223396293372352339e+01 2.155845781212536849e+01
1.521750597568293628e+01 2.156638553777257172e+01
1.831110203689373606e+01 2.143332225414614456e+01
2.135099715792865283e+01 2.132944563839198082e+01
2.420787900692404548e+01 2.132766865592085992e+01
2.666970403520859634e+01 2.018352871109325619e+01
2.798561670314927596e+01 2.224227577306367465e+01
2.949996580741071384e+01 1.957260206845164063e+01
3.113250591625594410e+01 2.236684985362304445e+01
3.168382212739331294e+01 1.893806244300832731e+01
3.410050675582824198e+01 2.168051302098520239e+01
3.339906992516482376e+01 1.826228551904453568e+01
3.492074631980224098e+01 1.748411102283595397e+01
3.713941395498468978e+01 2.051046421447080803e+01
3.649277375147367053e+01 1.667420366509199425e+01
3.984169890732986374e+01 1.870522035048136189e+01
3.717757254353206520e+01 1.485446947764495107e+01
3.933868053359838513e+01 1.616830868923510067e+01
4.271696588139982964e+01 1.600714736272869487e+01
3.957363254021338150e+01 1.429887815229508163e+01
3.785859163136479566e+01 1.259509920728219257e+01
3.979803562388826066e+01 1.262152346077268561e+01
4.354270436106354225e+01 1.187366184898229271e+01
3.965411875479978931e+01 1.068274950571208848e+01
3.819098857858845975e+01 1.047904087359550296e+01
4.087322408139377217e+01 8.166612132243937339e+00
3.781564852718125280e+01 8.957010583956167338e+00
3.703325816716031937e+01 7.843682177393761279e+00
3.901116713589657792e+01 6.040398591818645357e+00
3.617016079185941635e+01 6.904821381782972445e+00
3.658076312483323278e+01 4.759006002363988408e+00
3.494914547739943345e+01 6.228590284163724178e+00
3.464522544198034382e+01 3.781432842050365117e+00
3.365330955004526459e+01 5.521795662037926711e+00
3.227726147004513990e+01 4.973852905170405236e+00
3.263456542424511753e+01 2.874534140409742200e+00
3.114536432368913310e+01 4.242116730881666520e+00
2.987928970045302890e+01 4.310656360803256426e+00
3.007538088269874521e+01 2.091951165416598535e+00
2.820615859035824258e+01 3.751027675519034599e+00
2.739597784447803619e+01 1.495924999264291344e+00
2.598393613852546480e+01 3.532734833640562400e+00
2.470012088114931714e+01 1.727340306254095736e+00
2.290770108871205935e+01 2.659046651069054246e+00
2.090486654361127350e+01 1.870566159679694751e+00
1.864803510748063786e+01 1.743881985274698065e+00
1.616981077068378525e+01 1.608366026696016693e+00
1.344796022379260947e+01 1.491992350359194308e+00
1.063251643598614216e+01 1.288877589636747256e+00
7.972897555072385067e+00 1.040688174343241235e+00
5.503167880120804156e+00 8.413487763515159479e-01
3.309041442092137686e+00 6.604004605987898735e-01
1.677089717376512246e+00 5.130902591097725729e-01
6.511853948981586315e-01 3.861034825536154291e-01
-4.622922987592130717e-01 2.528146498226585548e-01
8.890372856169757865e-02 4.152654202783063186e-01
-1.888936251025125079e-01 4.189824489369022714e-02
3.929858023283693808e-09 2.211255367669234086e-09
