-4.639619980546245159e+01 -1.530087442073989390e+00
-4.523247302307298412e+01 -2.093775786350254631e+00
-4.393534617276239373e+01 -2.721203724896665399e+00
-4.265885640598430939e+01 -3.308168707348113635e+00
-4.223269151608548810e+01 -2.425725655671943759e+00
-4.321482067712553743e+01 -2.309854420293124821e+00
-4.231521798733302120e+01 -1.377819916620599994e+00
-4.174330974401245697e+01 3.521402932567017086e-01
-4.110656801141108474e+01 2.952587680418172766e+00
-4.431600536410040547e+01 1.321990223740332926e+00
-4.753005886635299504e+01 -3.401917802381203004e-01
-4.705829664717783345e+01 1.131435325221983312e+00
-4.641243035207828882e+01 2.726289934013207183e+00
-4.587176685273384891e+01 4.347447233028013613e+00
-4.532337229260219402e+01 6.001521821208462448e+00
-4.478812740193465913e+01 7.822913777065710228e+00
-4.016759658824301482e+01 6.101868795137132651e+00
-4.419050838555682503e+01 9.868442559886489107e+00
-3.915756505753736150e+01 9.489583823597707024e+00
-4.362678883017269982e+01 1.204249020027604011e+01
-4.221242394638161954e+01 1.368872105179899989e+01
-4.332899837307360968e+01 1.477488243744821972e+01
-3.820372547566690002e+01 1.268906690862334763e+01
-3.717723424348996986e+01 1.545514398419851254e+01
-4.193796558549325937e+01 1.599833777143661706e+01
-4.201205685063479933e+01 1.773884548581921550e+01
-3.993276434525474627e+01 1.743437894873740035e+01
-4.116756835040980178e+01 1.927391768831169827e+01
-3.572633671434920899e+01 1.719939294285454068e+01
-4.008320233145569489e+01 2.065551350859202273e+01
-3.876719396788891459e+01 1.956432873457713484e+01
-3.936847402771445559e+01 2.236281511824910595e+01
-3.773503406568644181e+01 2.164786171568157513e+01
-3.781892518200610454e+01 2.468424962966990677e+01
-3.365460145097552669e+01 1.843127582038639645e+01
-3.624012501170790301e+01 2.295822196775370116e+01
-3.496423893374358727e+01 2.442924213223002639e+01
-3.374997280604067385e+01 2.607398074599838722e+01
-3.127893286380149362e+01 1.908564411994112575e+01
-3.165647263158347258e+01 2.376392911230583138e+01
-3.097154091882874738e+01 2.627789881961418317e+01
-2.860400412978907525e+01 2.528642640208739678e+01
-2.852531025112388718e+01 1.939808655035189489e+01
-2.558857001639179529e+01 1.976832943268979292e+01
-2.237775622562491407e+01 2.022767153144422281e+01
-2.637956819986723289e+01 2.468231547077628463e+01
-2.586305018964803892e+01 2.692009384362470925e+01
-2.410565013598753481e+01 2.497651168422487444e+01
-2.297394534505989583e+01 2.707724229405796734e+01
-2.207783212738808487e+01 2.518880512990359577e+01
-2.057362633741817959e+01 2.731119044446799649e+01
-2.034353456275583838e+01 2.526275702508815613e+01
-1.909865009765419330e+01 2.036257673355093800e+01
-1.894513353663058552e+01 2.274498627957694552e+01
-1.881443743049931072e+01 2.532580502635209641e+01
-1.838514775846560667e+01 2.751669771260521813e+01
-1.732440589900929240e+01 2.535514181737297434e+01
-1.603644445182053602e+01 2.763124229094941242e+01
-1.578070781645897114e+01 2.554604076320896411e+01
-1.592364418623736988e+01 2.065562552718435541e+01
-1.304453653389903245e+01 2.024738049139708096e+01
-1.418632631795801480e+01 2.494214966369327868e+01
-1.372955140189520407e+01 2.720613663788880743e+01
-1.239362277450702265e+01 2.436871967356970714e+01
-1.167737946176815456e+01 2.710540138497520246e+01
-9.710836913737734832e+00 2.732066349219636692e+01
-7.927299864057318679e+00 2.621818332291136144e+01
-9.691632045500195858e+00 2.511594550393614611e+01
-7.259012807197789741e+00 2.414542528603875127e+01
-1.101716682334149056e+01 2.162580065975318178e+01
-6.144789874551029207e+00 2.232158227831190800e+01
-9.121238847286850415e+00 2.059535607691399051e+01
-6.970995606501206865e+00 1.961039141403892572e+01
-5.063428130467666932e+00 2.003438330990422855e+01
-1.035105465594285512e+01 1.737420156086716716e+01
-4.508527694350190629e+00 1.782133956255432139e+01
-8.118033592076937310e+00 1.442848069588074011e+01
-5.962307598667133668e+00 1.616692298805157080e+01
-3.528745616563274012e+00 1.557433118095914004e+01
-4.627844594330446704e+00 1.387718896888473274e+01
-2.990090643255149061e+00 1.309179712705067189e+01
-5.818820401699462685e+00 1.185990201759580920e+01
-2.276770926616706436e+00 1.115164319889783329e+01
-3.805399348100261481e+00 1.080450184552277015e+01
-3.439114028952800606e+00 9.077226358569937759e+00
-1.734410984917036602e+00 9.255170288251237665e+00
-2.647798894267017200e+00 7.550467152852662345e+00
-7.594937216570810667e-01 6.977922685117937007e+00
-2.151859672652383537e+00 5.872529123217771208e+00
-1.413577934850255957e+00 4.676374782778763617e+00
-1.041112797708273696e+00 3.631804130099014927e+00
-1.123485938027193987e+00 2.581951785942937949e+00
1.611243155122914494e-01 2.828815472119194041e+00
-2.203619890577133700e-01 1.678135147386147663e+00
-1.035670721173038711e+00 1.422176174018869865e+00
-5.110696419589060013e-02 8.094721514508926852e-01
9.474854481308309095e-01 1.193000316891237755e+00
-5.465938947326541841e-01 4.526619656443618411e-01
4.367756918883569095e-01 1.925819633441590573e-01
-4.764640525536672425e-08 1.244441792519693657e-07
