-4.829742686615787051e+01 -1.889509139123320747e+00
-4.715935217761728637e+01 -2.291721181582039080e+00
-4.685054669876204514e+01 -1.141592769839555155e+00
-4.535108896790318056e+01 -2.398222006354804314e+00
-4.529727239040076370e+01 -9.453450790247732716e-01
-4.386558497987480365e+01 -7.297158657003994797e-01
-4.336938978935727818e+01 -2.299140970871927259e+00
-4.249618013628042945e+01 -2.761791732918265074e-01
-4.157799460079910858e+01 -1.968460150817622933e+00
-4.056553684673774995e+01 -1.142363196372897738e+00
-4.102892165307584094e+01 5.794857415627567843e-01
-3.970948344304619582e+01 1.485317425469795838e+00
-3.937226539923635471e+01 -1.410533125476586547e-01
-3.934135172666423585e+01 -1.855994636209314486e+00
-3.845942010155253143e+01 1.024183841783094850e+00
-3.832534165209194299e+01 -2.189749392744022236e-02
-3.789088913016433935e+01 -1.385738616585933336e+00
-3.685269118546012379e+01 -8.437599920762721695e-01
-3.610097094334103218e+01 -2.300732128657720921e-01
-3.546011099338274164e+01 4.621914891842357487e-01
-3.482533782155425683e+01 1.327587241189597478e+00
-3.813081493754594220e+01 2.111446775888039973e+00
-3.863550590989980549e+01 3.464535634513799867e+00
-3.729339110624284359e+01 2.582987366975047383e+00
-3.418943212284646194e+01 2.363972632930481765e+00
-3.710704165141661548e+01 3.462728569705406656e+00
-3.679972127603894450e+01 4.634079243519123814e+00
-3.356561886346103307e+01 3.567572063542513217e+00
-3.596881855360601321e+01 5.814488572441654846e+00
-3.300534083554406806e+01 4.808681932876840648e+00
-3.505122800967745889e+01 7.244408011674822845e+00
-3.248034009170932990e+01 5.969693322618975451e+00
-3.192031731414700957e+01 7.058865642511324978e+00
-3.402229056305549193e+01 8.633472337692099430e+00
-3.132584489508696635e+01 8.073877895297496110e+00
-3.306869242807410103e+01 9.842978324351046027e+00
-3.069280027605237393e+01 9.005093255299213340e+00
-3.216460010151175197e+01 1.069154361321921165e+01
-3.003014779928879463e+01 9.816328620332672727e+00
-3.163378006224628081e+01 1.149585570100189535e+01
-3.092337058854446141e+01 1.140222698957227188e+01
-3.054727622383944663e+01 1.206476914704442827e+01
-2.928740964172697403e+01 1.050541629501701202e+01
-2.988371152012645737e+01 1.233908662138966150e+01
-2.843508193018483965e+01 1.110979092835308002e+01
-2.923850661393997186e+01 1.265974702410207797e+01
-2.852618573689059289e+01 1.293246994377651937e+01
-2.746892183014798761e+01 1.151861599045251516e+01
-2.772115258773824920e+01 1.314029250112679215e+01
-2.635636518630533587e+01 1.174185213668093120e+01
-2.684334991198292997e+01 1.327197755018687353e+01
-2.591175868169327501e+01 1.333648553750941801e+01
-2.497367158936085829e+01 1.179499667009647368e+01
-2.493756038607158132e+01 1.349148067997667688e+01
-2.412039198944697915e+01 1.306984570672962320e+01
-2.328805170115488821e+01 1.350835933838812863e+01
-2.345473566837252122e+01 1.207352489901001391e+01
-2.246246872393695426e+01 1.231568808574701102e+01
-2.198665174707647552e+01 1.314040311761808688e+01
-2.163136458081139324e+01 1.176319392988455981e+01
-2.065507517640866553e+01 1.263466485026098240e+01
-2.075229690636892244e+01 1.145436323393237288e+01
-1.948444612729356251e+01 1.188101265800517048e+01
-2.005630060934315040e+01 1.098384286346665029e+01
-1.943131901452344223e+01 1.048887912916950427e+01
-1.857519015381971883e+01 1.093641107121806932e+01
-1.881937894122392407e+01 9.571360876260387229e+00
-1.800048764251586775e+01 1.008651495209640991e+01
-1.746962168833895390e+01 9.288796493807231158e+00
-1.794885746421614314e+01 8.669117732460417614e+00
-1.700927277937441673e+01 8.145300029651652451e+00
-1.800721271550315095e+01 7.470330821220151130e+00
-1.666058540000098276e+01 7.176958432018986755e+00
-1.760791648325154668e+01 6.115020655416581796e+00
-1.633528263198859420e+01 6.202217854139846942e+00
-1.720587621824797608e+01 4.714335757729029019e+00
-1.600000455102832575e+01 5.183652379424664502e+00
-1.560172997281893714e+01 4.221638964040018926e+00
-1.676403457609426439e+01 3.199510371947282827e+00
-1.513595579968652949e+01 3.373418190010482487e+00
-1.464766938946797659e+01 2.652476767616780862e+00
-1.407819589995661858e+01 2.114895961671439117e+00
-1.599013009033509825e+01 1.731707918545247304e+00
-1.448157685393544547e+01 8.862096500195958404e-01
-1.507677137051541827e+01 3.951252499178115052e-01
-1.358810414226639196e+01 1.501124541157777159e+00
-1.390101927633891421e+01 -3.412701123298051420e-01
-1.294488820850533273e+01 9.879975669080105494e-01
-1.250684831683212828e+01 -7.519848757262519445e-01
-1.210482355360668372e+01 2.204628230028453650e+00
-1.209864942669023691e+01 7.308577673663460006e-01
-1.117694393261393238e+01 6.926618600529230729e-01
-1.095517318247773275e+01 -5.943579316318894357e-01
-1.014628755420669570e+01 5.949212990673423684e-01
-9.373601438848032430e+00 -7.128727881824183932e-01
-8.916380103992640471e+00 3.919389650990403595e-01
-7.463372907165831016e+00 2.558784253434068234e-02
-5.398598355536011084e+00 3.936152052466816709e-02
-2.745033377868033142e+00 1.022364918438517511e-01
-1.159149237620972148e-02 3.759280036405011211e-03
