-4.554088076631403226e+01 2.353429061971663572e+00
-4.096982977480845278e+01 -2.283519071412857260e-01
-4.406364746747492944e+01 2.689535916436052165e+00
-4.973103701786735087e+01 1.720782746960824339e+00
-4.688391537361404460e+01 -2.523031575477963084e-01
-4.524086879661373217e+01 -2.668862067890741763e+00
-4.249190410033880028e+01 -5.759353731450048031e+00
-4.718663565405977778e+01 -7.300890746018864341e+00
-4.255269631292680543e+01 -1.007019496847517104e+01
-4.687324895739207165e+01 -1.295831399443507692e+01
-4.336406819511653055e+01 -1.465023934139951578e+01
-3.976269621045214819e+01 -1.556011975501347067e+01
-3.801676817543700793e+01 -1.918703767441609642e+01
-4.512333802012656747e+01 -1.823094411481996246e+01
-4.474960427132765517e+01 -2.179305008083050055e+01
-4.205447425951063423e+01 -2.243511388024420228e+01
-3.954940408080499026e+01 -2.113027006108653438e+01
-3.639826675241794618e+01 -2.106814050758228518e+01
-3.921748009002683943e+01 -2.326993119282047573e+01
-3.782038462885051899e+01 -2.369853286251420599e+01
-3.685154559319209255e+01 -2.479559086487279274e+01
-3.590418148199369597e+01 -2.514710503019766463e+01
-3.507853383735094610e+01 -2.525419860388928228e+01
-3.440495073338966137e+01 -2.520771613845605330e+01
-3.377771872035481948e+01 -2.503992380227579417e+01
-3.311704552331018903e+01 -2.473429469824761284e+01
-3.239565842739633439e+01 -2.423448786541339928e+01
-3.160246998197558810e+01 -2.350361940217487344e+01
-3.075999254470853828e+01 -2.254253187380310308e+01
-2.985040195091195514e+01 -2.130868803193321170e+01
-2.893633009048871685e+01 -1.972840904700673903e+01
-3.554557463527030592e+01 -1.729520983073497575e+01
-2.803033517944850317e+01 -1.764082232581492349e+01
-3.427866701338019340e+01 -1.436826352495155312e+01
-2.705751888959333229e+01 -1.489057839725275123e+01
-2.602632462377366451e+01 -1.145695072639071022e+01
-3.280058323952762578e+01 -1.152172161056663668e+01
-3.177114587735696460e+01 -8.838343017136738311e+00
-3.040087150563622842e+01 -6.835867681286249997e+00
-3.038164684199151466e+01 -4.160847996821539496e+00
-2.761276959422361443e+01 -4.842130352919922665e+00
-2.890306774430854020e+01 -1.941904144883127126e+00
-2.713383769592421757e+01 -4.003605029437738438e-01
-2.508164240262759748e+01 -3.202613329134750941e+00
-2.511685607775022788e+01 -5.071344625631982739e-01
-2.354372205664142470e+01 -1.421146965491276948e+00
-2.365412379510010865e+01 -4.963878979459527940e+00
-2.230057180687971652e+01 -3.216275568658876427e+00
-2.367923185129573582e+01 -6.798608408975657547e+00
-2.161534342141838394e+01 -5.165857144569637072e+00
-1.928361856325177826e+01 -6.363408125238789736e+00
-1.766817210494270540e+01 -9.351952104045318848e+00
-2.147521764797595623e+01 -6.884592349468242389e+00
-2.133448615296622108e+01 -8.785623977366590509e+00
-2.376641963410215652e+01 -8.712783204070191800e+00
-2.107094489409288585e+01 -1.113164398072739836e+01
-2.295946566287207347e+01 -1.096925486658148152e+01
-1.658139264820491476e+01 -1.317815262598054815e+01
-2.218024730220876251e+01 -1.336766726370933611e+01
-2.052662028333194044e+01 -1.469921643843443348e+01
-2.148049135108652052e+01 -1.650298264856165176e+01
-1.710818580380682974e+01 -1.690792675800292599e+01
-2.052493542734880805e+01 -1.880588744034220028e+01
-1.958955985069791694e+01 -2.102522370454665435e+01
-1.806749364292244309e+01 -2.004876069924581117e+01
-1.794772321745991661e+01 -2.256102523143383465e+01
-1.633664690780460660e+01 -2.191028611805166904e+01
-1.611233846888522336e+01 -2.346519256711824397e+01
-1.458596648742875956e+01 -1.961575804173105553e+01
-1.451965335812891844e+01 -2.348336991059743895e+01
-1.314105043989809296e+01 -2.366417359337896187e+01
-1.256039966672453190e+01 -2.219745354270489202e+01
-1.186756161461505954e+01 -2.386985134676564613e+01
-1.122681681412471555e+01 -2.280033928794107823e+01
-1.037028967777023958e+01 -2.390795554652641997e+01
-1.017797365555229128e+01 -2.245439229211466525e+01
-9.128220469462705822e+00 -2.337952639817043377e+01
-9.448289735199066897e+00 -2.148757042560285058e+01
-8.847115614666943628e+00 -2.253162798142854228e+01
-7.991589532062372214e+00 -2.225173088705846425e+01
-8.530752627469647464e+00 -2.047187117831629877e+01
-7.283358749158826306e+00 -2.152505750059707523e+01
-6.485806385560382914e+00 -2.058876822303492560e+01
-7.609707794707966322e+00 -1.916741831379400196e+01
-5.598781535916394603e+00 -1.923928334668030260e+01
-6.678643675053104189e+00 -1.750966986547368265e+01
-4.613126966811281093e+00 -1.743810202161428791e+01
-5.671858016275623804e+00 -1.552001636819025165e+01
-3.831055535176663973e+00 -1.509782571728989709e+01
-3.800258333159974189e+00 -1.315234195525022010e+01
-2.995573100226918584e+00 -1.139776792995159482e+01
-2.345572302708405221e+00 -9.473054146426061806e+00
-1.717221558008401816e+00 -7.412849884683367030e+00
-1.193201386828565580e+00 -5.320610076369687746e+00
-7.282375154420716035e-01 -3.436417517335172978e+00
-3.855373249462762941e-01 -1.969033596305706846e+00
-1.849649121100469806e-01 -8.913145302917333535e-01
6.636880411080968711e-01 -4.699544552329133484e-01
5.138527940394601590e-01 -2.678836815460309412e-02
-1.529795761775960792e-05 1.085690075732956386e-06
