-4.010870519786225685e+01 4.242144251522179133e+01
-2.917632022461038943e+01 4.288477703654732665e+01
-1.973110681102705755e+01 4.305008944090283762e+01
-1.332756070260134607e+01 3.909473895336525118e+01
-1.213421306548721468e+01 4.399932433071285232e+01
-7.436347060715504220e+00 4.267521738015322086e+01
-1.023765878449949973e+01 4.762899929981616509e+01
-4.107651439125228343e+00 4.117332966931234495e+01
-4.467358075291916641e+00 4.516009091598501612e+01
-2.028279483947768025e+00 4.332062249648315344e+01
-7.538058525135760135e-01 4.183473539138937980e+01
-1.356369494898674199e+00 4.020799259608222798e+01
-4.885269940461328453e+00 3.843581414355541170e+01
-3.455368420772042537e+00 3.828317180741515102e+01
-2.712715971186781871e+00 3.773741407064349573e+01
-3.068089779734485045e+00 3.928398920859811483e+01
-1.726994693587162955e+00 3.822565059156090683e+01
-7.364293578657650219e-01 3.764619746558625479e+01
-6.240987166956337706e-01 3.690836263504424863e+01
-1.117971147062838844e+00 3.624016345697445018e+01
-2.040583241644566392e+00 3.677862186913188225e+01
-1.820119619112320564e+00 3.583460238929823305e+01
-2.113496634087337345e+00 3.529311159454411495e+01
-3.266701162887392762e+00 3.650845526351876913e+01
-2.634683994723487910e+00 3.453121393254596683e+01
-3.450633346574990767e+00 3.358646991735360388e+01
-4.422302137164166425e+00 3.582638471235095778e+01
-7.370750685380539124e+00 3.840105403622298041e+01
-5.893795429516180739e+00 3.634072783122359596e+01
-6.477982669091235657e+00 3.410808990940274299e+01
-4.707328930219077279e+00 3.234488146755953863e+01
-6.511776611745053955e+00 3.075194819537057356e+01
-7.556767249001366871e+00 3.574476400810477372e+01
-8.871488892329510989e+00 3.434443890939664357e+01
-8.980462329062655513e+00 2.869762682646348750e+01
-1.057912753704842324e+01 3.330302475024644338e+01
-1.275742028677627182e+01 3.196809319734338573e+01
-1.226393069898730914e+01 2.618449385997912415e+01
-1.542310832147000710e+01 3.040372806631150837e+01
-1.844107408634332756e+01 2.859909394326373899e+01
-1.626222450445493806e+01 2.330623630454108408e+01
-2.173041396345968579e+01 2.654503852170536504e+01
-2.058266014737696992e+01 2.025874090646548353e+01
-2.504440599406882839e+01 2.432212034436414072e+01
-2.811920379728957542e+01 2.225099379840255054e+01
-2.489886486829963985e+01 1.717985174622281974e+01
-3.035109228471707610e+01 1.983188767025469446e+01
-3.301448927693355984e+01 1.962752001145587144e+01
-2.851545617251459674e+01 1.441891671474343362e+01
-3.317273181702437768e+01 1.668019368352856446e+01
-3.609369511958529841e+01 1.765773243066531606e+01
-3.146608014981551449e+01 1.176344994541656952e+01
-3.604326345650951424e+01 1.446165949244187132e+01
-3.993455674770349617e+01 1.553107284805302335e+01
-3.351628225185623933e+01 9.254507566793975570e+00
-3.807574074130110375e+01 1.218822932683776017e+01
-3.961011630603749012e+01 9.854399515243146723e+00
-4.269106255331029587e+01 1.273246767213763597e+01
-3.512627014701305939e+01 6.899917529636499403e+00
-4.309806580644128360e+01 9.151425686326756903e+00
-4.018411153110430689e+01 7.196404959621565567e+00
-4.306072219443974802e+01 6.914299163077325616e+00
-4.313784537311766343e+01 5.110856170394518116e+00
-4.279079422602196559e+01 3.285600133282016166e+00
-4.122229361976793882e+01 4.838251018360065991e+00
-4.069439996366913448e+01 2.753046223630581935e+00
-3.982312099365054081e+01 4.186760613596889335e+00
-3.930134263333071232e+01 1.922954587468388876e+00
-3.629495456337697590e+01 4.771786780937086192e+00
-3.672939068745761659e+01 2.922787519931083988e+00
-3.824784322326105013e+01 8.803345640176732934e-01
-3.719046143628661838e+01 1.245898903610856090e+00
-3.614206522000982602e+01 9.366648489372549902e-01
-3.678396151085709675e+01 -3.225654656330230186e-01
-3.532223789484179832e+01 3.363668979102463763e-01
-3.433639851345338911e+01 6.572652187220434650e-02
-3.502299219771185079e+01 -1.454258425724713311e+00
-3.325033458440820056e+01 -2.340897247408866011e-01
-3.318407598532980529e+01 -2.116266928487437582e+00
-3.213341352604702905e+01 -4.787867874902614895e-01
-3.115455718899632842e+01 -2.529327921750364361e+00
-3.103780732798282926e+01 -6.747047525916873845e-01
-2.989745140008006885e+01 -8.468784431694739157e-01
-2.871500769486966931e+01 -2.765504097218647761e+00
-2.861318091836145783e+01 -9.975571492896164738e-01
-2.716424648138941578e+01 -1.237841891556809015e+00
-2.568013658683674549e+01 -1.398930167838296157e+00
-2.403965026029079155e+01 -1.409434553087387076e+00
-2.237486675061959218e+01 -1.326441725873280575e+00
-2.076282582276219202e+01 -1.279131407623141037e+00
-1.925974673965539807e+01 -1.183643215568171758e+00
-1.783931410041302712e+01 -1.093211519126530806e+00
-1.642102180903367170e+01 -9.724892646671617902e-01
-1.492829350922131404e+01 -8.617196410422555131e-01
-1.332130802526730662e+01 -7.397243414764516078e-01
-1.153841582363905616e+01 -5.829316211987521923e-01
-9.366383037488413166e+00 -3.981637553019507503e-01
-6.606740972592146655e+00 -1.822422584623839270e-01
-3.318933559089249474e+00 -2.600566532368295616e-02
-2.168701738657503961e-03 3.840084830979466834e-05
