-4.576351109650226334e+01 -1.083747928125035953e+00
-6.622980135938205137e+01 -7.178669021020051000e-01
-7.208375760921231290e+01 -3.494168873668574982e-01
-6.972313903667105706e+01 2.495429987930853494e-02
-6.313581991378793390e+01 4.103259990040560301e-01
-5.506969993667584617e+01 8.150071409688374180e-01
-4.783892360042155900e+01 1.252717066443445049e+00
-4.400277410381129783e+01 1.746653477478915972e+00
-4.298723631145433899e+01 3.451873278343580154e+00
-4.321178256132524353e+01 5.768288645983945528e+00
-4.275458780951646531e+01 8.249065038388289750e+00
-4.178128879879459134e+01 1.071524393196900071e+01
-4.075013679858108162e+01 1.318938983148501976e+01
-3.980894589103933612e+01 1.561351049795553081e+01
-3.893674529368394133e+01 1.787563165937607579e+01
-3.810123103121794230e+01 1.990779854331899301e+01
-3.730838864187134618e+01 2.170263673568225826e+01
-3.658386141368590216e+01 2.328896819519745875e+01
-3.592377087823674486e+01 2.468853275973457784e+01
-3.527320652617514440e+01 2.592267823526504600e+01
-3.469988759233353903e+01 2.706642280800485167e+01
-3.440544909669495866e+01 2.821017596054097609e+01
-3.438798380562426615e+01 2.934800992076048942e+01
-3.423753747801811897e+01 3.040606032654994451e+01
-3.380335130895478812e+01 3.127752694036990988e+01
-3.307836918655929281e+01 3.183536933399218327e+01
-3.213408873498504903e+01 3.197724167902084247e+01
-3.129279636252984176e+01 3.210572436745385971e+01
-3.093155639892548692e+01 3.263998848248124318e+01
-3.121692319628911605e+01 3.341937722784384590e+01
-3.158554835495401392e+01 3.433107170691391730e+01
-3.156523571753011836e+01 3.530565903059937938e+01
-3.124155119346864140e+01 3.626303023744161180e+01
-3.079558917089310555e+01 3.716917686525089692e+01
-3.027263669521260425e+01 3.793130942287429974e+01
-2.968294364137523900e+01 3.840222547621516469e+01
-2.904592213799324085e+01 3.837714810148515454e+01
-2.840807829923837602e+01 3.769134042794890149e+01
-2.774189407382667483e+01 3.664153814692814137e+01
-2.688840208022322642e+01 3.578019121397505842e+01
-2.575287237845805777e+01 3.563810003775253676e+01
-2.488702714344804789e+01 3.600698957174059700e+01
-2.502652614525577945e+01 3.695869659450741551e+01
-2.557848359315078923e+01 3.816919370101170728e+01
-2.613830066827601684e+01 3.939089357999489494e+01
-2.629762996063704605e+01 4.037917654755998598e+01
-2.559529774465221408e+01 4.083441716515427089e+01
-2.446794680727780502e+01 4.090019675754835049e+01
-2.321880429304616200e+01 4.082917127073408636e+01
-2.198161798145502033e+01 4.061660053449338648e+01
-2.085158344792178653e+01 4.012261061283519581e+01
-1.990230279427421678e+01 3.933683913317345571e+01
-1.922345005565038178e+01 3.836108556480200349e+01
-1.905017917444963871e+01 3.729599140739748009e+01
-1.970678333053140818e+01 3.632429206692901147e+01
-2.069646257521617017e+01 3.542543284839000250e+01
-2.153903115487856113e+01 3.448817248062818663e+01
-2.171116118238887083e+01 3.339002180126644248e+01
-2.110279215577844525e+01 3.264947353156149745e+01
-1.985326488236222886e+01 3.284291176655165856e+01
-1.837724850394824472e+01 3.325324441112260132e+01
-1.699250922576947431e+01 3.334579097627558042e+01
-1.612130958174153506e+01 3.261593702623667212e+01
-1.601472483047682616e+01 3.133614158898872049e+01
-1.682414939244542396e+01 2.986009893530987469e+01
-1.774025153362259744e+01 2.828263455254159098e+01
-1.769944695315756178e+01 2.706262670064664633e+01
-1.621324653075673439e+01 2.692878849893245174e+01
-1.426472530746285372e+01 2.707726634534346388e+01
-1.272734649577352961e+01 2.625107143087963379e+01
-1.212141256889072594e+01 2.474539217086503129e+01
-1.277688158151499920e+01 2.310702018223427956e+01
-1.325631736243640013e+01 2.166812464582146092e+01
-1.215012557827049910e+01 2.083557607304074821e+01
-1.047115897643959848e+01 2.060513054736944127e+01
-9.171230922867817270e+00 2.002647402065585069e+01
-8.994953119576624800e+00 1.864704636880666300e+01
-9.410311627424261971e+00 1.706474716894129529e+01
-8.773056089776337885e+00 1.583607450042352660e+01
-7.233923176651690490e+00 1.567315908908052968e+01
-5.935802500185449304e+00 1.510182843422409604e+01
-5.615136764446911677e+00 1.367625254957665071e+01
-5.560036806852114211e+00 1.212637595253905332e+01
-4.928723005230790655e+00 1.084129328984839979e+01
-4.183866008073622744e+00 9.735952800854496658e+00
-3.618216929634539447e+00 8.664589534359780743e+00
-3.146177204265005578e+00 7.662484454940761580e+00
-2.697478356390308640e+00 6.741954214682897906e+00
-2.300379115989680923e+00 5.860698492216474875e+00
-1.968982020916908660e+00 4.992555448473880553e+00
-1.645399987357787364e+00 4.163454840816321223e+00
-1.307449575034701272e+00 3.403106213245200351e+00
-9.891462573160362259e-01 2.705953087691860937e+00
-7.319456406286130035e-01 2.074090707551292212e+00
-5.300270625289487114e-01 1.522897311904263473e+00
-3.673691827142152033e-01 1.062155962983818203e+00
-2.435545720620933274e-01 6.858929868167303878e-01
-1.486051950511219910e-01 3.813846819110810471e-01
-7.028931183747720579e-02 1.459734577876319883e-01
-3.930110569657593864e-12 3.287638531867535491e-09
