-1.065604591007966917e+01 -4.266270944451775016e+00
-1.754006750793643121e+01 -3.921081640916978195e+00
-2.301553201388934156e+01 -3.767429968230759929e+00
-2.740077633483180009e+01 -3.735867215938940777e+00
-3.084547549946423928e+01 -3.742633230641668529e+00
-3.350946694945077553e+01 -3.742691888644852138e+00
-3.555710134969029212e+01 -3.725623725757930327e+00
-3.713832122890891441e+01 -3.711903287359242132e+00
-3.837171535431981084e+01 -3.715096077631266702e+00
-3.933608950587245090e+01 -3.691401839493559045e+00
-4.006702406491266544e+01 -3.564368054357884841e+00
-4.057132765191128954e+01 -3.282145577951771642e+00
-4.083891489518193652e+01 -2.816339522300397302e+00
-4.093706261128921398e+01 -2.222908672074644265e+00
-4.094994734266818881e+01 -1.558733494486365556e+00
-4.095668416185520044e+01 -8.726740939917297935e-01
-4.101294121787246638e+01 -2.098191659362073636e-01
-4.113353544292498754e+01 3.780475467783805388e-01
-4.132771530248248126e+01 8.267392744737267485e-01
-4.160881269257899362e+01 1.053959602467063439e+00
-4.199252984692822110e+01 9.529516991677868809e-01
-4.243677688003579362e+01 6.364851855651939561e-01
-4.291321352791980104e+01 1.968951346939087910e-01
-4.341034881775511423e+01 -2.867729766396754365e-01
-4.391937071178162455e+01 -7.411823369833211439e-01
-4.443421693690323337e+01 -1.094772324331656055e+00
-4.494734448611271205e+01 -1.267178232452158992e+00
-4.543433394706095640e+01 -1.210604610928894376e+00
-4.586872115910746572e+01 -9.502974360717516555e-01
-4.623764880963745583e+01 -5.323034012858982589e-01
-4.653557016091988885e+01 1.068479521154876415e-03
-4.675883882849673512e+01 6.152538927566937321e-01
-4.690519793590686959e+01 1.281702145936775450e+00
-4.696946914278571938e+01 1.977497844309431763e+00
-4.694439134648728640e+01 2.682754904402357532e+00
-4.682200392797998489e+01 3.379005645331425001e+00
-4.659698632217685343e+01 4.048913490857108499e+00
-4.627029871204078404e+01 4.677739410797332908e+00
-4.584912255755404686e+01 5.255132179306023055e+00
-4.534969756965742249e+01 5.778839364520718114e+00
-4.480260058566055648e+01 6.261792180964406818e+00
-4.424593606604376816e+01 6.727952027399230595e+00
-4.372376570397680950e+01 7.208585269829156594e+00
-4.328166156353984917e+01 7.735600627296723708e+00
-4.292341792638512743e+01 8.306961041228673182e+00
-4.258803529316906378e+01 8.878247736242967036e+00
-4.220647803977443857e+01 9.397953595455160070e+00
-4.174509982550753762e+01 9.833751564316647986e+00
-4.120001044171883819e+01 1.017659483828743205e+01
-4.059118173096356230e+01 1.044834873203980052e+01
-3.994471092863626893e+01 1.068869628386362081e+01
-3.928045063456552555e+01 1.093214363838895409e+01
-3.860976238950512851e+01 1.119782818526212687e+01
-3.793328101928995721e+01 1.148171165744728128e+01
-3.724850779117954858e+01 1.177449982986200716e+01
-3.654999045868608221e+01 1.206159849666368800e+01
-3.583136072020538165e+01 1.232788268183546698e+01
-3.508922752630265762e+01 1.256659871642001391e+01
-3.432149850510511868e+01 1.277449399699236210e+01
-3.352702862376977322e+01 1.295012041891288490e+01
-3.270560602196422906e+01 1.309464907681199186e+01
-3.185632467440175475e+01 1.320839215759337293e+01
-3.097822497044457535e+01 1.329289308507234324e+01
-3.007049899779860880e+01 1.334795171979215489e+01
-2.913225769804248344e+01 1.337340054912193743e+01
-2.816340885940732619e+01 1.337101850911831313e+01
-2.716460053664676622e+01 1.334143829864865793e+01
-2.613739827160972951e+01 1.328520826908058083e+01
-2.508354198868278573e+01 1.320126262383733007e+01
-2.400413306031733995e+01 1.308896697251337216e+01
-2.290093258042350399e+01 1.294892330656226065e+01
-2.177562905248258573e+01 1.278055246341389584e+01
-2.063061289795816222e+01 1.258375267615266502e+01
-1.946821694608142295e+01 1.235891762829885998e+01
-1.829147356468942576e+01 1.210458699039214636e+01
-1.710387354799285831e+01 1.182022006931805613e+01
-1.591061366728862758e+01 1.150358906847655938e+01
-1.471863763737662012e+01 1.115202658670966862e+01
-1.353642841532321128e+01 1.075677191111970110e+01
-1.237265086826577765e+01 1.031131508140779118e+01
-1.123611489026399823e+01 9.812229486471913731e+00
-1.013409205239547184e+01 9.262665830872784056e+00
-9.073701721739869441e+00 8.665732941131768285e+00
-8.058052639118333360e+00 8.030999901957418530e+00
-7.091275449472267844e+00 7.367802305005494823e+00
-6.177747454251581338e+00 6.686048031810684300e+00
-5.319920426782530853e+00 5.994579473076569798e+00
-4.521499623510717214e+00 5.302323477960441345e+00
-3.788335523892692791e+00 4.617070426330764477e+00
-3.124531020665826997e+00 3.944031589426087336e+00
-2.528676999937411463e+00 3.293766729576286245e+00
-1.996731535221766496e+00 2.678103445487059364e+00
-1.518834601273093110e+00 2.111666688219884680e+00
-1.087007954600454962e+00 1.605747635199927803e+00
-6.939050978490576282e-01 1.172887994737338957e+00
-3.400443253105138175e-01 8.218472336195002947e-01
-4.776715508217433542e-02 5.466187185478517119e-01
1.238727472994977097e-01 3.169048441063845312e-01
1.118719689944161488e-01 1.204308116489111596e-01
-8.706886282498359372e-08 8.093804400530113229e-06
