1.107419091599283867e+00 3.896266372352349805e+01
1.614955338669274099e+00 3.728571302148723987e+01
1.808960893748104759e+00 3.579297275890624519e+01
1.904532276146198022e+00 3.467320345518858460e+01
2.079696225266047360e+00 3.413585094735822878e+01
2.245270093074670292e+00 3.439737815172353663e+01
2.379199291979140707e+00 3.521474380250760561e+01
2.456820097383750845e+00 3.639071328295216290e+01
2.448831490732136462e+00 3.775760407408826325e+01
2.318878813139871653e+00 3.916346772109454832e+01
2.020556314114825280e+00 4.045956831842001122e+01
1.493584623377005149e+00 4.148812403764857493e+01
6.588476769225755092e-01 4.206930201047851625e+01
-4.262877634404855787e-01 4.225847848293019382e+01
-1.688027601494364704e+00 4.215304935975456857e+01
-3.066487970231881910e+00 4.185022167525483638e+01
-4.518970701020885272e+00 4.142045732979714501e+01
-6.017924989277675607e+00 4.096494887068632806e+01
-7.552284012692306092e+00 4.060277461927844200e+01
-9.117181237220387757e+00 4.044702727844694579e+01
-1.069110030436699610e+01 4.049650403432949730e+01
-1.225607162701739306e+01 4.069948696478297023e+01
-1.380114973534148071e+01 4.098541049263819502e+01
-1.532197720412816011e+01 4.127627146163965222e+01
-1.681629495926302553e+01 4.149924315070978764e+01
-1.827933491342271211e+01 4.160023242577892688e+01
-1.970341933208124630e+01 4.154957758633796772e+01
-2.108048044010265443e+01 4.134064709142486294e+01
-2.240571656549257185e+01 4.098395289275391207e+01
-2.368064545454750203e+01 4.050918463202840769e+01
-2.491122188172031571e+01 3.995230231787867581e+01
-2.610994623744113596e+01 3.936038023008700293e+01
-2.728768617101757954e+01 3.877137507585429432e+01
-2.845237146534989847e+01 3.821351252346877914e+01
-2.960997036849509456e+01 3.770893840009564713e+01
-3.075770852504574293e+01 3.726028482439095768e+01
-3.188396630114967678e+01 3.684987241084664333e+01
-3.296779248997373912e+01 3.643982530052986135e+01
-3.397674440756598102e+01 3.596900336848970170e+01
-3.488092641264346128e+01 3.538756335928526653e+01
-3.566317966624501423e+01 3.467330788008367648e+01
-3.633007042447643187e+01 3.383611686731109813e+01
-3.691333531032372406e+01 3.290825392784075376e+01
-3.747346731057524494e+01 3.193995521660611558e+01
-3.806931783362630028e+01 3.097675606440222040e+01
-3.873165723700635965e+01 3.004498531579141130e+01
-3.945483457460196064e+01 2.914697528667305093e+01
-4.020323360426583292e+01 2.826601883226512513e+01
-4.091670085799935919e+01 2.737171673293648411e+01
-4.151488759956913555e+01 2.642593296909716116e+01
-4.193054968545389727e+01 2.540722486657470114e+01
-4.211989767652760008e+01 2.431204483071961064e+01
-4.207302630542287858e+01 2.314999951117844645e+01
-4.183060489855755293e+01 2.193640587538890330e+01
-4.150779548091478688e+01 2.068286719351995373e+01
-4.126269032374469958e+01 1.939790023517772610e+01
-4.123460020117134661e+01 1.810409496980938826e+01
-4.152338203354492663e+01 1.684081183233307755e+01
-4.215214494169104853e+01 1.564769761130754588e+01
-4.299413627456848275e+01 1.451942406530931429e+01
-4.375126468884189990e+01 1.336074115019675723e+01
-4.420648189829523034e+01 1.212959197561031388e+01
-4.430361851914206284e+01 1.086614586830823015e+01
-4.406117794874830906e+01 9.628417024464805962e+00
-4.351836071432037301e+01 8.468650933725053065e+00
-4.272219698322676606e+01 7.426524972087130472e+00
-4.172945768121636689e+01 6.521495073057678837e+00
-4.061929813458180405e+01 5.729778973126331998e+00
-3.948842539456905598e+01 4.977513088622794513e+00
-3.840987345361091343e+01 4.196926868956421863e+00
-3.738837054584487873e+01 3.401053963220415977e+00
-3.639569985505068672e+01 2.636146867706403274e+00
-3.539608156356939617e+01 1.950247587525441695e+00
-3.436752371234405246e+01 1.366844019310041514e+00
-3.330390258563029704e+01 8.845950307171300819e-01
-3.220537133204197033e+01 4.911345697642195973e-01
-3.107451593026330272e+01 1.667073456118312036e-01
-2.991188257930651773e+01 -1.037697659426703861e-01
-2.871546393118690332e+01 -3.295070041166875963e-01
-2.748198273660288038e+01 -5.150190232941906920e-01
-2.620828528096240717e+01 -6.598319174599727166e-01
-2.489354513777032807e+01 -7.646656173774144527e-01
-2.353924795075649001e+01 -8.323782887593491608e-01
-2.214778922623206014e+01 -8.677990417708772997e-01
-2.072333371141793634e+01 -8.762843268495045246e-01
-1.927085341735318380e+01 -8.600967649238859813e-01
-1.779631092489707100e+01 -8.230542744617301842e-01
-1.630682860169592274e+01 -7.681176623894740985e-01
-1.481058921067428003e+01 -6.971357228280867790e-01
-1.331724027944067501e+01 -6.162394064676198768e-01
-1.183668352881410080e+01 -5.314568414723871426e-01
-1.037668309418664947e+01 -4.465483412408008945e-01
-8.943867484102799637e+00 -3.593175373070257583e-01
-7.544276726531690791e+00 -2.667054839348767525e-01
-6.183121693672429586e+00 -1.716435045749114541e-01
-4.863606370943307944e+00 -8.343261561545292637e-02
-3.586357210748646551e+00 -1.411736418134608602e-02
-2.351884504433012779e+00 2.475585622332499014e-02
-1.158355192038973858e+00 2.690672060279430608e-02
-1.357938365506349662e-05 7.390596499191216123e-05
