-1.069795146245143691e+01 3.711201653308689785e+00
-1.490428448388643901e+01 3.814567429907316232e+00
-1.734057218728896643e+01 3.796516761284221442e+00
-1.898999310668532914e+01 3.740953452831512482e+00
-2.022451108191096480e+01 3.670483733595723219e+00
-2.122827493928410902e+01 3.587866177325920169e+00
-2.209848114790459306e+01 3.491887923410041505e+00
-2.288487200407594813e+01 3.377955783230186970e+00
-2.361312465807289485e+01 3.240603428519979623e+00
-2.429713566617760279e+01 3.080996536798951801e+00
-2.494538991410377449e+01 2.895903299151992183e+00
-2.556440992238623267e+01 2.687945840892368654e+00
-2.615524622024183543e+01 2.454643921261163708e+00
-2.671922397946620720e+01 2.199489510650799673e+00
-2.725483817923309005e+01 1.921600731409393026e+00
-2.776217229589253677e+01 1.624542014096565179e+00
-2.824354508540905329e+01 1.311161795224345505e+00
-2.870031923962182674e+01 9.797015416724363934e-01
-2.912823847590501103e+01 6.231985048074968336e-01
-2.951659037197719115e+01 2.321848556493779081e-01
-2.985225343971147538e+01 -2.015528380403434350e-01
-3.011976903912176340e+01 -6.867330181606057238e-01
-3.031928416778484703e+01 -1.221076483034597926e+00
-3.047194109035173781e+01 -1.792328070720538014e+00
-3.060952912531456960e+01 -2.384684216796195244e+00
-3.079295733750517883e+01 -2.972670005250189096e+00
-3.106522161516724978e+01 -3.532151083422829796e+00
-3.134905936415901806e+01 -4.080806741840618201e+00
-3.151738555516007168e+01 -4.643604792809505000e+00
-3.150168775890480433e+01 -5.207583293267478375e+00
-3.128721299250840815e+01 -5.744760839166223931e+00
-3.090489652939556464e+01 -6.237468755499228301e+00
-3.043294068803642816e+01 -6.707567421975604738e+00
-2.996449101563429807e+01 -7.207928450145461241e+00
-2.953625140297991436e+01 -7.754974424919740095e+00
-2.913051370108728477e+01 -8.325719922849321719e+00
-2.872450454207989168e+01 -8.897996939655650195e+00
-2.830415810877876126e+01 -9.459279549451830249e+00
-2.785503318764980918e+01 -9.999178139096866147e+00
-2.737136888784810651e+01 -1.051483300110618480e+01
-2.685092791898378195e+01 -1.100673418236171663e+01
-2.629161719316719470e+01 -1.147611701213056534e+01
-2.569169954452867088e+01 -1.192274087666755555e+01
-2.504861725394773231e+01 -1.234668112445108257e+01
-2.435463292016945758e+01 -1.274465609633019980e+01
-2.359968138407456095e+01 -1.311216551559122045e+01
-2.277260499290451179e+01 -1.345069375250362853e+01
-2.186342339667193713e+01 -1.376949176022481858e+01
-2.086088286523509439e+01 -1.407446517403286457e+01
-1.975092251216861428e+01 -1.436871434093302469e+01
-1.851624953080224856e+01 -1.465494292428885181e+01
-1.713650191389333699e+01 -1.493024238533648251e+01
-1.559482467929925420e+01 -1.519745523230882966e+01
-1.388676751522314667e+01 -1.545607000042526913e+01
-1.202384531037294479e+01 -1.571649718364147041e+01
-1.002702064446569885e+01 -1.597527257214299823e+01
-7.941438721266319334e+00 -1.622144081119039072e+01
-5.829605513444129805e+00 -1.647377249697266421e+01
-3.759480303887750008e+00 -1.669628798804903980e+01
-1.792653249246837666e+00 -1.686177704843652947e+01
3.819914778433024238e-02 -1.694771162290168220e+01
1.722358196570850764e+00 -1.695717332595320670e+01
3.258553774256947033e+00 -1.689420946192403505e+01
4.658896687212026322e+00 -1.675109281781458037e+01
5.940021036867672244e+00 -1.652494527571012028e+01
7.112506082704575405e+00 -1.621341450794253092e+01
8.194007923678942262e+00 -1.583087542375471202e+01
9.201509869213738924e+00 -1.539564873011106805e+01
1.015017420205909282e+01 -1.492775271889330035e+01
1.104720152764393148e+01 -1.442888165572469283e+01
1.188264439797318772e+01 -1.387289787551341114e+01
1.265782245375341120e+01 -1.325405152735887171e+01
1.337174161512231407e+01 -1.257224664851282192e+01
1.402146093705109742e+01 -1.183784073392132719e+01
1.459426813068098028e+01 -1.105881182939542029e+01
1.504605124722409926e+01 -1.022992163915408526e+01
1.533577507041544585e+01 -9.365979855476192384e+00
1.541644643357886757e+01 -8.489031645904919543e+00
1.528119276988523900e+01 -7.630729234852818621e+00
1.502552088902036331e+01 -6.808338272970576810e+00
1.473673949471098332e+01 -6.020344568409176311e+00
1.441947821018979248e+01 -5.283601988377904846e+00
1.406616436141031201e+01 -4.613809112062397411e+00
1.367098493532661507e+01 -4.021028053032417837e+00
1.323915321430856551e+01 -3.505381690727113142e+00
1.277603373680426380e+01 -3.061386558045890993e+00
1.228923493242190723e+01 -2.676479994405980278e+00
1.177930420544037560e+01 -2.338384781572509841e+00
1.123933786341260088e+01 -2.035245963048638806e+00
1.065403367682489133e+01 -1.758966925295186057e+00
1.000484128674675510e+01 -1.501893255369557867e+00
9.270984833466911823e+00 -1.260140027168653365e+00
8.430828647046418212e+00 -1.028063804269536252e+00
7.466068056318653667e+00 -8.050673029745087916e-01
6.368986544034400232e+00 -5.993491590330887187e-01
5.148041960934953032e+00 -4.195935335460037052e-01
3.843518135395110669e+00 -2.712785857727097460e-01
2.508962331088062658e+00 -1.518267364069382508e-01
1.206797280956534157e+00 -5.745995881510752162e-02
1.979924710465065670e-05 -2.666782651785730092e-06
