1.003382430287148352e+01 1.793449356364595459e+01
1.290195394109353799e+01 1.693210439124112554e+01
1.191945707284355471e+01 1.642106561753242033e+01
9.467788325412671568e+00 1.701183526567763238e+01
6.975629418899713663e+00 1.834561753443027854e+01
4.370151172513740967e+00 1.860258920765883772e+01
1.791696616584790958e+00 1.829046547121422250e+01
-7.011724173969957619e-01 1.787979996217445233e+01
-3.067718589041029897e+00 1.753565689166845942e+01
-5.285867930016912908e+00 1.723778746977976439e+01
-7.356370518801204739e+00 1.691399827929834387e+01
-9.285262082830703534e+00 1.649369218327219855e+01
-1.108399890987369929e+01 1.596588174582612751e+01
-1.277044221555329351e+01 1.536955797619945585e+01
-1.437055261315995658e+01 1.475517114863768420e+01
-1.589482190828210229e+01 1.413214678118431067e+01
-1.733665533836117589e+01 1.349427909029754247e+01
-1.863528258715672337e+01 1.273959617663170896e+01
-1.973345125977229486e+01 1.179413044849577652e+01
-2.062255262848110604e+01 1.066697814545903000e+01
-2.134891215431246536e+01 9.421087096627060120e+00
-2.194446681093632989e+01 8.105170647349181579e+00
-2.239542868569643019e+01 6.744442104163569596e+00
-2.265243079570842966e+01 5.351746180533043962e+00
-2.266907310486984528e+01 3.943338041271585048e+00
-2.249496850985246965e+01 2.547075988718773054e+00
-2.236246901964165090e+01 1.191092962851681314e+00
-2.256181770797001818e+01 -7.241166191438484778e-02
-2.319996530066389795e+01 -1.169652629752686801e+00
-2.405886328311778399e+01 -2.134680508284328759e+00
-2.466501141468372538e+01 -3.187318601841999222e+00
-2.484776887612715512e+01 -4.328650442958102751e+00
-2.464550339930514156e+01 -5.486833262987479642e+00
-2.416671456987024058e+01 -6.614138116959305869e+00
-2.359827107163401294e+01 -7.720632760845226095e+00
-2.306829307010204033e+01 -8.830898736693759687e+00
-2.260307019267176187e+01 -9.942268744943017822e+00
-2.215799298094081848e+01 -1.103218003001239822e+01
-2.170320647655868029e+01 -1.209044664706376082e+01
-2.122217822852161717e+01 -1.311369498709133197e+01
-2.070563613839575012e+01 -1.410099771328665597e+01
-2.018045394276800764e+01 -1.507039860225990680e+01
-1.963590854080246828e+01 -1.602192646050869484e+01
-1.905213075504473963e+01 -1.694554165541885737e+01
-1.841247516937179185e+01 -1.782443086116908404e+01
-1.768788556723031391e+01 -1.862654782940868969e+01
-1.686419316928565593e+01 -1.932744023903942221e+01
-1.594324586595736548e+01 -1.991697665956553465e+01
-1.494587562923424962e+01 -2.041380963867450404e+01
-1.389091531808455038e+01 -2.084263234215102401e+01
-1.279508302372227924e+01 -2.122517089688719594e+01
-1.166729698475546861e+01 -2.155949712760524051e+01
-1.051374655075268372e+01 -2.184327158711779049e+01
-9.337430725471733695e+00 -2.207119648978785520e+01
-8.142200357219353535e+00 -2.225060978731148253e+01
-6.932210850271872005e+00 -2.239504587766320043e+01
-5.706859192431212868e+00 -2.250745952821619511e+01
-4.464992254987872222e+00 -2.258621119670618427e+01
-3.207223815306763370e+00 -2.263724129875948776e+01
-1.931847613865222302e+00 -2.265271265419450941e+01
-6.399702258116786169e-01 -2.262992342620999864e+01
6.674686106252467610e-01 -2.256731320674615660e+01
1.993822638678804271e+00 -2.246412106293483291e+01
3.343379463323050693e+00 -2.230779195206137189e+01
4.718550871130871016e+00 -2.209439032530042368e+01
6.119051237039920821e+00 -2.182429389046102486e+01
7.540569913655680523e+00 -2.148812338646196807e+01
8.968565126477521687e+00 -2.105956889335884696e+01
1.038019289509310639e+01 -2.050802898515766515e+01
1.175906238320208352e+01 -1.982666360453149679e+01
1.308960084737572060e+01 -1.901399013303354124e+01
1.437105127179851749e+01 -1.810554418845705626e+01
1.559077928412352421e+01 -1.713146517538423197e+01
1.670425906400039295e+01 -1.609835996270474467e+01
1.757937434703266888e+01 -1.493596309344704309e+01
1.810653865024806564e+01 -1.361816136115353970e+01
1.830889340175390601e+01 -1.219792544512273302e+01
1.852610607774758122e+01 -1.079089443876337029e+01
1.914103384525700946e+01 -9.506915720890891208e+00
1.998691874635031596e+01 -8.293267526293570668e+00
2.064727389800284385e+01 -6.975794838621554916e+00
2.096100809172765977e+01 -5.543048535590876291e+00
2.090944698770580246e+01 -4.057933535436114347e+00
2.054014066522622173e+01 -2.599307738710667781e+00
1.988308000936423880e+01 -1.263679749378968431e+00
1.890510675443399435e+01 -2.196015030648368338e-01
1.756656336899900950e+01 2.761127381580116835e-01
1.599907963773004127e+01 1.398387352589017529e-01
1.438278632878640018e+01 -1.704383745153242313e-01
1.286541060779277323e+01 3.599708826568765452e-01
1.128986248347555765e+01 9.805371689328810092e-01
9.615697551846835722e+00 1.276584784521557214e+00
7.946374185788157796e+00 1.290172593544666624e+00
6.369918217229848523e+00 1.164508129032413963e+00
4.931082120594669327e+00 9.915199701475234662e-01
3.653384192392802543e+00 7.990794000761416438e-01
2.542510422202425957e+00 5.974121991991488967e-01
1.583723814484591097e+00 3.874894491953116415e-01
7.507792340182075641e-01 1.757253306172658625e-01
5.354739427435603247e-08 8.213704249631511638e-07
