-3.234602238107009953e+01 2.066083493167672458e+01
-4.285798388666869840e+01 2.088105763890361999e+01
-4.196781588335051794e+01 2.110004895016308524e+01
-3.615323679615958952e+01 2.131537243683680671e+01
-3.018323208147940306e+01 2.152381876777467440e+01
-2.726492261589584132e+01 2.214570190264786831e+01
-2.529517038786752892e+01 2.282320872810587531e+01
-2.358031469160046001e+01 2.331949291187820705e+01
-2.190722045901562609e+01 2.363698469366703847e+01
-2.023912753059189029e+01 2.388600118833386787e+01
-1.858162235382659233e+01 2.403378004043509009e+01
-1.696498219645151906e+01 2.409817804393347984e+01
-1.541947881055053315e+01 2.409994258000658363e+01
-1.395344652732226720e+01 2.408683586327124004e+01
-1.257272457637603580e+01 2.402846208187338206e+01
-1.127712334746365030e+01 2.391661664530584019e+01
-1.005947693448832148e+01 2.376252986204363182e+01
-8.905284474560378527e+00 2.355642007058634846e+01
-7.805218489635447732e+00 2.329698749223416243e+01
-6.763394859538668591e+00 2.301201100675301703e+01
-5.789358212246268565e+00 2.267428528856051173e+01
-4.907095661049345914e+00 2.223758889495508484e+01
-4.159120841943200197e+00 2.167413671920544616e+01
-3.541372229428108920e+00 2.103809212534028461e+01
-2.896886019333411610e+00 2.053072858773121467e+01
-2.576142829909384702e+00 1.986175299918842896e+01
-2.486278984054171914e+00 1.912585921944891254e+01
-2.352953487619501960e+00 1.844668408882207444e+01
-2.372315917840875699e+00 1.793953926370213026e+01
-2.848982517534758063e+00 1.782340328111104455e+01
-3.566619038550134402e+00 1.783415494562536807e+01
-4.415256532230588782e+00 1.770207759424706495e+01
-5.362405177429036662e+00 1.739586503531258543e+01
-6.447549391282596076e+00 1.699996881329182585e+01
-7.696498699704816815e+00 1.658945321030472897e+01
-9.100437404610737246e+00 1.618097551665298184e+01
-1.062227526667515676e+01 1.574960706050281622e+01
-1.221410468062836330e+01 1.527502345972921738e+01
-1.384606835116939827e+01 1.474555532726300555e+01
-1.548758583376882036e+01 1.416571895833616956e+01
-1.713646513911521296e+01 1.351068375111361242e+01
-1.880510968873573319e+01 1.277948814600548388e+01
-2.048273301694337789e+01 1.197368129624931932e+01
-2.214547234868375014e+01 1.110759768396253122e+01
-2.373069611093906772e+01 1.019543593296749151e+01
-2.517868192951760875e+01 9.241900356921478377e+00
-2.647489318501508038e+01 8.233783418728108927e+00
-2.763248634348286004e+01 7.155986591642987449e+00
-2.864180701996752276e+01 5.983500731958562469e+00
-2.954698417429582946e+01 4.750016132766807786e+00
-3.034662222387725450e+01 3.429840618858008394e+00
-3.104068650300717636e+01 1.998756284372393832e+00
-3.165689030075498422e+01 4.667697661602506209e-01
-3.226758734059261258e+01 -1.125299147596518168e+00
-3.273693344004149708e+01 -2.789862845360791432e+00
-3.276563530801134760e+01 -4.518486839033679203e+00
-3.223292167680243381e+01 -6.221478428799109395e+00
-3.193792035324952749e+01 -7.919570768495490576e+00
-3.261287479065076411e+01 -9.479628239511770360e+00
-3.265457021017437000e+01 -1.105696165030330391e+01
-3.182943932470107029e+01 -1.242050638143927088e+01
-3.046862384305138605e+01 -1.347048850820165811e+01
-2.917719178030633742e+01 -1.460338216921686616e+01
-2.807733681695149031e+01 -1.590179513852075388e+01
-2.691817874251444209e+01 -1.710634876246255232e+01
-2.556960566610641905e+01 -1.807012924892219274e+01
-2.416501799545605067e+01 -1.895527413639447190e+01
-2.275607770577693145e+01 -1.981024060888958971e+01
-2.127987405654695152e+01 -2.044846604431227988e+01
-1.976119390097659334e+01 -2.086334531016303373e+01
-1.825676951671483295e+01 -2.120292006549797392e+01
-1.676034181945696488e+01 -2.142146202842543801e+01
-1.527986249023788545e+01 -2.158180769539999133e+01
-1.381947641497430901e+01 -2.173282285802605429e+01
-1.237564513748187700e+01 -2.184557151758068372e+01
-1.096052409733849586e+01 -2.189325285967749579e+01
-9.574966149167661200e+00 -2.193221283904770402e+01
-8.207296341281397289e+00 -2.186004479271593226e+01
-6.868898755544005752e+00 -2.164769130279750087e+01
-5.563174595820680857e+00 -2.128128608569290137e+01
-4.315347393011709443e+00 -2.066728660989582167e+01
-3.049410078831081616e+00 -2.004075860105694318e+01
-1.778107709670519565e+00 -1.938212439093029360e+01
-6.372476946093469374e-01 -1.844707310838750303e+01
3.062600818333509056e-01 -1.722898555789865682e+01
1.131271701706667132e+00 -1.585183458820135094e+01
1.918589634546602918e+00 -1.441872847300587246e+01
2.591036993252970877e+00 -1.293545013685236533e+01
3.113060922975720235e+00 -1.142923627767991768e+01
3.480075352126763111e+00 -9.948297029813820913e+00
3.682885411869823766e+00 -8.511076655762623844e+00
3.720593018022224197e+00 -7.138750154700193917e+00
3.547545011935828718e+00 -5.861071426989397537e+00
3.207562675983507638e+00 -4.695172195231260837e+00
2.729191304108289806e+00 -3.632854773446535290e+00
2.186827990672368660e+00 -2.655194839397100992e+00
1.603485383926088526e+00 -1.785822334645328358e+00
9.911661042470187866e-01 -1.057437597552386643e+00
4.062238050969584346e-01 -4.801591384616884506e-01
-4.043503633241869160e-08 -2.093208683407112703e-07
