1.044533883456184142e+01 2.226659025147414539e+01
1.517482463468288501e+01 2.299577799476127637e+01
1.783888228187607794e+01 2.351208018125823074e+01
1.941355878988029460e+01 2.368946329558849584e+01
2.029688578326915049e+01 2.348113226808502674e+01
2.068035896570811971e+01 2.290049107468442813e+01
2.078606787726821992e+01 2.213737781684421435e+01
2.079010167736621284e+01 2.135437181790704031e+01
2.084688565415253692e+01 2.070981065260732379e+01
2.108489647441387760e+01 2.038840266111078492e+01
2.141238414840787740e+01 2.057517568751982395e+01
2.180064041125509533e+01 2.104594703816900036e+01
2.223485750526106841e+01 2.163525902717818283e+01
2.271004822612174934e+01 2.220291407894007563e+01
2.322983121757884817e+01 2.260433071057220999e+01
2.379484113866750050e+01 2.268385539290147435e+01
2.432917644567565674e+01 2.244781369891328637e+01
2.477152895431506252e+01 2.195131489243451739e+01
2.509578758786942743e+01 2.126611694148187581e+01
2.529717602686074329e+01 2.045114943236448823e+01
2.538141005241169879e+01 1.954742579497655086e+01
2.536072377462642891e+01 1.858049291371185774e+01
2.527656060507246139e+01 1.756118465412215457e+01
2.519769638961958336e+01 1.648469115227034720e+01
2.519545263618567787e+01 1.534012156260615001e+01
2.526122549190871780e+01 1.410979427434962297e+01
2.535336214004793831e+01 1.276998655172596742e+01
2.543675437006477935e+01 1.129252659904407174e+01
2.548825825370659715e+01 9.653141103003623158e+00
2.551420522640022881e+01 7.834287690958382733e+00
2.553600666775882289e+01 5.828590701338639768e+00
2.557308944268669393e+01 3.662795909803857608e+00
2.562682207638569309e+01 1.419691044659505241e+00
2.575351921859254034e+01 -7.930176902756498336e-01
2.593593099616400011e+01 -2.855655914779196447e+00
2.606894122561932647e+01 -4.708651445966428817e+00
2.612130157338880210e+01 -6.333116891961029893e+00
2.606079907089221237e+01 -7.749155380160605233e+00
2.586010600384252101e+01 -8.976613833236228857e+00
2.553203924396256141e+01 -1.003556372920985851e+01
2.518057210403615898e+01 -1.096412421436299844e+01
2.500018267337632949e+01 -1.182143058685004000e+01
2.514186541084065496e+01 -1.262937798754092356e+01
2.543872839708568634e+01 -1.341198455938857492e+01
2.572161132361530633e+01 -1.419597364797418493e+01
2.584764162288383105e+01 -1.499883326985403720e+01
2.574962764746338806e+01 -1.580567685208122519e+01
2.542978463577544801e+01 -1.659245929107813211e+01
2.491740507316416142e+01 -1.734525399061906725e+01
2.425630196061370469e+01 -1.806820457441548911e+01
2.349093081772643643e+01 -1.877446917077719135e+01
2.266276220639440098e+01 -1.947431144127154212e+01
2.180174042030789749e+01 -2.014537420546979618e+01
2.090795031429803430e+01 -2.068173686524279375e+01
1.998886356355085425e+01 -2.090423140979162397e+01
1.910327784699420661e+01 -2.065119048031237980e+01
1.834141647108004491e+01 -1.990461343674237327e+01
1.760288223115489004e+01 -1.903954353008008127e+01
1.678358108038593954e+01 -1.843985036541167588e+01
1.589247854822327000e+01 -1.850210822341916028e+01
1.509018908095845823e+01 -1.919565876216664080e+01
1.441888428999417648e+01 -2.028577022298235732e+01
1.369792396070648088e+01 -2.137745488582148923e+01
1.272684346784022580e+01 -2.208569016371067661e+01
1.160477017385519893e+01 -2.226762438703820735e+01
1.051618432194497643e+01 -2.192093652844799223e+01
9.621950710692987130e+00 -2.111270337080737747e+01
8.858867793149526548e+00 -2.017595604291510725e+01
8.071978015325150579e+00 -1.951682369940787254e+01
7.187039761455088716e+00 -1.949786826349620128e+01
6.310806616380057577e+00 -2.000165580066098414e+01
5.436267604051141511e+00 -2.066795642603332439e+01
4.523975835884090024e+00 -2.115914456849850467e+01
3.589458908309420160e+00 -2.128528580474339904e+01
2.711661364315798295e+00 -2.108473853716439095e+01
1.964187253629829266e+00 -2.062253558505094375e+01
1.411095492078146663e+00 -1.996258025055356455e+01
1.098161547603677901e+00 -1.916789840743157924e+01
1.008544596253912351e+00 -1.831598241496276103e+01
1.078866600371647611e+00 -1.747385214055898928e+01
1.145802244563358219e+00 -1.668801972505421816e+01
1.020072892646570750e+00 -1.600171737190850507e+01
6.054592935753568828e-01 -1.545914995929245883e+01
2.230531956049447082e-02 -1.501244020096536502e+01
-5.556541147201788933e-01 -1.453251406639467724e+01
-9.809937901779198777e-01 -1.391547512123414876e+01
-1.215457098730863050e+00 -1.316603609604034730e+01
-1.285181953020700485e+00 -1.231409196138351270e+01
-1.262654179009505606e+00 -1.138532423209676026e+01
-1.217289265016114896e+00 -1.039234233773014360e+01
-1.177838158714170635e+00 -9.342412778551148378e+00
-1.145642488692562688e+00 -8.242152710782884029e+00
-1.114835071607177097e+00 -7.100010416917783118e+00
-1.068870431326831349e+00 -5.928410131088975632e+00
-9.915967018084933526e-01 -4.743398966310164333e+00
-8.631787922880184150e-01 -3.569088615975723577e+00
-6.857569213552294762e-01 -2.438924844887273569e+00
-4.720554752383936403e-01 -1.403765429568496481e+00
-2.391138286553534387e-01 -5.450582528355076839e-01
-1.148788466537090250e-06 -6.410793931012671401e-06
