2.430303043964459775e+01 2.591662923694959630e+01
3.267351686593739402e+01 2.582345868103590547e+01
3.427492048744366571e+01 2.533962096734469682e+01
3.237684719769936237e+01 2.447577375569086300e+01
2.910156638353583602e+01 2.311798905234151391e+01
2.611965303335526656e+01 2.099037852737056653e+01
2.363250742944515537e+01 1.900861042771838072e+01
2.344871658465339692e+01 1.619518816252348969e+01
2.461379230677027152e+01 1.334106764731565065e+01
2.539360791473728085e+01 1.053999700439866238e+01
2.538215870148201603e+01 7.944852356163947249e+00
2.467841525303128236e+01 5.694338824652059650e+00
2.402209539869619803e+01 3.718093017271636658e+00
2.419605351601794041e+01 1.957542666340487347e+00
2.516612306146274847e+01 5.242855883524805138e-01
2.597286036353171923e+01 -8.557325437670124657e-01
2.608553146676628742e+01 -2.201092958434251123e+00
2.538630932312954513e+01 -3.294890336159038480e+00
2.411781771445822997e+01 -4.048992197922315128e+00
2.298516061905007035e+01 -4.903865380027481180e+00
2.244723317923225636e+01 -6.042852928747956653e+00
2.255321668769781951e+01 -7.192417989451635130e+00
2.334551123474086509e+01 -8.057588791041684573e+00
2.446483999027071121e+01 -8.710443403004024532e+00
2.535507781750633782e+01 -9.480617417451210116e+00
2.566369449736855302e+01 -1.046877083813053488e+01
2.547583509939986612e+01 -1.151840960371774258e+01
2.493702193161452030e+01 -1.252383671536774656e+01
2.422616903008662348e+01 -1.346201218568396030e+01
2.358982112958398503e+01 -1.440916907092600496e+01
2.315499220565928340e+01 -1.539391265526857566e+01
2.267287983814634345e+01 -1.622687880973075636e+01
2.201096513355246032e+01 -1.673828175390382356e+01
2.119084073720662076e+01 -1.684031790063298928e+01
2.033156035389476202e+01 -1.670049326218746089e+01
1.955105443977221569e+01 -1.671710791456967016e+01
1.896513269601763696e+01 -1.715561408580366276e+01
1.854604416272649559e+01 -1.783236141253689411e+01
1.820911787180862618e+01 -1.857114051974373936e+01
1.782355900314971819e+01 -1.921797741073194032e+01
1.730197294383612672e+01 -1.966423362273103237e+01
1.667058273643167254e+01 -1.990559546229029664e+01
1.598937464665732477e+01 -2.001813649407538520e+01
1.530450957546869084e+01 -2.010103204944982380e+01
1.463498627747950387e+01 -2.020250677282537310e+01
1.398318310717064250e+01 -2.032741360953637866e+01
1.334382828294217127e+01 -2.045443696121882837e+01
1.271171637360546747e+01 -2.056739290397902664e+01
1.208441751802845765e+01 -2.066104907083185793e+01
1.146030572197676278e+01 -2.072921168665084934e+01
1.083937875631619718e+01 -2.076722356528388502e+01
1.022286278894032030e+01 -2.077830818718033612e+01
9.611468856150086282e+00 -2.076720894834884845e+01
9.005918178916392236e+00 -2.073908436794357613e+01
8.407648228574844396e+00 -2.069851318204650070e+01
7.818228025715020735e+00 -2.064667021596627805e+01
7.238764636083530490e+00 -2.058119371943721987e+01
6.670016722351931548e+00 -2.050270608995709765e+01
6.112684168127891837e+00 -2.040940665972754431e+01
5.566973716047962206e+00 -2.029883411587830722e+01
5.034066698752618585e+00 -2.016838546449039171e+01
4.515961833974055928e+00 -2.001571026538034914e+01
4.015069727686999990e+00 -1.983617711814492424e+01
3.534531965128763442e+00 -1.962481747389154307e+01
3.077170216934175695e+00 -1.937895459162477962e+01
2.642832366721193704e+00 -1.909989296864159058e+01
2.228125187573138266e+00 -1.879211887256174407e+01
1.828403706514377669e+00 -1.846058751675198550e+01
1.440170594281675376e+00 -1.810892971797532880e+01
1.061916071447188914e+00 -1.773934186966258153e+01
6.968204006908330639e-01 -1.734762162629634119e+01
3.478472456688793124e-01 -1.692809952317402633e+01
2.098998463025679093e-02 -1.647355908127986268e+01
-2.776475967191892047e-01 -1.598035283441515197e+01
-5.357390037535874061e-01 -1.544463669366650471e+01
-7.573839796324105533e-01 -1.487264484037348033e+01
-9.485120530763593294e-01 -1.427004140344278937e+01
-1.121041674363707941e+00 -1.364437842747098095e+01
-1.274601490737034437e+00 -1.300025633531854119e+01
-1.409344009194742009e+00 -1.234237223070429224e+01
-1.526570135937184158e+00 -1.167485857805241345e+01
-1.623462183056631813e+00 -1.100157947525579161e+01
-1.696702584240602940e+00 -1.032659267476528520e+01
-1.742415818182663667e+00 -9.652700060298908369e+00
-1.756927890816035509e+00 -8.982743747289907432e+00
-1.741054273830559440e+00 -8.318688930469173570e+00
-1.694547981183426533e+00 -7.661727639789361888e+00
-1.621880127231164259e+00 -7.012526936958210833e+00
-1.524610974688416221e+00 -6.371163567885107071e+00
-1.405550396943400671e+00 -5.736185070803531794e+00
-1.269710040664477457e+00 -5.104401616932096708e+00
-1.123198307450980593e+00 -4.473272481546843871e+00
-9.742611281455427763e-01 -3.841243964171688674e+00
-8.299170711192814798e-01 -3.207449732590452740e+00
-6.960254513255245135e-01 -2.572915450658558534e+00
-5.772779994162080541e-01 -1.943214276656472839e+00
-4.683466507162348247e-01 -1.332951665992454515e+00
-3.501827878061521404e-01 -7.690663523324881012e-01
-1.933857090531584388e-01 -2.994910848832935124e-01
-4.299260309490533914e-09 -7.535447744191576052e-07
