-4.650675743623808955e+01 -2.351407827868336042e+01
-6.964836938932972998e+01 -2.377600229957091571e+01
-7.885182160394639084e+01 -2.403759504234344391e+01
-7.980595178780808396e+01 -2.429842370269075857e+01
-7.598737799480917943e+01 -2.455785442807398056e+01
-6.959282572425665592e+01 -2.481487761797206915e+01
-6.212822359414880680e+01 -2.506783293610136809e+01
-5.481254741005253805e+01 -2.531396012224383796e+01
-4.890473694335684485e+01 -2.554858891325414305e+01
-4.604127515787001812e+01 -2.576392056327065916e+01
-4.367294692468433226e+01 -2.387657365038209178e+01
-4.233898041244048471e+01 -2.561429561923864284e+01
-4.164013877590085855e+01 -2.832902571100602529e+01
-4.156867679321995723e+01 -3.064426360712793240e+01
-4.318098796293821096e+01 -3.164395236853016868e+01
-4.541305994872079310e+01 -3.191670988310137247e+01
-4.587412910544006905e+01 -3.329645853762468732e+01
-4.531101946812342618e+01 -3.496712162883196129e+01
-4.426702770015665322e+01 -3.644176666155702549e+01
-4.301912868407497115e+01 -3.744134637365291951e+01
-4.177729678928776735e+01 -3.769872095375092158e+01
-4.085753055902821274e+01 -3.699785902948525518e+01
-4.037155088596499297e+01 -3.560164473074526370e+01
-3.949239361084723754e+01 -3.460944644007668813e+01
-3.843111197959581204e+01 -3.423025101788066138e+01
-3.742324601533833572e+01 -3.466692426681237293e+01
-3.695563797388466298e+01 -3.567348073878167725e+01
-3.651356431094534827e+01 -3.662396775079740507e+01
-3.584163189395843574e+01 -3.685987312985899678e+01
-3.516243804343883994e+01 -3.646516817689679613e+01
-3.462419193957011743e+01 -3.571211637447912324e+01
-3.423340175397171947e+01 -3.486351517797958621e+01
-3.380460625156786136e+01 -3.414927394449271958e+01
-3.318988101592216111e+01 -3.374122631296587116e+01
-3.246693832443597927e+01 -3.353464455402971112e+01
-3.181579139158868585e+01 -3.322739076575844308e+01
-3.133179804894932374e+01 -3.274987954571874127e+01
-3.108910279203514904e+01 -3.211589289179663353e+01
-3.111153226106213410e+01 -3.138536640675127387e+01
-3.114163613975240352e+01 -3.066460906682418042e+01
-3.072146376035075832e+01 -3.012439694298019788e+01
-3.002776163257695075e+01 -2.971186640095162090e+01
-2.939149158320842758e+01 -2.915973860101271242e+01
-2.892347759762695958e+01 -2.841904938733086894e+01
-2.853573079174386251e+01 -2.758930071955992602e+01
-2.809180034298157480e+01 -2.676771210082674912e+01
-2.755316744420332498e+01 -2.598541242606366808e+01
-2.692374845365228353e+01 -2.525641208693841122e+01
-2.626028923547378824e+01 -2.455164403071015045e+01
-2.563544746771987093e+01 -2.382079288778059478e+01
-2.511470574161104707e+01 -2.302624761949698851e+01
-2.469258621841956725e+01 -2.220483987863532960e+01
-2.412803328221296439e+01 -2.161271252993427439e+01
-2.340474472067232625e+01 -2.142115596092157404e+01
-2.263142146714378455e+01 -2.169271192426039718e+01
-2.191083736486195122e+01 -2.195784148779590694e+01
-2.137884339568286052e+01 -2.172112846606895786e+01
-2.124054691003612660e+01 -2.098357024677492078e+01
-2.103844072542039356e+01 -2.016041195108028816e+01
-2.046502679742108555e+01 -1.953920042186033257e+01
-1.969583698782624737e+01 -1.920507931276477009e+01
-1.891379697568421392e+01 -1.931177344312298061e+01
-1.834917880127760625e+01 -2.005075639273643873e+01
-1.781317904119527284e+01 -2.090443034320663784e+01
-1.708305093723049595e+01 -2.119340605273563583e+01
-1.637848207971066117e+01 -2.068206760685957235e+01
-1.592741991142023039e+01 -1.961401404248171687e+01
-1.516066501737774352e+01 -1.894258362191136769e+01
-1.416853850326694086e+01 -1.897277145468279969e+01
-1.330267630516811472e+01 -1.961339288123100744e+01
-1.259614161532950760e+01 -2.040364412800564864e+01
-1.178620241681859149e+01 -2.042700512713312122e+01
-1.112850267234099100e+01 -1.983570260896500059e+01
-1.059025288734149584e+01 -1.914409328565711377e+01
-9.903937362255158305e+00 -1.890180263570104202e+01
-9.200265932502224686e+00 -1.894312350360276653e+01
-8.586157070781773371e+00 -1.888863895810038684e+01
-8.124493288864005791e+00 -1.859100014893959951e+01
-7.793937396847617549e+00 -1.810862395757158083e+01
-7.445751463820196037e+00 -1.759486218575360184e+01
-7.008978765226498098e+00 -1.710505380534439368e+01
-6.498993351382754469e+00 -1.660644762812643549e+01
-5.940668898613610693e+00 -1.604654027503640279e+01
-5.361811878311401713e+00 -1.537315002063387404e+01
-4.791283133649556270e+00 -1.455346891825356970e+01
-4.225876697048077446e+00 -1.360184933700596766e+01
-3.666291132998965807e+00 -1.253123457600626978e+01
-3.118661798551682018e+00 -1.136653794639039106e+01
-2.591787064644717198e+00 -1.014700095222961984e+01
-2.087877357767832009e+00 -8.901889329148504615e+00
-1.639119963197979590e+00 -7.669942322388248357e+00
-1.230498057570388548e+00 -6.475468426554603418e+00
-8.725622874142310303e-01 -5.339993316980371496e+00
-5.663486101666804773e-01 -4.267061066897873012e+00
-3.171722283537374842e-01 -3.257472137677739799e+00
-1.257329309689470265e-01 -2.320437537229348646e+00
3.704677101015581980e-02 -1.471215904340207103e+00
1.985942959353973747e-01 -7.379636350737253103e-01
2.801121892314530903e-01 -1.852812222421021948e-01
2.300154034617094348e-06 5.548511017499105642e-06
