-1.225538306593487548e+01 3.085459512779845426e+00
-1.898108599875316571e+01 3.026623690087619778e+00
-2.219504128810132215e+01 2.972837320752092616e+00
-2.319066726933027667e+01 2.930178356335053191e+00
-2.280373294794943817e+01 2.907012110511157932e+00
-2.158477808870642178e+01 2.915715567158177812e+00
-1.991269990493539055e+01 2.975241306291847909e+00
-1.807291948416140315e+01 3.115028101077447431e+00
-1.631623127908950011e+01 3.381020152338074958e+00
-1.491057939189217763e+01 3.845194934216545235e+00
-1.419732590193451394e+01 4.674388699164353511e+00
-1.435075427628922107e+01 5.672618912550441372e+00
-1.495990848571415910e+01 6.767453809141216858e+00
-1.565356321004799156e+01 7.959712939261661013e+00
-1.621461998705360230e+01 9.255039292848422861e+00
-1.660270292983754814e+01 1.061158530068298944e+01
-1.684775194508237561e+01 1.198874993960879110e+01
-1.698630133067208092e+01 1.336060828825188551e+01
-1.704360748872122144e+01 1.470949626580134506e+01
-1.703008420005606638e+01 1.602578546742844878e+01
-1.694540987995211978e+01 1.731075746826389050e+01
-1.678705339396885421e+01 1.856804299600422326e+01
-1.657547024268851388e+01 1.980116638041466715e+01
-1.631305155415773100e+01 2.101520573393179703e+01
-1.600705336373775012e+01 2.221417308103223220e+01
-1.565277803211282581e+01 2.339094742159742779e+01
-1.522271399207494902e+01 2.452910799050261303e+01
-1.469130523861197979e+01 2.560876194681085494e+01
-1.409449111488229889e+01 2.663949875433266712e+01
-1.346564188347897684e+01 2.763453762749020015e+01
-1.283872082370884726e+01 2.860396949676929168e+01
-1.224401944784885998e+01 2.955874552747519246e+01
-1.170813375935043510e+01 3.051558329065317920e+01
-1.123629322412587150e+01 3.148108010003630852e+01
-1.082094143002450259e+01 3.245830899893153543e+01
-1.042792612452134016e+01 3.343875962998121310e+01
-9.979596166603361240e+00 3.439428020393985008e+01
-9.425433268207015658e+00 3.529582701673355416e+01
-8.847755286802939878e+00 3.616762482025898606e+01
-8.478053078670766851e+00 3.711579180382723564e+01
-8.503286263733750516e+00 3.820087043870618970e+01
-8.787538404634846145e+00 3.942184819067797719e+01
-8.885411288462979229e+00 4.081972788897922300e+01
-8.743094516599347443e+00 4.235862089892177806e+01
-8.409495189895563882e+00 4.398088738367979289e+01
-7.910810876299681382e+00 4.558222141408116812e+01
-7.268646624742269857e+00 4.696368081869683664e+01
-6.316837904387377911e+00 4.763061036685215299e+01
-5.181681926983737085e+00 4.684384728314555701e+01
-4.173363271626894466e+00 4.542214787532152087e+01
-3.649709064212634857e+00 4.362258157731488240e+01
-3.749778347364329356e+00 4.184289076619735681e+01
-3.105983369691938556e+00 4.069339656767214564e+01
-2.117723861793900930e+00 3.974381251215199029e+01
-1.251756495227877686e+00 3.864060179260224714e+01
-5.658893901018104966e-01 3.738689074415970026e+01
2.971061454439091754e-02 3.606335714699111605e+01
6.302648092438480898e-01 3.474285864935477974e+01
1.253911729014099086e+00 3.345140705224569899e+01
1.879923906152280777e+00 3.218602352470234962e+01
2.506137641206183098e+00 3.095463746178963405e+01
3.131096088194771809e+00 2.976787758956497854e+01
3.730215905792798825e+00 2.861757986554808753e+01
4.316184142447347050e+00 2.750805546480214403e+01
4.880134466017405082e+00 2.643148098580983074e+01
5.417123595490601851e+00 2.538040273348553555e+01
5.916282006764207679e+00 2.434438316838379279e+01
6.378534751000382030e+00 2.332135156072165927e+01
6.799500766769588367e+00 2.230691099396430133e+01
7.177093775192290970e+00 2.129617977829022024e+01
7.498356503208905899e+00 2.027838906255416873e+01
7.750932616447237855e+00 1.924494613338952931e+01
7.926691463620619160e+00 1.819151226055265980e+01
8.024563995902845193e+00 1.711512308782848635e+01
8.047925689794332982e+00 1.601841101660800248e+01
7.998066271353154733e+00 1.490784460587190985e+01
7.875400279920063973e+00 1.378705265204791353e+01
7.684811564793838201e+00 1.266030627052694690e+01
7.432948710149744898e+00 1.153555213199502916e+01
7.124742279855056815e+00 1.042439968179037102e+01
6.759934539214076388e+00 9.342005573672878427e+00
6.347016483537461617e+00 8.300457203965221353e+00
5.892848176705535401e+00 7.311933699163585487e+00
5.406296071123205316e+00 6.386731632414223370e+00
4.898197026740961135e+00 5.534532053843798316e+00
4.381202059985985997e+00 4.764019347915528613e+00
3.875012316498294140e+00 4.070807834733822794e+00
3.391996717000163475e+00 3.452927914871697812e+00
2.940479439567887265e+00 2.906336219255796216e+00
2.521736723433282812e+00 2.426810452599536205e+00
2.134435304189921112e+00 2.010021997614125144e+00
1.780136553058214943e+00 1.647641939487382245e+00
1.458329509222351161e+00 1.332682969340995172e+00
1.167907949783404842e+00 1.056959218982892246e+00
9.083881314769131077e-01 8.132188407604912239e-01
6.788661856943852824e-01 5.953691986129092673e-01
4.782774772672391816e-01 3.995686900136645736e-01
3.029467249957484842e-01 2.268613139537437595e-01
1.469057022846721461e-01 8.646085174234650894e-02
-2.842935474909024071e-07 -9.010760445952522604e-07
