-2.707266172312479924e+01 -2.238793509133112813e+00
-3.581145735733443303e+01 -1.737133711900870070e+00
-3.552025424179548452e+01 -1.143843088583220036e+00
-3.231969607638808384e+01 -3.356075713075024058e-01
-3.130564286172847588e+01 8.871301634198653918e-01
-3.179795404821475913e+01 2.076502889838335530e+00
-3.267067385414939196e+01 3.153236287154290718e+00
-3.335497483502355465e+01 4.197829051085637531e+00
-3.372256739565293771e+01 5.239610733889866978e+00
-3.382800287959133101e+01 6.263211992365668834e+00
-3.375874098249754240e+01 7.255492825061482520e+00
-3.355888381965697675e+01 8.209564527499217945e+00
-3.325901052173499295e+01 9.119710582204312743e+00
-3.288741494607562998e+01 9.984950150522861279e+00
-3.247211269893777796e+01 1.081247972638267818e+01
-3.197876744212054234e+01 1.158897018743470930e+01
-3.134601375573776849e+01 1.228636415191072295e+01
-3.053418728083277500e+01 1.288360399607188356e+01
-2.956456186405202402e+01 1.342480741157850943e+01
-2.846642148387707039e+01 1.395908316283967743e+01
-2.725330471441190383e+01 1.446401316452010022e+01
-2.598281304756209309e+01 1.496372222587543810e+01
-2.472093990991955081e+01 1.547555247285822233e+01
-2.353589197719544757e+01 1.600350385327453395e+01
-2.248249136888024680e+01 1.655688602642587881e+01
-2.157236387364578434e+01 1.711972452970163872e+01
-2.078728418084812191e+01 1.765133562463579864e+01
-2.012210629529828410e+01 1.816123632138526034e+01
-1.964206438350760919e+01 1.876206470017449490e+01
-1.936127474701162399e+01 1.948664856289447300e+01
-1.914815996471251935e+01 2.029505190438859330e+01
-1.881882516167463848e+01 2.114758978752424312e+01
-1.838906041677573455e+01 2.205146923800970882e+01
-1.793151850213395448e+01 2.303432612935090518e+01
-1.744378079120353675e+01 2.408402693410420525e+01
-1.690194087379448007e+01 2.516080341627096928e+01
-1.631641833811886144e+01 2.622334987488937941e+01
-1.569119519395703577e+01 2.724101304794032075e+01
-1.502830178130442107e+01 2.819693562857304059e+01
-1.433818799929839116e+01 2.908558993496383138e+01
-1.361009231400413633e+01 2.989389950385036343e+01
-1.283065463051042165e+01 3.061568150517752329e+01
-1.198560245974310945e+01 3.124736140786349026e+01
-1.106944679204027260e+01 3.178467235322984408e+01
-1.007428172675992073e+01 3.220583174086323908e+01
-8.998765530236761734e+00 3.249580118522875694e+01
-7.850543921581488505e+00 3.264646855362990863e+01
-6.646151722542843032e+00 3.267274121347603710e+01
-5.408075336425917534e+00 3.261125363444488556e+01
-4.161988959574618896e+00 3.249928406745090825e+01
-2.941694552553112185e+00 3.233205494995137030e+01
-1.776012442097971711e+00 3.210900842195448490e+01
-6.849821890406122549e-01 3.181848731472356206e+01
2.978853594570373131e-01 3.142187540637089427e+01
1.127365759389565181e+00 3.089178048569216273e+01
1.758022521074907640e+00 3.021887757402380004e+01
2.156590918455597805e+00 2.941098571002871864e+01
2.357192020368479746e+00 2.850655581169310082e+01
2.435770019205234060e+00 2.754043820517184926e+01
2.427638109216367024e+00 2.653242335941317975e+01
2.335152540784089847e+00 2.549761987533036489e+01
2.168030654190268525e+00 2.445206305815579739e+01
1.949299018501787328e+00 2.341676648225567092e+01
1.715370696967154274e+00 2.240788877236209942e+01
1.510837329590248412e+00 2.143212147997622097e+01
1.368914874505044565e+00 2.049530154121974235e+01
1.311676231060544318e+00 1.960556827251365064e+01
1.347569829994447410e+00 1.876696787531031418e+01
1.493295972556958118e+00 1.797888598800672355e+01
1.758164028464401341e+00 1.724065726241007113e+01
2.155635761154223839e+00 1.655244689710616512e+01
2.679904105339347087e+00 1.590557471511414178e+01
3.323811367606237077e+00 1.529385301537153552e+01
4.070125011774605284e+00 1.471029523195001509e+01
4.893416560806715054e+00 1.415256880253913252e+01
5.769565810981984733e+00 1.363289094889857012e+01
6.667802034095435815e+00 1.315328054706864869e+01
7.558562002427131610e+00 1.270361534128939418e+01
8.416525464712794502e+00 1.227814971825341495e+01
9.217484357775953541e+00 1.186656885836665509e+01
9.946825281292767329e+00 1.145637258365089295e+01
1.059833451768071377e+01 1.103607294251601978e+01
1.117197052679159341e+01 1.059195769575852175e+01
1.166046996408809022e+01 1.010612656400129872e+01
1.205209576253045078e+01 9.562742868414343178e+00
1.233653624684830952e+01 8.948572224020187704e+00
1.251648801010030532e+01 8.259122198942854709e+00
1.259438593838265774e+01 7.495123948787517421e+00
1.252869855765074547e+01 6.665032962398615979e+00
1.222455353617065121e+01 5.801660831580871758e+00
1.161024246460409337e+01 4.954587236095792768e+00
1.068792985029099007e+01 4.148799770345972249e+00
9.491244890582667182e+00 3.403684787466815909e+00
8.074899102040424381e+00 2.727422249762492701e+00
6.522505661550511924e+00 2.151248227854669182e+00
4.943981024362539500e+00 1.666157135606336714e+00
3.456225531614584678e+00 1.222499525511685281e+00
2.132197528835324984e+00 7.861507488675473221e-01
9.940022142974201946e-01 3.530930136597609237e-01
1.763927596099920038e-08 1.652980008499566954e-07
