2.700154402449302538e+01 4.497645361192598301e+01
3.995499161375941100e+01 4.453699419705004203e+01
4.464120746305984966e+01 4.409668200105806335e+01
4.453853705693813936e+01 4.365444429160113060e+01
4.179162255251790015e+01 4.320867948674199255e+01
3.780868491191661462e+01 4.275680777921931508e+01
3.365371279541051308e+01 4.229455040105061414e+01
3.034278423328510854e+01 4.181473789779538208e+01
2.727999196950747418e+01 4.257336732105868293e+01
2.435413568122769945e+01 4.415481199245208899e+01
2.167242189085131088e+01 4.556027532047209405e+01
1.933687905463009571e+01 4.549696092620217058e+01
1.802122706064674063e+01 4.441256502941706685e+01
1.868312204873756244e+01 4.247024497745138660e+01
2.058518253611304516e+01 4.042347721511324465e+01
2.290909407985396129e+01 3.876419546725358600e+01
2.494330359161512689e+01 3.729065504742986548e+01
2.589556745836596008e+01 3.585282664390790330e+01
2.452775933858022839e+01 3.492271675814211562e+01
2.191596122546638981e+01 3.496743946861099772e+01
1.909003452821847802e+01 3.533097519417271570e+01
1.714281878056856456e+01 3.524738850891871067e+01
1.736854024762899940e+01 3.419116256944045062e+01
1.873832742826378350e+01 3.274773440321214224e+01
2.035661580723737174e+01 3.117826300722415667e+01
2.133469602920089159e+01 2.968086990817947779e+01
2.058473181667181606e+01 2.859616636514514454e+01
1.880904044905021522e+01 2.858552532074817165e+01
1.673490538896394852e+01 2.900253098399692320e+01
1.486317333883044789e+01 2.934945712784472605e+01
1.367666840724963606e+01 2.923766551050593776e+01
1.384401051707766328e+01 2.827729943555791081e+01
1.483162839387924592e+01 2.698379211053947557e+01
1.604223101686393704e+01 2.562101645838203723e+01
1.680575035541759732e+01 2.434556798450662640e+01
1.648815061003632465e+01 2.338382034154480138e+01
1.542909757660688719e+01 2.303501642233728219e+01
1.405632724106538767e+01 2.324369280359347911e+01
1.264772250770454498e+01 2.365474184516678946e+01
1.148243436417994978e+01 2.381560145483889102e+01
1.094544589385398226e+01 2.331429073963363763e+01
1.125237574579687916e+01 2.245086836673760899e+01
1.202285929008769649e+01 2.144089652643933519e+01
1.285374537602674394e+01 2.036059989150284011e+01
1.330595092068145568e+01 1.923920358889988336e+01
1.296319490251813455e+01 1.822969820619784542e+01
1.207021731282007693e+01 1.766977188461035908e+01
1.085821248653983950e+01 1.790480241480859291e+01
9.563254285154817680e+00 1.849913828464173093e+01
8.422806403985429569e+00 1.884854202507980148e+01
7.737915306772538138e+00 1.833223447936635964e+01
7.682523721540253092e+00 1.737094231819215295e+01
8.378951854283734235e+00 1.637525740778226080e+01
9.270973054568450777e+00 1.540482640277800996e+01
9.738576921176763435e+00 1.440545257034726845e+01
9.335296317244802466e+00 1.347570898087611546e+01
8.369516030806808615e+00 1.296235627928847300e+01
7.143080170556521225e+00 1.306225964276278084e+01
6.039080832382078157e+00 1.316614555743593229e+01
5.508447767306551945e+00 1.268575874872106901e+01
5.687065251705054614e+00 1.189518830531116755e+01
6.254104307831190646e+00 1.105039057623237575e+01
6.692204174100483627e+00 1.023901698927080517e+01
6.570756737335146092e+00 9.565027684481160364e+00
6.022160351574846082e+00 9.202012147520983731e+00
5.292327859780902699e+00 9.138420714267377676e+00
4.618712377118723289e+00 9.119181701099199344e+00
4.226798905910409410e+00 8.874779763521301490e+00
4.202658793493823985e+00 8.447891742794560344e+00
4.403254041013757281e+00 7.964250113848584611e+00
4.583177679753565492e+00 7.486820986406212519e+00
4.547837198434807604e+00 7.084042212769660729e+00
4.297657355531840473e+00 6.826226332151404286e+00
3.921457210071325417e+00 6.720111780813257774e+00
3.544830327847305451e+00 6.642060359572339756e+00
3.286928598119152944e+00 6.472889628314504762e+00
3.218782325838705827e+00 6.196420504527390349e+00
3.288381957218122764e+00 5.877435868000979724e+00
3.353083316548949977e+00 5.557561889753414697e+00
3.264843507139055134e+00 5.277927579642120115e+00
3.040444859408873324e+00 5.063931357966328761e+00
2.742450960363979728e+00 4.901196091625185325e+00
2.463663491273783812e+00 4.710965008912025631e+00
2.265242014610356236e+00 4.446828464552672777e+00
2.134533342451207627e+00 4.136116130928865431e+00
2.018944837972096007e+00 3.818699464522933074e+00
1.888578161462680649e+00 3.516614751771418135e+00
1.743386503643138852e+00 3.234206219122459647e+00
1.590173057614135077e+00 2.967674223970636405e+00
1.432948863391207528e+00 2.711716283394764115e+00
1.277344236154146273e+00 2.458939761313788885e+00
1.124542520114247157e+00 2.203776646168204678e+00
9.756843340917472629e-01 1.940338839643336533e+00
8.286288047086860509e-01 1.664838758448533351e+00
6.834179888202414066e-01 1.375061328821382878e+00
5.417495692885797576e-01 1.071187309692832379e+00
4.039759244638351232e-01 7.589668101796617217e-01
2.722486214510018709e-01 4.527410431288234061e-01
1.395574429836908825e-01 1.820211112477712334e-01
3.122973168974068568e-05 -3.452667113923713863e-04
