-3.206680075555080123e+01 4.411095256334613879e+01
-4.603747244715273013e+01 4.396341254840005064e+01
-4.966784501053329848e+01 4.380480289561869256e+01
-4.762441359554803455e+01 4.362074964022856705e+01
-4.287861571120983939e+01 4.338927850359482363e+01
-3.759455260341622562e+01 4.307425073227209822e+01
-3.377551131046590882e+01 4.261456420497717090e+01
-3.120393231804980871e+01 4.305532056409819575e+01
-2.978334543547460456e+01 4.295914196364668669e+01
-2.976115150002692289e+01 4.072836271390492158e+01
-3.075207291665063281e+01 3.825961310569763896e+01
-3.309347067403331977e+01 3.724099568077812705e+01
-3.476933674978680955e+01 3.591573199759702817e+01
-3.482971191677795275e+01 3.417942172028964620e+01
-3.339872004820386309e+01 3.274141627650753605e+01
-3.169848952918407647e+01 3.157190053604467650e+01
-3.188925426333878477e+01 2.977427131707715446e+01
-3.276554943310261336e+01 2.796592551516996394e+01
-3.227790703957180085e+01 2.635126680668579979e+01
-3.120883972484261903e+01 2.501490779717262924e+01
-3.068312529161562807e+01 2.356952294310169194e+01
-3.047129863789750459e+01 2.214662538826824800e+01
-3.032729349419147269e+01 2.081825919035440720e+01
-3.054049967680804301e+01 1.958138785833707374e+01
-3.105378890496005795e+01 1.846276360226566737e+01
-3.113478904581685214e+01 1.734833971214679949e+01
-3.059608851104439253e+01 1.631652679018549179e+01
-3.005379161861045390e+01 1.530587254178398382e+01
-2.997512652116545340e+01 1.431209999253500165e+01
-3.047745111671460805e+01 1.350755340547415884e+01
-3.141906256316370616e+01 1.297982643097070010e+01
-3.225142256891687964e+01 1.239667141286926721e+01
-3.250455415032052997e+01 1.156572277078471522e+01
-3.219866809653028383e+01 1.072113942117573337e+01
-3.145992806238030326e+01 1.005123311239963435e+01
-3.073079696981953290e+01 9.413970883649636079e+00
-3.046187252205876206e+01 8.653252346854726440e+00
-3.067360098419797865e+01 7.894999485771537984e+00
-3.127498590208853102e+01 7.273560433186458063e+00
-3.206458614418093589e+01 6.805736000099156691e+00
-3.269055650235365817e+01 6.304734061957947056e+00
-3.280326718659315333e+01 5.655975415441075960e+00
-3.234455433821301540e+01 5.034921687410897739e+00
-3.174574434046242644e+01 4.386769078442120495e+00
-3.143458261692352096e+01 3.623340497225433499e+00
-3.140233620668744052e+01 2.876552601778729734e+00
-3.165384435359280602e+01 2.280110028088710550e+00
-3.222996246508584761e+01 1.977438245764829183e+00
-3.296364284545515488e+01 1.933206390653184004e+00
-3.366164631094257231e+01 1.897818551540061405e+00
-3.410651059942858865e+01 1.514644519261248767e+00
-3.434949347474162806e+01 9.016669381300447261e-01
-3.449038239456273658e+01 1.850337192226932104e-01
-3.459909746463018365e+01 -5.566143715029111538e-01
-3.464774844667124398e+01 -1.279629776194165069e+00
-3.460342891139083576e+01 -1.941138902443414027e+00
-3.442031743822417411e+01 -2.484006069759275181e+00
-3.408228995701339414e+01 -2.827929013094940824e+00
-3.363553467212209824e+01 -2.894673836537495770e+00
-3.316078222637154482e+01 -2.641426338359802450e+00
-3.269542909951611165e+01 -2.195946522179732519e+00
-3.224051390060875377e+01 -1.697637404285270213e+00
-3.175654215470252950e+01 -1.388537383805433567e+00
-3.121212602607885955e+01 -1.533999320485060380e+00
-3.073318316256063909e+01 -1.994375180804132341e+00
-3.040555244734623486e+01 -2.679357805015129657e+00
-3.014162417312628506e+01 -3.400702174486532225e+00
-2.970614256770333128e+01 -3.928509903345871024e+00
-2.899028402919707759e+01 -4.057875212459189029e+00
-2.814666445175786436e+01 -3.973060894081744898e+00
-2.725263919998334217e+01 -3.928832938375907080e+00
-2.632933538917095717e+01 -3.969546657266755929e+00
-2.537389977413507225e+01 -4.019092910374031824e+00
-2.437100354024375548e+01 -4.020730303758107915e+00
-2.330939840142270469e+01 -3.950490709663289302e+00
-2.217910547768606833e+01 -3.826558646819078646e+00
-2.097188110355950741e+01 -3.669260872979070776e+00
-1.969150472914926553e+01 -3.491073626235976501e+00
-1.834554368036017635e+01 -3.296302173733840490e+00
-1.694691158629686001e+01 -3.087632590090956697e+00
-1.551154767323981609e+01 -2.870026462746310791e+00
-1.407367051553689308e+01 -2.647596413488939149e+00
-1.267126650563391621e+01 -2.441046477849821095e+00
-1.133427174386333647e+01 -2.249667675345581763e+00
-1.007842830489767216e+01 -2.075466990592978789e+00
-8.919467141594035198e+00 -1.899677531658551910e+00
-7.869813199037317020e+00 -1.721109520537247306e+00
-6.935309540909643466e+00 -1.542367650042420379e+00
-6.103270453422719122e+00 -1.366525088808029142e+00
-5.352598763648496849e+00 -1.215242000551795210e+00
-4.669438496821399553e+00 -1.083846321602242257e+00
-4.040998178846879618e+00 -9.579416406582460519e-01
-3.457816190140189594e+00 -8.101610026286073518e-01
-2.910763741691415607e+00 -6.374558297480202862e-01
-2.388697847891320336e+00 -4.559945357543274680e-01
-1.880555128950159860e+00 -2.916700355798088617e-01
-1.382580260239686165e+00 -1.614539854844816436e-01
-8.997495893702871506e-01 -6.666000470858036986e-02
-4.376107268767688852e-01 -1.213425111862642333e-02
-5.120882741100022504e-08 1.864698143897192851e-08
