-4.522123949011960775e+01 -4.399008625333554079e+01
-6.000813319522993794e+01 -4.326260643006232698e+01
-5.906158936536877491e+01 -4.237242624664789759e+01
-5.168246150804885275e+01 -4.110126664599585666e+01
-4.496404755057268687e+01 -3.910045065134328723e+01
-4.194754262984892534e+01 -3.587488694279018375e+01
-4.172320191074443585e+01 -3.164620109547028193e+01
-4.133011381649313165e+01 -2.761497208940336279e+01
-4.059198600146667957e+01 -2.402625350295100404e+01
-3.986861022206878147e+01 -2.079587086018926456e+01
-3.915481664329805511e+01 -1.786693288494107890e+01
-3.832028585941927901e+01 -1.524814797208759565e+01
-3.740840037710579935e+01 -1.291972647205154345e+01
-3.680698437326049799e+01 -1.075490430746391013e+01
-3.693793881993799744e+01 -8.710853206019637085e+00
-3.699035177944824682e+01 -6.903821695389074975e+00
-3.599546179871806117e+01 -5.676010475869042615e+00
-3.453734463680575573e+01 -4.849694417898978926e+00
-3.370281348129919508e+01 -3.621440520761733950e+00
-3.385022818215135487e+01 -2.286631738755519727e+00
-3.487101605818934758e+01 -1.201012884280779236e+00
-3.571161485765450294e+01 -1.187572084237286524e-01
-3.561171330336777174e+01 9.923365814394176088e-01
-3.471313171741019943e+01 1.780950634864326920e+00
-3.338660820169539534e+01 2.124545790602196949e+00
-3.198492335614058391e+01 2.216174773390885200e+00
-3.068363905869054165e+01 2.280757085082927293e+00
-2.952109386084034170e+01 2.191542551056111066e+00
-2.858858295226896473e+01 1.829855388227275670e+00
-2.812843928211131939e+01 1.156057967831798816e+00
-2.845321626575646334e+01 2.853803483826906628e-01
-2.899055349815974836e+01 -5.909250285604827901e-01
-2.924522339627252165e+01 -1.276604628313528611e+00
-2.861017418715482563e+01 -1.513701052182097051e+00
-2.766627872461676318e+01 -1.195479108731999807e+00
-2.666486516997511558e+01 -8.928509846476897494e-01
-2.584074510058610130e+01 -1.165189032208308495e+00
-2.529148273382223877e+01 -1.857519260750748469e+00
-2.505766533146521624e+01 -2.821122272670151698e+00
-2.508790412700161454e+01 -3.948739878891135202e+00
-2.514832405188413134e+01 -5.201840265566477939e+00
-2.488021491084380798e+01 -6.620031998656209282e+00
-2.445330140943774211e+01 -8.274595972256729937e+00
-2.402374387470982597e+01 -1.022567114631504559e+01
-2.365177696189824630e+01 -1.247843541423272740e+01
-2.327630210891900475e+01 -1.498489299459744295e+01
-2.290217255302237476e+01 -1.765399421552712411e+01
-2.252924830320682759e+01 -2.036191964662413767e+01
-2.210950608634099268e+01 -2.298351691643760120e+01
-2.166613981021698621e+01 -2.546894095202222985e+01
-2.122973625596618774e+01 -2.780787033134394193e+01
-2.084511742527503486e+01 -2.997784464899223522e+01
-2.054104748900093114e+01 -3.195599103981059486e+01
-2.026318664402232628e+01 -3.374051765252497148e+01
-2.006056371092164170e+01 -3.533054093067158163e+01
-2.007742237789926421e+01 -3.672883433696490130e+01
-2.020660158960581398e+01 -3.794826953963193006e+01
-2.017141827348885386e+01 -3.897341691951923792e+01
-1.979643913005817524e+01 -3.971303470683908898e+01
-1.913012421277278108e+01 -4.006268678960349661e+01
-1.835691762292974616e+01 -4.003023102835692981e+01
-1.763240023585093041e+01 -3.982879649589698801e+01
-1.704262913780369715e+01 -4.007301111412188277e+01
-1.654807019679285673e+01 -4.051998337341267131e+01
-1.600750099120511294e+01 -4.083716396022006734e+01
-1.542018408359603576e+01 -4.093763497302801113e+01
-1.483256523238939550e+01 -4.088350830651259571e+01
-1.426303865062430631e+01 -4.074549450543493379e+01
-1.372049584271231026e+01 -4.055102893067425640e+01
-1.321797421570602360e+01 -4.028541405300430966e+01
-1.276127090308387402e+01 -3.993961455399638538e+01
-1.233142436338589576e+01 -3.954694233432118722e+01
-1.186335788939376634e+01 -3.920284716094775490e+01
-1.129283048670062506e+01 -3.902049239206541387e+01
-1.071269157025175822e+01 -3.883114327611210825e+01
-1.021539188230282846e+01 -3.849837705587484038e+01
-9.868037245226606302e+00 -3.798647864754376258e+01
-9.689605535267578063e+00 -3.731991023846415345e+01
-9.587228280939880776e+00 -3.655739770295992486e+01
-9.323300553517604783e+00 -3.577816027413363997e+01
-8.807937701207238845e+00 -3.502250595062105987e+01
-8.224563513794283409e+00 -3.418913949068355862e+01
-7.805973691799846570e+00 -3.314105636672686472e+01
-7.628281587743564351e+00 -3.184127791491557602e+01
-7.494009277910794964e+00 -3.031575537941920828e+01
-7.252201943579184018e+00 -2.856708202395509844e+01
-6.928706966510069343e+00 -2.656911615563811679e+01
-6.457433348981997057e+00 -2.431561637368515960e+01
-5.824202992931392764e+00 -2.182530644159366773e+01
-5.078742438542961146e+00 -1.913195758832030080e+01
-4.282842322152187187e+00 -1.628651828731134898e+01
-3.462925207294778929e+00 -1.337712569915930771e+01
-2.633408182111754758e+00 -1.052988014170477449e+01
-1.913598373222658022e+00 -7.906761554406931403e+00
-1.358076626782514396e+00 -5.595223992155253789e+00
-9.285819927865260892e-01 -3.603899436285811664e+00
-5.768970713011527529e-01 -1.940370855670709993e+00
-2.794250020482331176e-01 -6.226664896655755843e-01
5.714358302502892117e-02 2.344632256256588276e-01
3.086280862313519868e-09 1.707454004768421274e-07
