-2.107640053411496339e+01 -1.854726000149455700e+01
-2.539170288130534558e+01 -1.603366000734821739e+01
-2.341436911196230497e+01 -1.296389819698481816e+01
-2.103041888049830987e+01 -9.756640697607032564e+00
-2.063553372340589220e+01 -6.246540214416374859e+00
-2.093039829897185555e+01 -3.152162872070686461e+00
-2.122368885079727718e+01 -5.625285314595505071e-01
-2.132960972781207687e+01 1.605837233494711525e+00
-2.130666856957092747e+01 3.450790519375004806e+00
-2.120734169308587269e+01 5.060701442686634799e+00
-2.108340803820408738e+01 6.508287642717350607e+00
-2.093374913540186810e+01 7.836101203221875977e+00
-2.073290171910448620e+01 9.067451699889828021e+00
-2.046517064011155895e+01 1.021794152360736518e+01
-2.015321276298506703e+01 1.130536697863060169e+01
-1.982554513853003897e+01 1.234754969513340939e+01
-1.950712262539754605e+01 1.335878371134674758e+01
-1.921174350873882020e+01 1.434782422607004371e+01
-1.891538781878889353e+01 1.531024211999534757e+01
-1.858578607780316361e+01 1.623962105798931788e+01
-1.820995769168249367e+01 1.713424006864923399e+01
-1.779634184939170893e+01 1.799943564716841493e+01
-1.736070188835821426e+01 1.884460589098895511e+01
-1.689751120192181943e+01 1.966981792484468627e+01
-1.638934111365319524e+01 2.046955334688820116e+01
-1.583589094879334880e+01 2.124965566933019545e+01
-1.524417735662538576e+01 2.202150001354759823e+01
-1.461441456408587491e+01 2.278937239057077591e+01
-1.394484567688493470e+01 2.354984667793719666e+01
-1.321326178861051659e+01 2.427570611402008183e+01
-1.240161346450066659e+01 2.494043157035509140e+01
-1.149837687230879268e+01 2.551257817638067849e+01
-1.050074139257615258e+01 2.596541508959744959e+01
-9.430217995216738203e+00 2.632230530366772925e+01
-8.309174916134232092e+00 2.661594791818559713e+01
-7.153801649047641931e+00 2.686603401483062115e+01
-5.976658189075090277e+00 2.707714035674540298e+01
-4.790182714577277068e+00 2.727036844256360837e+01
-3.598271593817087055e+00 2.744697502260164512e+01
-2.401492546641256887e+00 2.759780464430634339e+01
-1.201887105920959931e+00 2.771138451307190209e+01
-3.141865769212364139e-03 2.779840121672644671e+01
1.190778067120727979e+00 2.786632887225394128e+01
2.375309410729896875e+00 2.790792402737708855e+01
3.546470137770987741e+00 2.790723991951470140e+01
4.700174899455258348e+00 2.785561612737542347e+01
5.832334803055839068e+00 2.775169727161929245e+01
6.939964630865159911e+00 2.758269003802672614e+01
8.017282011910367601e+00 2.733115086530642657e+01
9.062358084450298890e+00 2.701568988075616673e+01
1.007650748413605157e+01 2.665926133277317334e+01
1.106737192762218847e+01 2.629473543185682871e+01
1.204163275279405276e+01 2.595521235806178595e+01
1.299842213322212991e+01 2.565410884343628339e+01
1.390791780850525150e+01 2.533089060743747822e+01
1.471686764269203529e+01 2.488920637041049488e+01
1.536546449598307795e+01 2.426309380772450908e+01
1.586682789641053937e+01 2.349763629520029795e+01
1.633302449514609478e+01 2.269945868707913661e+01
1.686343947151114975e+01 2.194927754224512384e+01
1.742843896184120567e+01 2.123731365128559290e+01
1.791369398255422851e+01 2.049014382167213100e+01
1.825825051734242876e+01 1.967606865088768231e+01
1.848986653572246652e+01 1.881242992726186358e+01
1.867120992740599661e+01 1.792806679540737846e+01
1.882013356582980279e+01 1.703755586800768995e+01
1.892266516021453526e+01 1.614658934286491387e+01
1.894950731574739677e+01 1.526041276076290210e+01
1.888689129445923243e+01 1.438730662423961526e+01
1.875280765701991115e+01 1.353126184276255728e+01
1.857118790509258588e+01 1.269107910607941392e+01
1.835417678826144794e+01 1.186793919312739121e+01
1.809486848443937745e+01 1.106814860734551864e+01
1.777564334497226639e+01 1.030077409587618398e+01
1.739484795808661133e+01 9.568138863168490715e+00
1.695912280090048441e+01 8.867715110032021286e+00
1.648158037696054024e+01 8.193845015613277383e+00
1.597609718875559182e+01 7.540980485248605980e+00
1.544399147301056274e+01 6.913837099856943169e+00
1.487954600492665413e+01 6.321732596718782737e+00
1.427372437688324247e+01 5.774758757949998156e+00
1.362714735864784288e+01 5.270742295389355903e+00
1.294139767117691875e+01 4.804661634867046338e+00
1.221921168696528959e+01 4.368962912017188671e+00
1.146540433526162772e+01 3.951710668446874131e+00
1.067964724508939867e+01 3.553564752868377141e+00
9.861159173575357428e+00 3.179056370133203746e+00
9.009551517623519246e+00 2.835413936638371268e+00
8.132379391744427366e+00 2.518219761883809582e+00
7.233356516331906683e+00 2.227069793757652238e+00
6.319192839245658000e+00 1.958610076905287878e+00
5.399493801468188359e+00 1.710442838827650469e+00
4.487036549970834010e+00 1.484236265523703580e+00
3.599030981378229299e+00 1.283738545229796690e+00
2.756660967211622904e+00 1.103128513348420769e+00
1.979179617927931290e+00 9.307559586322172729e-01
1.286395041313574961e+00 7.521559946523465046e-01
7.070984085038569678e-01 5.399290165935117791e-01
2.738359581358329464e-01 2.745694691928510789e-01
-2.289152521808179592e-08 7.918211799450285656e-07
