4.062778315624530734e+01 4.767056210903781732e+01
5.667249361186174639e+01 4.730250848402148733e+01
5.916284132060144429e+01 4.692437036844288656e+01
5.463733877855343479e+01 4.652273700206477258e+01
4.731058879993729960e+01 4.607645659703550223e+01
4.046941488569280665e+01 4.554996805932043458e+01
3.756153336877245152e+01 4.488126734690767705e+01
3.719473324714969209e+01 4.336108969879631303e+01
3.793225093338975284e+01 4.193345942544578264e+01
3.779388541403504576e+01 4.072122167503911783e+01
3.684394622325670809e+01 4.026268722509406928e+01
3.553984089814301228e+01 4.049082543843226745e+01
3.423762611118321786e+01 4.038419429834070939e+01
3.308817520950708513e+01 4.001194600025438319e+01
3.233398751486096501e+01 3.931177782540406440e+01
3.203835584019364546e+01 3.849429571849754694e+01
3.230350705942458944e+01 3.787021378688253037e+01
3.312014135931650571e+01 3.765237891658232172e+01
3.410961873227088148e+01 3.752119880870838386e+01
3.501530791602901616e+01 3.733950372725465883e+01
3.557029124586654945e+01 3.698991813186852085e+01
3.544755020582415028e+01 3.647356559992084613e+01
3.493257210107133659e+01 3.596154675539765577e+01
3.421322794012506563e+01 3.554478914306258730e+01
3.339856406530805089e+01 3.527933611891545240e+01
3.255050542987853390e+01 3.518693267874897401e+01
3.170566369863345457e+01 3.525707385190094811e+01
3.088263179414301618e+01 3.544774017848728676e+01
3.008739113651357044e+01 3.567280686140415469e+01
2.937361980507017378e+01 3.598012636624087435e+01
2.885262965994604301e+01 3.646717346131112691e+01
2.868013219569330019e+01 3.721249266205233397e+01
2.883788854908267396e+01 3.819827484545280782e+01
2.896444632616888626e+01 3.937640376697125077e+01
2.877524733299669180e+01 4.038962215254778698e+01
2.786558489126858618e+01 4.058990791765667439e+01
2.666471982211126956e+01 3.986380763346652145e+01
2.526166051161452941e+01 3.940678924694666563e+01
2.428610835294128023e+01 4.048866259976789195e+01
2.403221085681745350e+01 4.228905627267587874e+01
2.298594140416689768e+01 4.341455356244847508e+01
2.153404521420127082e+01 4.314357390608518017e+01
2.019570203575581857e+01 4.258909660750951076e+01
1.952714579935435069e+01 4.367085777365394961e+01
1.914489877627642755e+01 4.513421533754046777e+01
1.805030875760172293e+01 4.557402261816989153e+01
1.713972025285389833e+01 4.470196456971606835e+01
1.627475470901780596e+01 4.384593449434694179e+01
1.538709207817833757e+01 4.390029756634731939e+01
1.483838536093848326e+01 4.485205955870409866e+01
1.455912624000363387e+01 4.603396189513743053e+01
1.375664507774275158e+01 4.662246799335483871e+01
1.275564962019668513e+01 4.649795678856528269e+01
1.197118354392775785e+01 4.573528209220648932e+01
1.161611534846685956e+01 4.459396434111572205e+01
1.102492892660861123e+01 4.382622585009212202e+01
1.014215476382431369e+01 4.422301517061228537e+01
9.189201569135482472e+00 4.474432334696636104e+01
8.197401704226477293e+00 4.448263489258280146e+01
7.336078628882853003e+00 4.383530900078347514e+01
6.671407917123337583e+00 4.297264522013954746e+01
6.287692040242260916e+00 4.198042693800303482e+01
6.100721122688538500e+00 4.100446799359778538e+01
5.355848276010886089e+00 4.044368340513680238e+01
4.650881787825719371e+00 3.981530394368719783e+01
4.246779443484758332e+00 3.899494571712335755e+01
4.119599423986307407e+00 3.806977377958519781e+01
3.947202229111665073e+00 3.716124125887528606e+01
3.652929746255140664e+00 3.629267801382611935e+01
3.361913363369629870e+00 3.542034944519921424e+01
3.109822354406234446e+00 3.451017327190260175e+01
2.907281213166544642e+00 3.352264837613866888e+01
2.732224413159299647e+00 3.243528597309661876e+01
2.575120038968783387e+00 3.123190953376462531e+01
2.449622965722631829e+00 2.988403928568140344e+01
2.339613722097519499e+00 2.838067633972897141e+01
2.229285312155665721e+00 2.673685399609442825e+01
2.066111356366379770e+00 2.497839029528355681e+01
1.866564838892921241e+00 2.315715133764430789e+01
1.664283611663810003e+00 2.132394555457705820e+01
1.523036785005265736e+00 1.950081390366299416e+01
1.401186143060116684e+00 1.771129054986225881e+01
1.232120910359635113e+00 1.596193438860932901e+01
9.555584743712212115e-01 1.424965041850073000e+01
6.971157737743458593e-01 1.253054578230624827e+01
5.941252932259003527e-01 1.079543397591496934e+01
5.519195497794168181e-01 9.083593238877877951e+00
4.702474687808845255e-01 7.443179740624679575e+00
3.415731003090255458e-01 5.909943801767759020e+00
1.910299558636632811e-01 4.526031846129099812e+00
5.532200887613717560e-02 3.320834754766661234e+00
-5.076783580151448400e-02 2.311061049426825331e+00
-1.333638460590933217e-01 1.517544338535812942e+00
-2.090520991154083963e-01 9.357329204401054756e-01
-2.885260526835257133e-01 5.310503245505719949e-01
-3.268184842316643191e-01 2.471576531033183310e-01
-2.952476546483338016e-01 5.873525231447880579e-02
-2.171155095030909976e-01 -4.176144735992914220e-02
-1.139873733848184717e-01 -3.468877254406051158e-02
1.003278089986602641e-10 -2.623128507867071569e-10
