3.039042914715572508e+01 4.595696424648989620e+01
4.372732645030841780e+01 4.507019879536723295e+01
4.722537221679129260e+01 4.422049144573551871e+01
4.519704514838382181e+01 4.345583403806738687e+01
4.032478745350625360e+01 4.284932167423225735e+01
3.445229847848041516e+01 4.252078308150246500e+01
2.912826102403553463e+01 4.267203784974855552e+01
2.554653478764270602e+01 4.344154010432368551e+01
2.335518336779268012e+01 4.256662653335581581e+01
2.268172704263603379e+01 4.030235188103707600e+01
2.205343099485407521e+01 3.790301645905990569e+01
2.078816986592361360e+01 3.606260818919088962e+01
1.930033943155999765e+01 3.515433003800668388e+01
1.787174150024722508e+01 3.605148880977372272e+01
1.659238853020060134e+01 3.743681142670246231e+01
1.561415057120477456e+01 3.698275404143581113e+01
1.525425729530970642e+01 3.555969684396645647e+01
1.550695464887671449e+01 3.391837473287704086e+01
1.586312283951585478e+01 3.256151625851783393e+01
1.632671309621572320e+01 3.160810337056435770e+01
1.626093952049408031e+01 3.088206475292460595e+01
1.600377768558147906e+01 3.029497406470036580e+01
1.587289095434093511e+01 2.977625471534732426e+01
1.597068672443708337e+01 2.932409929109079627e+01
1.623784136183438775e+01 2.894181656875853648e+01
1.657523569551172216e+01 2.859968648374755062e+01
1.692158092933265578e+01 2.826823494962003025e+01
1.722789117720616048e+01 2.791432325882875887e+01
1.747059646257104504e+01 2.752505970890916487e+01
1.771288547701292515e+01 2.715017520564388676e+01
1.800613712381469611e+01 2.683913411970193508e+01
1.835363059701345989e+01 2.661403943632708291e+01
1.873569058734414483e+01 2.648155180925944663e+01
1.912742780065523007e+01 2.645179624156607190e+01
1.949987089537373919e+01 2.654600126221390610e+01
1.981681748328035653e+01 2.680076497266449564e+01
2.005008610952283377e+01 2.723462087104761054e+01
2.026424140238960803e+01 2.778546156150590463e+01
2.052712050193924753e+01 2.841826007320042535e+01
2.087502764064019800e+01 2.913294782885733269e+01
2.126536402842273432e+01 2.977815738576325444e+01
2.176735615088617237e+01 3.005762581746538942e+01
2.244093750073246341e+01 2.961019970891107178e+01
2.316850029096164931e+01 2.892124447285363686e+01
2.401914125391945731e+01 2.865037622619062319e+01
2.486539884527815047e+01 2.896047463625972895e+01
2.563786447368956800e+01 2.905560774836796867e+01
2.617736040242490247e+01 2.858915830753228704e+01
2.653491857174007507e+01 2.784053939799976263e+01
2.695441521574828769e+01 2.713281372707356454e+01
2.730726372338260077e+01 2.645961959953695342e+01
2.754221478544459245e+01 2.580695449974850320e+01
2.760711844709265250e+01 2.517734725012488539e+01
2.747114267954389533e+01 2.460678350584271001e+01
2.715498893803378166e+01 2.415112432958400390e+01
2.668984633947626506e+01 2.388037099844957112e+01
2.613639847090188439e+01 2.384231020685765046e+01
2.560103244824246360e+01 2.383006368294669386e+01
2.518886654446644968e+01 2.374040581518234205e+01
2.503531523778259427e+01 2.348901830816684821e+01
2.507398492319000027e+01 2.315081347205707374e+01
2.526282718719073017e+01 2.278511738860474978e+01
2.551447233499003175e+01 2.241088024319157768e+01
2.571710554481732558e+01 2.202031870678440129e+01
2.577657468824107312e+01 2.161099115221828981e+01
2.569226381586281249e+01 2.120747873008014039e+01
2.548944914219974933e+01 2.083927218152319583e+01
2.519024689013895468e+01 2.053851158517457876e+01
2.480445390780430870e+01 2.034745712056203004e+01
2.434529306122643533e+01 2.030484703671508839e+01
2.384623567906616515e+01 2.037320207387812232e+01
2.333917641242522478e+01 2.038190876237153404e+01
2.285934339401415372e+01 2.020146585461626998e+01
2.242631859990828858e+01 1.983682308905581237e+01
2.200941933260474670e+01 1.936088489774617472e+01
2.153431147566823967e+01 1.886456843735951239e+01
2.094942838352328707e+01 1.839556291518902142e+01
2.026971123030770272e+01 1.792093614985126493e+01
1.952097968664332583e+01 1.739189036619854889e+01
1.871334612987631374e+01 1.678371225463821403e+01
1.784846597011338076e+01 1.609012346281654260e+01
1.691317461518935517e+01 1.533225047133927887e+01
1.589828067768191922e+01 1.453075640174735383e+01
1.481967674857201267e+01 1.367611909260281777e+01
1.371141387026799840e+01 1.275162120941187283e+01
1.260153401038935073e+01 1.176098178969747465e+01
1.148448587275003163e+01 1.072513908599285948e+01
1.036196730902512364e+01 9.682900923895035206e+00
9.244537033848644114e+00 8.667919833447605527e+00
8.144752571191260060e+00 7.696715643585763544e+00
7.075796216130934901e+00 6.773877116018546474e+00
6.053642177315794903e+00 5.894171220938526190e+00
5.080714857060893763e+00 5.052579249400455552e+00
4.150924308366672477e+00 4.251820627175453282e+00
3.263721505644379128e+00 3.483453772448215080e+00
2.423854259889539176e+00 2.730063262357346865e+00
1.644878142894939277e+00 1.988499033357785883e+00
9.497385783092445743e-01 1.260546213670052262e+00
3.875757279550183232e-01 5.670053464783750830e-01
-4.174265908036365068e-05 6.467956349310834347e-05
