1.276702546710283492e+00 4.393462490882726001e+01
1.925189103645895905e+00 4.322909849755102840e+01
2.077403965239089878e+00 4.256074112194215076e+01
1.844804536230773673e+00 4.197854550662921014e+01
1.315582772280282864e+00 4.153672476375175648e+01
5.599602996762743645e-01 4.129799593013750325e+01
-3.655512055133318672e-01 4.133738143750485960e+01
-1.415275207933684776e+00 4.165632010430290677e+01
-2.564711526901110261e+00 4.218472758938447242e+01
-3.806963774198657724e+00 4.283334498999045792e+01
-5.151665378374286952e+00 4.349986658099413006e+01
-6.613569423505647471e+00 4.408429141839383192e+01
-8.192922693181456495e+00 4.452520282482382896e+01
-9.870160785000306802e+00 4.481303686359373017e+01
-1.161874796770090157e+01 4.496239249158191598e+01
-1.340986061465948964e+01 4.499808752090775954e+01
-1.521467864765627276e+01 4.494956183713649267e+01
-1.700635689394799854e+01 4.485575748578404642e+01
-1.875914322899427589e+01 4.476668946563955842e+01
-2.044726727341859629e+01 4.472753658093557050e+01
-2.204729520458850800e+01 4.477570611530481415e+01
-2.353932128339322816e+01 4.493313270555015038e+01
-2.491138730184400529e+01 4.518037580464635994e+01
-2.616347704700803334e+01 4.545145630370958401e+01
-2.729911561330137459e+01 4.568336081128160941e+01
-2.831996182686817320e+01 4.582608992912692258e+01
-2.922433589409849475e+01 4.585103531353303907e+01
-3.000699945904825938e+01 4.574629892820509980e+01
-3.065990730684274013e+01 4.551182817926638080e+01
-3.117482212738002190e+01 4.515683283350399790e+01
-3.154485884163202059e+01 4.469620066945761039e+01
-3.176548118202904547e+01 4.414679976982495901e+01
-3.184379815030868599e+01 4.352788399028792554e+01
-3.180458366041882812e+01 4.285850439449119875e+01
-3.168771163787191014e+01 4.215294327709909084e+01
-3.154409907605543140e+01 4.141971771565624749e+01
-3.141851914293309633e+01 4.066403089212646194e+01
-3.136974948465365642e+01 3.988637341462278130e+01
-3.144120353852499150e+01 3.908682211399434436e+01
-3.165494122693547396e+01 3.826084843075242503e+01
-3.193977487558622030e+01 3.739319901666722501e+01
-3.223784544267576280e+01 3.647039029875855221e+01
-3.251272757751221576e+01 3.548498482132360010e+01
-3.274733559721315856e+01 3.443575858810820733e+01
-3.293885371298604525e+01 3.332529926060092151e+01
-3.309259780655190042e+01 3.215748596660417036e+01
-3.321672889067615841e+01 3.093647555056501730e+01
-3.331856553368465512e+01 2.966629681786529460e+01
-3.340380789233143588e+01 2.835169070216486276e+01
-3.347602178799799333e+01 2.699774115233033811e+01
-3.353653296173207110e+01 2.560984940434926216e+01
-3.358546729964758271e+01 2.419411609273547015e+01
-3.362379352681169564e+01 2.275734636445168846e+01
-3.365271736120264734e+01 2.130663403077602069e+01
-3.367560070337057709e+01 1.984949345015110467e+01
-3.369510062568430442e+01 1.839397238788343358e+01
-3.371604804118585719e+01 1.694931394149244497e+01
-3.374198773353157321e+01 1.552551854481558102e+01
-3.377548901853636210e+01 1.413223824232302661e+01
-3.381720106778362123e+01 1.277883137978048289e+01
-3.386768253109986659e+01 1.147392283386034428e+01
-3.392695520701799694e+01 1.022489343194199662e+01
-3.399294856172358692e+01 9.037753644005842801e+00
-3.406007587126883607e+01 7.917528428956025266e+00
-3.411690443701415631e+01 6.868456292057443235e+00
-3.414698354680514569e+01 5.893967578362959259e+00
-3.413391183193710532e+01 4.996407651437881903e+00
-3.406219629594473730e+01 4.177138041011150271e+00
-3.391967421035410268e+01 3.437029021453057887e+00
-3.369936714215958062e+01 2.776451253536619035e+00
-3.339821813343458956e+01 2.195302157376045393e+00
-3.301774082919603615e+01 1.691808416533177928e+00
-3.256156601970843667e+01 1.262391339807774404e+00
-3.203478700348758679e+01 9.010795490333600721e-01
-3.144065734778100563e+01 6.023283898355417110e-01
-3.078106455075829118e+01 3.603357578468011080e-01
-3.005741175377755425e+01 1.680579526604709106e-01
-2.927013165697899666e+01 1.781312250424636756e-02
-2.841816993287078219e+01 -9.748028848769436927e-02
-2.749930184458300175e+01 -1.831813439205514649e-01
-2.651014316766998036e+01 -2.439442608933135304e-01
-2.544672207317069024e+01 -2.834924167029010955e-01
-2.430558184354090656e+01 -3.052055872076959164e-01
-2.308448168376885690e+01 -3.121011769265850111e-01
-2.178266015437855430e+01 -3.066699492589950449e-01
-2.040157193082306009e+01 -2.911905337963438534e-01
-1.894623165002741061e+01 -2.678115038270708625e-01
-1.742574569664685669e+01 -2.387364513985383296e-01
-1.585293466567983778e+01 -2.054779946021582371e-01
-1.424522260876941182e+01 -1.693166165911168808e-01
-1.262289965642777112e+01 -1.312353441614831362e-01
-1.100735538459377949e+01 -9.280135141381948283e-02
-9.419099955945421598e+00 -5.709711876562117983e-02
-7.876674396244741416e+00 -2.695587565444092920e-02
-6.395129339181344186e+00 -4.039191770772077375e-03
-4.984091270426011633e+00 1.114419521117419008e-02
-3.647643767660330383e+00 1.859796018318516514e-02
-2.382252160416874265e+00 1.848130048000978104e-02
-1.174087167826945555e+00 1.112570022678749729e-02
-1.477481877432207189e-07 5.668052143185164506e-06
