-4.698163911295116435e+01 1.441975436747100492e+00
-6.401075888843942607e+01 1.793590213176449844e+00
-6.501940378162288425e+01 2.210481574421199635e+00
-5.848068664784516812e+01 2.780161079298768989e+00
-5.029629200566701286e+01 3.641994665059660630e+00
-4.580722163381010148e+01 5.034975271369735772e+00
-4.458514101864483337e+01 7.352221185863102804e+00
-4.420545329824417990e+01 9.440455086168190846e+00
-4.380732726331696369e+01 1.112583033866599358e+01
-4.329727056971753996e+01 1.245807911656561728e+01
-4.245309169280964312e+01 1.333430183485460852e+01
-4.144314062969380075e+01 1.384885694948791013e+01
-4.096710602326051287e+01 1.468944926100934190e+01
-4.130840954823729305e+01 1.587283060422660519e+01
-4.114906952801450046e+01 1.707554402458340803e+01
-4.027053579518513260e+01 1.791606078541425973e+01
-3.912426898436397948e+01 1.803324493166721254e+01
-3.831721234268032816e+01 1.710168036827305116e+01
-3.773113573042344626e+01 1.617252581683868939e+01
-3.711575960833409482e+01 1.676606204430877867e+01
-3.644085575466230864e+01 1.767267688349505050e+01
-3.555218612049218763e+01 1.769081351733048635e+01
-3.478820136415784248e+01 1.719205895072209955e+01
-3.432033048669480735e+01 1.643768601256070383e+01
-3.416192663468005719e+01 1.561009101858448034e+01
-3.379365025254715960e+01 1.496784746231886309e+01
-3.330606236300730671e+01 1.441537813077325225e+01
-3.289298484089509600e+01 1.377288484660783752e+01
-3.255354330703586641e+01 1.301136518537787978e+01
-3.223093315828030114e+01 1.213838942640497365e+01
-3.192564286826094744e+01 1.114636190362298862e+01
-3.161418778645864336e+01 1.003924382521068637e+01
-3.130654978377440045e+01 8.829240897826537093e+00
-3.099460270584801336e+01 7.540002974841713446e+00
-3.070644059400366643e+01 6.186279008138985347e+00
-3.044698113120861294e+01 4.794231599325281756e+00
-3.020737784626890843e+01 3.410541411094125674e+00
-2.996969301436755018e+01 2.056725254869167685e+00
-2.973081686887288555e+01 7.537248238854675764e-01
-2.949310748651404879e+01 -4.746503497026741125e-01
-2.929525902196343523e+01 -1.616512219513444037e+00
-2.902289959144409082e+01 -2.625806219522194507e+00
-2.858736172231479955e+01 -3.454336198360493881e+00
-2.807380364206805012e+01 -4.128302554463110674e+00
-2.754236870184589137e+01 -4.677863111098019999e+00
-2.701699077616963862e+01 -5.126671217912933010e+00
-2.650057586798729048e+01 -5.492259685264415658e+00
-2.598726711955899660e+01 -5.783110007887561466e+00
-2.547921813240865418e+01 -6.016405598380451636e+00
-2.497469168690231811e+01 -6.196025480733694302e+00
-2.447238726339198678e+01 -6.321486193940184961e+00
-2.397112865766692735e+01 -6.388620483917266668e+00
-2.347116844564423843e+01 -6.402741961579147656e+00
-2.297407270383336808e+01 -6.381735676873778296e+00
-2.248072590640727242e+01 -6.323156973532693570e+00
-2.198935007563829558e+01 -6.238754596286392839e+00
-2.150252049055454506e+01 -6.122446529064546006e+00
-2.102472327727965151e+01 -5.965093657839015684e+00
-2.055266425163275557e+01 -5.770133984428343688e+00
-2.007954722751582466e+01 -5.537805817768396643e+00
-1.959942771111304793e+01 -5.261625525757011701e+00
-1.910877405502965942e+01 -4.933796259178695465e+00
-1.862129701350070476e+01 -4.527292979578243504e+00
-1.812981917064896109e+01 -4.037448396808392737e+00
-1.764486557896722374e+01 -3.439367991543829550e+00
-1.713942407555482461e+01 -2.738539296887608554e+00
-1.660919219039349670e+01 -1.921999738911983391e+00
-1.602951283470153143e+01 -1.007721710221096911e+00
-1.540272815520523331e+01 -7.609069226954885863e-03
-1.474825524054089421e+01 1.067303776932609027e+00
-1.407415526274399298e+01 2.186397294607524522e+00
-1.341112816648225170e+01 3.297246797366438109e+00
-1.277415478380101455e+01 4.354137730728153244e+00
-1.217345882652870870e+01 5.334010289174955233e+00
-1.160520409941850772e+01 6.225094053290886720e+00
-1.104704598419836792e+01 7.029247782685200896e+00
-1.049983060288321468e+01 7.783115835342831801e+00
-1.001672621127031881e+01 8.556486752236542870e+00
-9.566535803275790784e+00 9.325681051698671453e+00
-8.963669555349877527e+00 9.814478018908312507e+00
-8.201132137700680502e+00 9.709493604204457284e+00
-7.420559692923669459e+00 9.327356152104096410e+00
-6.808789668972866416e+00 9.513086861555807516e+00
-6.738927410810341634e+00 1.060812494227398517e+01
-6.564439279746532740e+00 1.170730989759539398e+01
-5.654980154497482481e+00 1.219056183104528124e+01
-4.495665980301310150e+00 1.200115890701067123e+01
-3.411622950982645897e+00 1.147510868848972265e+01
-2.437727915014397784e+00 1.084208134772633514e+01
-1.636235777784736500e+00 1.005456928342554512e+01
-1.132187285882528816e+00 9.056445380766653841e+00
-1.049951552167202706e+00 7.920280972304423628e+00
-1.425836923099937703e+00 6.853397215959679656e+00
-8.621292720413324950e-01 5.921821393122434607e+00
-5.739489156369743661e-01 4.765538521965069663e+00
-4.177839503993162618e-01 3.553501791360397011e+00
-2.686660921319553030e-01 2.412128472504250887e+00
-1.603330958258458450e-01 1.409840523880093510e+00
-8.874629549859430755e-02 5.767394803712000417e-01
-1.104875102812033790e-10 1.528249524279552885e-08
