3.544121897864076232e+01 2.592402875473741020e+01
4.439039676997408179e+01 2.576370807297754340e+01
4.062650366773610955e+01 2.552139437051352999e+01
3.311563645653535559e+01 2.508394290179993646e+01
2.940621460765928319e+01 2.426452431888730388e+01
2.633557227447606053e+01 2.326495126126318880e+01
2.376062301769063012e+01 2.225013291371521618e+01
2.179573424312100727e+01 2.110054965864813070e+01
2.033340970639470058e+01 1.991829509654915142e+01
1.929825148098593601e+01 1.873098007533736009e+01
1.856296301767534729e+01 1.759872996711749238e+01
1.808537368591634831e+01 1.650056526941678570e+01
1.779012640041887394e+01 1.545451789454954117e+01
1.767288758733240783e+01 1.448351383116462721e+01
1.774269873567576994e+01 1.359416266835826193e+01
1.796415398114308459e+01 1.279211654371578177e+01
1.835627873619519690e+01 1.210828467441612588e+01
1.884451179929934383e+01 1.151645328960321635e+01
1.938699018958606146e+01 1.099252060636555761e+01
1.997476828843486629e+01 1.052000427707175767e+01
2.066701422533980548e+01 1.013816943657092118e+01
2.148691794403666933e+01 9.852534076970222543e+00
2.243428604998724651e+01 9.650163110129623689e+00
2.352579203179370637e+01 9.522756946695656310e+00
2.478568092260302791e+01 9.455764791539655434e+00
2.621010249979812556e+01 9.459220490638660550e+00
2.776769670883223995e+01 9.510545124690869656e+00
2.941652193584259223e+01 9.621987940782165794e+00
3.110867611832262369e+01 9.761734359108833914e+00
3.279293345558107120e+01 9.873705989044376352e+00
3.441445931509872480e+01 9.953242148677558632e+00
3.595073882150918365e+01 9.960081245150766094e+00
3.739668338754979260e+01 9.891854415335405548e+00
3.875032304516805226e+01 9.767828380510403363e+00
4.002794253621496523e+01 9.574020899506296089e+00
4.125386784081433689e+01 9.317898640163750912e+00
4.241759659678820071e+01 8.919307489927819077e+00
4.344584901496710927e+01 8.256503490147128588e+00
4.442740040217811526e+01 7.523501883193597806e+00
4.561287733613593787e+01 7.201128672480116677e+00
4.640821767883735305e+01 6.467260979536581189e+00
4.638304035317569429e+01 5.421075164967527726e+00
4.575993274553292167e+01 4.439953271132162982e+00
4.586811412744489047e+01 3.317037807933694182e+00
4.589136479389166112e+01 2.235621548397512814e+00
4.565218072734824517e+01 1.254665523623991419e+00
4.525671693316655819e+01 3.808082969239884874e-01
4.478713188393701472e+01 -4.193082426396921303e-01
4.424758554488914086e+01 -1.181052460779259183e+00
4.360237385452358438e+01 -1.910582942608108903e+00
4.285665086908846177e+01 -2.627832412302583798e+00
4.202069695201625166e+01 -3.353296559464119753e+00
4.107734688904990605e+01 -4.075549158405168626e+00
4.001091210157965605e+01 -4.775834550151573765e+00
3.883474179230486811e+01 -5.457380746766954616e+00
3.756366694567409326e+01 -6.105010782254683299e+00
3.623096510627918576e+01 -6.676681492901886728e+00
3.490006505701383333e+01 -7.171608429477229762e+00
3.357580302841022757e+01 -7.553059005570220030e+00
3.226624952768175092e+01 -7.843114077703960518e+00
3.095329455068884172e+01 -8.002363340138570535e+00
2.961928504720214761e+01 -8.073956341180428709e+00
2.826878311120155729e+01 -8.050737063297447094e+00
2.694236668639811683e+01 -7.972951081399109796e+00
2.566058470319443785e+01 -7.880077790180413544e+00
2.442518578450880895e+01 -7.760669285529016470e+00
2.325770092258942867e+01 -7.514249037925460506e+00
2.217062064980209612e+01 -7.188908510976813382e+00
2.110824595734422360e+01 -6.940780572477660115e+00
2.008361549096692400e+01 -6.588733769908124316e+00
1.909883747372423457e+01 -6.037981863988147069e+00
1.812649071208922180e+01 -5.270243333049641876e+00
1.709100473136239984e+01 -4.349029689943897381e+00
1.599834983931322974e+01 -3.265883429750607636e+00
1.487457959122113493e+01 -2.011232704308687502e+00
1.375738037918061352e+01 -6.267338867648715173e-01
1.265600594084756558e+01 7.743328334412942215e-01
1.162240712377050933e+01 2.118330434834351017e+00
1.061404620862171555e+01 3.304969714879124609e+00
9.612186383062642392e+00 4.281960913552391723e+00
8.716491400375785403e+00 5.121277578219285864e+00
7.850542233311714746e+00 5.755424113327685554e+00
6.936935197751920690e+00 6.092825483747271065e+00
6.031820709029343419e+00 6.263848735106525289e+00
5.155549446374512179e+00 6.385310997084548745e+00
4.277606075949959674e+00 6.422692328038428933e+00
3.374667742110994073e+00 6.405146870290060690e+00
2.442495639829752818e+00 6.304465191040093508e+00
1.526358773142406422e+00 6.015154142528590597e+00
6.797296597470974255e-01 5.580006090186691914e+00
-2.926677096569849090e-01 5.867978837797436675e+00
-1.156589831089143816e+00 5.460293543104823399e+00
-1.413413259673106159e+00 4.546192154460586998e+00
-9.423776471582961944e-01 3.618646989014048465e+00
-1.186057180153019086e+00 2.735290674479964768e+00
-1.218587827655789102e+00 1.925473153151090466e+00
-9.539540451153195599e-01 1.255556453752796564e+00
-6.535664459202467080e-01 6.954649209913332797e-01
-3.371740509403417518e-01 2.642089133862448036e-01
-2.072420284219452255e-10 1.378490127269277471e-09
