-4.830167832864175637e+01 1.748218017535131119e-01
-6.915643386041398344e+01 2.468507201331506529e-01
-7.432768925642976399e+01 3.153404660727219810e-01
-7.081319703883050920e+01 3.756695729455971633e-01
-6.297194178452073743e+01 4.207433301098346679e-01
-5.384841707803462896e+01 4.388249988902425680e-01
-4.609761085538757897e+01 4.099712209801785745e-01
-4.279240934571046040e+01 2.999892411906887046e-01
-4.038056106050058958e+01 3.698183804156922605e-01
-3.844180651449451602e+01 2.315679570321313163e-01
-3.685914143060833226e+01 -1.371089239760267808e-01
-3.548900077451826718e+01 -2.081884209306095468e-01
-3.447076404085725443e+01 4.371682070885232752e-01
-3.342829946385849382e+01 3.053908493164606552e-01
-3.251036227253067068e+01 -1.638548240332327877e-01
-3.163263963805263757e+01 -4.986518795905930390e-01
-3.080509065411695602e+01 -4.073960351094736976e-01
-3.012843108258053704e+01 9.182715513314058942e-02
-2.946676670040738344e+01 2.305740608256869051e-02
-2.913245147699129944e+01 -5.469796133653171966e-01
-2.901497848517341538e+01 -1.270556256421332630e+00
-2.848989324476960405e+01 -1.586027491771754061e+00
-2.789294062923750772e+01 -1.266106679807406543e+00
-2.728809414542022083e+01 -8.700190303284830451e-01
-2.670539364139665750e+01 -1.141536097728689914e+00
-2.648489921201939268e+01 -1.836287820856171482e+00
-2.668741311799728777e+01 -2.616068409955650154e+00
-2.624370646333980517e+01 -3.015543710556492840e+00
-2.557444886207914436e+01 -3.261819444108408295e+00
-2.536932839398206596e+01 -3.979886938594677126e+00
-2.475609199367279700e+01 -4.551065265726808917e+00
-2.448794898110796936e+01 -5.261450251604683714e+00
-2.508371801720820571e+01 -5.864124693707391422e+00
-2.577999748954220394e+01 -6.457444069856605573e+00
-2.551092833456923969e+01 -7.300526539748313226e+00
-2.440401677626724108e+01 -7.664084635206743101e+00
-2.356582406480730540e+01 -8.156513894402390719e+00
-2.399331034372695726e+01 -9.079993942473496560e+00
-2.497495107425559624e+01 -9.937755230381482008e+00
-2.481307568798391827e+01 -1.088093149267302095e+01
-2.358859357757098962e+01 -1.136291772320879190e+01
-2.299139561673067433e+01 -1.212323704954622805e+01
-2.383202797228697989e+01 -1.291122115998165754e+01
-2.470924128099516892e+01 -1.377234788170259527e+01
-2.459447294126945138e+01 -1.490056050613343785e+01
-2.387292879787653987e+01 -1.563260269391197710e+01
-2.292748656717873601e+01 -1.532250885685689568e+01
-2.192129373015939819e+01 -1.476853822398959259e+01
-2.099432640322955734e+01 -1.473945630714304222e+01
-2.042796429129606040e+01 -1.534748592834820435e+01
-2.051488448804856546e+01 -1.623926724489528794e+01
-2.107951727521418306e+01 -1.708031756695799785e+01
-2.148288670067989869e+01 -1.782418334578000341e+01
-2.103703483370944127e+01 -1.839489381647146260e+01
-2.017591072172457345e+01 -1.860583505963067097e+01
-1.925239080060833174e+01 -1.834784336720849751e+01
-1.842589628186776451e+01 -1.792193403212495539e+01
-1.770328053921316069e+01 -1.798610209243215508e+01
-1.721042413748464384e+01 -1.856994936485489589e+01
-1.673926128653279477e+01 -1.918136752809544276e+01
-1.608998202949273804e+01 -1.939701269968059449e+01
-1.538481436696465465e+01 -1.919796232527839308e+01
-1.470326393465733972e+01 -1.879414927330448393e+01
-1.400022051842107018e+01 -1.874982138366752693e+01
-1.337882713897848141e+01 -1.920848589448186772e+01
-1.270237533534897523e+01 -1.957754989218877739e+01
-1.195630329263980585e+01 -1.956349265667572013e+01
-1.123101365977534094e+01 -1.922828718545039806e+01
-1.051879819828027074e+01 -1.882626012398559467e+01
-9.729629212031960961e+00 -1.864910836163670993e+01
-8.965721799144908744e+00 -1.844687844371745911e+01
-8.259840543600571294e+00 -1.816323958492079882e+01
-7.610058384144020138e+00 -1.782183240404389934e+01
-6.994782073954652901e+00 -1.747128303057773735e+01
-6.411120365057666248e+00 -1.711203888606679513e+01
-5.854838653838699614e+00 -1.673852668619738537e+01
-5.321680021974553476e+00 -1.634185672804978395e+01
-4.801163824035665328e+00 -1.592465847814976243e+01
-4.302853624668695254e+00 -1.546631532064354353e+01
-3.824950091235288951e+00 -1.495767378094700817e+01
-3.355963278894742885e+00 -1.440059699374851121e+01
-2.908244707878044899e+00 -1.378665676657105799e+01
-2.459276485398893985e+00 -1.314366431570587146e+01
-2.022256705452321057e+00 -1.247177376621752565e+01
-1.618219019792646263e+00 -1.176683701280642325e+01
-1.238212621993780349e+00 -1.104815157461639785e+01
-8.953522003453066036e-01 -1.032385578598192488e+01
-6.113406020522341722e-01 -9.589775709345184751e+00
-3.970851047318497140e-01 -8.825042373903762893e+00
-2.486298384832414943e-01 -8.002097544569906518e+00
-1.420092010115593661e-01 -7.102981571787218229e+00
-5.506213401540271946e-02 -6.120730673639277697e+00
5.123731058788442289e-02 -5.068006415025426037e+00
1.782094241877288099e-01 -3.991346965572677430e+00
2.951839326848966771e-01 -2.949300390729406640e+00
3.518462622822904340e-01 -1.995471385569737022e+00
3.172631613037862897e-01 -1.195943186479996090e+00
2.723037782657506400e-01 -5.631588389764633495e-01
2.560493796089910457e-01 -1.179725462407413411e-01
3.788701498499723518e-08 -3.007038105081281460e-08
