3.578942657671101557e+01 4.483966868659641847e+01
4.542745878615359345e+01 4.565830042783766629e+01
4.210317131492185894e+01 4.623439190893329709e+01
3.435978302349704450e+01 4.623846329718376325e+01
2.915678550425306170e+01 4.513601790456813490e+01
2.462437406405750906e+01 4.487825956323388255e+01
2.064703096693713036e+01 4.489850111978329039e+01
1.714145247997355526e+01 4.482313958484566996e+01
1.405927368219457918e+01 4.460604205702019698e+01
1.135481085150186153e+01 4.423968790749314905e+01
8.971546211623985911e+00 4.378814928315681954e+01
6.855675533293080548e+00 4.329434775877236063e+01
4.976700322958572897e+00 4.272784856145119647e+01
3.296083607454285413e+00 4.207502477190831058e+01
1.776833887975822979e+00 4.133353794448070317e+01
4.143140656650777243e-01 4.049149763522464696e+01
-7.969642311741708118e-01 3.956597250811238808e+01
-1.852848466270754946e+00 3.856485121785964054e+01
-2.741333156851454511e+00 3.748281177265041464e+01
-3.496557007467993028e+00 3.634492944437177187e+01
-4.138185349923937828e+00 3.516758347987223488e+01
-4.704719135793248519e+00 3.398967863066165762e+01
-5.216076995453859944e+00 3.285127289699845221e+01
-5.512492017746534856e+00 3.173331959144071845e+01
-5.381905059457781526e+00 3.065140493569470337e+01
-4.888431967135005607e+00 2.966058907091587926e+01
-4.277427321641420477e+00 2.871978424489584825e+01
-3.663189070264472491e+00 2.780620996161927039e+01
-3.031696027936417792e+00 2.695268891520948884e+01
-2.367317195504296201e+00 2.617842177981200535e+01
-1.660347500492933115e+00 2.549697903882474037e+01
-9.107261257446875868e-01 2.490259409442878891e+01
-1.148287055684275026e-01 2.438988036655974057e+01
7.241158860100428418e-01 2.394156241115534556e+01
1.618098111515542170e+00 2.354752912321083258e+01
2.580149497390147761e+00 2.318909665996823932e+01
3.630855238013513731e+00 2.287069405731033456e+01
4.794336505980921537e+00 2.259315730058996152e+01
6.107117297477497431e+00 2.234357138145152177e+01
7.608654107979448966e+00 2.212294565365579047e+01
9.327038873417510700e+00 2.192843363319355987e+01
1.128355760362256888e+01 2.176912130939605561e+01
1.348356045395101610e+01 2.163944158957285069e+01
1.588924098863387080e+01 2.152827301422966144e+01
1.840194417069106336e+01 2.145129787056245263e+01
2.090606843741653975e+01 2.136376673690185868e+01
2.329697677540093892e+01 2.123404760381223255e+01
2.548899283071519051e+01 2.104238415799186512e+01
2.743360775311000310e+01 2.079460449693058166e+01
2.913314515432750795e+01 2.048818558130369993e+01
3.064574731196006496e+01 2.017603075379221522e+01
3.203783277820355124e+01 1.991324355539097368e+01
3.334437393781815473e+01 1.968278364617731668e+01
3.453834255710791723e+01 1.936756574363666061e+01
3.544345147042458422e+01 1.865045069589688609e+01
3.588584163649176872e+01 1.742194011550640909e+01
3.652093342378319818e+01 1.625218822874650471e+01
3.746784228844236964e+01 1.557467153927406045e+01
3.864088709018870560e+01 1.597711270584564502e+01
3.981444520374568441e+01 1.652804595507415897e+01
4.085185231698653041e+01 1.615759972734131722e+01
4.149599199853498988e+01 1.520780080194503903e+01
4.157792598849734134e+01 1.406984960902343040e+01
4.091812998398177825e+01 1.312097107147273256e+01
3.970732339948752099e+01 1.254677723395810318e+01
3.870928577412328053e+01 1.189599733797948922e+01
3.850381303217769613e+01 1.076695086960529757e+01
3.858991542773684813e+01 9.557219323765153263e+00
3.879056670593652711e+01 8.468371197374851889e+00
3.846130990565090713e+01 7.584696872176483140e+00
3.773597373201244665e+01 6.958788696841340382e+00
3.688490747950044835e+01 6.463662146429509647e+00
3.605649663061027610e+01 5.969350681706667494e+00
3.527023413557058262e+01 5.471368512735036660e+00
3.449659625144376918e+01 5.006226907498519729e+00
3.370851760126885210e+01 4.588405901025474520e+00
3.289109940731415804e+01 4.214681582342183930e+00
3.203186631397227302e+01 3.885761639815379365e+00
3.112151351741914596e+01 3.596594610448786256e+00
3.015248068935744286e+01 3.336920949787809842e+00
2.911076194170791709e+01 3.097103531794174636e+00
2.797367172750985276e+01 2.882654901930841174e+00
2.672131642737465285e+01 2.691884940314812180e+00
2.533411304528599928e+01 2.508171574212413102e+00
2.378734886536482307e+01 2.324141379507312699e+00
2.206009289204584789e+01 2.114419813156948269e+00
2.012407438899008838e+01 1.912566169589724918e+00
1.797417803469734565e+01 1.733478437838844810e+00
1.564345163204491840e+01 1.587628035989988140e+00
1.317471391283830329e+01 1.452507573272706187e+00
1.068415640776536790e+01 1.282654313165310533e+00
8.318368061419930015e+00 1.078590892457300887e+00
6.172627146283652166e+00 8.978965009010574372e-01
4.319915409414704754e+00 7.459306594138276347e-01
2.807974678449650874e+00 6.176888505867290657e-01
1.646026306554551066e+00 5.102462903190145838e-01
8.118690476264954770e-01 4.061005357524488657e-01
2.688878195544609495e-01 2.863628576138808612e-01
-1.111466974198521002e-02 1.371909951456145582e-01
-2.157009757708058397e-10 5.549808465870782104e-09
