-4.639619892737596274e+01 -1.530087439157287843e+00
-7.095727291501479783e+01 -1.033444275368238241e+00
-8.224079942392505416e+01 -5.421483133042065417e-01
-8.546845774822189412e+01 -6.290127470290324263e-02
-8.383810990508521854e+01 3.945612185193257959e-01
-7.932717772736867801e+01 8.150193235654409341e-01
-7.318941607963724039e+01 1.173943854988492186e+00
-6.626988958910806105e+01 1.431324682891302436e+00
-5.921726019077951264e+01 1.521649414821861557e+00
-5.264675296915462610e+01 1.337426118947391274e+00
-4.729471807360887681e+01 7.021622178992754648e-01
-4.420361079888942868e+01 -6.739544331510081143e-01
-4.271634455986387024e+01 -1.320684517700249305e+00
-4.257881327259488558e+01 4.151216506994392930e-01
-4.350244256880657900e+01 2.896273624164857896e+00
-4.472958493120925283e+01 5.192543366787157666e+00
-4.403875085183015869e+01 7.295597567828640884e+00
-4.244506320684671863e+01 8.746531222929833760e+00
-4.255810441772535313e+01 1.069771939853816889e+01
-4.287194110341914666e+01 1.270109330457608010e+01
-4.223800928136701316e+01 1.418546899899800628e+01
-4.039291399967955698e+01 1.436245429506320548e+01
-3.808887155964866622e+01 1.451592857427713312e+01
-3.604968703559958243e+01 1.611184202814272126e+01
-3.471708206319996748e+01 1.771485017832685926e+01
-3.556305812275417821e+01 1.822418434132823961e+01
-3.746326258200961945e+01 1.820679135647571911e+01
-3.956165418484186347e+01 1.808435640006241130e+01
-4.105851006044874651e+01 1.825905350971008190e+01
-4.108135259736636868e+01 1.909568647955600795e+01
-4.034054065407317324e+01 2.010666961471374492e+01
-3.935307944071644926e+01 2.105413887430393771e+01
-3.842207886338089651e+01 2.190394289743099776e+01
-3.755253129904841813e+01 2.266403902202761955e+01
-3.669091168119788193e+01 2.339548518468528826e+01
-3.576956342743237371e+01 2.415108142180944029e+01
-3.470208042522571645e+01 2.490673889290139087e+01
-3.338063715806225673e+01 2.544725524937365790e+01
-3.190271557516633649e+01 2.552912195047513322e+01
-3.057892201425390510e+01 2.484512274947510235e+01
-2.980307841646120437e+01 2.320601514806126175e+01
-2.919828250464509622e+01 2.133871788488320576e+01
-2.837969822384865637e+01 2.013586193991488216e+01
-2.726224536337529258e+01 2.035008170978050046e+01
-2.684555210724574437e+01 2.183833802501955645e+01
-2.659727032329704954e+01 2.378439644806581654e+01
-2.596510758286206766e+01 2.545208888933761671e+01
-2.449133721335859093e+01 2.621602027157964443e+01
-2.282890126894384153e+01 2.627034425456657729e+01
-2.153909046443599706e+01 2.555413383496605917e+01
-2.114431048739047725e+01 2.394677792733975252e+01
-2.104702309700449092e+01 2.217462296584170645e+01
-2.072197346055463996e+01 2.100420440601149608e+01
-1.958650519611851593e+01 2.135322630427201318e+01
-1.883829715735367216e+01 2.310040430125902944e+01
-1.816215535211407328e+01 2.505948640272401207e+01
-1.726096788971760532e+01 2.609746104368715081e+01
-1.634039478290970848e+01 2.509899818752669987e+01
-1.558561244902017329e+01 2.319225456004151553e+01
-1.476878112885982830e+01 2.148419627289435141e+01
-1.364649497612938589e+01 2.113170620168045133e+01
-1.328772855744881731e+01 2.246783448867676825e+01
-1.323943356194143739e+01 2.443480505025002714e+01
-1.292081237981721209e+01 2.616924431977277266e+01
-1.181423915810382397e+01 2.691932621620784261e+01
-1.030239088825126181e+01 2.678255557645407592e+01
-8.806854897648920044e+00 2.599323144645787664e+01
-7.580194339549856331e+00 2.475256566558507743e+01
-7.122246843572941799e+00 2.319220902811699148e+01
-8.000454290820163905e+00 2.171063422990866343e+01
-9.079109658352841450e+00 2.036106744842888716e+01
-9.183754331687183026e+00 1.923085952080433003e+01
-7.942831834640027289e+00 1.942547184292534013e+01
-6.338945501362426072e+00 1.985172125012000777e+01
-5.208899872277062748e+00 1.932076268140166420e+01
-4.671427361114004029e+00 1.808729911067793950e+01
-4.693619863461060859e+00 1.666835942635410817e+01
-5.238595613983100030e+00 1.545384565343912975e+01
-5.017454647060556994e+00 1.452655072493227983e+01
-4.197347400795149674e+00 1.390830316561477353e+01
-3.642282780890701233e+00 1.308590753414001995e+01
-3.402687953070873128e+00 1.212736977950404160e+01
-3.244726240296912145e+00 1.115824161956334670e+01
-3.044268938702996419e+00 1.022382736613880283e+01
-2.795113203653063927e+00 9.316101483771966230e+00
-2.526772201533442175e+00 8.407364239510203063e+00
-2.239845761985633565e+00 7.485323013368821776e+00
-1.956858469079756135e+00 6.547521254017108383e+00
-1.688133712229612948e+00 5.606432567148412538e+00
-1.420467443550571307e+00 4.696473308850494632e+00
-1.134103421297522951e+00 3.856748657336991126e+00
-8.536344964198208096e-01 3.102549754832872875e+00
-6.123591019869653040e-01 2.433745095739896502e+00
-4.278560818280800482e-01 1.843990764124727955e+00
-2.893914142482760243e-01 1.332114671239926551e+00
-1.399305920360431055e-01 9.113048247897139742e-01
5.789016752226357893e-02 5.960515810185317287e-01
1.799846233110863891e-01 3.328506319673081304e-01
1.403119868532596015e-01 1.216125955324581509e-01
-1.534543141739002569e-09 2.140458601574877355e-08
