-4.829732782707608862e+01 -1.889534654970090877e+00
-6.442285744895909261e+01 -1.927010866373211506e+00
-6.378812171812460718e+01 -1.949185239266362002e+00
-5.582496217849504205e+01 -1.935250108331298957e+00
-4.735059308216330010e+01 -1.851546882290869611e+00
-4.499989273669463330e+01 -1.639539168638573630e+00
-4.347651820535654821e+01 -1.278039574434579828e+00
-4.221613344402505419e+01 -1.196250322171162672e+00
-4.110997268807862781e+01 -1.465482761810622314e+00
-4.030515853317767494e+01 -1.285257522567179400e+00
-4.021900306198709529e+01 -4.917153807802135956e-01
-4.035302594687290423e+01 4.200619127121602014e-01
-3.993731727583849533e+01 1.018321269149827124e+00
-3.926774141381154237e+01 1.068399370771113466e+00
-3.854655871318768590e+01 5.955176041621209615e-01
-3.776766360137870038e+01 -3.210697686170170539e-02
-3.690212439348351126e+01 -2.663443673490217267e-01
-3.600834228491793709e+01 1.005829260464591174e-01
-3.520970506158973734e+01 8.317771528949344795e-01
-3.463836673996633664e+01 1.694177611575325981e+00
-3.454291967293276855e+01 2.420411026156062739e+00
-3.536370765046645204e+01 2.606194697878551736e+00
-3.650800128597677485e+01 2.599602911391130089e+00
-3.749849612637762419e+01 2.680042312169113927e+00
-3.784223915269780036e+01 3.265156120286600405e+00
-3.748095510573285338e+01 4.085462590412483053e+00
-3.671258629787653405e+01 4.905044138179335711e+00
-3.566386711403524146e+01 5.524074067433446977e+00
-3.430404279277721713e+01 5.505562151267629822e+00
-3.342877806988036582e+01 5.572623893761058156e+00
-3.400707473026752581e+01 6.477711469313571335e+00
-3.445825933878830938e+01 7.532763901173545662e+00
-3.380395731793728231e+01 8.204894892719446275e+00
-3.282394509125136750e+01 8.426711498269485290e+00
-3.272750497965704852e+01 9.143102687776432091e+00
-3.271983384423483443e+01 9.965000832529375074e+00
-3.232097773974741273e+01 1.062655212508707869e+01
-3.169900450458962737e+01 1.090831552287710160e+01
-3.107136340261786955e+01 1.053813804043241298e+01
-3.053078342775815202e+01 1.015490246344546321e+01
-3.020995897953545395e+01 1.043688509244420359e+01
-3.010731352458740062e+01 1.101815410484759639e+01
-2.998618174213493859e+01 1.159016759670478081e+01
-2.986134268565379202e+01 1.212146185912631857e+01
-2.954194550907720895e+01 1.248170088297903568e+01
-2.908934284477219734e+01 1.264013673583671959e+01
-2.858289007247430291e+01 1.258048369931501220e+01
-2.808676376666141650e+01 1.234621383080825296e+01
-2.758371736002519015e+01 1.240111843865740049e+01
-2.710483833186955849e+01 1.267135335019778353e+01
-2.660818187718554739e+01 1.293362669364846340e+01
-2.606271963157197646e+01 1.307316710578274233e+01
-2.548897117028534254e+01 1.312703271683971806e+01
-2.490379924074821361e+01 1.312694668601873893e+01
-2.431637356982590603e+01 1.303444910247291944e+01
-2.372618112805310275e+01 1.289621785692285627e+01
-2.313057527269128499e+01 1.278649370789796436e+01
-2.255006612583627401e+01 1.265330545596871659e+01
-2.198817601922804599e+01 1.248244177919303155e+01
-2.144146844704611610e+01 1.228999935923390829e+01
-2.091609555153169708e+01 1.208524613179554663e+01
-2.042969492803009857e+01 1.184940941771760237e+01
-1.997929615634851430e+01 1.158267037233236785e+01
-1.954928686259434656e+01 1.129029677312830060e+01
-1.913930513864002592e+01 1.096194689210222784e+01
-1.877632499383521036e+01 1.057041859170589504e+01
-1.845445075456766659e+01 1.012488069628163245e+01
-1.813632880333180708e+01 9.660306044092367372e+00
-1.782476929221556716e+01 9.185449584852229066e+00
-1.754848556062632525e+01 8.696042615871629522e+00
-1.731835764107524156e+01 8.190442826952677891e+00
-1.711568414713991260e+01 7.674756503492862869e+00
-1.693244636590977237e+01 7.147704532111081477e+00
-1.677413657380007095e+01 6.595566216412269256e+00
-1.660923807531034413e+01 6.013513702885033396e+00
-1.641254196598343995e+01 5.400400995113841418e+00
-1.618527651908186016e+01 4.752896617005907487e+00
-1.597993595497707631e+01 4.062527992915322628e+00
-1.590786809344036179e+01 3.331544732807112830e+00
-1.562773561771285102e+01 2.744364254722444940e+00
-1.496508892095152277e+01 2.634814795120228759e+00
-1.449889612091686075e+01 2.297122461663628989e+00
-1.443800091577822187e+01 1.762339560991033505e+00
-1.453944707057900665e+01 1.222402201274837896e+00
-1.435505776566119174e+01 8.940644553216505752e-01
-1.397528095289588457e+01 9.346166984362203056e-01
-1.353939133127612138e+01 1.179878969751869233e+00
-1.309217222266627623e+01 1.344450761836414099e+00
-1.267713510627917906e+01 1.316464384764074902e+00
-1.234907697287958683e+01 1.076057150586666067e+00
-1.211395918528477011e+01 7.114119005810611851e-01
-1.183938836576541398e+01 3.918902347460454516e-01
-1.138549230749325680e+01 3.017132257864921785e-01
-1.078698154091481065e+01 3.252361797580382574e-01
-1.001824088433852289e+01 2.622797939381665278e-01
-8.967085399484560071e+00 1.287041684267077879e-01
-7.454614557448651091e+00 4.375786368230491497e-02
-5.344890274736241231e+00 4.954165576511675162e-02
-2.721762780614348287e+00 9.715754771200471596e-02
-4.899662199347679797e-04 1.752404509184434900e-04
