-4.554068221382465254e+01 2.353441040753410096e+00
-6.269778918715270777e+01 2.240172481130253246e+00
-6.441088607900431384e+01 2.040807632455244214e+00
-5.850580731227725551e+01 1.640764034637123059e+00
-5.028612712537825047e+01 8.590678132076698947e-01
-4.428910558493366523e+01 -6.115528546409516597e-01
-4.333460274714985161e+01 -3.481819442414058940e+00
-4.497311884896764411e+01 -6.430526647385991446e+00
-4.576634067849223442e+01 -9.551187652474032674e+00
-4.573542164207945859e+01 -1.227174702456060018e+01
-4.393288882569527942e+01 -1.369657824749452324e+01
-4.397915922377721643e+01 -1.569347981384870039e+01
-4.493352831181596940e+01 -1.772772994103150879e+01
-4.535010956435339580e+01 -1.976874782877151659e+01
-4.463234262120004558e+01 -2.150206936030529903e+01
-4.303125450012890241e+01 -2.239409179198491628e+01
-4.128575947275862745e+01 -2.265235312586245797e+01
-3.991177305904508898e+01 -2.171395670606392159e+01
-3.875921751464473886e+01 -2.089453560931170983e+01
-3.766684146710080938e+01 -2.187474013250202631e+01
-3.649354222997581587e+01 -2.286644784228981209e+01
-3.523367006049036121e+01 -2.342248769032954669e+01
-3.411079463103584430e+01 -2.333110223290730545e+01
-3.348654681894159779e+01 -2.265071528099180753e+01
-3.372085639499993448e+01 -2.160348692486464017e+01
-3.461617091047299510e+01 -2.041832059575406788e+01
-3.566299582507452470e+01 -1.915682922609657268e+01
-3.641365533185062731e+01 -1.785761736454040971e+01
-3.616690694162316788e+01 -1.659244405389848609e+01
-3.506254410814806732e+01 -1.570771065467222272e+01
-3.355135879395660936e+01 -1.549785070437344636e+01
-3.208391398735486888e+01 -1.548674107242390363e+01
-3.117665605008964391e+01 -1.524806886964393193e+01
-3.154165327268048458e+01 -1.427151408259854648e+01
-3.226433257109123076e+01 -1.290691483121139349e+01
-3.256777935614034192e+01 -1.136737932813049312e+01
-3.217344019140704603e+01 -9.778126691559672068e+00
-3.143278582174020741e+01 -8.202496963648350459e+00
-3.059287290742808807e+01 -6.619817637238297969e+00
-2.976019052927480857e+01 -5.021933456320661904e+00
-2.895644628403889342e+01 -3.453224995628727534e+00
-2.819733055733882310e+01 -1.960261461840705266e+00
-2.721887605951536671e+01 -7.981964305219365619e-01
-2.593846528022038456e+01 -3.509804650427348904e-01
-2.469917491773131246e+01 -6.694958681502941600e-01
-2.386928554372201816e+01 -1.611838269213741848e+00
-2.364749511235050505e+01 -2.994727302413425107e+00
-2.330665078173729654e+01 -4.374564505352926957e+00
-2.285838565215415130e+01 -5.580578594884446630e+00
-2.173065989981587265e+01 -6.113635551325841355e+00
-2.086462658128291991e+01 -6.879002161032128804e+00
-2.075433836611910365e+01 -7.818343522410311053e+00
-2.161721116857896163e+01 -8.581581262988311920e+00
-2.283648838686654159e+01 -9.115839849596655498e+00
-2.352302840132503903e+01 -1.005606427517323098e+01
-2.342206447409174785e+01 -1.116641076981778014e+01
-2.246394873116586410e+01 -1.209505739663188884e+01
-2.125128602379198739e+01 -1.291644885572866208e+01
-2.012443853999424093e+01 -1.373978774214732113e+01
-1.995029522203587291e+01 -1.493121351623185333e+01
-2.047144193039138926e+01 -1.623361661918184495e+01
-2.037459339358890986e+01 -1.761835286175145399e+01
-1.990460682988836894e+01 -1.894691122718328913e+01
-1.942435607530033437e+01 -2.020818083681018251e+01
-1.874647665126701312e+01 -2.123831829335845711e+01
-1.787712955836962436e+01 -2.194869728055476088e+01
-1.687813420049814184e+01 -2.228194680427397500e+01
-1.586203070832614870e+01 -2.233450880876512556e+01
-1.501334003168181752e+01 -2.275229413081081020e+01
-1.422916658670122736e+01 -2.315952349482362749e+01
-1.345695815195662703e+01 -2.337345769138675067e+01
-1.271682116050611633e+01 -2.340730890767484951e+01
-1.202134828425555568e+01 -2.334245007212255274e+01
-1.137010911334190233e+01 -2.322553409883098041e+01
-1.076346040558891382e+01 -2.306869497958260595e+01
-1.019781893117960969e+01 -2.286863971452697086e+01
-9.664105044336459116e+00 -2.262591590058495328e+01
-9.161516231356436890e+00 -2.232739211880839036e+01
-8.684145141537756629e+00 -2.197237137699691090e+01
-8.230652381755477975e+00 -2.155315426599020867e+01
-7.792494290140416169e+00 -2.107460467716484587e+01
-7.360743379632620709e+00 -2.054143719989681571e+01
-6.927914032582635606e+00 -1.994616662805079699e+01
-6.487477668260137165e+00 -1.926813321039517746e+01
-6.036040857085997580e+00 -1.849060387310764142e+01
-5.573512681654741563e+00 -1.760299659134011208e+01
-5.084214389229579467e+00 -1.659132671570103668e+01
-4.565305724460868575e+00 -1.543176610494387191e+01
-4.029320979504951161e+00 -1.410317939797648101e+01
-3.464573233182186573e+00 -1.261404574732675599e+01
-2.870583082061031188e+00 -1.098792339120923067e+01
-2.278076115362847709e+00 -9.252145696993753887e+00
-1.744542500664457041e+00 -7.459725839610841902e+00
-1.288260261550320473e+00 -5.720842148194588361e+00
-8.999607239499648470e-01 -4.151512978574763757e+00
-5.802811474850489981e-01 -2.813183476840154906e+00
-3.189211874001105507e-01 -1.731177094298784747e+00
-1.008396876720383251e-01 -9.064864777448636834e-01
5.440561331324300642e-02 -3.246115447226898265e-01
-4.875226010069058059e-08 3.150078710840008722e-08
