-4.014032491616820408e+01 4.241345807411956059e+01
-3.209244520749418683e+01 4.292957084588295658e+01
-2.221940535480046464e+01 4.277577092003325276e+01
-1.473133497769229905e+01 4.465899390688657178e+01
-9.361550380407448912e+00 4.536603282162634088e+01
-5.898819952482877049e+00 4.532736569275813565e+01
-3.740350344281693662e+00 4.458235612507897372e+01
-2.377431064807011829e+00 4.359454472400317115e+01
-1.625687907944650679e+00 4.258969214616291055e+01
-1.679990635515815178e+00 4.174402946795098046e+01
-2.694152198156246847e+00 4.148127620856553222e+01
-3.754913479044897695e+00 4.123456622763444557e+01
-3.974127677035024231e+00 4.044567674705793792e+01
-3.481921757831986319e+00 3.945616006717959579e+01
-2.764417942469992617e+00 3.848775727600695973e+01
-2.177166408167223288e+00 3.745652450481310325e+01
-2.265914136831119308e+00 3.649523429034419308e+01
-2.852701841406342531e+00 3.595630259827499486e+01
-3.703486661888699238e+00 3.630470276762228821e+01
-4.704238513193005566e+00 3.708686501247990464e+01
-5.907491695938556830e+00 3.794084729690254676e+01
-7.574018825595040028e+00 3.874613475767293380e+01
-9.554937413693663117e+00 3.925753630925448334e+01
-1.154651631400726863e+01 3.928489717740402654e+01
-1.284815650367049322e+01 3.869503723296410413e+01
-1.201574254639374928e+01 3.763983177576030670e+01
-1.032380382145134057e+01 3.639278406451060022e+01
-8.582954205162439010e+00 3.512385823279202413e+01
-7.560790250719336747e+00 3.390754771119146227e+01
-7.175786567666789573e+00 3.282814645873759218e+01
-7.553030252410750656e+00 3.204905687903916345e+01
-8.441720453954337344e+00 3.170350013637038700e+01
-9.576564000228533047e+00 3.179390514305636017e+01
-1.076585383495715753e+01 3.192550115061319360e+01
-1.185986156931871527e+01 3.155397108519053972e+01
-1.282049792268121990e+01 3.073251241041121773e+01
-1.380843529939955339e+01 2.975275996066384110e+01
-1.492897768331228470e+01 2.874936718906590016e+01
-1.621438962311621168e+01 2.776345971224462161e+01
-1.763583310501685730e+01 2.675614757305974933e+01
-1.919965566186751005e+01 2.573721057257893108e+01
-2.090656781672348075e+01 2.475414635333062563e+01
-2.270653426864164715e+01 2.379769313265405373e+01
-2.449627604008996329e+01 2.278508967614725123e+01
-2.607516422020090374e+01 2.152996048511378291e+01
-2.728756842905688984e+01 1.995973371755656345e+01
-2.838252234720943434e+01 1.845511573916833470e+01
-3.010077119486374286e+01 1.795406034155775288e+01
-3.210640213112237973e+01 1.796778380264116137e+01
-3.359413747114997761e+01 1.703018136370047841e+01
-3.373496541754108335e+01 1.513487151380524054e+01
-3.317049289150742908e+01 1.302213473560613366e+01
-3.319719870203147138e+01 1.152348464801685779e+01
-3.445083007335614411e+01 1.185967342029577765e+01
-3.617708070044430713e+01 1.277668976380429200e+01
-3.787670926567230367e+01 1.333404509765416357e+01
-3.929118270915932953e+01 1.289585383230690141e+01
-4.019766575098496730e+01 1.174962416195171677e+01
-4.063359152797199414e+01 1.029650281316843241e+01
-4.098445473871862532e+01 8.837659528826192101e+00
-4.147198656594112265e+01 7.493080749493919335e+00
-4.200823058447943481e+01 6.260018950677490146e+00
-4.217530349417878455e+01 5.061256247738154634e+00
-4.175019732824016927e+01 3.999366422754764727e+00
-4.082704549832651253e+01 3.268769266286946973e+00
-3.963928289712208652e+01 3.066801813779584052e+00
-3.837445473218712522e+01 3.754559943243555242e+00
-3.719295785235485852e+01 4.589132565532498376e+00
-3.640011551757095987e+01 5.027267793233644255e+00
-3.651104422401026284e+01 4.311796133819918886e+00
-3.696762533775635973e+01 3.149807124372261846e+00
-3.740664132974820433e+01 1.971545427512358950e+00
-3.731638707022722201e+01 1.067866983223362709e+00
-3.665114662572038640e+01 5.328923808868842871e-01
-3.578582629376660407e+01 1.973608130610279010e-01
-3.489466910210685313e+01 -6.865687418145526022e-02
-3.403089211678365444e+01 -3.065394699864751327e-01
-3.319304475967943802e+01 -5.113717288873274036e-01
-3.237361552894841310e+01 -6.947348742220462725e-01
-3.155318517814841428e+01 -8.563905093985992867e-01
-3.070978989649789881e+01 -1.001238141629573475e+00
-2.982427405691838729e+01 -1.127334379613317061e+00
-2.888471029549618052e+01 -1.228804653895505750e+00
-2.789249772199456601e+01 -1.307668976605117939e+00
-2.684481660785349533e+01 -1.354368761384302067e+00
-2.574130391094585590e+01 -1.382165247439518740e+00
-2.458188644401603185e+01 -1.386425960666187951e+00
-2.336527666437173778e+01 -1.368021136380564995e+00
-2.209037403835522895e+01 -1.330510373963143422e+00
-2.075450656316114006e+01 -1.264960185902243905e+00
-1.935584208125625238e+01 -1.187314619146550898e+00
-1.788655025041785507e+01 -1.087026604099857519e+00
-1.633061277209529649e+01 -9.698000674976862134e-01
-1.466451385337056479e+01 -8.378794864061505088e-01
-1.283504938217209634e+01 -6.915284765961494662e-01
-1.078366181677908742e+01 -5.162375106362181443e-01
-8.448143279669402261e+00 -3.222878147772382240e-01
-5.797573283215248452e+00 -1.360554524298170920e-01
-2.888466207077345249e+00 -1.977005114356937543e-02
-2.975999263901807205e-05 7.972838022944228066e-07
