-4.371901459620431041e+01 -3.092500303627406577e+00
-6.744515791324479892e+01 -2.742961388950085233e+00
-7.796253627927191587e+01 -2.383463684981011799e+00
-8.042316636833511723e+01 -2.001628735453573338e+00
-7.802153458594970914e+01 -1.579650848540381292e+00
-7.277075306497005158e+01 -1.089970883774896926e+00
-6.599168159407571466e+01 -4.885802632029663806e-01
-5.863385434699748089e+01 2.956717041589263517e-01
-5.150618635457099970e+01 1.378365162397502841e+00
-4.547351368448359921e+01 2.947592004572450186e+00
-4.165067264459825225e+01 5.303947872013951681e+00
-3.946084598022954992e+01 8.021980897645187625e+00
-3.814602267800475488e+01 1.067070584442668491e+01
-3.724885837458590743e+01 1.309000816549062129e+01
-3.654061190027965722e+01 1.525228099242223045e+01
-3.591557560603642685e+01 1.716696403849040564e+01
-3.533846029297251334e+01 1.886109899318047312e+01
-3.480032598647921560e+01 2.037309685301480044e+01
-3.430068263440801957e+01 2.173498191732545948e+01
-3.383977343889218048e+01 2.297267926081291378e+01
-3.341529530549397009e+01 2.410638483099410223e+01
-3.302326150779857983e+01 2.514943558258428880e+01
-3.265653154307640449e+01 2.611491933772891727e+01
-3.230859343435820108e+01 2.701032881226756288e+01
-3.197299698877388607e+01 2.784294505562854738e+01
-3.164408241933996635e+01 2.861974405308451352e+01
-3.131771294140409623e+01 2.934376999391469454e+01
-3.099117388569823461e+01 3.001864349832421652e+01
-3.066242275712927068e+01 3.064721246864447934e+01
-3.033012850598376176e+01 3.123208772974819780e+01
-2.999334877734061422e+01 3.177678758212778121e+01
-2.965133433013582120e+01 3.228241014098369988e+01
-2.930417602130059151e+01 3.275021589728506655e+01
-2.895191223817164072e+01 3.318282940788503055e+01
-2.859442124348451486e+01 3.358130147000100862e+01
-2.823216586602520195e+01 3.394789372334114574e+01
-2.786570137052019192e+01 3.428347093142820512e+01
-2.749580839083095896e+01 3.459016410445784118e+01
-2.712279762459473176e+01 3.486901679902081241e+01
-2.674703995731746176e+01 3.511935050794495083e+01
-2.636912388947498442e+01 3.534050547236543593e+01
-2.598898008950355631e+01 3.553211766236529456e+01
-2.560637218597436515e+01 3.569154957752901680e+01
-2.522203298679301398e+01 3.581504218336819889e+01
-2.483748593962524609e+01 3.589989960028221816e+01
-2.445410241035706278e+01 3.594457230275057213e+01
-2.407296703942517269e+01 3.594854328858230730e+01
-2.369487149176450558e+01 3.591234636475313380e+01
-2.331998983193404129e+01 3.583782772223325708e+01
-2.294857229672823706e+01 3.572576083840740324e+01
-2.258056343371789154e+01 3.557882937260605871e+01
-2.221538020005582581e+01 3.539903039907861881e+01
-2.185209292397624736e+01 3.518800383426555101e+01
-2.148943724503193309e+01 3.494714230929540832e+01
-2.112582294328716515e+01 3.467741944307974933e+01
-2.075939815715774728e+01 3.437895897135739176e+01
-2.038814694082290302e+01 3.405053178750914356e+01
-2.001011528674875350e+01 3.368919171633984888e+01
-1.962351826030410251e+01 3.329127218292680368e+01
-1.922611039455446047e+01 3.285140300091234167e+01
-1.881515666415381460e+01 3.236362918695164126e+01
-1.838748855259235171e+01 3.182081471585909682e+01
-1.794040821798974150e+01 3.121863805664325753e+01
-1.747028955248329751e+01 3.055320339858036860e+01
-1.697307382734881998e+01 2.982279880675389805e+01
-1.644480926255498332e+01 2.902780215603510783e+01
-1.588382694653210692e+01 2.817386288622031287e+01
-1.529082967075448174e+01 2.727052898722896046e+01
-1.466929234158352990e+01 2.633065077909621010e+01
-1.402398082648812050e+01 2.536764939691978782e+01
-1.335770394843774156e+01 2.439131374611707059e+01
-1.267259684604571568e+01 2.340969557133605150e+01
-1.197251430117010607e+01 2.242781688632443249e+01
-1.126301487672023605e+01 2.144705417348456677e+01
-1.055504354051312355e+01 2.046557763771089355e+01
-9.858478480373584318e+00 1.947670345879278031e+01
-9.180508564263497817e+00 1.847459002397013705e+01
-8.524325422170594635e+00 1.745911969563406174e+01
-7.887914387776984171e+00 1.643267103496005177e+01
-7.267296252748574936e+00 1.539604286727398730e+01
-6.660360806638030873e+00 1.435079646288732214e+01
-6.069102861074665789e+00 1.330058839712413210e+01
-5.496353323656170353e+00 1.225069911579386606e+01
-4.946674285109573077e+00 1.121064746881132024e+01
-4.425917851499841404e+00 1.018824519143976737e+01
-3.941243035692287400e+00 9.188757310507925880e+00
-3.498089598233553144e+00 8.215936948227275494e+00
-3.098396377869757856e+00 7.273423688869662840e+00
-2.739061800304451566e+00 6.366366795894024655e+00
-2.414657037398249440e+00 5.501309678535592163e+00
-2.118621483543467132e+00 4.684517266489414133e+00
-1.844228112559914923e+00 3.921313653101501373e+00
-1.585174924883228087e+00 3.213294849406245657e+00
-1.337877106146668993e+00 2.559144424571260235e+00
-1.101619717053044845e+00 1.958524743276804259e+00
-8.760782447333121947e-01 1.413376881642185889e+00
-6.587916598621611497e-01 9.292359125226947736e-01
-4.433995468331729528e-01 5.166960017575616959e-01
-2.235290502601045004e-01 1.947821759594973723e-01
4.103797516220678434e-16 1.475017670866723458e-12
