-1.090911045636440058e+01 -2.020227352064182469e+00
-1.800183769056828353e+01 -2.023666670612540575e+00
-2.287752104135206466e+01 -2.029254968527394176e+00
-2.631066657439786383e+01 -2.037188690318327389e+00
-2.878019668222440686e+01 -2.045174898079503478e+00
-3.059427922199062166e+01 -2.048175670145525817e+00
-3.196079879259547596e+01 -2.039084015079432266e+00
-3.301994721815233191e+01 -2.013143747833274322e+00
-3.386704834255463226e+01 -1.968495113460420276e+00
-3.456717290307612700e+01 -1.904803576533800502e+00
-3.516443834242843280e+01 -1.821912496279673555e+00
-3.568857230785106793e+01 -1.719768651839008511e+00
-3.615943184906810615e+01 -1.598225552574317643e+00
-3.658985422573228163e+01 -1.456670266416260517e+00
-3.698779228320081103e+01 -1.294323423529750272e+00
-3.735784415122803637e+01 -1.110468493522764444e+00
-3.770233087785185688e+01 -9.046252941777519485e-01
-3.802206154680033734e+01 -6.766592011606019641e-01
-3.831686683136068439e+01 -4.268148259095613239e-01
-3.858594709882273577e+01 -1.556835777983753277e-01
-3.882808617188249656e+01 1.358669905686704371e-01
-3.904174698582659175e+01 4.467731160161197979e-01
-3.922505565360938817e+01 7.758427606507043439e-01
-3.937571623420645039e+01 1.121791684223139463e+00
-3.949257008387202461e+01 1.482509617773609678e+00
-3.957407722416794371e+01 1.855965850319354127e+00
-3.962015552506171190e+01 2.239581867099903700e+00
-3.963064625322876111e+01 2.630874266769913206e+00
-3.960749946309911707e+01 3.027196232252195696e+00
-3.955149402989594165e+01 3.426256035315295545e+00
-3.946413256638830802e+01 3.825860648739768610e+00
-3.934781857477192091e+01 4.224161725093002140e+00
-3.920443642907757464e+01 4.619612699685839985e+00
-3.903558894425590609e+01 5.010926857631318398e+00
-3.884275595426989014e+01 5.397088237339748851e+00
-3.862615338431584888e+01 5.776903509467675946e+00
-3.838606271538809267e+01 6.149193408201646172e+00
-3.812275127191458779e+01 6.512780674095330014e+00
-3.783638262219402293e+01 6.866440281527354195e+00
-3.752692437446196294e+01 7.208816787908619794e+00
-3.719405687283594375e+01 7.538309057776785949e+00
-3.683827849163655799e+01 7.853778567371413111e+00
-3.645949801877259944e+01 8.153823489030306959e+00
-3.605705196165629900e+01 8.436596460230614269e+00
-3.563084098191907145e+01 8.700505675810928707e+00
-3.518114679160833447e+01 8.944197538198457309e+00
-3.470854641330465995e+01 9.166512050177244575e+00
-3.421493903359849753e+01 9.367770877371869531e+00
-3.370216428568974720e+01 9.548708475868963319e+00
-3.317205143379064225e+01 9.710538405689382202e+00
-3.262579773939869199e+01 9.853932104454070640e+00
-3.206492041048552721e+01 9.979992009851095247e+00
-3.149051797789426743e+01 1.008936184729342678e+01
-3.090347178360648073e+01 1.018224779342095232e+01
-3.030505837196547958e+01 1.025937239626842690e+01
-2.969617541040376096e+01 1.032119328074080578e+01
-2.907745304779226458e+01 1.036798144363223706e+01
-2.844934762698953890e+01 1.039988435625970453e+01
-2.781220888018324189e+01 1.041697071615488746e+01
-2.716632682926834619e+01 1.041925371778152432e+01
-2.651196682080301059e+01 1.040669392391763992e+01
-2.584939529549555459e+01 1.037917421243824201e+01
-2.517890861094988253e+01 1.033644709169859155e+01
-2.450110401464390009e+01 1.027894736163864842e+01
-2.381632464862451215e+01 1.020687260529364870e+01
-2.312480927373758632e+01 1.012015707379038254e+01
-2.242697766951885185e+01 1.001919629517951904e+01
-2.172305169106688538e+01 9.904014777656168889e+00
-2.101338234063844368e+01 9.774979010758078957e+00
-2.029818875745883844e+01 9.632061514523480028e+00
-1.957795635391730471e+01 9.475554831963043156e+00
-1.885319934709590939e+01 9.305998589616349292e+00
-1.812430701135944489e+01 9.123516739024035260e+00
-1.739187276336677712e+01 8.928449247119594645e+00
-1.665647698659315878e+01 8.721240895198659970e+00
-1.591852707260237487e+01 8.502342734790861556e+00
-1.517833628240882327e+01 8.271682211268469587e+00
-1.443647374775305892e+01 8.029183323169119646e+00
-1.369375626259879297e+01 7.774657163867107812e+00
-1.295110642908940157e+01 7.508165668121116632e+00
-1.220942361620292971e+01 7.229421544096687136e+00
-1.146956501788783811e+01 6.938292551744259740e+00
-1.073244337063225196e+01 6.634320140543856326e+00
-9.998980890312354930e+00 6.317323457547328047e+00
-9.270269315734651627e+00 5.986843710445049815e+00
-8.547521981749769182e+00 5.642694201516543551e+00
-7.831833934551990062e+00 5.284752745435562282e+00
-7.124670204904711035e+00 4.912381222647722367e+00
-6.428048390024074799e+00 4.524943387034928044e+00
-5.744229583015719065e+00 4.122083286856243589e+00
-5.075655730896139417e+00 3.703369623458744542e+00
-4.424562458312172097e+00 3.268711631595410783e+00
-3.793337960916323137e+00 2.818557639371728651e+00
-3.183771201478418078e+00 2.355683581511416769e+00
-2.597145292890354895e+00 1.885528685661935322e+00
-2.034384118303093292e+00 1.417116256033740695e+00
-1.496004120486657873e+00 9.646764100583581358e-01
-9.807022412630781449e-01 5.510195949405486404e-01
-4.845590421086441446e-01 2.113160421383954712e-01
-2.218680403398498593e-09 3.639080918945043706e-07
