2.819004127803953264e+00 3.030429455863950139e+01
4.410447160130805955e+00 3.043275952217934943e+01
5.103173548635274059e+00 3.057195600647563083e+01
5.151735084706356105e+00 3.073351852381632199e+01
4.756481052091353412e+00 3.093096355074161607e+01
4.080416381392919511e+00 3.118082685649298824e+01
3.262917513691312443e+00 3.150405488637599305e+01
2.431582794426538907e+00 3.192683529753488614e+01
1.563195557150622861e+00 3.237244481114824168e+01
6.524035184659650044e-01 3.279884042490071749e+01
-3.002446753617219466e-01 3.318390867668340150e+01
-1.290176556453558110e+00 3.351790883017773837e+01
-2.311271558024352135e+00 3.379948588855840796e+01
-3.357894744806454224e+00 3.403274637372577871e+01
-4.425088269730700574e+00 3.422344774234240816e+01
-5.508515957977874855e+00 3.437746136782230622e+01
-6.605315040140957272e+00 3.450066042395958021e+01
-7.713179829325224723e+00 3.459740925408855361e+01
-8.828770626792758591e+00 3.467002468906305523e+01
-9.948368469362925737e+00 3.471851377532195926e+01
-1.106917063834787740e+01 3.474068087182759257e+01
-1.218844865913241904e+01 3.473235199299465137e+01
-1.330261832717561710e+01 3.468840568374221789e+01
-1.440734251658435916e+01 3.460435293709625171e+01
-1.549861766905281613e+01 3.447885561675715849e+01
-1.657344148727201727e+01 3.431291038204099664e+01
-1.763012101660067898e+01 3.410962333474204655e+01
-1.866740260623605252e+01 3.387302502884089250e+01
-1.968378133969564914e+01 3.360784331892393340e+01
-2.067829618353144028e+01 3.331881594101535882e+01
-2.165027819920661756e+01 3.300955928572505371e+01
-2.259936015795599573e+01 3.268230354054366416e+01
-2.352450320777667869e+01 3.233805928023019050e+01
-2.442466598467824923e+01 3.197672454890785687e+01
-2.529879905544228791e+01 3.159696434861992032e+01
-2.614532357035312771e+01 3.119661597374357598e+01
-2.696155235712803844e+01 3.077309766586918727e+01
-2.774437892667482330e+01 3.032415237553212251e+01
-2.849113531883832096e+01 2.984792835686833357e+01
-2.919960005863286412e+01 2.934313039223643571e+01
-2.986941938872926627e+01 2.880963315448875051e+01
-3.050060262319820481e+01 2.824778192434771640e+01
-3.109391032287462764e+01 2.765938045602704420e+01
-3.165128863942875270e+01 2.704691802332254014e+01
-3.217456586696287246e+01 2.641288128937315349e+01
-3.266624344587862083e+01 2.575980379169594059e+01
-3.312887496422706590e+01 2.508912769118725095e+01
-3.356384003101889846e+01 2.440163022515417168e+01
-3.397136825684248151e+01 2.369822028447235951e+01
-3.435089823445684232e+01 2.297938917647061885e+01
-3.470134869967904478e+01 2.224485029410694992e+01
-3.502120223731976267e+01 2.149363799003798192e+01
-3.530841460031916768e+01 2.072449227494396240e+01
-3.556037760053175134e+01 1.993652224889486391e+01
-3.577483150506893139e+01 1.912995297262828842e+01
-3.595001748470752290e+01 1.830592049993013859e+01
-3.608559213618712391e+01 1.746618793107154133e+01
-3.618148525518237335e+01 1.661236802873057528e+01
-3.623840905936526724e+01 1.574661383714944130e+01
-3.625775881136980416e+01 1.487067776434478716e+01
-3.623967378493298952e+01 1.398584345739636703e+01
-3.618240968975809579e+01 1.309409113281479087e+01
-3.608277184760456890e+01 1.219810411161428831e+01
-3.593661002278626881e+01 1.130117715359363473e+01
-3.573987890845894100e+01 1.040762077352406756e+01
-3.548950768135982514e+01 9.522144006650940184e+00
-3.518371016244267935e+01 8.648385097394852394e+00
-3.482099582811334670e+01 7.789208685200251558e+00
-3.440180572369632017e+01 6.946503411397207728e+00
-3.392809329164642662e+01 6.121462218813842782e+00
-3.340360321832182677e+01 5.314850247389624194e+00
-3.283203829390538431e+01 4.527756364717184567e+00
-3.221575490710087308e+01 3.762501708561706071e+00
-3.155328592624537976e+01 3.024183514657189153e+00
-3.083872606112338133e+01 2.322006541195731799e+00
-3.006320519546597581e+01 1.669399423180927045e+00
-2.921798518388872878e+01 1.081467980036685539e+00
-2.829665843369652123e+01 5.708933485078989678e-01
-2.729766009531183357e+01 1.445175162857363083e-01
-2.622535025942323017e+01 -1.993635683356214661e-01
-2.508718475234717005e+01 -4.689152296316193014e-01
-2.389085001777857542e+01 -6.738985031690917227e-01
-2.264528350815930224e+01 -8.249149172723037049e-01
-2.135955453439108709e+01 -9.326290660966899404e-01
-2.004201268366464106e+01 -1.006047071626946732e+00
-1.870065567081813995e+01 -1.052310584590207654e+00
-1.734167380841437378e+01 -1.076633179404388851e+00
-1.596961119210707736e+01 -1.082227084336932821e+00
-1.458855493283342852e+01 -1.070055580214863467e+00
-1.320285958794684511e+01 -1.038524179738893993e+00
-1.181729290200591542e+01 -9.838650924644612994e-01
-1.043677682807889795e+01 -9.013159703101166764e-01
-9.067020729263353118e+00 -7.874995227820004162e-01
-7.712478316224502528e+00 -6.459597907028160613e-01
-6.376108875840889034e+00 -4.873575404670383859e-01
-5.060061961368879757e+00 -3.302024313095824337e-01
-3.763846351636902732e+00 -1.936695253118027316e-01
-2.487152669906302460e+00 -9.106246820922536678e-02
-1.232378633755921049e+00 -2.748567256420306193e-02
-1.117848466164421061e-08 -3.947205014973987944e-09
