-1.059433649441538705e+01 2.757435148769391109e+00
-1.688078731319306769e+01 2.754831907558986437e+00
-2.087660188052505461e+01 2.646762393989603002e+00
-2.344891213434048893e+01 2.441758644511611287e+00
-2.511206280927930479e+01 2.178479765715430894e+00
-2.619093823266972976e+01 1.887653835326847052e+00
-2.689304737525406352e+01 1.585941435722673987e+00
-2.735178968194994908e+01 1.280714464624240767e+00
-2.765301610820606015e+01 9.744598547414197176e-01
-2.785218791571770680e+01 6.674409438919570725e-01
-2.798588914839336539e+01 3.592878631396013711e-01
-2.807809513393146972e+01 4.926937560155009860e-02
-2.814358130383687850e+01 -2.635186253596998318e-01
-2.819099735438451049e+01 -5.800303097377306205e-01
-2.822492760086482377e+01 -9.012053755413406142e-01
-2.824725906631546124e+01 -1.227942048981694567e+00
-2.825806642854537643e+01 -1.561091709063198163e+00
-2.825614518940000153e+01 -1.901463102760184487e+00
-2.823927831558463808e+01 -2.249818503381278756e+00
-2.820526229249517414e+01 -2.606309084538481091e+00
-2.815101066329663837e+01 -2.971228368871516867e+00
-2.807373257897864249e+01 -3.344358726254149872e+00
-2.797092102059534824e+01 -3.725176465440688034e+00
-2.784029269519931660e+01 -4.112970580833850143e+00
-2.767970101208606692e+01 -4.506880184755477359e+00
-2.748915203538692253e+01 -4.905674538911424243e+00
-2.726860764861419639e+01 -5.308291586352570590e+00
-2.701804681846082090e+01 -5.713697944738972190e+00
-2.673748689402047773e+01 -6.120783211842989679e+00
-2.642697286627655373e+01 -6.528297764740400133e+00
-2.608656426817488594e+01 -6.934834871978538651e+00
-2.571632977662688546e+01 -7.338835703643656672e+00
-2.531633555506054378e+01 -7.738615839109803218e+00
-2.488662272877802906e+01 -8.132422255400953759e+00
-2.442718046374650953e+01 -8.518527113501466630e+00
-2.393793076082070570e+01 -8.895347574971777860e+00
-2.341709534752046551e+01 -9.260725417217116728e+00
-2.286317817260600549e+01 -9.612246254715397953e+00
-2.227681292810085623e+01 -9.948466651411651540e+00
-2.165818982217331268e+01 -1.026812711329399619e+01
-2.100716070339688457e+01 -1.057005270236859218e+01
-2.032332042978131526e+01 -1.085298089509267427e+01
-1.960785310658179270e+01 -1.111683098365787004e+01
-1.886123209649591814e+01 -1.136134809704207527e+01
-1.808495952406904550e+01 -1.158729400278531152e+01
-1.727960245349795798e+01 -1.179507957682875663e+01
-1.644640069560548667e+01 -1.198573904295553127e+01
-1.558659956703985472e+01 -1.216082454292265602e+01
-1.470022276244491088e+01 -1.232129390400952929e+01
-1.378782234765329306e+01 -1.246811294167677175e+01
-1.285116668323511391e+01 -1.260287417117968367e+01
-1.189143347514744953e+01 -1.272686780875089241e+01
-1.091034454365441420e+01 -1.284135628192937695e+01
-9.909618508416333071e+00 -1.294733891200068321e+01
-8.890920725117014811e+00 -1.304536605633429858e+01
-7.856270628181007076e+00 -1.313536091056105981e+01
-6.808965000055724026e+00 -1.321657366714576121e+01
-5.752914254352758050e+00 -1.328744055243810962e+01
-4.692316104560066314e+00 -1.334563146832683778e+01
-3.631287078260362122e+00 -1.338829676334810870e+01
-2.573371613374308087e+00 -1.341237373363353669e+01
-1.522207609953766028e+00 -1.341399932061859346e+01
-4.819557722083401274e-01 -1.338926421908352182e+01
5.429496859594348246e-01 -1.333424336146491029e+01
1.547587615394548921e+00 -1.324490924735578723e+01
2.527488044867723271e+00 -1.311844151441090212e+01
3.479739287606451903e+00 -1.295332913611852454e+01
4.401731952339232201e+00 -1.274810144622635733e+01
5.290708570956445200e+00 -1.250172611184201266e+01
6.143867719895381718e+00 -1.221400202101184718e+01
6.959050155187879838e+00 -1.188585472374155572e+01
7.733333131192503984e+00 -1.151779135160391832e+01
8.462636362258733058e+00 -1.111024041762113157e+01
9.141426515426836374e+00 -1.066365521953825457e+01
9.765016913779883012e+00 -1.018005635921135621e+01
1.032733972542766843e+01 -9.660947856649510612e+00
1.081989149603190548e+01 -9.107604286333650379e+00
1.123313176846519390e+01 -8.522809651407017739e+00
1.155916556498864622e+01 -7.911647250898735884e+00
1.179127131804746931e+01 -7.280395135059268164e+00
1.192268607569572758e+01 -6.636450998183843986e+00
1.195320599476018231e+01 -5.989296533492830754e+00
1.188826803057168569e+01 -5.348365330421075647e+00
1.173388022713138490e+01 -4.722548734830033013e+00
1.149534057889097305e+01 -4.120521750192038368e+00
1.117623276820987321e+01 -3.550583707760865515e+00
1.077592658791696856e+01 -3.022151183736933699e+00
1.029390232131372507e+01 -2.543852490909435549e+00
9.731642661319103382e+00 -2.121381140670345999e+00
9.093937523940995860e+00 -1.755755156606791711e+00
8.386623570190341326e+00 -1.444644836256827380e+00
7.615203109905213985e+00 -1.183930716031801111e+00
6.786543166042604547e+00 -9.651385197088261370e-01
5.907875595515450051e+00 -7.771374771632980627e-01
4.986772474281451650e+00 -6.097224836295094264e-01
4.030153183409791673e+00 -4.559732247382661807e-01
3.044868035223712965e+00 -3.129537479047594939e-01
2.038795047114140058e+00 -1.823492737124480789e-01
1.020728770490173520e+00 -7.210695108407980114e-02
1.144469966658690056e-08 -4.813746981042682707e-08
