-3.141464203206856354e+01 1.807823818981624697e+01
-4.579071892522751597e+01 1.837928457481003619e+01
-4.946549746331393749e+01 1.869501820800606140e+01
-4.708179676415863213e+01 1.904436958977691319e+01
-4.153209753061891263e+01 1.945598163105994871e+01
-3.479420059878967919e+01 1.997648479736937688e+01
-2.850262789230798077e+01 2.068396898765643854e+01
-2.434516345140254856e+01 2.169961204228851059e+01
-2.156489857074678795e+01 2.253490849156288434e+01
-1.954538135514618702e+01 2.308687199029740711e+01
-1.793853532740394741e+01 2.341051604607168457e+01
-1.655846168658092665e+01 2.357603448460043793e+01
-1.530440463640424298e+01 2.363385069390604087e+01
-1.412292574474919782e+01 2.361176061844582108e+01
-1.298770936370199891e+01 2.352385555643996895e+01
-1.188975662687663792e+01 2.337890485395696061e+01
-1.082597689108617622e+01 2.318442634142610004e+01
-9.794544015072920828e+00 2.294364878132059360e+01
-8.796235555029747744e+00 2.265727590538451608e+01
-7.834892163447342739e+00 2.232478147865415607e+01
-6.913989258272640548e+00 2.194637882145389796e+01
-6.035329267046452451e+00 2.152161358918646883e+01
-5.201780413802326919e+00 2.105072924307757276e+01
-4.420206910744144402e+00 2.053674699016353600e+01
-3.702817213555318787e+00 1.998578596912190264e+01
-3.066135549110219571e+00 1.940622579896032107e+01
-2.540096748090696188e+00 1.881156330305029556e+01
-2.180786449104182623e+00 1.822917670236746446e+01
-2.089213307627916461e+00 1.770380105090617562e+01
-2.430390583266484494e+00 1.730922572111057178e+01
-3.155446657957759360e+00 1.703689450199317079e+01
-4.131258300880297440e+00 1.682593839312169592e+01
-5.276416169075509366e+00 1.662909040371795655e+01
-6.540215490142509580e+00 1.641260605045934895e+01
-7.888436071934127547e+00 1.615264020400697476e+01
-9.297331192803095945e+00 1.583305665558065911e+01
-1.074838045163853018e+01 1.544035046675620571e+01
-1.221946592624001404e+01 1.496967063741334947e+01
-1.369265106650311559e+01 1.442099839477449130e+01
-1.515587428095247091e+01 1.379610590346057819e+01
-1.659883380122044372e+01 1.309699649332044125e+01
-1.800981524207319850e+01 1.232800389938698338e+01
-1.937691694306797530e+01 1.149507792582537924e+01
-2.069220107128933250e+01 1.060299803034835264e+01
-2.194630762878728092e+01 9.652539201873503671e+00
-2.313139133339555187e+01 8.644366725377269134e+00
-2.423489231711226566e+01 7.576140196522702652e+00
-2.523810696918638286e+01 6.450703672507456687e+00
-2.612767605386591185e+01 5.275943120988624280e+00
-2.689326998374966493e+01 4.056541195800432931e+00
-2.752643819248930157e+01 2.795538672281016712e+00
-2.801861636409804035e+01 1.498213867475352234e+00
-2.837048842380913527e+01 1.773291580363525188e-01
-2.859403401187176641e+01 -1.153721775062145571e+00
-2.870210262217489827e+01 -2.484296614820336035e+00
-2.870719008880739764e+01 -3.806942798546027351e+00
-2.861410318433926747e+01 -5.115057962584240059e+00
-2.842019959193421741e+01 -6.399534909242318825e+00
-2.811658305795997492e+01 -7.647831821484152748e+00
-2.769046070564737150e+01 -8.842277280772933068e+00
-2.713675969611123762e+01 -9.965199788647728596e+00
-2.646009101394337293e+01 -1.100567399182380868e+01
-2.567431749159547749e+01 -1.196341831270255085e+01
-2.479424585331279474e+01 -1.283868212918114082e+01
-2.384171936153143889e+01 -1.363766964292094741e+01
-2.283405758422189180e+01 -1.436857812464000972e+01
-2.178331297683908119e+01 -1.503481459890418037e+01
-2.069992108427182842e+01 -1.564046002393577162e+01
-1.958945408076578332e+01 -1.618734279994612635e+01
-1.845540474302777412e+01 -1.667476280493199070e+01
-1.730206391666600396e+01 -1.709905610981008905e+01
-1.613501929072188545e+01 -1.746016622538459018e+01
-1.495790974675735718e+01 -1.775754712396448909e+01
-1.377430383908177269e+01 -1.798983023579568297e+01
-1.258814394530388547e+01 -1.815451222547269339e+01
-1.140321931166258729e+01 -1.824777319776951146e+01
-1.022315275253571087e+01 -1.826403091547043900e+01
-9.052448242453245086e+00 -1.819488773693800354e+01
-7.898694109760009852e+00 -1.802776986569718076e+01
-6.772254753861679966e+00 -1.775161068219275151e+01
-5.685162960242859498e+00 -1.735524874829184228e+01
-4.649498026335357359e+00 -1.683396652664803028e+01
-3.672678593456475404e+00 -1.619352031415464666e+01
-2.760069989353369113e+00 -1.544442465675004605e+01
-1.915713510167408318e+00 -1.460496689559275474e+01
-1.140214053629619695e+00 -1.369286668647887950e+01
-4.352220233196555932e-01 -1.272094290178459453e+01
1.947053610164178328e-01 -1.170026484028728397e+01
7.436216250862991428e-01 -1.063984156139537340e+01
1.201116144079442005e+00 -9.546813506120539472e+00
1.559471950658370742e+00 -8.429662798300807225e+00
1.808370953485781252e+00 -7.298340355134619983e+00
1.940206053761222904e+00 -6.167736630333454428e+00
1.951250099642340530e+00 -5.053620454645330717e+00
1.842514712619611306e+00 -3.970826405049890706e+00
1.619058427715044379e+00 -2.937898582307649331e+00
1.295718950845319739e+00 -1.980364392088231229e+00
8.987922348944650253e-01 -1.129934516566500680e+00
4.582425143506707044e-01 -4.374766616216417270e-01
5.825371118035616941e-13 -1.906949969303963949e-10
