1.956167636100287766e+01 2.442126855637215144e+01
2.992268682061655127e+01 2.354293509501623305e+01
3.424240964501888840e+01 2.265357864897825735e+01
3.491406158948244354e+01 2.173947114652487755e+01
3.343560887553127969e+01 2.078081050201955549e+01
3.077737261917268441e+01 1.974686110037493236e+01
2.762014989205363236e+01 1.858841114714591214e+01
2.452228420231791262e+01 1.722569585156870176e+01
2.205642749874198572e+01 1.552895911378290172e+01
2.076155843011630964e+01 1.336951651726036339e+01
2.022014500128606329e+01 1.108715735349058029e+01
2.008381633745448624e+01 8.875450297058081972e+00
2.013185188465871533e+01 6.834383333401933491e+00
2.024419418470902698e+01 5.005264318159524883e+00
2.036670228141410988e+01 3.381609844632616380e+00
2.047385016684639680e+01 1.931468333709363883e+00
2.055324457871075694e+01 6.219605844565123665e-01
2.060181609047490880e+01 -5.753410746560069233e-01
2.062179573885389416e+01 -1.683698892217653009e+00
2.061630213549449309e+01 -2.720161027852481261e+00
2.058797571318865138e+01 -3.696739630873103089e+00
2.053879592394641307e+01 -4.621537339226111207e+00
2.047056451348400330e+01 -5.501313112537820516e+00
2.038413346872923171e+01 -6.340571074357776560e+00
2.027998774894180656e+01 -7.144004071031297975e+00
2.015789417425733987e+01 -7.916356660669527479e+00
2.001702728803148545e+01 -8.661152557824902232e+00
1.985698503049031416e+01 -9.381208812698250910e+00
1.967750467075508425e+01 -1.007838275513078763e+01
1.947897821378120398e+01 -1.075445613438181347e+01
1.926161494593588230e+01 -1.141043495226795379e+01
1.902569697040154750e+01 -1.204666109667289575e+01
1.877151340658697265e+01 -1.266331728718251881e+01
1.849823770025198755e+01 -1.325931904285129015e+01
1.820507314212460770e+01 -1.383364681459522139e+01
1.789016070330125174e+01 -1.438397126013190253e+01
1.755226094528934766e+01 -1.490772691336892919e+01
1.719078601140466134e+01 -1.540231258472970843e+01
1.680569059038898772e+01 -1.586518714498750349e+01
1.639731405927233254e+01 -1.629381122886709932e+01
1.596629222477671028e+01 -1.668528618036860678e+01
1.551472928535986284e+01 -1.703859315008589448e+01
1.504445070037048460e+01 -1.735187981235216270e+01
1.455814528865518476e+01 -1.762447756385018494e+01
1.405889648121280544e+01 -1.785670772981054100e+01
1.355011940536643245e+01 -1.805266284995119364e+01
1.303437728189782696e+01 -1.821527310249573262e+01
1.251405617749166232e+01 -1.834852569745648410e+01
1.199100498403544712e+01 -1.845573317383743372e+01
1.146682398228573696e+01 -1.853967951534299985e+01
1.094290949834150517e+01 -1.860271275486357823e+01
1.042035291488495119e+01 -1.864679894083444012e+01
9.899810737702791741e+00 -1.867353991825406823e+01
9.381331707582207358e+00 -1.868416655042377172e+01
8.864963177580444054e+00 -1.867856380493470780e+01
8.351059749840510804e+00 -1.865601395407621865e+01
7.840234523380019027e+00 -1.861511369256491122e+01
7.333461351476302070e+00 -1.855380184310006797e+01
6.831578630557928911e+00 -1.847083075865344881e+01
6.335411575972114129e+00 -1.836479203961509654e+01
5.846242101304662597e+00 -1.823432524210908667e+01
5.365296162054671747e+00 -1.807967262456368829e+01
4.893850984530009995e+00 -1.790080936932485400e+01
4.433366967511981116e+00 -1.769738777246372408e+01
3.985628563388657231e+00 -1.746861453130702913e+01
3.553011860944715217e+00 -1.721300839485533274e+01
3.138916031399270778e+00 -1.692811489494896904e+01
2.746888993751211316e+00 -1.661197158645023819e+01
2.380212397368556942e+00 -1.626332558022821928e+01
2.039801655702572436e+00 -1.588381632144541555e+01
1.725781782069845560e+00 -1.547559542398810706e+01
1.437582754135081853e+00 -1.504136093283086417e+01
1.173707844157367175e+00 -1.458445851627012324e+01
9.316037208877839815e-01 -1.410861872961543639e+01
7.093945329646076381e-01 -1.361672703190489919e+01
5.048368472628225190e-01 -1.311154735216888412e+01
3.162926131581232925e-01 -1.259477996045871961e+01
1.426568908908285860e-01 -1.206757668303924191e+01
-1.653134900083353884e-02 -1.153093235537948047e+01
-1.618130963484171458e-01 -1.098599560338821846e+01
-2.930176707360720445e-01 -1.043331590171756851e+01
-4.092705505922163978e-01 -9.873149957584683278e+00
-5.090270206427399691e-01 -9.305775971149904180e+00
-5.911575027979518726e-01 -8.731782088133357433e+00
-6.540864117122220378e-01 -8.151574742511833449e+00
-6.971727157728248025e-01 -7.565749399753450177e+00
-7.196828102137984295e-01 -6.974614788084445571e+00
-7.210156010224074707e-01 -6.378689020477658289e+00
-7.026056801263707019e-01 -5.778977849766507191e+00
-6.666371032457799606e-01 -5.176525236530186369e+00
-6.161540303559456255e-01 -4.572810819042033792e+00
-5.548235063727522398e-01 -3.969846471368367880e+00
-4.865043572298560215e-01 -3.370046419157769257e+00
-4.144865123085059722e-01 -2.776608540511564360e+00
-3.414666713037968759e-01 -2.194522270438847844e+00
-2.693234597982925860e-01 -1.631836603891161586e+00
-1.992864109779873549e-01 -1.101766149516881788e+00
-1.314724032210937421e-01 -6.260335811759667468e-01
-6.532172366461649893e-02 -2.397409914783001084e-01
5.844397500400582902e-16 -5.498877527793528811e-15
