-4.298611952227597754e+01 -2.190872044105777405e+01
-6.800967068216210976e+01 -2.211597006278795163e+01
-8.058479381343022396e+01 -2.232485300574810339e+01
-8.539214617843423127e+01 -2.253737001875269286e+01
-8.536496928248014626e+01 -2.275633936131382029e+01
-8.234894159623041787e+01 -2.298603079177892639e+01
-7.751737754886354992e+01 -2.323312608077243624e+01
-7.163517326839684074e+01 -2.350822212448112225e+01
-6.523087561147194435e+01 -2.382821479413660271e+01
-5.871558268091384747e+01 -2.422009978611126968e+01
-5.247542338030707043e+01 -2.472704550172085192e+01
-4.695841996443943600e+01 -2.541810409556502748e+01
-4.277527368986014977e+01 -2.640374527685969142e+01
-4.079249214496032749e+01 -2.785141278379980889e+01
-3.995490671873486832e+01 -2.919922257020698098e+01
-3.962246679379000369e+01 -3.032838846880930816e+01
-3.944899254243055964e+01 -3.123457466317203668e+01
-3.927792258360333477e+01 -3.194835447692629415e+01
-3.905495865840525482e+01 -3.250724835377350530e+01
-3.877025721395870761e+01 -3.294323582790091365e+01
-3.843404547524283998e+01 -3.328388893334962262e+01
-3.805894227440784761e+01 -3.355056868810473958e+01
-3.765490703235349201e+01 -3.375906174879936827e+01
-3.722842653842434402e+01 -3.391972513819904123e+01
-3.678418821519322535e+01 -3.403888922419258733e+01
-3.632621981755549712e+01 -3.412183493514933019e+01
-3.585778178185927345e+01 -3.417155019771484348e+01
-3.538155719593722637e+01 -3.419072969490427738e+01
-3.489914760354776035e+01 -3.417920338398192115e+01
-3.441207474710046199e+01 -3.413562662779665402e+01
-3.392178431724191512e+01 -3.405638107656773172e+01
-3.343039161018793948e+01 -3.393766449708956401e+01
-3.294076684240962294e+01 -3.377361231944094300e+01
-3.245714838387700496e+01 -3.355896857686461487e+01
-3.198398067943578482e+01 -3.328916107808749558e+01
-3.152364689813677501e+01 -3.296370902017186211e+01
-3.107549159883127388e+01 -3.258494366892945493e+01
-3.063704330693543909e+01 -3.215617421592656200e+01
-3.020562536994587077e+01 -3.168077929839912699e+01
-2.977866047051211140e+01 -3.116385476535349852e+01
-2.935376303598079772e+01 -3.061032164717381931e+01
-2.893038027003182933e+01 -3.002375991928980170e+01
-2.851028972707575448e+01 -2.940886104215116958e+01
-2.809420954719129782e+01 -2.877097083806611977e+01
-2.767961316303113861e+01 -2.811657910644228409e+01
-2.726185771359639887e+01 -2.745414116681282479e+01
-2.683702868455074153e+01 -2.679390460412964003e+01
-2.640283166783576974e+01 -2.614416530665182847e+01
-2.595791151413152420e+01 -2.551013110917433835e+01
-2.550226180553951139e+01 -2.489569958066453026e+01
-2.503786187178290490e+01 -2.430407555224750382e+01
-2.456686528850647733e+01 -2.373615928580615986e+01
-2.408941921620091975e+01 -2.319144358137378603e+01
-2.360459206883545136e+01 -2.267109725103212625e+01
-2.311134252542666090e+01 -2.217758589477311659e+01
-2.260719664988888056e+01 -2.171311624191610434e+01
-2.208861063499538346e+01 -2.128186333462954138e+01
-2.155264073386473456e+01 -2.088993824865692517e+01
-2.099659643965912181e+01 -2.054289474024408335e+01
-2.041777614239879668e+01 -2.024576034124095969e+01
-1.981558198995000097e+01 -1.999777287514711333e+01
-1.919038899094046613e+01 -1.979354297473576452e+01
-1.854397005857823544e+01 -1.962583437974847556e+01
-1.787938396434819310e+01 -1.948777679535694674e+01
-1.720030787616840229e+01 -1.937344578146914387e+01
-1.650974322853929621e+01 -1.927762367330582194e+01
-1.581045744086999072e+01 -1.919602237441768722e+01
-1.510540217701129961e+01 -1.912505685719010984e+01
-1.439860831998703361e+01 -1.906170343978982729e+01
-1.369630394821773045e+01 -1.900147877449872524e+01
-1.300374178706574035e+01 -1.893621827468342644e+01
-1.232604274853561144e+01 -1.885524911729115871e+01
-1.166613942862870701e+01 -1.874916020904239744e+01
-1.102553959751218748e+01 -1.860993351594276746e+01
-1.040577881982732400e+01 -1.843114513956958689e+01
-9.808085530867492352e+00 -1.820718926235027624e+01
-9.233507470578027565e+00 -1.793261863078148366e+01
-8.683401509328229295e+00 -1.760161983827287102e+01
-8.157278368044956096e+00 -1.720904901672125931e+01
-7.653230481267904395e+00 -1.674924166711641149e+01
-7.167151158371152242e+00 -1.621979002373264223e+01
-6.692182258246690552e+00 -1.561929506094864983e+01
-6.220655222380878868e+00 -1.494703641302771047e+01
-5.747885449825790971e+00 -1.420373080524712428e+01
-5.271502601713839553e+00 -1.339510599663071844e+01
-4.789746285183285934e+00 -1.252590998296212099e+01
-4.303075392046423531e+00 -1.160521494310894930e+01
-3.814305419130607611e+00 -1.064157983131057428e+01
-3.329641322654622648e+00 -9.643125834597626067e+00
-2.857607801481447662e+00 -8.617019228917206064e+00
-2.408986533807236263e+00 -7.573723368201166650e+00
-1.993255333335304247e+00 -6.527537206334465658e+00
-1.613914410372075725e+00 -5.491542496050754174e+00
-1.272018604921475227e+00 -4.478130854703892716e+00
-9.685812339106683044e-01 -3.500584843869687823e+00
-7.068980378542658594e-01 -2.575135180407432056e+00
-4.900019637156853847e-01 -1.724189335620214258e+00
-3.092906703463952356e-01 -9.745857328101099615e-01
-1.501092019675921707e-01 -3.720183734128676423e-01
3.057463324990763011e-16 -1.952979112128457436e-13
