-2.571393798925986829e+01 -2.289597295674644428e+00
-4.001268866972838367e+01 -1.965531898816532008e+00
-4.702284011182993595e+01 -1.638051770008034147e+00
-4.951510227900261185e+01 -1.302962013838325550e+00
-4.922798378641135031e+01 -9.543291641090225763e-01
-4.726498838554777393e+01 -5.831255654152418533e-01
-4.434673237161874226e+01 -1.751668256310495164e-01
-4.097558372739349863e+01 2.921288907247767130e-01
-3.755043809420403988e+01 8.549001321641127582e-01
-3.445785442617572869e+01 1.571098730775656538e+00
-3.216037202087213132e+01 2.533730053786374281e+00
-3.129024819349164233e+01 3.888823270028037182e+00
-3.114295506394509161e+01 5.411241797096951522e+00
-3.128289816182598670e+01 6.982575960540292392e+00
-3.141452781979145570e+01 8.517768295556308544e+00
-3.135344559081746496e+01 9.940506991312808793e+00
-3.101461863811609021e+01 1.118244810947542689e+01
-3.039121751937590332e+01 1.219670759770245638e+01
-2.954850486913247920e+01 1.299007695538083773e+01
-2.856502078342555251e+01 1.360692219179071571e+01
-2.750089090668775782e+01 1.410002478234036793e+01
-2.639566782114164312e+01 1.451485259847320641e+01
-2.527671421538687113e+01 1.488692437614943387e+01
-2.416341119111491409e+01 1.524597225479820217e+01
-2.307101798489062716e+01 1.561782599823271234e+01
-2.201394255470941630e+01 1.602626907298308723e+01
-2.100859944853733552e+01 1.649449871092567221e+01
-2.007353302018906760e+01 1.704294943199958468e+01
-1.922631059808000842e+01 1.768465212867229042e+01
-1.847683210730236425e+01 1.841970602303385718e+01
-1.782457934125134358e+01 1.923714228231298762e+01
-1.725772260910840572e+01 2.011817072027191244e+01
-1.675893366714766941e+01 2.104267760037206614e+01
-1.630651581533156147e+01 2.199160441213938100e+01
-1.587843733815554259e+01 2.294896798280189998e+01
-1.545318408253736209e+01 2.390081000502731001e+01
-1.501041843520795993e+01 2.483400965052800657e+01
-1.453166402027147974e+01 2.573455007339894962e+01
-1.400250737310988924e+01 2.658790575831346104e+01
-1.341269055588740322e+01 2.737995520197605970e+01
-1.275656694432337446e+01 2.809794659671297623e+01
-1.203410600705894495e+01 2.873203955450925307e+01
-1.125123457865813315e+01 2.927780254165366003e+01
-1.041635225688919419e+01 2.973318858819200017e+01
-9.540345686392253555e+00 3.009945212638294620e+01
-8.634749844857363854e+00 3.038225776298859415e+01
-7.708975477651104136e+00 3.058753482050385841e+01
-6.770907956857326049e+00 3.071743969785730144e+01
-5.828841527013516099e+00 3.077437485725720379e+01
-4.890723169071135246e+00 3.076143397673030222e+01
-3.964562936650321223e+00 3.067907677998209692e+01
-3.059669809191219780e+00 3.052555218983761876e+01
-2.187537183006277530e+00 3.029711203419048005e+01
-1.362572896978057058e+00 2.998803600226479560e+01
-6.033714301235177935e-01 2.959039481341021371e+01
6.475797412690798005e-02 2.909344227647980574e+01
6.147376990125675844e-01 2.849315444945684206e+01
1.024573705955554415e+00 2.779540787015995917e+01
1.295494271402605202e+00 2.702118913342894757e+01
1.443635769446128148e+00 2.619359964405739660e+01
1.497581648854180658e+00 2.533289998815242683e+01
1.485457387845209976e+00 2.445362720763756315e+01
1.434771710433130565e+00 2.356576981708583673e+01
1.370654922177004131e+00 2.267611944728683682e+01
1.316881124942644643e+00 2.179003756440498307e+01
1.296395561662962326e+00 2.091274598115848349e+01
1.331705532873453279e+00 2.005070188810119802e+01
1.445389360197671502e+00 1.921323928060125752e+01
1.655896047880197619e+00 1.841253825146759482e+01
1.976044710130343995e+00 1.766218475122488130e+01
2.411678498564158168e+00 1.697581448981878438e+01
2.954128367940445976e+00 1.636063122823554394e+01
3.582587242074521505e+00 1.581222198220607922e+01
4.273277002016447668e+00 1.531762275003324447e+01
5.004586712503994228e+00 1.486012247841638612e+01
5.758265010256669036e+00 1.442298864473469244e+01
6.517811918480066247e+00 1.398992373217600615e+01
7.267521498033414851e+00 1.354540075673989108e+01
7.990307703275822071e+00 1.307417231567531779e+01
8.665822061977479507e+00 1.256270883111006142e+01
9.268630094724590762e+00 1.199930173648521858e+01
9.769076354892570535e+00 1.137775859256745647e+01
1.013241774909662851e+01 1.069745157808470282e+01
1.032394320690908884e+01 9.967411125422660945e+00
1.031943700068357828e+01 9.207636776582578619e+00
1.012001454306574999e+01 8.444367351620755358e+00
9.752643774354087469e+00 7.697998273224532895e+00
9.247301885825006451e+00 6.980916052087140500e+00
8.635410855536504116e+00 6.296691456078736593e+00
7.943340432315195265e+00 5.643863382108483151e+00
7.192818330147669137e+00 5.017294487249623458e+00
6.401304171384634145e+00 4.409509237726419784e+00
5.583034080677010458e+00 3.812283935050808203e+00
4.750731359140321075e+00 3.217444015229623755e+00
3.916196549060156684e+00 2.618719070990750630e+00
3.090175410959399738e+00 2.014858551588926350e+00
2.282464934334076823e+00 1.412265265503914291e+00
1.499565338924726543e+00 8.348292774596616228e-01
7.412296656660579686e-01 3.330095525912733501e-01
3.475109519880347848e-11 1.408442263548118409e-08
