-9.689080808632082764e+00 6.055684357530887185e-01
-1.562778587763210503e+01 1.044175852790209413e+00
-1.903833112496814906e+01 1.484011450999626724e+00
-2.077275812469118321e+01 1.926511704057704222e+00
-2.139884895511393736e+01 2.373564995866571881e+00
-2.129641816646507380e+01 2.827831879666460324e+00
-2.072172717206677461e+01 3.293196292654300805e+00
-1.985094472972380686e+01 3.775424249531182053e+00
-1.881002416386536424e+01 4.283141725644396658e+00
-1.769606433548832314e+01 4.829297573125086451e+00
-1.659377705901733790e+01 5.433359572252946634e+00
-1.558985372413416748e+01 6.124616057596915297e+00
-1.478762392833311878e+01 6.947114827874178999e+00
-1.425348309065068086e+01 7.925962945098910417e+00
-1.391792226187880743e+01 9.009439425434294435e+00
-1.371225808110977873e+01 1.015645532207020452e+01
-1.358137398948724872e+01 1.133848493331764473e+01
-1.348348739685621922e+01 1.253604305953698628e+01
-1.338784726906634504e+01 1.373603081261953918e+01
-1.327111810532335845e+01 1.492878850912699207e+01
-1.311749359965799044e+01 1.610756265531388820e+01
-1.291532965897263630e+01 1.726707317809762543e+01
-1.265867504613197525e+01 1.840367774356642983e+01
-1.234665277990646715e+01 1.951532574553353427e+01
-1.198292566081178379e+01 2.060089796274181140e+01
-1.157676303040113375e+01 2.166162656266526554e+01
-1.113891589131059234e+01 2.270073353302199592e+01
-1.067972357634449310e+01 2.372175702810874043e+01
-1.020950483095759687e+01 2.472886778746547165e+01
-9.737649872456850986e+00 2.572593594128101202e+01
-9.272842025832821022e+00 2.671569472089172947e+01
-8.822269648845844969e+00 2.770028821291403531e+01
-8.391817246116053397e+00 2.868168554531940728e+01
-7.986211458386831552e+00 2.966140177221245366e+01
-7.609156559952363175e+00 3.064021897515177528e+01
-7.263730560759422694e+00 3.161776034190516782e+01
-6.951558503040846659e+00 3.259227573262797506e+01
-6.673360777784774100e+00 3.356119777784904556e+01
-6.429534458938245933e+00 3.452138340123961768e+01
-6.220465075901634222e+00 3.546881713129546654e+01
-6.045101169228253468e+00 3.639828916560159655e+01
-5.900767436424170675e+00 3.730204609265331328e+01
-5.780290874672036061e+00 3.816814383057717208e+01
-5.672445225243827771e+00 3.897886369935967110e+01
-5.563426886218746148e+00 3.970771969049848593e+01
-5.437425165017041095e+00 4.031535233826089382e+01
-5.276467022750013669e+00 4.074247909630174291e+01
-5.060474648429915234e+00 4.090031244182107883e+01
-4.777233715922381663e+00 4.067331747689994614e+01
-4.457767600672315922e+00 4.018171589636817487e+01
-4.119502238028497132e+00 3.951070762279016435e+01
-3.771541585805225250e+00 3.871821218358697791e+01
-3.417911508888691330e+00 3.784366754092302898e+01
-3.059261918097260669e+00 3.691448983566498754e+01
-2.693964153575089782e+00 3.595026816272530112e+01
-2.318877164240822353e+00 3.496514523139079245e+01
-1.930302251776153000e+00 3.396938446045004412e+01
-1.524725280213859335e+00 3.297025124578665611e+01
-1.099137226496160080e+00 3.197343145875289139e+01
-6.526071153276812309e-01 3.098332100940674394e+01
-1.858212063589410323e-01 3.000339773440643043e+01
2.976964134871888379e-01 2.903560715014398141e+01
7.920061653000968205e-01 2.807937306723532345e+01
1.289683325913423051e+00 2.713275888959604387e+01
1.781911662913699512e+00 2.619342996897653464e+01
2.259114069742116815e+00 2.525916758204358459e+01
2.712243783827022803e+00 2.432788916417264957e+01
3.133191538774183993e+00 2.339795390885923609e+01
3.515818241187979254e+00 2.246844148488604276e+01
3.854888792071283987e+00 2.153938885814433490e+01
4.148785922804801629e+00 2.061179112236935396e+01
4.397996977145203878e+00 1.968668991731059137e+01
4.603176513595157004e+00 1.876535584139167057e+01
4.765319465244213681e+00 1.784951737599560673e+01
4.885986148462667877e+00 1.694118417633834284e+01
4.967566719445347445e+00 1.604209053770694737e+01
5.011552938597129803e+00 1.515409892263950375e+01
5.020828144732263354e+00 1.427834766605700523e+01
4.998091189224032505e+00 1.341538755892448798e+01
4.944535939218035914e+00 1.256625973185489897e+01
4.861667224374889074e+00 1.173209612490726528e+01
4.751356041436853417e+00 1.091380338741753775e+01
4.615878131463500900e+00 1.011170719948619201e+01
4.456586868166577453e+00 9.326651614806811708e+00
4.275323890376948377e+00 8.559222986728945770e+00
4.074242647110899007e+00 7.809369755781947475e+00
3.854688117804090819e+00 7.077634805901821480e+00
3.618183103104758658e+00 6.364580805558448517e+00
3.366233640545528427e+00 5.670996495010054872e+00
3.100892906631945944e+00 4.996859805117940923e+00
2.823809277654809602e+00 4.342541815855557097e+00
2.536688433541464782e+00 3.708216415453019277e+00
2.240774817117736184e+00 3.095190377880406185e+00
1.937286390092467503e+00 2.505865533304743042e+00
1.627236975982230938e+00 1.944185604888323038e+00
1.311270758290564276e+00 1.417225550065391415e+00
9.899696887887126096e-01 9.361702464446118865e-01
6.637236279069130829e-01 5.189269921676692432e-01
3.332453891704378335e-01 1.931158809404684429e-01
4.159176866294798631e-10 1.909464450677479857e-08
