2.740093952592468085e+01 4.258826730571610142e+01
4.414992210381862492e+01 4.250379278287708473e+01
5.271480024532466757e+01 4.241819385459657354e+01
5.611525486597688683e+01 4.233010517136747808e+01
5.626430517222358674e+01 4.223762786467129615e+01
5.437824068397532074e+01 4.213792264650964370e+01
5.123725477478145507e+01 4.202660139044031240e+01
4.735262901229387467e+01 4.189678681860274168e+01
4.307629352471633410e+01 4.173763879905984453e+01
3.867624062116232153e+01 4.153203145997402146e+01
3.439395173202455425e+01 4.125288335928161843e+01
3.049614344593260640e+01 4.085735431751492541e+01
2.733192096382824232e+01 4.027766538093308668e+01
2.539475003511201479e+01 3.940957929388119396e+01
2.426181624634986989e+01 3.850188419375189852e+01
2.356977515648171106e+01 3.764705067457150989e+01
2.308898905577954963e+01 3.685891023157184065e+01
2.268256150331547616e+01 3.612992452566444967e+01
2.228929430609227325e+01 3.544135434834691267e+01
2.188371728060552712e+01 3.477412384770268972e+01
2.145936496424382867e+01 3.411266666970493588e+01
2.101672043597356065e+01 3.344650497394114552e+01
2.056092653503510093e+01 3.277073358817145987e+01
2.009647039434244320e+01 3.208241897567114620e+01
1.962864113533300880e+01 3.138276141072790537e+01
1.916414364220813837e+01 3.067781366921517616e+01
1.870845812155809185e+01 2.997375573822641215e+01
1.826512412802615160e+01 2.927412661816655870e+01
1.783544027526475162e+01 2.857998374606055947e+01
1.741955479912478921e+01 2.789322977450924768e+01
1.701556195108805269e+01 2.721570722598688263e+01
1.662119499885013241e+01 2.655012878363933737e+01
1.623367813814189020e+01 2.589947607246845607e+01
1.585080413281110445e+01 2.526698241612496076e+01
1.547207538332476062e+01 2.465688514101400131e+01
1.509858530290966350e+01 2.407193428173848204e+01
1.473215464299549460e+01 2.351261124181272066e+01
1.437420383097889243e+01 2.297717876502978385e+01
1.402641275899378748e+01 2.246305552083653367e+01
1.369007287911142434e+01 2.196507217844022364e+01
1.336666017094292158e+01 2.147882321767595215e+01
1.305672196510548844e+01 2.100246409717139073e+01
1.275721112154728765e+01 2.053277706482764486e+01
1.246489707508647626e+01 2.006665119702129374e+01
1.217659577429529705e+01 1.960194216587452587e+01
1.188769798399953181e+01 1.913614415623049325e+01
1.159382536289939658e+01 1.866696837675404552e+01
1.129295387509698401e+01 1.819236748324139086e+01
1.098544351423101340e+01 1.770771018489901749e+01
1.067249554229755582e+01 1.720716287086013452e+01
1.035579915874127543e+01 1.668743344328048650e+01
1.003377031255620011e+01 1.614505813890146158e+01
9.702764896182701548e+00 1.557762487202266577e+01
9.359110541728762556e+00 1.498530063250824185e+01
9.000138969187714721e+00 1.437218012258059119e+01
8.624870994344405517e+00 1.374805557256268074e+01
8.231511394044282781e+00 1.311911730096382023e+01
7.825432815095059169e+00 1.249129801469245749e+01
7.420825819374432974e+00 1.187454723790559896e+01
7.029859001347799285e+00 1.127776757449313649e+01
6.660036847666960469e+00 1.070800547810562797e+01
6.315276003036612629e+00 1.017192960208009289e+01
5.998742991965665183e+00 9.677002324723837035e+00
5.712346223839062098e+00 9.231152470370032503e+00
5.456339366328762708e+00 8.837909828355217101e+00
5.230676304118140330e+00 8.491570332058723025e+00
5.031302032995402129e+00 8.181047443758322046e+00
4.851676321595616237e+00 7.898549439755660373e+00
4.683787085030903796e+00 7.638769523817309448e+00
4.520487732132815850e+00 7.398351660157400644e+00
4.357455909996724941e+00 7.175605416065997666e+00
4.193959496279724419e+00 6.968193014286081066e+00
4.031978511602870796e+00 6.770982760356026198e+00
3.875040649446654939e+00 6.577946587541964263e+00
3.726465141339236453e+00 6.382936560980618346e+00
3.587923605725139797e+00 6.180273549107267783e+00
3.459412176803846162e+00 5.966001459990954991e+00
3.339327722162241052e+00 5.738398176698186859e+00
3.224750641358566483e+00 5.497757268027267941e+00
3.111946879310141689e+00 5.245608833594960885e+00
2.996905254124262896e+00 4.983798835582730291e+00
2.875771837777149287e+00 4.713994528317934751e+00
2.745502211102088808e+00 4.438333883826750537e+00
2.605166718818521243e+00 4.160291882846116174e+00
2.456096219791433555e+00 3.882526746347914504e+00
2.300709560781597052e+00 3.607254181449092378e+00
2.141726457903136982e+00 3.336631069459883747e+00
1.980720666149133891e+00 3.072853312793214275e+00
1.817587937245262575e+00 2.818193700346495412e+00
1.650327685410218681e+00 2.573773206548223502e+00
1.477356255034587784e+00 2.339613912239456806e+00
1.300502596451135640e+00 2.109734955087143149e+00
1.123685297431575636e+00 1.872092647457320735e+00
9.494683143298708883e-01 1.615102406096992960e+00
7.747440000386160985e-01 1.335275770822530461e+00
5.985893668731054884e-01 1.038304534538304180e+00
4.258727173946317279e-01 7.347003023584364190e-01
2.647614158861620326e-01 4.394044110080949639e-01
1.234545800766850276e-01 1.781863069951127587e-01
2.907500707199911971e-33 1.166257754656696565e-09
