-3.005317957500784942e+01 4.335106185762779063e+01
-4.747320123222073107e+01 4.312837877135390841e+01
-5.623114532977162128e+01 4.290354539524880551e+01
-5.957126064759331285e+01 4.267393299223361680e+01
-5.953230973155521610e+01 4.243584947449480893e+01
-5.740120065911026614e+01 4.218371790062109028e+01
-5.399932874455551968e+01 4.190883558601196768e+01
-4.986533996975450833e+01 4.159743772414542917e+01
-4.537498166508643038e+01 4.122763466744761729e+01
-4.082470765091667886e+01 4.076454140170357476e+01
-3.649764028620234768e+01 4.015251550448559215e+01
-3.272656619071222650e+01 3.930277650350732443e+01
-2.996694736506976753e+01 3.807403927137401922e+01
-2.852235924542970480e+01 3.636451535992083706e+01
-2.786395893099631493e+01 3.447795217041264237e+01
-2.761742258624969537e+01 3.256418216479664807e+01
-2.756053891805897393e+01 3.069226919457119251e+01
-2.757629020244151974e+01 2.889346242923706143e+01
-2.760941804918735443e+01 2.718466583937171421e+01
-2.764074123465455202e+01 2.557338121207165926e+01
-2.767006593502082978e+01 2.405808596120428788e+01
-2.770482186774558286e+01 2.263154915055745420e+01
-2.775351214407167788e+01 2.128749910434784809e+01
-2.782132770605588590e+01 2.002015360177991354e+01
-2.790828850135899586e+01 1.882226138364502788e+01
-2.801050442441162502e+01 1.768681664251084484e+01
-2.812154466679617215e+01 1.660903252164724009e+01
-2.823438964424650521e+01 1.558751720532798046e+01
-2.834564803530192378e+01 1.461894305113131232e+01
-2.845703863457979210e+01 1.369862945020281053e+01
-2.857323125847747392e+01 1.282193271543865443e+01
-2.869903922137239149e+01 1.198395387757012287e+01
-2.883790460391179522e+01 1.118151418238945993e+01
-2.899137987067071975e+01 1.041188695908995676e+01
-2.916032875319858775e+01 9.672935267532723813e+00
-2.934509741409448580e+01 8.963621462082958402e+00
-2.954544305991404229e+01 8.283727595336408456e+00
-2.976066208222908926e+01 7.632795101138203364e+00
-2.998949258727541434e+01 7.009142000069538803e+00
-3.023034335737186140e+01 6.411844585364505633e+00
-3.048055931571630239e+01 5.838737383938606307e+00
-3.073763725484056764e+01 5.288968551641729299e+00
-3.099832387449476556e+01 4.762723677599182359e+00
-3.125929638049308323e+01 4.259314894699009812e+00
-3.151710707939358258e+01 3.777772006306891139e+00
-3.176705542560221218e+01 3.317802905602415642e+00
-3.200323062328559587e+01 2.876834082339017051e+00
-3.221910451815861620e+01 2.451097012966340305e+00
-3.240712012568415190e+01 2.037215529956465154e+00
-3.256020808668355926e+01 1.632169302493547969e+00
-3.267080659772818763e+01 1.234417809235022867e+00
-3.273415858684384716e+01 8.441644428559357261e-01
-3.274448709079403841e+01 4.634757599753518420e-01
-3.269896740657623724e+01 9.605296705991750450e-02
-3.259530640777237664e+01 -2.536796276470960065e-01
-3.243239812124875243e+01 -5.807675141064746471e-01
-3.221072573090093982e+01 -8.800182523275855706e-01
-3.193633318528802434e+01 -1.149430009271478426e+00
-3.161613792784145005e+01 -1.389859162415359783e+00
-3.125519673722552483e+01 -1.602859269856663937e+00
-3.085735895426953235e+01 -1.790172520662754785e+00
-3.042701387257855572e+01 -1.955292319951254854e+00
-2.996652396222711090e+01 -2.101350621258793350e+00
-2.947691031506728265e+01 -2.230675880809933176e+00
-2.895835382099371458e+01 -2.344652912343640594e+00
-2.841042225856734760e+01 -2.443762006511486007e+00
-2.783217744232780078e+01 -2.527634939713469642e+00
-2.722223751683635129e+01 -2.595166951520403664e+00
-2.657887599384801902e+01 -2.644702622530161751e+00
-2.590031036305132517e+01 -2.674287687317393747e+00
-2.518602724746078181e+01 -2.683542452231677977e+00
-2.443373611422788372e+01 -2.672390976371478377e+00
-2.364092997709879640e+01 -2.642445876775908253e+00
-2.280285779756509967e+01 -2.595057990061485409e+00
-2.191732439867453763e+01 -2.532972958253566720e+00
-2.098257032779763875e+01 -2.458914918263619409e+00
-1.999921329932824676e+01 -2.375054111111516875e+00
-1.897039541047251276e+01 -2.282194528580811177e+00
-1.790020470607405656e+01 -2.179541152729877584e+00
-1.679462415466625913e+01 -2.066383463583902902e+00
-1.566527001473816227e+01 -1.945133977428838756e+00
-1.452437930194427018e+01 -1.819444010333780559e+00
-1.338542664183439967e+01 -1.691722228186746779e+00
-1.226115136651735682e+01 -1.562756654827325065e+00
-1.116233608778750686e+01 -1.433595390293874061e+00
-1.009663048748537761e+01 -1.306568932414664985e+00
-9.068185640918267509e+00 -1.184755354490212742e+00
-8.082054145321011518e+00 -1.071793483834879490e+00
-7.145291086824245852e+00 -9.713357389241213946e-01
-6.263354511910062428e+00 -8.842265923932586258e-01
-5.439879126510621887e+00 -8.065116283470995517e-01
-4.675594677747451300e+00 -7.289959534691254905e-01
-3.967519969529297974e+00 -6.414764507877068755e-01
-3.307768043758493981e+00 -5.394754598618486385e-01
-2.688535675358680876e+00 -4.253685240944810597e-01
-2.102530332342513297e+00 -3.071220007292225218e-01
-1.544519880449056304e+00 -1.947643937743661624e-01
-1.010351008761149361e+00 -9.921352264539429200e-02
-4.972542533693438127e-01 -3.168406118536292587e-02
-1.061984196276069602e-11 -1.851973207604323279e-10
