-4.068964776179183218e+01 -4.482758532310966615e+01
-6.205775719884440633e+01 -4.371855123805821108e+01
-7.118747599745171328e+01 -4.259726307808436729e+01
-7.290365544400911801e+01 -4.144843071621038888e+01
-7.019437925120179500e+01 -4.024993971343637611e+01
-6.495128652961703608e+01 -3.896737227699457407e+01
-5.843824160616635055e+01 -3.754547995728268006e+01
-5.160446725494482223e+01 -3.589449537107001476e+01
-4.531972275076242340e+01 -3.386789156031481696e+01
-4.058712154352440393e+01 -3.122713425583375368e+01
-3.770078281467378645e+01 -2.808840718176839246e+01
-3.605010216169066695e+01 -2.489004832542667600e+01
-3.513255899839161600e+01 -2.186955061368822584e+01
-3.461596257285677325e+01 -1.913589005419543199e+01
-3.429896192200647675e+01 -1.672567823421202959e+01
-3.406894651921802364e+01 -1.461935694001157238e+01
-3.386149436760897657e+01 -1.278713288952392446e+01
-3.364426528241862258e+01 -1.118375846184403066e+01
-3.339939379865170821e+01 -9.769077392086202849e+00
-3.311854331644115490e+01 -8.505747687865696349e+00
-3.279564268400039850e+01 -7.367444176193219896e+00
-3.242666213952607279e+01 -6.335096390052011195e+00
-3.200733017866497931e+01 -5.397756530588589285e+00
-3.153391283106325460e+01 -4.549943233038811208e+00
-3.100417457041964653e+01 -3.788640038783699815e+00
-3.041531968292663279e+01 -3.117188681412482509e+00
-2.976943500718414271e+01 -2.541158479612142251e+00
-2.907328924450198215e+01 -2.067245237698960292e+00
-2.833742329546974048e+01 -1.702186256254820895e+00
-2.757321962012840189e+01 -1.459130111511341976e+00
-2.679486940934142680e+01 -1.360106721764740456e+00
-2.602287981907740644e+01 -1.431805119916017555e+00
-2.528390764855549122e+01 -1.698198588175018786e+00
-2.460563376310942729e+01 -2.170424668677725322e+00
-2.400673076564055108e+01 -2.837048240723044401e+00
-2.348345359269911015e+01 -3.660947071099056593e+00
-2.302654592805372502e+01 -4.612243062781958614e+00
-2.262336840241077240e+01 -5.666817383434183064e+00
-2.225965060808070106e+01 -6.806068893486607152e+00
-2.192336080072298898e+01 -8.018560878296280947e+00
-2.160537076747457519e+01 -9.296534552889314185e+00
-2.129841531432702340e+01 -1.063226508015993943e+01
-2.099743285071095045e+01 -1.202029279838029652e+01
-2.069983735476617071e+01 -1.345340433667628588e+01
-2.040507317714887492e+01 -1.492521111701475078e+01
-2.011437042727270352e+01 -1.642811190662363074e+01
-1.983042713969627613e+01 -1.795289673827596388e+01
-1.955693700132056989e+01 -1.948893938493902667e+01
-1.929821422412429754e+01 -2.102459264349309009e+01
-1.905863552785219994e+01 -2.254678415555824245e+01
-1.884016246631363956e+01 -2.404401148157473855e+01
-1.864312941047749561e+01 -2.550594106282120421e+01
-1.846490759804191839e+01 -2.692522426407831304e+01
-1.830226707769334737e+01 -2.829424879970941120e+01
-1.815075847251624452e+01 -2.960688643733058001e+01
-1.800504765177868194e+01 -3.086093576106106084e+01
-1.785984234992116271e+01 -3.205304091916954690e+01
-1.771004994440662017e+01 -3.318008358919328771e+01
-1.754967467192047437e+01 -3.423999238199458972e+01
-1.737012190371912013e+01 -3.523179392179345371e+01
-1.715878865933205688e+01 -3.614968220261016540e+01
-1.689851937469822474e+01 -3.697902021658089922e+01
-1.656954936157343283e+01 -3.769575041693251904e+01
-1.615499950479918212e+01 -3.826875807140296359e+01
-1.565055694273276465e+01 -3.866636927603141061e+01
-1.507375368986191866e+01 -3.887102408444431489e+01
-1.445902587876238421e+01 -3.889841710172951394e+01
-1.383570370573668384e+01 -3.876944198286384591e+01
-1.322576487392319677e+01 -3.850416695166764924e+01
-1.264284807662979304e+01 -3.812355850011172720e+01
-1.209500356250645225e+01 -3.764417968904491119e+01
-1.158557988867010202e+01 -3.707971291101330991e+01
-1.111348064681415693e+01 -3.644160681863034057e+01
-1.067701801921842986e+01 -3.573638037474840701e+01
-1.027503848512775875e+01 -3.496758754202779329e+01
-9.904328159705537260e+00 -3.413975811945381622e+01
-9.561178398332783601e+00 -3.325496962031230197e+01
-9.241195710828852938e+00 -3.231402466440979993e+01
-8.939219234087905974e+00 -3.131694275732367316e+01
-8.649422257258562396e+00 -3.026327727974860693e+01
-8.365405450157846090e+00 -2.915207011701058804e+01
-8.080403221552055371e+00 -2.798174183367703449e+01
-7.787471416529285761e+00 -2.675013711144405804e+01
-7.479782428977162390e+00 -2.545457617271689088e+01
-7.151014803927596475e+00 -2.409232204982582104e+01
-6.797030767234492288e+00 -2.266386939359578534e+01
-6.415645022048628299e+00 -2.117006654874261429e+01
-6.006030155648657498e+00 -1.961140989136145762e+01
-5.568407475441528476e+00 -1.798885360458935878e+01
-5.105036623368509829e+00 -1.630667950366272834e+01
-4.618793709897317079e+00 -1.456998908852285979e+01
-4.112599184279334352e+00 -1.278507058753469039e+01
-3.589878845941560037e+00 -1.096176831314459577e+01
-3.055899003545940573e+00 -9.116019075592317833e+00
-2.517006460562402737e+00 -7.268401917902841625e+00
-1.980981628604351563e+00 -5.449158819927774289e+00
-1.457025730983581679e+00 -3.707552127281291909e+00
-9.529403627627290874e-01 -2.122008729690465056e+00
-4.699004960263026276e-01 -8.175191665815076947e-01
-2.261965790807389757e-09 -4.871807583801871739e-08
