-1.724730482339517934e+01 -2.036145421558662605e+01
-2.640751771400699965e+01 -1.930859812979984724e+01
-3.041701342636102368e+01 -1.824700677808420579e+01
-3.125538987523442813e+01 -1.716595095031860652e+01
-3.017839672321316868e+01 -1.605025840286205963e+01
-2.800457381975302695e+01 -1.487685058581826780e+01
-2.530209432822088900e+01 -1.360947464730847756e+01
-2.251845817674398376e+01 -1.219042822232142242e+01
-2.008263665618128258e+01 -1.052739021132403430e+01
-1.849554063202541343e+01 -8.475667823031367121e+00
-1.754048540699116288e+01 -6.270984929588782286e+00
-1.699306545673897517e+01 -4.063483164115075930e+00
-1.668803882506130520e+01 -1.925771445424000250e+00
-1.651472725700276456e+01 1.052534793729187484e-01
-1.640138354055851977e+01 2.016977039750219358e+00
-1.630224497222102542e+01 3.810905336766841511e+00
-1.618859727658135483e+01 5.493375493994978598e+00
-1.604450432378868641e+01 7.072571206072335137e+00
-1.586324848273483390e+01 8.559290779890762479e+00
-1.564060149910370967e+01 9.960495678396176444e+00
-1.537500135217366903e+01 1.128268078932583940e+01
-1.506443473432935498e+01 1.252986674524566446e+01
-1.470592697678478089e+01 1.370303849664882634e+01
-1.429707189912276810e+01 1.480335168379224164e+01
-1.383473333248674919e+01 1.583023199666228642e+01
-1.331629289708808095e+01 1.678168112496705788e+01
-1.274109003114277350e+01 1.765584224912329603e+01
-1.211161324097821890e+01 1.845331879572843548e+01
-1.143177169843111329e+01 1.917526274727284985e+01
-1.070743111500559408e+01 1.982424066373230076e+01
-9.946066745712741408e+00 2.040526012527064381e+01
-9.154735108112580733e+00 2.092306854255183168e+01
-8.340379227359987269e+00 2.138270856747440618e+01
-7.509364247471208564e+00 2.179055054651706769e+01
-6.666452599923803568e+00 2.215238750832871517e+01
-5.815102364993212092e+00 2.247162263343363975e+01
-4.958120305113097537e+00 2.275209260765376840e+01
-4.097432309949621931e+00 2.299637547063406728e+01
-3.234467134613426609e+00 2.320609781761124779e+01
-2.370375400208122318e+00 2.338210660206728875e+01
-1.506189939741358286e+00 2.352460844339842794e+01
-6.431247893325541254e-01 2.363320810334208488e+01
2.176928734358238582e-01 2.370898788852828787e+01
1.075397656366462451e+00 2.375258372373387772e+01
1.929170970268403451e+00 2.376428941085841018e+01
2.778107699784774010e+00 2.374416663026519814e+01
3.621152328904022166e+00 2.369219467883032593e+01
4.456992438908031318e+00 2.360843169234355088e+01
5.284114810279710639e+00 2.349317423171672559e+01
6.101244891647762181e+00 2.334710394399904487e+01
6.906649566751069003e+00 2.316951028316590566e+01
7.698724680565240064e+00 2.296017429851023195e+01
8.475073571114416282e+00 2.271725793502959689e+01
9.232737243205441757e+00 2.243887757899830149e+01
9.967927064594034547e+00 2.212248905074527627e+01
1.067532629098798402e+01 2.176425681278213631e+01
1.135028907327978409e+01 2.136253983513192978e+01
1.198701395431450045e+01 2.091475615988323256e+01
1.258147319362169014e+01 2.042142118981367460e+01
1.312931290246520888e+01 1.988324912422327628e+01
1.362759469235673571e+01 1.930318051747346786e+01
1.407455917333258810e+01 1.868560405731087570e+01
1.447171709838706199e+01 1.803699939928302953e+01
1.482101353283772660e+01 1.736326295699987909e+01
1.512253767937733784e+01 1.666891818212829435e+01
1.537673897772027765e+01 1.595809636655677899e+01
1.558273062752452454e+01 1.523403736867700609e+01
1.573849492994700405e+01 1.449985305800032087e+01
1.584137103674816593e+01 1.375884395736352239e+01
1.588865567795068401e+01 1.301461513607553933e+01
1.587823173524076914e+01 1.227108570031076518e+01
1.580955000867648685e+01 1.153217078814734897e+01
1.568158365316359060e+01 1.080194302693847952e+01
1.549699349874638443e+01 1.008391240104871400e+01
1.525926879962435834e+01 9.380935750855504907e+00
1.497311661294622454e+01 8.694903298468592112e+00
1.464195286213347025e+01 8.027771867745833845e+00
1.426828056175445170e+01 7.381882949392406523e+00
1.385381620890918342e+01 6.760164304828133908e+00
1.340171653462431856e+01 6.164330211546399596e+00
1.291421010424901183e+01 5.596102289802906249e+00
1.239297482128309014e+01 5.057445819750546079e+00
1.183937378816325392e+01 4.550858544441223508e+00
1.125613940062339502e+01 4.077349111646456414e+00
1.064525015056348778e+01 3.638437058976609961e+00
1.000951477722526306e+01 3.234376848377174873e+00
9.352148706225547059e+00 2.864087197888686376e+00
8.676484479135462280e+00 2.525008707769708760e+00
7.985182009119134783e+00 2.215125636115499841e+00
7.281326525531191862e+00 1.931336859341081791e+00
6.567898777849785041e+00 1.669429079753885548e+00
5.847276693452168495e+00 1.425544216766708949e+00
5.121523609630790119e+00 1.196267163081407681e+00
4.392315204026687070e+00 9.787613782071740154e-01
3.660949852048182240e+00 7.715549377728959657e-01
2.928426758994544965e+00 5.745781200102546560e-01
2.195493807599463665e+00 3.899935221429058352e-01
1.462920748275607474e+00 2.235007475420069667e-01
7.310778371137928167e-01 8.665382608966067102e-02
1.586957041469999743e-09 2.387625046248960945e-08
