4.131293898255814412e+01 4.607261621400994045e+01
6.370054305087020907e+01 4.573600017546895202e+01
7.372309812857021427e+01 4.539535955077547413e+01
7.621596676922821700e+01 4.504568197982719369e+01
7.416646499086141375e+01 4.467973712040949863e+01
6.944705224768188145e+01 4.428630206978736794e+01
6.327489846994273393e+01 4.384740687255581548e+01
5.651062013756162372e+01 4.333392406620930615e+01
4.986950566882546809e+01 4.269841978493332846e+01
4.409707197790201860e+01 4.186351182282322014e+01
4.014552886143827237e+01 4.070403622529509136e+01
3.803268962908670403e+01 3.941834372484907334e+01
3.693398232520326729e+01 3.832426296141637323e+01
3.634746261474519713e+01 3.744454853521025939e+01
3.599138966817763929e+01 3.674395635485821288e+01
3.571163207090243930e+01 3.618460199460039917e+01
3.543507935023070843e+01 3.573436456778166814e+01
3.513486945238338421e+01 3.536792502543763561e+01
3.480612396133508213e+01 3.506409409094726470e+01
3.444687570025270418e+01 3.481022581312058861e+01
3.405805461289242686e+01 3.459947889325643189e+01
3.364102358040278062e+01 3.442859961428579396e+01
3.319734590110117267e+01 3.429645473769269159e+01
3.272912150915114182e+01 3.420348138062256282e+01
3.223892999660333913e+01 3.415138254145248453e+01
3.172924085489902524e+01 3.414285576699063540e+01
3.120168274524706575e+01 3.418127157562383900e+01
3.065690469430262866e+01 3.427019411289496986e+01
3.009485723743149777e+01 3.441306996149681652e+01
2.951534188762211386e+01 3.461308810257592228e+01
2.891729720026775041e+01 3.486975545459191039e+01
2.829761825727724656e+01 3.518340240684393194e+01
2.765414483711893112e+01 3.555177757701471819e+01
2.698545973220114647e+01 3.596893157421737897e+01
2.628839730394141228e+01 3.642872474149904605e+01
2.556002423740280349e+01 3.692437822556547644e+01
2.480135880064681331e+01 3.744456797139654469e+01
2.401654429598822205e+01 3.797545710063050706e+01
2.321315617502513362e+01 3.850327462389525834e+01
2.240159920120389359e+01 3.901603721709899020e+01
2.159460202347454683e+01 3.950524737181886081e+01
2.080227521597030105e+01 3.996482564391511261e+01
2.003209674466409496e+01 4.038783579416313785e+01
1.928533648909071019e+01 4.076701000114812246e+01
1.855976361068673341e+01 4.109538666946445318e+01
1.785407802651033649e+01 4.136688281992701377e+01
1.716678041025103596e+01 4.157908264725080016e+01
1.649519118989304545e+01 4.173294493879785705e+01
1.583787484493386444e+01 4.183001707991688534e+01
1.519547548019620997e+01 4.187228618534580704e+01
1.456802857214200664e+01 4.186284992195728449e+01
1.395497681101286780e+01 4.180373498629244011e+01
1.335603177023516963e+01 4.169689611625044989e+01
1.277084202111800337e+01 4.154470613500009080e+01
1.219779617643346725e+01 4.134987342324961190e+01
1.163613862462149484e+01 4.111308578541957814e+01
1.108640124620229628e+01 4.083636642023478203e+01
1.054819821980984784e+01 4.052243264559291447e+01
1.002160053248675986e+01 4.017262902409763825e+01
9.507221655754506173e+00 3.978946163255035628e+01
9.004277709091898174e+00 3.937472701013032861e+01
8.512338721533909691e+00 3.892815362752301667e+01
8.031814286750135423e+00 3.845000000285882891e+01
7.563357445715134908e+00 3.793969694263824977e+01
7.108738600077452396e+00 3.739523043377936062e+01
6.670715275732167271e+00 3.681283978709014093e+01
6.252365655477297501e+00 3.618472144388082512e+01
5.858615394477308946e+00 3.549971715803244621e+01
5.496438047706700303e+00 3.474617774287537486e+01
5.172653859885291361e+00 3.391426984625979202e+01
4.893054300256277855e+00 3.299736654006805026e+01
4.658103001372879248e+00 3.199452249160870920e+01
4.464438067761421713e+00 3.090518265288544697e+01
4.303423116494800027e+00 2.973031612901359111e+01
4.166241184105000883e+00 2.846623540561397903e+01
4.043136104374060125e+00 2.711456727792161914e+01
3.922607013698149014e+00 2.567963474778068189e+01
3.793955805033287998e+00 2.416395394852352396e+01
3.647819943431800827e+00 2.257478239631376127e+01
3.475008530206607826e+00 2.092496606289776651e+01
3.269142972346959386e+00 1.923589466482379251e+01
3.027487886449341747e+00 1.752561973907693016e+01
2.752540086399572150e+00 1.580865414000835045e+01
2.459597767861883444e+00 1.410408880524539654e+01
2.168287612182409951e+00 1.243017646302581802e+01
1.882820750813361199e+00 1.080567717776698089e+01
1.600637146677402090e+00 9.251948331419574956e+00
1.317384777117711181e+00 7.795087308908957624e+00
1.034588759099387412e+00 6.450746507856777612e+00
7.609722117827434351e-01 5.228967292344634643e+00
5.088761072133412000e-01 4.140456691578652482e+00
2.904447576496665961e-01 3.184007000388951347e+00
1.110756857421522359e-01 2.347779756491935821e+00
-2.802892712104927686e-02 1.621190356683183564e+00
-1.282243358242851627e-01 9.981352824997540285e-01
-1.902064541981590695e-01 4.818381394013814822e-01
-2.124904981159544126e-01 9.029673527436993252e-02
-1.887076426909137239e-01 -1.315593689112562747e-01
-1.073511038785008587e-01 -1.009656720425378545e-01
-4.764168559441800511e-18 -3.741425864870432144e-09
