3.301886791851266878e+01 4.221698113203226654e+01
4.893900528396359562e+01 4.217269310048074260e+01
5.448442787051725134e+01 4.211173450771453730e+01
5.394395376135546627e+01 4.201292876968249601e+01
4.996139406417677975e+01 4.184486928675896422e+01
4.425017031756372887e+01 4.155743029611957695e+01
3.805644926385258486e+01 4.106821796783386702e+01
3.249597948741607922e+01 4.024029950021616742e+01
2.881777985594950309e+01 3.885636849532292558e+01
2.621547283878173573e+01 3.733594294230061195e+01
2.426330655629414679e+01 3.599583100782662370e+01
2.273353118288466135e+01 3.490555512233098057e+01
2.149905069689659243e+01 3.403300348764872041e+01
2.048226637351272572e+01 3.331927094468024819e+01
1.963941338051884600e+01 3.271480538466259702e+01
1.894002492826065520e+01 3.218185654540117469e+01
1.836342676708576960e+01 3.169569917601207720e+01
1.789427561524765409e+01 3.124355026219772924e+01
1.751662522291695012e+01 3.081808835355603549e+01
1.721708603955804051e+01 3.041529946221342229e+01
1.698266884568489843e+01 3.003238256299692566e+01
1.680063768202558805e+01 2.966634074543782518e+01
1.665985924734143708e+01 2.931338903022249198e+01
1.655251225256143144e+01 2.897033163103554543e+01
1.647307357548193707e+01 2.863440752023142366e+01
1.641942379589332290e+01 2.830423782023018475e+01
1.639054829482629572e+01 2.797947347802950802e+01
1.638768892954547951e+01 2.766022396039315723e+01
1.641436882228629912e+01 2.734775274881947027e+01
1.647663849014242743e+01 2.704526058377867415e+01
1.658082346236433935e+01 2.675744889270184501e+01
1.673357215750964144e+01 2.648957961185989518e+01
1.694169983712788863e+01 2.624865181284143745e+01
1.720362121099162778e+01 2.603811558815885618e+01
1.751612238553316203e+01 2.585754453287598054e+01
1.787440903127570380e+01 2.570328185462326687e+01
1.827263956704459247e+01 2.557029485802493696e+01
1.870480754817723223e+01 2.545419942688950243e+01
1.916526407874459181e+01 2.535206059290090153e+01
1.964852915478458684e+01 2.526177613945193201e+01
2.014880832511809317e+01 2.518120191767399163e+01
2.066005949329485603e+01 2.510793581172893951e+01
2.117740783533594495e+01 2.503941167460610373e+01
2.169596244713638100e+01 2.497329991224382084e+01
2.221011458472749212e+01 2.490694842771877759e+01
2.271485662993906018e+01 2.483735656095164046e+01
2.320493884111858662e+01 2.476139697277869089e+01
2.367575704500628220e+01 2.467629909217061623e+01
2.412570152158851400e+01 2.457981490888980503e+01
2.455383214817184978e+01 2.446928388808197852e+01
2.495837224046652025e+01 2.434180781199197696e+01
2.533585054727788943e+01 2.419441544848503511e+01
2.568039203774010559e+01 2.402429259448083698e+01
2.598804476747431735e+01 2.383068188013231747e+01
2.625458392215253767e+01 2.361233118918431018e+01
2.647391926984211352e+01 2.336833476044212077e+01
2.664155686072016493e+01 2.310092998805228603e+01
2.675583782492984852e+01 2.281434133208055215e+01
2.681896321769529123e+01 2.251418554409875128e+01
2.683767349253040280e+01 2.220589341264405192e+01
2.681832835839249185e+01 2.189343450576483718e+01
2.676684509174185322e+01 2.157966579809394503e+01
2.668840841499337202e+01 2.126574421594222031e+01
2.658524909047444851e+01 2.095225725505324732e+01
2.645890767071050220e+01 2.063988618300175304e+01
2.630978761555820356e+01 2.032878796721194092e+01
2.613682008950773294e+01 2.001836281224638014e+01
2.593703826434873960e+01 1.970726698532989474e+01
2.570519017645757742e+01 1.939381590672325828e+01
2.543495608996380497e+01 1.907593963970699491e+01
2.511834603376573583e+01 1.875170018162021535e+01
2.475113582803254531e+01 1.842037866020807968e+01
2.433063953212230501e+01 1.808103257868677360e+01
2.385435293775849885e+01 1.773235193614645411e+01
2.331871672343709889e+01 1.737172247956130988e+01
2.271994410568184364e+01 1.699500866197128701e+01
2.205671090813318358e+01 1.659527708169967042e+01
2.132664031942221428e+01 1.616116049792064757e+01
2.052790007899251279e+01 1.567946685239911986e+01
1.966367989638687064e+01 1.514111536525672008e+01
1.873680548231902776e+01 1.454333553792415046e+01
1.775049609427031427e+01 1.389457337654903490e+01
1.670193957530030815e+01 1.319837063227965146e+01
1.559650121139760870e+01 1.245078484811587494e+01
1.445408902689567121e+01 1.164741430349915419e+01
1.329470197700746503e+01 1.079343556469084220e+01
1.212658768676216781e+01 9.900717829794189129e+00
1.095817720652728333e+01 8.992637958150060840e+00
9.804980524273453568e+00 8.095194750948078166e+00
8.680942105205533110e+00 7.215977234187616496e+00
7.594006384436601031e+00 6.350423417181692898e+00
6.547673365563198900e+00 5.500430108779716498e+00
5.539266479395451803e+00 4.680121659902930276e+00
4.564647720230027517e+00 3.900521235268973097e+00
3.625946573939159201e+00 3.158107942636394494e+00
2.732102698947379782e+00 2.440611797385833892e+00
1.898038616787173227e+00 1.742183923698972237e+00
1.150149915863735606e+00 1.070821646860033116e+00
5.234686724988990569e-01 4.614768369535711678e-01
9.905452704617817232e-10 7.661430198631679220e-09
