-2.793296161691685153e-01 4.134078212288663678e+01
-6.555479740465506300e-01 4.126384307768564241e+01
-1.121492717487194257e+00 4.119907376838228430e+01
-1.669914490773450000e+00 4.115097933303618305e+01
-2.294940026884583872e+00 4.112099792329443915e+01
-2.992271753983892335e+00 4.110941271188303148e+01
-3.759087164267064018e+00 4.111587697597471447e+01
-4.593618256709114611e+00 4.113981714951853519e+01
-5.493918479451162185e+00 4.117985823406731782e+01
-6.457952588104576286e+00 4.123329346709513743e+01
-7.483004776067760488e+00 4.129611781972455020e+01
-8.564533903087706790e+00 4.136303657018849123e+01
-9.696340809760627621e+00 4.142834204974438705e+01
-1.087037210320048963e+01 4.148732485183082730e+01
-1.207693847256852848e+01 4.153716332381259946e+01
-1.330563598059884356e+01 4.157723523932394016e+01
-1.454552684569680032e+01 4.160822841955225471e+01
-1.578448084810669449e+01 4.163158789421483874e+01
-1.701047469461591177e+01 4.164882652832624643e+01
-1.821199348660794826e+01 4.166103883837812560e+01
-1.937868914117054686e+01 4.166844463982084790e+01
-2.050223774194827442e+01 4.167008873484764564e+01
-2.157666232257032846e+01 4.166362532127910612e+01
-2.259745257529776907e+01 4.164544520805519312e+01
-2.356115262082794004e+01 4.161069813431975462e+01
-2.446575041227499270e+01 4.155351562210917393e+01
-2.531016289426753119e+01 4.146747830612937946e+01
-2.609416003110984050e+01 4.134608633877206785e+01
-2.681733869646587820e+01 4.118295628558623633e+01
-2.747930884284869890e+01 4.097282732519087034e+01
-2.808048481395553608e+01 4.071210649512764235e+01
-2.862182441875011563e+01 4.039848782594236098e+01
-2.910487720662440836e+01 4.003105227194907911e+01
-2.953198161092441154e+01 3.960999679272323704e+01
-2.990642098221702128e+01 3.913622536922992623e+01
-3.023247033279984564e+01 3.861102913676732129e+01
-3.051522237266137338e+01 3.803593178350872250e+01
-3.076095621041693207e+01 3.741256417767529996e+01
-3.097616170432068117e+01 3.674202217948507609e+01
-3.116751192568233009e+01 3.602510475353861352e+01
-3.134118956971597214e+01 3.526174847242771193e+01
-3.150207607927487885e+01 3.445125577795070626e+01
-3.165311942249601529e+01 3.359242457065281684e+01
-3.179539199819220840e+01 3.268396218705878908e+01
-3.192773870485337540e+01 3.172556776107990473e+01
-3.204746782823654883e+01 3.071779070318991600e+01
-3.215113492253509264e+01 2.966182900880617979e+01
-3.223532814903754939e+01 2.855970736042072389e+01
-3.229762880086970966e+01 2.741460151779401500e+01
-3.233710305068228053e+01 2.623034499645756412e+01
-3.235415935623372263e+01 2.501084091543018673e+01
-3.234979426065491026e+01 2.376015510466625358e+01
-3.232533619872132391e+01 2.248350501680452140e+01
-3.228257335404092032e+01 2.118762406221903305e+01
-3.222417663864863613e+01 1.988040922370072749e+01
-3.215401293496867652e+01 1.857022928992661548e+01
-3.207708251321506054e+01 1.726504065193907778e+01
-3.199917763113000646e+01 1.597163110323524293e+01
-3.192653758793194996e+01 1.469546745801651610e+01
-3.186547393835916608e+01 1.344150646268307980e+01
-3.182157474364211680e+01 1.221473334614229422e+01
-3.179893952826860115e+01 1.102032384971556844e+01
-3.179901872941456631e+01 9.862117293791071049e+00
-3.182134233386138078e+01 8.743059806928778599e+00
-3.186323431430728803e+01 7.666457924182558337e+00
-3.191900317529295350e+01 6.634661546621199335e+00
-3.198116275315790347e+01 5.649894090245033418e+00
-3.203995036053641599e+01 4.714958929959680134e+00
-3.208352822972245377e+01 3.833216718224337960e+00
-3.209800212351117210e+01 3.008869382616063071e+00
-3.206710039334494411e+01 2.246452142361854865e+00
-3.197278403458699358e+01 1.551714953824251175e+00
-3.179586925717512003e+01 9.323108653835153747e-01
-3.151824565129846434e+01 3.965943972246830374e-01
-3.112567106196846822e+01 -4.771488671050561070e-02
-3.061620898699603543e+01 -3.995484418153665840e-01
-2.999779731126347926e+01 -6.676187575504820559e-01
-2.927943601196687240e+01 -8.644061300041753215e-01
-2.846879736811346362e+01 -1.002586491900634424e+00
-2.757224802897884075e+01 -1.094028792752451462e+00
-2.659487396599145015e+01 -1.149350488575424656e+00
-2.554063039363879994e+01 -1.177761789628442246e+00
-2.441306771149027099e+01 -1.186984901939790671e+00
-2.321632686911482324e+01 -1.182919129221571719e+00
-2.195485399719642317e+01 -1.169307846873222090e+00
-2.063318200818788384e+01 -1.148270260410148236e+00
-1.925704065495120076e+01 -1.120117112880474108e+00
-1.783274582404674646e+01 -1.084166065970247450e+00
-1.636895351695845235e+01 -1.039403893869973672e+00
-1.487582010701431656e+01 -9.852489855652885042e-01
-1.336375112775910345e+01 -9.215314977376262151e-01
-1.184236104606470974e+01 -8.479667738233768182e-01
-1.031907782434650755e+01 -7.637222590666251643e-01
-8.800895711400579913e+00 -6.676969169903657075e-01
-7.294352243723703388e+00 -5.593060625350784187e-01
-5.803069197569432625e+00 -4.392869651468436776e-01
-4.328912894112276533e+00 -3.107254309459177022e-01
-2.872386125422509373e+00 -1.820013314353536305e-01
-1.431612717252968459e+00 -6.978932443546857767e-02
-2.911693034940077369e-12 -8.708216618347283397e-09
