-4.499160653433521162e+01 -9.257267670267060877e-01
-6.949596760711587251e+01 -4.192047639019052530e-01
-8.035823946155136355e+01 9.427611125517290636e-02
-8.292488397125177357e+01 6.233868065094094746e-01
-8.050140946778766704e+01 1.180643640304373632e+00
-7.516561591864626735e+01 1.785487663853806417e+00
-6.827879163658417383e+01 2.469067700357870709e+00
-6.082062815196177041e+01 3.281903821698360257e+00
-5.363025164276906764e+01 4.306316690986230711e+00
-4.761267105782211218e+01 5.676680756988801591e+00
-4.394422573259200249e+01 7.608375658486536963e+00
-4.196251442638531870e+01 9.559002133002627133e+00
-4.086700713333687673e+01 1.122356097739859671e+01
-4.014955919093087289e+01 1.250992342254467360e+01
-3.953995345152235075e+01 1.341922438254031213e+01
-3.894527387049915035e+01 1.401727894230797133e+01
-3.834674187943220147e+01 1.438559394443242212e+01
-3.774251351668721099e+01 1.459007003914859268e+01
-3.713333453366833226e+01 1.467135010878373613e+01
-3.652105929592816835e+01 1.465550988308105218e+01
-3.590786538307099818e+01 1.455463700087201318e+01
-3.529794781424851635e+01 1.437457590454592093e+01
-3.469614904018808232e+01 1.411860344940979139e+01
-3.410650919625491895e+01 1.379000494951137412e+01
-3.353344661361064993e+01 1.338974094435172546e+01
-3.298065735242070673e+01 1.292140017279507802e+01
-3.245178632638491223e+01 1.238677242765680830e+01
-3.194905236219174327e+01 1.178976324958065369e+01
-3.147236001748848722e+01 1.113442841084254731e+01
-3.101974682911056647e+01 1.042380542387883047e+01
-3.058909873516714839e+01 9.660028634749028953e+00
-3.017870107828388981e+01 8.847001965234742471e+00
-2.978869581182962634e+01 7.989660891951138488e+00
-2.942225933262466953e+01 7.094449341592927283e+00
-2.908368533108863829e+01 6.169380389334732762e+00
-2.877763701991264966e+01 5.220847873708035713e+00
-2.850846410982814660e+01 4.256559632048481312e+00
-2.827570118510921304e+01 3.285659597572291091e+00
-2.807573175410718136e+01 2.317669626771427183e+00
-2.790006987831963414e+01 1.362287260433716840e+00
-2.773816453530854531e+01 4.293765986956934455e-01
-2.757696911921784988e+01 -4.721053609193395229e-01
-2.740278017041566017e+01 -1.332857073303518103e+00
-2.720226424143655564e+01 -2.145238080702103645e+00
-2.696235042243018398e+01 -2.900767872027815386e+00
-2.667313192187739546e+01 -3.592627177365998126e+00
-2.632683382557267748e+01 -4.213957704619890166e+00
-2.591973908167344831e+01 -4.756972917603191853e+00
-2.545683538604160390e+01 -5.219448263212145278e+00
-2.494593850439258986e+01 -5.603528122385950994e+00
-2.439466235079020606e+01 -5.911742020696777011e+00
-2.381083669970709593e+01 -6.147258947444077748e+00
-2.320161755456583919e+01 -6.314551081749407935e+00
-2.257256920561560065e+01 -6.415278335261913156e+00
-2.192950504286971025e+01 -6.448036962629287494e+00
-2.127868809677949358e+01 -6.413010501340878022e+00
-2.062505919829284906e+01 -6.308874748832599799e+00
-1.997312677595096631e+01 -6.133649681660711117e+00
-1.932765877060912274e+01 -5.885455005276018170e+00
-1.869438955853065210e+01 -5.563073605207820904e+00
-1.807771245564632068e+01 -5.171096729734474984e+00
-1.748018650067471924e+01 -4.714436531057743629e+00
-1.690291049453908911e+01 -4.198656186208257424e+00
-1.634578482535686206e+01 -3.629810123932517119e+00
-1.580784464205357587e+01 -3.014140363292290292e+00
-1.528768458256782203e+01 -2.357739031624218384e+00
-1.478388551508000148e+01 -1.666429381400619025e+00
-1.429548234309398858e+01 -9.459148414379270342e-01
-1.382250588400161817e+01 -2.022631634268809153e-01
-1.336462386167508676e+01 5.574910570670830179e-01
-1.292179579195323313e+01 1.326793436886469557e+00
-1.249344835162224499e+01 2.097978873993583626e+00
-1.207746619985159242e+01 2.863326847393929064e+00
-1.166971422123239144e+01 3.614790025451501077e+00
-1.126468241197522602e+01 4.342106732804395186e+00
-1.085523006465503038e+01 5.033487805675262550e+00
-1.043301347366802467e+01 5.677590900273793650e+00
-9.989755071903745787e+00 6.262869083298837403e+00
-9.519816977558610560e+00 6.779102352040031754e+00
-9.021564765216593784e+00 7.215383389782902945e+00
-8.499794852214613172e+00 7.566131283035824495e+00
-7.959955074646836160e+00 7.830324058934965414e+00
-7.407220738916691083e+00 8.006421565643547567e+00
-6.848344844503168716e+00 8.088318903197899701e+00
-6.291672032553958793e+00 8.068218056087992807e+00
-5.744976476732030157e+00 7.941029347026961283e+00
-5.215994088167732912e+00 7.707173862295699784e+00
-4.708398514498541410e+00 7.379917677097536099e+00
-4.222484012920928897e+00 6.970901550609456265e+00
-3.759518002893748267e+00 6.486577002093024014e+00
-3.319341857065147394e+00 5.932532195941194963e+00
-2.901133451000996288e+00 5.311246842144924152e+00
-2.503245101771255587e+00 4.629981227905925145e+00
-2.123126709843941473e+00 3.902279209399888593e+00
-1.758161593912399123e+00 3.145959045190093395e+00
-1.405896095038342564e+00 2.380050052761819135e+00
-1.061982254715300167e+00 1.630573504167852628e+00
-7.187682058465084678e-01 9.365603232560518743e-01
-3.665835934398600782e-01 3.605299997291714909e-01
1.326967351264207660e-16 2.036277025451611476e-11
