3.609784754045948318e+01 2.377703323474549180e+01
5.065822445379044581e+01 2.364428316703133959e+01
5.283213978874024974e+01 2.348292971250212702e+01
4.836994182096736239e+01 2.325554493371495468e+01
4.097464497542583217e+01 2.290432929290894393e+01
3.344436070074533518e+01 2.233327967440678208e+01
2.842512716337848744e+01 2.139471725150932357e+01
2.508507338313227208e+01 2.038583241287935977e+01
2.284709892606746706e+01 1.939369850605664070e+01
2.131825134793805887e+01 1.842578297945429711e+01
2.025426926826947849e+01 1.747177362612194429e+01
1.950523184026362955e+01 1.652244177518536361e+01
1.898315894439865303e+01 1.557357080369708413e+01
1.864065198717307226e+01 1.462255191557209244e+01
1.846295701854813842e+01 1.367459118224553904e+01
1.844824380713603773e+01 1.274302514275590603e+01
1.860508420154970111e+01 1.184347614247188218e+01
1.894601711198342642e+01 1.100190788097170547e+01
1.947071668567335934e+01 1.025189770710561810e+01
2.016626678597736344e+01 9.623345671252321765e+00
2.101103829051058014e+01 9.135494056950724584e+00
2.197927523754404433e+01 8.795475223018090816e+00
2.304434451101337800e+01 8.601089268959444922e+00
2.418374995942232886e+01 8.532092030602523636e+00
2.538314105492981909e+01 8.564911263790687457e+00
2.662670409718373321e+01 8.670991478415960074e+00
2.790692730960285317e+01 8.820821927089786740e+00
2.921862965704730897e+01 8.985889281541590279e+00
3.054831667687295393e+01 9.134597331621511884e+00
3.188325339984426421e+01 9.237354988248348775e+00
3.320929336902116802e+01 9.270726464604331696e+00
3.451253987985165850e+01 9.224116356698587538e+00
3.578626925662621971e+01 9.096685613730889131e+00
3.702505765496879064e+01 8.890797804246929559e+00
3.822417357988805975e+01 8.611492720714952753e+00
3.937406581084430712e+01 8.260298306330241758e+00
4.046475510468270187e+01 7.839850849345851636e+00
4.148300353247347516e+01 7.347515252005158537e+00
4.241283082962002027e+01 6.780649105524016562e+00
4.323424314192843099e+01 6.134659949909513799e+00
4.392903144834703966e+01 5.407005336399894446e+00
4.447705433165021560e+01 4.598267436334947611e+00
4.487242531142051405e+01 3.723985626349947342e+00
4.511913242169360672e+01 2.803690660755440600e+00
4.521905078620209650e+01 1.856588094056333071e+00
4.516720253526023754e+01 8.994283912094049871e-01
4.495517407146525812e+01 -5.159794810124369163e-02
4.457646590909055107e+01 -9.756084519886977224e-01
4.404026969036309680e+01 -1.857403118026008215e+00
4.336521016440239862e+01 -2.692452191425195984e+00
4.257942056569346789e+01 -3.484106721408710250e+00
4.170584302091177165e+01 -4.238374184442260884e+00
4.075861009199017815e+01 -4.963547581520838747e+00
3.974391041701783678e+01 -5.665369910278294618e+00
3.867041495097900849e+01 -6.340092996179409468e+00
3.754671638279214108e+01 -6.978655969925145364e+00
3.637047740234368121e+01 -7.572156267066019630e+00
3.513888679771721257e+01 -8.108051605788956451e+00
3.385843675870550129e+01 -8.570093563182117791e+00
3.253327903110597674e+01 -8.948207723512792811e+00
3.116641182682292666e+01 -9.234304878227890256e+00
2.977155008113629009e+01 -9.435144653850581875e+00
2.836547837922966764e+01 -9.561343664285780974e+00
2.696350572836224302e+01 -9.625165017430012071e+00
2.557057773543234802e+01 -9.632844540076510143e+00
2.418714530972713206e+01 -9.578309714181052925e+00
2.281559999525720173e+01 -9.438070258931466228e+00
2.146305432079834219e+01 -9.171784277064732649e+00
2.014716388333770780e+01 -8.728729235966596889e+00
1.890336228841482935e+01 -8.069244595960647359e+00
1.777062070199229638e+01 -7.184404754777464319e+00
1.676225830836691344e+01 -6.093231216536112882e+00
1.587144059796799134e+01 -4.827086921940145103e+00
1.507523494949000664e+01 -3.439403239786734012e+00
1.433667600284036681e+01 -1.985248528681701652e+00
1.362090309228597995e+01 -5.198032286473638353e-01
1.290408710410047455e+01 8.970169446642746180e-01
1.216727849312074916e+01 2.217160493597604365e+00
1.138941081399773125e+01 3.404019905993643125e+00
1.055825555382754644e+01 4.422955777863335491e+00
9.678598999813630144e+00 5.245363349688887844e+00
8.759488150558556896e+00 5.864586902719207018e+00
7.814438495278286823e+00 6.286991879324557608e+00
6.864881357328209255e+00 6.529001836620909494e+00
5.932199053270505118e+00 6.615867306587094099e+00
5.031042050717418945e+00 6.575093643442565750e+00
4.169872997617888544e+00 6.429214772335715367e+00
3.356309641599755977e+00 6.192387966280983314e+00
2.597272951044033995e+00 5.874075464990046846e+00
1.904431044026806408e+00 5.478611317598454100e+00
1.287970837411969383e+00 5.013890370311385070e+00
7.568739548881321388e-01 4.486221945054701621e+00
3.199908407692897416e-01 3.903397816408777032e+00
-1.293476942013041357e-02 3.277655712884612882e+00
-2.412425352414432067e-01 2.627592219174799126e+00
-3.641469819154791177e-01 1.973763909686526485e+00
-3.869510912561839877e-01 1.343338243501956075e+00
-3.203229885726535109e-01 7.694960250995082074e-01
-1.819677195630485800e-01 2.975219408929872800e-01
4.414639369438038416e-17 5.592775215015038260e-07
