-4.790209790137291890e+01 -1.398601398601642787e+00
-6.916593747452878915e+01 -1.414917869733463673e+00
-7.487052834294684089e+01 -1.432610788526184509e+00
-7.185612410539823713e+01 -1.453462691057111789e+00
-6.439064450756073654e+01 -1.480188097045320950e+00
-5.542882449649774657e+01 -1.517234364868042196e+00
-4.748393907415364623e+01 -1.572093779751097209e+00
-4.311235617596287284e+01 -1.655462154998891489e+00
-4.018251507256980659e+01 -1.724584779085829522e+00
-3.811707673801521423e+01 -1.744490782995401945e+00
-3.657300540845481862e+01 -1.720339095363482729e+00
-3.534843655567778598e+01 -1.653878692298269559e+00
-3.432232514450139860e+01 -1.562430849477485451e+00
-3.342280424611740131e+01 -1.465590587813793588e+00
-3.260781391706240129e+01 -1.379120657654513860e+00
-3.185982334132996741e+01 -1.314016918601655037e+00
-3.117099328317504359e+01 -1.274540183339094135e+00
-3.053690711729212026e+01 -1.264092225233329536e+00
-2.994805691313149509e+01 -1.284614947154249176e+00
-2.939509246272707443e+01 -1.337318229000157954e+00
-2.887062798288307874e+01 -1.422028717164447675e+00
-2.836879998725365581e+01 -1.539169505427658180e+00
-2.788493181468515303e+01 -1.688726317766300555e+00
-2.741590493047501909e+01 -1.871459105454863270e+00
-2.696008693526789557e+01 -2.087617207102529626e+00
-2.651469648372222210e+01 -2.338167486393255334e+00
-2.607906192195125428e+01 -2.625975102513193438e+00
-2.565608343084778653e+01 -2.952284971469883335e+00
-2.524647481293397888e+01 -3.320330025904801197e+00
-2.485101622338166649e+01 -3.736115545280714212e+00
-2.447322211253091595e+01 -4.202442995548579141e+00
-2.411543979887008859e+01 -4.717856367097177817e+00
-2.377768878056483004e+01 -5.278193639308863538e+00
-2.345816606310825492e+01 -5.876192502044953692e+00
-2.315688298270922729e+01 -6.504760339438425021e+00
-2.287766998477582092e+01 -7.157927803793818988e+00
-2.262796024364666181e+01 -7.829835609873102342e+00
-2.241732304820382637e+01 -8.507639429351812055e+00
-2.224473728588043642e+01 -9.176726889561212630e+00
-2.209608232761249269e+01 -9.828667641221823459e+00
-2.195414601097652252e+01 -1.045530192313973217e+01
-2.180496050384284601e+01 -1.104500896687757816e+01
-2.163906419992581220e+01 -1.159487319053867438e+01
-2.145086160417044496e+01 -1.210693089458130700e+01
-2.124023385783586804e+01 -1.258438364484651473e+01
-2.100918135560424105e+01 -1.302885341706026345e+01
-2.075962113762203032e+01 -1.344261466997877896e+01
-2.049108056476235618e+01 -1.382950889055337029e+01
-2.020229842766358175e+01 -1.419048760834780687e+01
-1.989391369997519377e+01 -1.452579264720301921e+01
-1.956602561872649915e+01 -1.483569772140033116e+01
-1.921916860860324050e+01 -1.512052841575680695e+01
-1.885353026735208815e+01 -1.538222274898491726e+01
-1.846873598211680090e+01 -1.562140797220995658e+01
-1.806642821757718664e+01 -1.583938119167623348e+01
-1.764782190354921809e+01 -1.603629642159241442e+01
-1.721409778886353692e+01 -1.621345560163934962e+01
-1.676405547023514941e+01 -1.637173496799998063e+01
-1.629694274547392041e+01 -1.651044652470140406e+01
-1.581411844048519200e+01 -1.662884981921330763e+01
-1.531481272089039614e+01 -1.672721525830326428e+01
-1.479754270815646144e+01 -1.680401068965696965e+01
-1.426310779275253005e+01 -1.685864255170468340e+01
-1.371033065491927694e+01 -1.688968902699124186e+01
-1.313964365822253200e+01 -1.689636681829038878e+01
-1.255370163674141359e+01 -1.687853795563821890e+01
-1.195730921929443191e+01 -1.683807951746429055e+01
-1.135247711909167379e+01 -1.677720305008228507e+01
-1.074045188826936048e+01 -1.669721653288384289e+01
-1.012380990956020455e+01 -1.659837666261687872e+01
-9.505536104373469186e+00 -1.647876641705502720e+01
-8.892371533217238166e+00 -1.633366937295165755e+01
-8.291743425741200824e+00 -1.615648779458290463e+01
-7.709598383455328552e+00 -1.594011511055180463e+01
-7.153356962056802715e+00 -1.568120777384292985e+01
-6.625427207178772093e+00 -1.538043460194114864e+01
-6.124597529145270336e+00 -1.503914492411990977e+01
-5.648531086496705100e+00 -1.466035142690455118e+01
-5.192818037801868236e+00 -1.424631769792128111e+01
-4.754692651680692883e+00 -1.379763383956107425e+01
-4.333527221801091400e+00 -1.331668216919177539e+01
-3.928699471154740941e+00 -1.280421765382082810e+01
-3.538853292536948913e+00 -1.225886646741660257e+01
-3.163964491302940552e+00 -1.167959756871794319e+01
-2.804147200262044670e+00 -1.106757222980402311e+01
-2.459026654372789444e+00 -1.042243736965891365e+01
-2.130808476857350531e+00 -9.743944382415413941e+00
-1.823846265228636687e+00 -9.031882167420247853e+00
-1.541353595650839514e+00 -8.279792631984001616e+00
-1.288590331066414185e+00 -7.481851095774515237e+00
-1.070834229821244987e+00 -6.641681035687466483e+00
-8.871080516826268525e-01 -5.768406692864884278e+00
-7.296539642657315916e-01 -4.875835492500002921e+00
-5.880855322865413681e-01 -3.986233989053383997e+00
-4.572597738121648159e-01 -3.124555009198502820e+00
-3.427482711763747969e-01 -2.309484855887447896e+00
-2.487528674259985584e-01 -1.556050750751872824e+00
-1.698306111537681573e-01 -8.887988744975908739e-01
-9.126075261987015574e-02 -3.457089747967874160e-01
-3.424820653062952861e-14 -1.277977253262952666e-11
