-4.738372091312979251e+01 -2.180232558140820398e+00
-6.849718285592852851e+01 -2.199592330519987815e+00
-7.395647170839178841e+01 -2.218430600873535941e+00
-7.070579138575615730e+01 -2.236071100386700206e+00
-6.310447767986315881e+01 -2.251482096338556449e+00
-5.422072363250756410e+01 -2.262970203530107582e+00
-4.674213090845825036e+01 -2.267677836303354955e+00
-4.327591447428942217e+01 -2.262018685272052743e+00
-4.117365685691394361e+01 -2.149461084684107348e+00
-3.980469156693617094e+01 -2.000490891066305732e+00
-3.887130689413206142e+01 -1.840241713375428301e+00
-3.820115299708950118e+01 -1.674304112672369227e+00
-3.769195627152618044e+01 -1.502680181236928592e+00
-3.728043827851078618e+01 -1.323399443519752028e+00
-3.692840214777645258e+01 -1.133665789291359083e+00
-3.661366960837309392e+01 -9.309746718831373169e-01
-3.632229330700940295e+01 -7.127701419765164470e-01
-3.604584798380885502e+01 -4.755073459374581923e-01
-3.577937410758263326e+01 -2.164459921823639610e-01
-3.551908807907442878e+01 6.756566404030246720e-02
-3.526171688110456159e+01 3.807470392857786323e-01
-3.500533028638281507e+01 7.281319339279982428e-01
-3.474973208147336834e+01 1.113374483656189629e+00
-3.449595989815821895e+01 1.539459202782929914e+00
-3.424619709949840285e+01 2.005509634669131902e+00
-3.400174828300243490e+01 2.507319554277155582e+00
-3.376164042717905289e+01 3.041096400210639317e+00
-3.352361754782280201e+01 3.602431653067724504e+00
-3.328501656774795947e+01 4.182421047756010424e+00
-3.304399077274045737e+01 4.769096637925454019e+00
-3.279963247026223883e+01 5.348710570094067585e+00
-3.254963489102389929e+01 5.913126918110628516e+00
-3.229140895005864564e+01 6.458298708912080244e+00
-3.202574752759870336e+01 6.978760106570529587e+00
-3.175348578273859701e+01 7.473810149144109793e+00
-3.147357229491757735e+01 7.944269395732063366e+00
-3.118475261552552524e+01 8.388734908930038259e+00
-3.088614600394312504e+01 8.803670339339802808e+00
-3.057619410364847923e+01 9.187143066200841091e+00
-3.025233005916890150e+01 9.537088743892377707e+00
-2.991314968755451886e+01 9.849244786233390059e+00
-2.955934466899952895e+01 1.012191778921739171e+01
-2.919156600870629958e+01 1.035522864611763438e+01
-2.881137975178539179e+01 1.055117797073060082e+01
-2.842022768256280685e+01 1.071447397421736980e+01
-2.801896342961470054e+01 1.084930936980789973e+01
-2.760909575452684095e+01 1.095913380024566308e+01
-2.719259745522497340e+01 1.104695561647007374e+01
-2.677013481656266336e+01 1.111612491675553471e+01
-2.634083776054570336e+01 1.116887638247362347e+01
-2.590392429786900053e+01 1.120644143294644124e+01
-2.545964581279156747e+01 1.122927684077376220e+01
-2.500935334991275383e+01 1.123734469313288997e+01
-2.455500003605242654e+01 1.123040057277725268e+01
-2.409833747385170710e+01 1.120824833178227564e+01
-2.363956035099779385e+01 1.117089656102059259e+01
-2.317866692704783915e+01 1.111701974224185108e+01
-2.271730395453427676e+01 1.104555343781843391e+01
-2.225742933900412623e+01 1.095539630363862571e+01
-2.180045582930160464e+01 1.084518892487909447e+01
-2.134681961785733151e+01 1.071311517101278277e+01
-2.089621745649656148e+01 1.055681075477143871e+01
-2.044905061547036595e+01 1.037347009334756009e+01
-2.000659558294213269e+01 1.016231356005338426e+01
-1.956962552438641367e+01 9.923507978661172402e+00
-1.913939978932500807e+01 9.657714180140169802e+00
-1.871596259577133736e+01 9.366850240104472647e+00
-1.829966388066720384e+01 9.051274388218896405e+00
-1.789421580421266356e+01 8.712657517548162645e+00
-1.750379025897586871e+01 8.352557610689716583e+00
-1.713291278756286573e+01 7.969608771894298727e+00
-1.678588863281136767e+01 7.560745740476022547e+00
-1.646699317696106490e+01 7.121492681624537191e+00
-1.618018512577055290e+01 6.650724613079206371e+00
-1.592579996940866671e+01 6.153597753983395258e+00
-1.570016746239588379e+01 5.640434452007538013e+00
-1.549441521258645516e+01 5.122961838944837254e+00
-1.529947789108398126e+01 4.609921745748298605e+00
-1.510977136467057491e+01 4.109189126054228147e+00
-1.492282378302553525e+01 3.627921861790559088e+00
-1.473623767443208088e+01 3.171146986644132415e+00
-1.454569309523228071e+01 2.740885843982924897e+00
-1.434546500060537788e+01 2.341397965859966845e+00
-1.412931397426155655e+01 1.979592786950866490e+00
-1.389105509517451331e+01 1.660947118842022174e+00
-1.362621960642075969e+01 1.386499789278775152e+00
-1.333254517547601026e+01 1.155719034173551485e+00
-1.301155413614691092e+01 9.630943210829074896e-01
-1.266249533851514819e+01 7.998805772525179325e-01
-1.227957925480574275e+01 6.568295559349315305e-01
-1.185199700246631416e+01 5.266456998184007032e-01
-1.136362012443063740e+01 4.044208597543155204e-01
-1.078635993598632403e+01 2.884883213664391488e-01
-1.007604389677557322e+01 1.813294730048879144e-01
-9.171260151794445648e+00 9.095204907363291236e-02
-7.992228978962768515e+00 2.999887205820154362e-02
-6.465290904660506044e+00 3.475450348008301583e-03
-4.558395634633740201e+00 -2.167806993998149835e-03
-2.348119785105160506e+00 -1.177167105011952273e-03
-1.000202584555608131e-09 -4.207641817636813685e-12
