-4.075143516648167008e+01 8.670502770643929713e-01
-6.283723636330022799e+01 2.816318056585062068e-01
-7.278537866021467551e+01 -3.113503753767845050e-01
-7.533525581058528076e+01 -9.213036268153406150e-01
-7.342293772307687050e+01 -1.561772000937061922e+00
-6.889683598059824021e+01 -2.253737598763064121e+00
-6.296825343300866251e+01 -3.030734948649647098e+00
-5.650663878857383793e+01 -3.947025033946857331e+00
-5.025151439395973796e+01 -5.090821385645754482e+00
-4.499273446712203395e+01 -6.605792098677570223e+00
-4.175332699327101693e+01 -8.723191759780691612e+00
-4.012978522807001980e+01 -1.110900540824393801e+01
-3.940863020535721262e+01 -1.346412454416669391e+01
-3.912555334956943653e+01 -1.565084280557876539e+01
-3.900911476770737352e+01 -1.761462021032168224e+01
-3.890121747581812173e+01 -1.933373733667811578e+01
-3.871290944518300847e+01 -2.080855161233654371e+01
-3.839216215261490817e+01 -2.204292716908670613e+01
-3.791818253881395862e+01 -2.303769186745388708e+01
-3.729846244276972556e+01 -2.379097369239959292e+01
-3.656236370991285156e+01 -2.430452578965180876e+01
-3.574772870201516639e+01 -2.458172056877460676e+01
-3.489517644306330624e+01 -2.463388982931672189e+01
-3.403958321328705949e+01 -2.447789023603356284e+01
-3.320907662385290848e+01 -2.413265145589212324e+01
-3.241973540070426196e+01 -2.363065726599611693e+01
-3.167970657581156146e+01 -2.300198688993966201e+01
-3.099055495598777910e+01 -2.227443555434842892e+01
-3.035059550556735886e+01 -2.146884676889873589e+01
-2.975964943904446969e+01 -2.059943473801871860e+01
-2.921682137956729264e+01 -1.967925145699808098e+01
-2.871872962072092861e+01 -1.871975210666267841e+01
-2.826177644282326895e+01 -1.773054576246582315e+01
-2.783953329895991757e+01 -1.672186629378561662e+01
-2.744462481066918258e+01 -1.570180112115132154e+01
-2.707087086062553638e+01 -1.467786557932373803e+01
-2.671153727597610228e+01 -1.365769800763595043e+01
-2.635917370173905638e+01 -1.264731257626586114e+01
-2.600622384416510968e+01 -1.165368624227189365e+01
-2.564447056995929231e+01 -1.068595112676340264e+01
-2.526454587577789468e+01 -9.754662581552805634e+00
-2.485598679830035707e+01 -8.871797958913726134e+00
-2.440640982434329587e+01 -8.055642508657589573e+00
-2.390657210195134397e+01 -7.328553403526458787e+00
-2.335077359135388164e+01 -6.716465191829702697e+00
-2.273805140840437744e+01 -6.252447954527124097e+00
-2.208184518383260553e+01 -5.967131042782646944e+00
-2.140890832985380143e+01 -5.878545677798315161e+00
-2.075155792797694332e+01 -5.992105725466568167e+00
-2.013868558491648031e+01 -6.291484834317243369e+00
-1.958402587514557780e+01 -6.740955818030235136e+00
-1.908988285058883960e+01 -7.304268162751990978e+00
-1.865151316773816248e+01 -7.949970403772000260e+00
-1.826143698575540242e+01 -8.653731766986094698e+00
-1.791290537330552013e+01 -9.397891949965487157e+00
-1.759957113305094012e+01 -1.016906147962997942e+01
-1.731447791840423989e+01 -1.095779638645998055e+01
-1.705143399086216505e+01 -1.175808790265122994e+01
-1.680458348954801551e+01 -1.256555398313953376e+01
-1.656816950220570916e+01 -1.337594286848159975e+01
-1.633527625489078972e+01 -1.418488075673601045e+01
-1.609858253017581120e+01 -1.498779566111361738e+01
-1.585058328596363886e+01 -1.577950231001386605e+01
-1.558402328621956912e+01 -1.655559012955935927e+01
-1.529124053163911512e+01 -1.731090707651593164e+01
-1.496632758583065304e+01 -1.804029808659623413e+01
-1.460314059203498438e+01 -1.873696750282953971e+01
-1.419810675889407037e+01 -1.939406179687411225e+01
-1.374701469987775759e+01 -2.000204407751204982e+01
-1.324810913246923150e+01 -2.055032194169583804e+01
-1.270116732730091513e+01 -2.102760793144910423e+01
-1.210735495649494098e+01 -2.142126646461300155e+01
-1.146969041687161983e+01 -2.171574332182270695e+01
-1.079634725766227987e+01 -2.189680366439923276e+01
-1.009909610013171211e+01 -2.195200537825719422e+01
-9.392285235328625248e+00 -2.187164211475158027e+01
-8.690898962156243357e+00 -2.165882549390121170e+01
-8.007312359400032165e+00 -2.132121658453170454e+01
-7.350071458807171609e+00 -2.087118918268329892e+01
-6.721900059817218498e+00 -2.032528571181266130e+01
-6.121664216191002872e+00 -1.969754631369000819e+01
-5.548153332025194118e+00 -1.899617485366656311e+01
-4.998877106448225582e+00 -1.822883276493557503e+01
-4.472412579254441134e+00 -1.739875661654182082e+01
-3.967599123050864929e+00 -1.650891858447682736e+01
-3.483413076720081936e+00 -1.556087659155638825e+01
-3.019067794784436654e+00 -1.455431233902728039e+01
-2.574794214416352478e+00 -1.348732381122022161e+01
-2.151889491572774649e+00 -1.236016177121985926e+01
-1.751522772632779557e+00 -1.117625931585841847e+01
-1.375004279121218698e+00 -9.940920409689887549e+00
-1.023320858968994385e+00 -8.664364672219951657e+00
-6.963731088042612871e-01 -7.360873964095734578e+00
-3.937767671032951222e-01 -6.046108122423818010e+00
-1.174866205891749449e-01 -4.739882812285072688e+00
1.238109108176247558e-01 -3.470757020458469455e+00
3.087889624785628562e-01 -2.280238738944968091e+00
3.970404063765299307e-01 -1.230058077486650081e+00
3.219747698086338206e-01 -4.183482538155976482e-01
6.949876467119567770e-11 -8.468842033200381677e-09
