-3.958583824256852068e+01 3.887894827609194692e+01
-5.386433928532850501e+01 3.887895054230401115e+01
-5.437123577291675502e+01 3.887895234889747798e+01
-4.813107646341481427e+01 3.887895308567297548e+01
-3.995793184467704151e+01 3.887895179193613160e+01
-3.396817659834701431e+01 3.887894694647879845e+01
-2.946612922250945488e+01 3.887892605470440088e+01
-2.605286840924202352e+01 3.887887680633985354e+01
-2.338139814220655310e+01 3.887881809435355507e+01
-2.120650520189541766e+01 3.887883543947684473e+01
-1.935483966272021306e+01 3.887911857119894421e+01
-1.771110785470527560e+01 3.887998797911092197e+01
-1.619745215133120908e+01 3.888190041845028588e+01
-1.476242474104554070e+01 3.888537235890789390e+01
-1.337382204355804305e+01 3.889063265331015629e+01
-1.200573358164201387e+01 3.889676023402427774e+01
-1.064246426098087639e+01 3.890056087384689221e+01
-9.281137707637816092e+00 3.889326506335834921e+01
-7.924595014708174290e+00 3.885774737558204350e+01
-6.587297367572361395e+00 3.876452035812614838e+01
-5.305370719902890109e+00 3.856918812856648771e+01
-4.144428343561050276e+00 3.821586554588733975e+01
-3.207016118050957765e+00 3.764486786906737592e+01
-2.623005167261771131e+00 3.683482955577576234e+01
-2.492758591739136165e+00 3.583840504408908600e+01
-2.772961559011325683e+00 3.477105686209340263e+01
-3.350910128993924708e+00 3.370536830289083952e+01
-4.129179040825523117e+00 3.267359241976171802e+01
-5.033485817012802066e+00 3.169001666147447693e+01
-6.011966304256677773e+00 3.075535546866336389e+01
-7.033865077041494551e+00 2.986413596583579277e+01
-8.082719356241506503e+00 2.900756711749320971e+01
-9.147617713166706466e+00 2.818050200379301984e+01
-1.022044485068755115e+01 2.737811431105580340e+01
-1.129594284158784490e+01 2.659571087886857654e+01
-1.237260404249629886e+01 2.582596427821224339e+01
-1.345383890328562515e+01 2.506006955770906686e+01
-1.454114042528505912e+01 2.429214089815922506e+01
-1.563213571179694128e+01 2.351950545283346017e+01
-1.672170147016950281e+01 2.274114758112675005e+01
-1.780517169006967393e+01 2.195793368757587416e+01
-1.887895428040326351e+01 2.117248762709163756e+01
-1.994120313053079840e+01 2.038870147635118713e+01
-2.099249482781604925e+01 1.960929658443776802e+01
-2.202983006208592442e+01 1.883953852938461893e+01
-2.304615096593812140e+01 1.808672925147677901e+01
-2.403480727498537561e+01 1.735544323358199748e+01
-2.499486061134944848e+01 1.664300334376469692e+01
-2.592441531655737563e+01 1.594548238595463729e+01
-2.681836992446715229e+01 1.525954103544942519e+01
-2.767479599291305448e+01 1.457950949529423745e+01
-2.849068474966589193e+01 1.390068566299906472e+01
-2.926431148695946405e+01 1.322163077179290092e+01
-2.999228606667551134e+01 1.254380995975397184e+01
-3.067590411739403322e+01 1.186873591834071640e+01
-3.132172234723411464e+01 1.119404106297432122e+01
-3.193412400462172940e+01 1.051795400223249288e+01
-3.251631025263868224e+01 9.842123857467287351e+00
-3.307333611804133255e+01 9.167504863057994058e+00
-3.360798004158246499e+01 8.495208110750162689e+00
-3.412006038143633191e+01 7.827505874539926189e+00
-3.460833726738803762e+01 7.163587135174467768e+00
-3.506731592157101574e+01 6.501466477875679217e+00
-3.548591710152329171e+01 5.838881680445389577e+00
-3.584719268374978896e+01 5.171955484516409740e+00
-3.612494850194505602e+01 4.498117229190673250e+00
-3.628356272028624119e+01 3.821543227358849215e+00
-3.628543332302998436e+01 3.155659034430565502e+00
-3.610787111992122078e+01 2.521601998971584546e+00
-3.576374518761830501e+01 1.940226203423958351e+00
-3.529174308721667330e+01 1.417908071405639348e+00
-3.472668610453350624e+01 9.540400367142670701e-01
-3.409720337772269261e+01 5.434526631685044906e-01
-3.342016085640358369e+01 1.809886356337127855e-01
-3.270392509403006898e+01 -1.328250857018736519e-01
-3.195492421427076124e+01 -3.952226634432403629e-01
-3.117731564173476855e+01 -6.053928698039537926e-01
-3.037168532535970655e+01 -7.672691276383758474e-01
-2.953693899815786494e+01 -8.846820213068300465e-01
-2.867308714440536122e+01 -9.649258200484709391e-01
-2.777958446718132279e+01 -1.014986378327145999e+00
-2.685713387865186519e+01 -1.043305447407700148e+00
-2.590180193188083635e+01 -1.056538799225838821e+00
-2.490747935412219149e+01 -1.058639656297988507e+00
-2.386915745904693864e+01 -1.050425888523633722e+00
-2.278601412574408158e+01 -1.029630615628863932e+00
-2.165554169505377047e+01 -9.915817501099112308e-01
-2.047050659429882202e+01 -9.305874532709652591e-01
-1.922162970019841666e+01 -8.412725809384778985e-01
-1.790145702930933069e+01 -7.225641935287894224e-01
-1.650405431863198302e+01 -5.789754202253820647e-01
-1.502552480491723585e+01 -4.239783367306875217e-01
-1.345417591759612819e+01 -2.755666435804617342e-01
-1.177898893524838719e+01 -1.525126165272835677e-01
-1.000015970163097556e+01 -6.664272378960507670e-02
-8.117666689440097727e+00 -1.973401530842547671e-02
-6.145498574650176238e+00 -9.799765087366760739e-04
-4.105007073614621582e+00 3.075083688124546216e-03
-2.032548762184504643e+00 1.702649581497977897e-03
-3.816235892270931045e-09 1.557250016811502421e-11
