-4.559814066672107913e+01 -1.101184597979952606e+00
-6.695582289764833206e+01 -7.451102975269040529e-01
-7.307445354584383779e+01 -3.856959867645450846e-01
-7.060433861525081056e+01 -1.864061322737891116e-02
-6.372449978313914443e+01 3.625554865615648326e-01
-5.534512339505814538e+01 7.684607761090868072e-01
-4.794492410657601056e+01 1.216753377187473228e+00
-4.400914422992063635e+01 1.732123142577016939e+00
-4.294976963075892229e+01 3.433167689040062420e+00
-4.316975346304785432e+01 5.745151264588886697e+00
-4.275878046260460508e+01 8.237738230633308234e+00
-4.179349306243967277e+01 1.071384012073757397e+01
-4.075809314443476694e+01 1.319022156298854931e+01
-3.981149290554722597e+01 1.561251458677291737e+01
-3.893674857531570410e+01 1.787326569015248268e+01
-3.810113602980224812e+01 1.990525471540306768e+01
-3.730777230051381821e+01 2.170052389720290620e+01
-3.657879278781714305e+01 2.328682924661851317e+01
-3.591037688685663909e+01 2.468729991388987699e+01
-3.525940185974389607e+01 2.592635316431032066e+01
-3.471477343069631871e+01 2.707930488849452644e+01
-3.442637334411637795e+01 2.821495862690623113e+01
-3.438660383264821974e+01 2.933306873569046402e+01
-3.422829433620115935e+01 3.037008294197345748e+01
-3.379645958172523734e+01 3.122937279475498684e+01
-3.309055496357872528e+01 3.179209806308552189e+01
-3.218650941990878778e+01 3.196255182988927501e+01
-3.140147870653868978e+01 3.213218335883259158e+01
-3.108906013209008634e+01 3.267946552071211386e+01
-3.134266605500950575e+01 3.346026801416837770e+01
-3.165031225687906158e+01 3.436784865979498704e+01
-3.157771180268291289e+01 3.533347911256464613e+01
-3.123699280873920259e+01 3.627686354870856178e+01
-3.078912581779195889e+01 3.716619467787220543e+01
-3.026871825456041520e+01 3.790679962453360474e+01
-2.968147618110020147e+01 3.835100995976171134e+01
-2.904582483896929546e+01 3.829851673009606827e+01
-2.840438792172049531e+01 3.761390091355634979e+01
-2.773106061389318455e+01 3.657660343921723722e+01
-2.686998295256161384e+01 3.573806334550917541e+01
-2.574435728701710602e+01 3.561163745076277110e+01
-2.490666162882037327e+01 3.600240802225196290e+01
-2.504256377910867926e+01 3.694640626180905940e+01
-2.559359041583738303e+01 3.814735072249841608e+01
-2.615013706995303622e+01 3.936332729110348794e+01
-2.630667336551003643e+01 4.035125142498534245e+01
-2.561881735332138987e+01 4.082181873718437970e+01
-2.449832392708244200e+01 4.090668445407052189e+01
-2.324409655015699627e+01 4.083699098460828480e+01
-2.199723641485307368e+01 4.061814721515239057e+01
-2.085882995536010398e+01 4.011162613305592828e+01
-1.990060896218515296e+01 3.931835493202485310e+01
-1.922319449049231466e+01 3.833708035676449555e+01
-1.905859373529131418e+01 3.727382126435885823e+01
-1.970460018058139440e+01 3.630332811602475829e+01
-2.068001916469512835e+01 3.540669030595454103e+01
-2.150877553639724837e+01 3.447858217476480291e+01
-2.167707990093212800e+01 3.340558295475396733e+01
-2.107499765512961787e+01 3.268341793590532518e+01
-1.984020125854302208e+01 3.285439283554781298e+01
-1.838032233682611860e+01 3.323242066374597670e+01
-1.701527210900812648e+01 3.329886620384062468e+01
-1.616018175034263749e+01 3.256976920384470020e+01
-1.605355087517609292e+01 3.129940447536610648e+01
-1.683265550343727313e+01 2.981389804841396796e+01
-1.770912728607775577e+01 2.822342267425240792e+01
-1.762697472403744925e+01 2.701350627306204544e+01
-1.613229301167849172e+01 2.693939117608450218e+01
-1.422144994998310885e+01 2.705415629401888111e+01
-1.273718990353096281e+01 2.620799906884820629e+01
-1.218008828137750754e+01 2.469766122815070730e+01
-1.278565736296364896e+01 2.306062354644015500e+01
-1.314179230542831789e+01 2.163828233060463546e+01
-1.208241339037498996e+01 2.083160432420739738e+01
-1.048931049120243308e+01 2.059851880484926667e+01
-9.247210409996538871e+00 2.002624306525397557e+01
-9.042061610783756365e+00 1.869081157544250615e+01
-9.383927986924970099e+00 1.714668044744465192e+01
-8.755880904396166287e+00 1.594398348192141768e+01
-7.255464805549019403e+00 1.571580200670777927e+01
-6.005555680522620676e+00 1.507793906257294125e+01
-5.651167424014648333e+00 1.367537781963231147e+01
-5.542251285875714473e+00 1.214786203091193251e+01
-4.930236269617680023e+00 1.084407997597880069e+01
-4.198050079962577286e+00 9.718759534506032693e+00
-3.611407343663298519e+00 8.658054628819346732e+00
-3.139111973762011676e+00 7.661598323500824925e+00
-2.695239122065924420e+00 6.740453104972246479e+00
-2.300403214170970490e+00 5.856744714467161828e+00
-1.966198501623014350e+00 4.989990844349904364e+00
-1.643329213968025559e+00 4.163275256276251390e+00
-1.307070191719343244e+00 3.403305079972869240e+00
-9.900036445575653987e-01 2.706188703810846086e+00
-7.325680011776841694e-01 2.074894366698242010e+00
-5.299783709948908683e-01 1.524502030810187092e+00
-3.673805555567353776e-01 1.064509271066243823e+00
-2.449304040143798211e-01 6.871598285071466305e-01
-1.495548204280120475e-01 3.815914228575911227e-01
-7.070234731923032145e-02 1.458008964461759982e-01
4.368911425425079319e-17 2.388372414983837940e-07
