-1.067845385975458328e+01 -4.243819684488021160e+00
-1.766355334683042955e+01 -3.920420504951279028e+00
-2.319362326035242816e+01 -3.768987003520209988e+00
-2.760431009524518231e+01 -3.734800850422836493e+00
-3.105795054261378141e+01 -3.742822130548170811e+00
-3.372485298308742330e+01 -3.735911391564848305e+00
-3.577213457505118299e+01 -3.711956706074834411e+00
-3.734637826687760764e+01 -3.698097732028424733e+00
-3.856545171780673087e+01 -3.699171967753055235e+00
-3.951004595162975619e+01 -3.663019762118259415e+00
-4.021725740883439926e+01 -3.520418088963630510e+00
-4.069644653563313597e+01 -3.225329395745278660e+00
-4.094377138693807439e+01 -2.758014220410848871e+00
-4.102577983684915353e+01 -2.171931626319703934e+00
-4.102454943663038023e+01 -1.520255874230596715e+00
-4.101570426348972376e+01 -8.483741860586436756e-01
-4.105990960137125967e+01 -1.989662619807972266e-01
-4.117174855496487140e+01 3.772822933272707568e-01
-4.136021455719428275e+01 8.180039141797288416e-01
-4.163773958264457775e+01 1.043656903363346045e+00
-4.201916254482076596e+01 9.524672186120289874e-01
-4.246278223203937330e+01 6.520508488152474413e-01
-4.293942550113720813e+01 2.300110310692213833e-01
-4.343696976240885022e+01 -2.380489135227727704e-01
-4.394595145769898181e+01 -6.823699930771643940e-01
-4.445920918042253334e+01 -1.033954392766882391e+00
-4.496848921990077486e+01 -1.214610940851235554e+00
-4.545147313836852021e+01 -1.166463044190046761e+00
-4.588194562429880108e+01 -9.142219959274084928e-01
-4.624700267842815293e+01 -5.038045430854136697e-01
-4.654050755104853465e+01 2.289251788677248989e-02
-4.676013795433590303e+01 6.307476435804219017e-01
-4.690396850904873816e+01 1.291435413832961787e+00
-4.696692665727847071e+01 1.982270709641995365e+00
-4.694193680648197642e+01 2.683501620150499090e+00
-4.682129761820104363e+01 3.376782041949380364e+00
-4.659994690434793085e+01 4.044966796035859957e+00
-4.627897930501486456e+01 4.673596256479846112e+00
-4.586460304358919871e+01 5.251853953916981510e+00
-4.537285979316981610e+01 5.777427912293646273e+00
-4.483328115550742154e+01 6.262872615062843984e+00
-4.428080646529472375e+01 6.729779871065840524e+00
-4.375600166900886023e+01 7.207609025978194417e+00
-4.330327855869748532e+01 7.728875479152839567e+00
-4.292739309890792754e+01 8.292235313601199920e+00
-4.257657339400893193e+01 8.857461918145281388e+00
-4.218640426882440408e+01 9.374754048249798188e+00
-4.171991386796798196e+01 9.809052978530626632e+00
-4.117573027970325938e+01 1.015502573931379082e+01
-4.057141127145169435e+01 1.043318563304758229e+01
-3.993157121665834097e+01 1.068270480030878566e+01
-3.927427473736334207e+01 1.093580540748086705e+01
-3.860770452896422711e+01 1.120499403054007459e+01
-3.793332301153233033e+01 1.148875693542976428e+01
-3.724940914441469886e+01 1.177958108592252806e+01
-3.655119511522410392e+01 1.206410441278039514e+01
-3.583287298001470589e+01 1.232802074055019581e+01
-3.509140731797655377e+01 1.256497384668759310e+01
-3.432491824867177854e+01 1.277202330123047957e+01
-3.353232460691074124e+01 1.294814378280963219e+01
-3.271325394683341869e+01 1.309512231459664378e+01
-3.186597109562350383e+01 1.320987436148211103e+01
-3.098958416091719670e+01 1.329444222352054261e+01
-3.008302457022699983e+01 1.334871112626902878e+01
-2.914500748378548778e+01 1.337241882666000592e+01
-2.817500033826646444e+01 1.336845965561000327e+01
-2.717420379911153461e+01 1.333873211761899569e+01
-2.614462017036852615e+01 1.328357345817864399e+01
-2.508827465974172455e+01 1.320027039589545659e+01
-2.400679637183099047e+01 1.308833714778155688e+01
-2.290208868752272409e+01 1.294846805526334776e+01
-2.177581437168479539e+01 1.278017902117562699e+01
-2.063024909369238813e+01 1.258341590956494471e+01
-1.946760804746269713e+01 1.235857278346250432e+01
-1.829082569014873627e+01 1.210421320905559028e+01
-1.710333720003018598e+01 1.181976103087740881e+01
-1.591028780602276704e+01 1.150297360414969106e+01
-1.471857905871047656e+01 1.115115432111161553e+01
-1.353664171264552785e+01 1.075567250842971312e+01
-1.237308861711530206e+01 1.031009833223518690e+01
-1.123669057968320040e+01 9.811048680017922408e+00
-1.013471952000096898e+01 9.261609271705674828e+00
-9.074287618344898831e+00 8.664904526410619923e+00
-8.058579433368700862e+00 8.030404921611781432e+00
-7.091758413470542699e+00 7.367409228263277043e+00
-6.178220480977461015e+00 6.685817188473397010e+00
-5.320507361414859915e+00 5.994531408243010340e+00
-4.522366929070103403e+00 5.302563976564456993e+00
-3.789630413373414886e+00 4.617849996484091335e+00
-3.126361465686764873e+00 3.945811525776044881e+00
-2.531059939554688221e+00 3.296926596815819455e+00
-1.999285273105271932e+00 2.682458823263059955e+00
-1.521648826827247447e+00 2.116180540774937224e+00
-1.089842360967880674e+00 1.610387818721971342e+00
-6.972257761840794377e-01 1.176984944543226108e+00
-3.445023211899084226e-01 8.239446054584694812e-01
-5.301089141457192982e-02 5.468331462083177996e-01
1.185120081353494004e-01 3.161582030464842874e-01
1.087304563362387760e-01 1.198653032875909852e-01
-1.183186017274732754e-06 9.857493569270048088e-05
