1.107318083000614850e+00 3.896266329999297540e+01
1.624831507390416707e+00 3.726849777321822188e+01
1.844972656565801561e+00 3.576569376589504401e+01
1.990918535873912765e+00 3.465023750134062652e+01
2.185103081315086904e+00 3.412240805686186462e+01
2.357195098207329753e+00 3.439438032961177782e+01
2.488530861108648740e+00 3.522309277010921136e+01
2.557104205924069174e+00 3.641000763431536313e+01
2.535677610324739817e+00 3.778640785835923310e+01
2.389520874248952875e+00 3.919935186295476370e+01
2.073519630532016933e+00 4.049894041315457827e+01
1.528418188584028670e+00 4.152583577445265917e+01
6.764501923550635398e-01 4.209883099321653077e+01
-4.234619606635919853e-01 4.227709497973000197e+01
-1.697533142644342075e+00 4.215972496911133049e+01
-3.085631626076855039e+00 4.184873328327325481e+01
-4.542289562547300541e+00 4.140760943109953729e+01
-6.039428466787003735e+00 4.094081181206928477e+01
-7.568537478990131184e+00 4.057243403749296107e+01
-9.127234678065779150e+00 4.041905085143827137e+01
-1.069458490626420755e+01 4.047413264076625694e+01
-1.225346456229660497e+01 4.068541403084708463e+01
-1.379371060510148439e+01 4.098317940786665758e+01
-1.531217873736100366e+01 4.128658587412419223e+01
-1.680675715229962819e+01 4.152043629399098990e+01
-1.827179346501907276e+01 4.162748470808862322e+01
-1.969814347177009140e+01 4.157824152737936885e+01
-2.107687765121616863e+01 4.136481569497659905e+01
-2.240314989021213066e+01 4.100241499771143339e+01
-2.367720952706263304e+01 4.051792274191115695e+01
-2.490579819779109272e+01 3.995049199737029966e+01
-2.610146444230795382e+01 3.934625578168032689e+01
-2.727818411719715641e+01 3.874986548908853479e+01
-2.844389441963769016e+01 3.819035264380931949e+01
-2.960407274980546788e+01 3.768857456833626429e+01
-3.075577074037938630e+01 3.724677286383762720e+01
-3.188739545188908764e+01 3.684765583185899374e+01
-3.297578424586952650e+01 3.644666774127871633e+01
-3.398763087855778053e+01 3.598036480455819941e+01
-3.489244667626033447e+01 3.539918674361743456e+01
-3.567245037265913510e+01 3.468144100417389808e+01
-3.633378780684463294e+01 3.383789025045116716e+01
-3.691391488905387064e+01 3.290599704877574538e+01
-3.747531495885782959e+01 3.193705116549944734e+01
-3.807401525850605850e+01 3.097409840453747165e+01
-3.873934348662810834e+01 3.004138235909224619e+01
-3.946717992705364964e+01 2.914120065022642692e+01
-4.022230041752577989e+01 2.825626791419767869e+01
-4.094691254271547365e+01 2.735800604787712587e+01
-4.156093798298336139e+01 2.640986315155302933e+01
-4.199262674435913567e+01 2.538912508358007614e+01
-4.219333456031955620e+01 2.429181055031975589e+01
-4.214369880534727741e+01 2.312732492222145808e+01
-4.187919778262553905e+01 2.191318202137225413e+01
-4.151852228704016312e+01 2.066259471677849646e+01
-4.123417950956376643e+01 1.938218191125093171e+01
-4.117735675045327781e+01 1.809361321083253671e+01
-4.145928583923316069e+01 1.683638020173362548e+01
-4.210398649991086728e+01 1.565232534369734019e+01
-4.297590733440137711e+01 1.453576170565698256e+01
-4.376052393747550440e+01 1.338334301677824456e+01
-4.423084761563991663e+01 1.214916138627263464e+01
-4.433309084420216806e+01 1.087763349988159156e+01
-4.408965152106673457e+01 9.630657614859742921e+00
-4.354240047813910763e+01 8.463336410922284614e+00
-4.273975838877234423e+01 7.417720314990546626e+00
-4.173875017459736370e+01 6.515571009836579996e+00
-4.061824719519967886e+01 5.733350034914967530e+00
-3.947812119850907209e+01 4.989924080232918335e+00
-3.839538198459600693e+01 4.210115535657437569e+00
-3.737245803892210461e+01 3.410301502747668412e+00
-3.637994480221787086e+01 2.638917730462383648e+00
-3.538263762403717294e+01 1.944886292720971355e+00
-3.435810555590195747e+01 1.354539913176970645e+00
-3.329788988932305926e+01 8.720176910036168128e-01
-3.220395104094254890e+01 4.797191013242438351e-01
-3.107710054948975653e+01 1.587702414654224570e-01
-2.991670426358766832e+01 -1.073332614023975173e-01
-2.872131969307903532e+01 -3.308052263815851046e-01
-2.748862165925806877e+01 -5.154517946605522427e-01
-2.621575550339793637e+01 -6.599740382757184332e-01
-2.490166687616054020e+01 -7.643714669503232084e-01
-2.354780387307765110e+01 -8.321129875305897095e-01
-2.215671482749068844e+01 -8.675031333080813756e-01
-2.073200573978157024e+01 -8.754557885038394272e-01
-1.927806375567602615e+01 -8.593613670560297235e-01
-1.780125264904963345e+01 -8.225481742787953410e-01
-1.630939844651941684e+01 -7.678133798087090067e-01
-1.481089241689702973e+01 -6.968934093625799298e-01
-1.331524324828503403e+01 -6.159747866660104654e-01
-1.183227494674132529e+01 -5.311775564615087708e-01
-1.036988856794604885e+01 -4.463365786363762688e-01
-8.935401154394817524e+00 -3.592120710124053207e-01
-7.535291866144906869e+00 -2.665592827430297573e-01
-6.174198648163712555e+00 -1.712709173727730294e-01
-4.854980944580023383e+00 -8.260658114276828168e-02
-3.578190946260231708e+00 -1.303081893098442454e-02
-2.344843702628888860e+00 2.583153095465984261e-02
-1.154026101017620931e+00 2.761351228745301603e-02
-4.296574487469472718e-05 2.082989850496158948e-04
