-1.068920286903966854e+01 3.713330458222031005e+00
-1.534344779557655691e+01 3.792297244842869564e+00
-1.803008404878937299e+01 3.770490137940827324e+00
-1.975678338544097912e+01 3.713214676846511075e+00
-2.096235283096829960e+01 3.637117769058002992e+00
-2.187455905897907016e+01 3.549161255625562283e+00
-2.262414424523381840e+01 3.446920257500658558e+00
-2.328446622204497984e+01 3.325256190941103807e+00
-2.389720240075922675e+01 3.187642687294435451e+00
-2.448470696404453406e+01 3.034856755069752055e+00
-2.505645651287966658e+01 2.858801355594113414e+00
-2.561760997809333062e+01 2.660238670713071851e+00
-2.616916377562792206e+01 2.439133895946804742e+00
-2.670884661091948686e+01 2.194955914556029342e+00
-2.723206352716853829e+01 1.925143447676976205e+00
-2.773468705435376691e+01 1.627867519031692911e+00
-2.821615085690089231e+01 1.308036769048566805e+00
-2.867316486590132740e+01 9.659537954195205334e-01
-2.909757600410064526e+01 5.951094158306112769e-01
-2.948324216393566388e+01 1.915371638876914584e-01
-2.982122864900463810e+01 -2.507940289360060526e-01
-3.010641881324355396e+01 -7.331881641936407457e-01
-3.033932022130902695e+01 -1.252361559813978564e+00
-3.053466652788784330e+01 -1.799588286853284869e+00
-3.071022534078672805e+01 -2.366704332954455925e+00
-3.089105653516219974e+01 -2.941489072381571201e+00
-3.109340266625709859e+01 -3.512061829148675596e+00
-3.128228141447211641e+01 -4.078396557301561032e+00
-3.138117677829939112e+01 -4.646124570486506400e+00
-3.134129718109737439e+01 -5.207199162301274775e+00
-3.114814351940994541e+01 -5.747703843968891668e+00
-3.082658523214216117e+01 -6.262152261991740687e+00
-3.043009343516440879e+01 -6.764960906197981849e+00
-3.001172820885687642e+01 -7.280611034759783884e+00
-2.959285797614726121e+01 -7.815661721230521053e+00
-2.917419134777323819e+01 -8.363464101195372535e+00
-2.874687576281836598e+01 -8.913586524244152542e+00
-2.830472237496646670e+01 -9.459508092781970134e+00
-2.783709839106094108e+01 -9.990469431045250204e+00
-2.734012965532226858e+01 -1.050315437803908658e+01
-2.681047976588778425e+01 -1.099679504404977948e+01
-2.624539136601521250e+01 -1.147040855052952679e+01
-2.563881174862265411e+01 -1.192121903939852245e+01
-2.498426621600360775e+01 -1.234870156149307086e+01
-2.427495384907232534e+01 -1.275350239573929123e+01
-2.350175314401193560e+01 -1.313270769639045810e+01
-2.265652036635034605e+01 -1.348271536937821580e+01
-2.173241776206669229e+01 -1.380845939005330791e+01
-2.071792353695348510e+01 -1.411362894351618458e+01
-1.959847067591091019e+01 -1.440556793760972987e+01
-1.835393075860728374e+01 -1.468348844005045883e+01
-1.696793206600574422e+01 -1.495177206344495779e+01
-1.543097741061699146e+01 -1.521302847243851275e+01
-1.374338174232799936e+01 -1.547095326001275062e+01
-1.191126501255401493e+01 -1.572858977200008113e+01
-9.955219233964520242e+00 -1.598545690306885092e+01
-7.919141284345845300e+00 -1.623995802291483415e+01
-5.857903574096844146e+00 -1.647965881982995384e+01
-3.826458641699040708e+00 -1.668648209587984610e+01
-1.879548916176104312e+00 -1.684982051743740072e+01
-5.333275422787308456e-02 -1.694231635571395955e+01
1.632621469412814275e+00 -1.695339393391720151e+01
3.177172271395229064e+00 -1.688694752718380698e+01
4.588538093230090986e+00 -1.673728886130214732e+01
5.879086422922796373e+00 -1.651085541097085496e+01
7.064559634193694038e+00 -1.620786872995161687e+01
8.158948425053106135e+00 -1.583194735464759795e+01
9.180718997732064679e+00 -1.540419720739134135e+01
1.013979014509345156e+01 -1.493231083060345910e+01
1.104284596526655271e+01 -1.442294429673531653e+01
1.188397232174144946e+01 -1.385849075278678022e+01
1.266403967072820613e+01 -1.323590101646222372e+01
1.338529859955001022e+01 -1.256267500629955691e+01
1.403142225720854164e+01 -1.183749166815973375e+01
1.458236820369145192e+01 -1.106147817843846148e+01
1.500728646753216644e+01 -1.023646058987131902e+01
1.527422272076104193e+01 -9.377944416638635872e+00
1.536024764752623994e+01 -8.508967023755468873e+00
1.526423433832834498e+01 -7.654213455767752805e+00
1.504980433493509828e+01 -6.832183678052871301e+00
1.477249408744052239e+01 -6.052658422672792859e+00
1.445046639640037789e+01 -5.326140458003383316e+00
1.409107589192318244e+01 -4.661460948864037057e+00
1.369266344001066571e+01 -4.067623521687443677e+00
1.325858069165784059e+01 -3.545035429474132194e+00
1.279303046719386039e+01 -3.090156491701919972e+00
1.229948516190781582e+01 -2.694459910928852953e+00
1.177789448719055798e+01 -2.346087415332327453e+00
1.122232105189624640e+01 -2.033516840612338061e+00
1.061964922674095213e+01 -1.749122432408606542e+00
9.952747432845489683e+00 -1.487196358785022099e+00
9.203192153746309501e+00 -1.241567800928394805e+00
8.352599236925470905e+00 -1.009572659702465902e+00
7.386459948201308023e+00 -7.909246401188767539e-01
6.298701735080730835e+00 -5.904725447036122121e-01
5.100308637146190094e+00 -4.151660464404424711e-01
3.824324055391163490e+00 -2.696507375352810709e-01
2.519721118927149117e+00 -1.514046074745104276e-01
1.238614526409781424e+00 -5.823214044876352108e-02
1.275196639950049258e-03 -1.726237685272830492e-04
