1.003326381980353155e+01 1.793449601934454307e+01
1.293037093888203515e+01 1.693598618647621379e+01
1.194607833744349001e+01 1.642974436673726757e+01
9.491572434969331340e+00 1.701595152677775147e+01
6.987184338701293740e+00 1.833527218217836818e+01
4.381559194084281295e+00 1.860048349348600993e+01
1.809892061926570817e+00 1.828873076419232291e+01
-6.738579740662801187e-01 1.788213254915282135e+01
-3.040214248222737226e+00 1.754103909101710101e+01
-5.268429429777510720e+00 1.724113958996854379e+01
-7.349027174970200527e+00 1.691570302192951303e+01
-9.283675789313104332e+00 1.649446203445042869e+01
-1.108469702370301313e+01 1.596609960800753036e+01
-1.277165102815701658e+01 1.536945169589133009e+01
-1.437169941738859080e+01 1.475503906807776033e+01
-1.589603619885017416e+01 1.413235394138393808e+01
-1.733834784013958696e+01 1.349533746080908969e+01
-1.863753956310311466e+01 1.274145386345060338e+01
-1.973572021846871394e+01 1.179614400227306703e+01
-2.062405801873188338e+01 1.066875055079916024e+01
-2.134899647658404476e+01 9.422909199706165140e+00
-2.194256464992175637e+01 8.107982926586720041e+00
-2.239090067834248288e+01 6.749531815038770866e+00
-2.264505486237742105e+01 5.360323519414715854e+00
-2.266082268096700147e+01 3.955770438242350195e+00
-2.249405739641331081e+01 2.561088541134201257e+00
-2.236745157977504661e+01 1.203186176876889890e+00
-2.256779000958357528e+01 -6.521880865733691024e-02
-2.320119340633359784e+01 -1.171111384234691188e+00
-2.404120337987859557e+01 -2.153655322064917055e+00
-2.464910842511774902e+01 -3.207438526137178947e+00
-2.484669640676202107e+01 -4.342951353907645640e+00
-2.465205316941870350e+01 -5.494522344970731886e+00
-2.417313823067324208e+01 -6.615084096084043352e+00
-2.359502233549752148e+01 -7.714705556296465261e+00
-2.306286092712551294e+01 -8.824727701386546386e+00
-2.259873681307226079e+01 -9.938063045654752514e+00
-2.215547573214021071e+01 -1.103000962916749828e+01
-2.170214018348901419e+01 -1.208967808022000945e+01
-2.122196128595106757e+01 -1.311366882964877334e+01
-2.070575569132659766e+01 -1.410123509863145230e+01
-2.018085601183733502e+01 -1.507079068137297462e+01
-1.963663982563557653e+01 -1.602252932477711056e+01
-1.905322511664971330e+01 -1.694648385929033196e+01
-1.841396219475296192e+01 -1.782581933970028487e+01
-1.768960955089686138e+01 -1.862829987075474492e+01
-1.686589047526306828e+01 -1.932929799874038324e+01
-1.594466897069963451e+01 -1.991861455519840973e+01
-1.494694296213642559e+01 -2.041508221803118417e+01
-1.389163576328432903e+01 -2.084357347152019457e+01
-1.279555236903394899e+01 -2.122598380183917044e+01
-1.166759717794242412e+01 -2.156028554533957120e+01
-1.051396680138062223e+01 -2.184404248716993635e+01
-9.337588327938661337e+00 -2.207186494300320589e+01
-8.142342288493345848e+00 -2.225109973437367827e+01
-6.932473304845625961e+00 -2.239535426140943741e+01
-5.707460898126042181e+00 -2.250753440214312917e+01
-4.466298565395182329e+00 -2.258597073065997307e+01
-3.209722817403096951e+00 -2.263669659627718289e+01
-1.936012671502012061e+00 -2.265200141174621251e+01
-6.457498298162833716e-01 -2.262965694965524932e+01
6.617020160487135927e-01 -2.256904023836093387e+01
1.989658694388885207e+00 -2.246617166120137554e+01
3.340927723365242574e+00 -2.230951782584534016e+01
4.717553979938169384e+00 -2.209569869159928146e+01
6.119596513222261613e+00 -2.182524432530254188e+01
7.543261979572735143e+00 -2.148862900447291224e+01
8.974296976016161054e+00 -2.105912062438763144e+01
1.038920775439530075e+01 -2.050564057685394914e+01
1.176846979591634934e+01 -1.982137667468096609e+01
1.309420677882949313e+01 -1.900626798823030938e+01
1.436774432965982307e+01 -1.809591327588560716e+01
1.557902669331207690e+01 -1.711912357388301231e+01
1.668728473223947617e+01 -1.608495742616155155e+01
1.756909441021215557e+01 -1.493040329821451095e+01
1.810860369226458744e+01 -1.362133265258109205e+01
1.832983952836306685e+01 -1.220599573363826629e+01
1.854419317495835884e+01 -1.079690418294990906e+01
1.915362685805511944e+01 -9.509844949666081959e+00
1.999676514126261395e+01 -8.293638790225214663e+00
2.065518634902569772e+01 -6.973437896432043814e+00
2.096397886918720843e+01 -5.538444924706393380e+00
2.091106709655672091e+01 -4.053053993371743324e+00
2.054231113627500349e+01 -2.593011560458260423e+00
1.988666186226279819e+01 -1.254118999959413117e+00
1.890840789724650151e+01 -2.086937697660880553e-01
1.756423131204640242e+01 2.770894954152499645e-01
1.599525296746648095e+01 1.308952657463614555e-01
1.438050184260105091e+01 -1.775924530370860954e-01
1.286462587415113745e+01 3.571074928132295101e-01
1.128970625927904692e+01 9.800395114679951725e-01
9.615701351124060992e+00 1.277060371492385382e+00
7.946361807033614610e+00 1.290738446229703351e+00
6.369734828189633546e+00 1.164889336759676430e+00
4.930685919378808180e+00 9.917109433002706531e-01
3.652864631223216474e+00 7.991339010142879395e-01
2.541897803449177484e+00 5.973600062857601367e-01
1.583247635881735782e+00 3.873254027786497411e-01
7.505743431510956132e-01 1.755153556370481482e-01
3.536061689729189230e-06 4.579649913560316298e-05
