-3.234443615379883852e+01 2.066059589661789886e+01
-4.587282109570976019e+01 2.073306668748560355e+01
-4.517316357546276606e+01 2.084730964534774955e+01
-3.814610499608443916e+01 2.105830152249671272e+01
-3.069215022300430817e+01 2.145160191593906163e+01
-2.736612141628199879e+01 2.209673390063356280e+01
-2.517357763338409171e+01 2.283845272152728612e+01
-2.340419582638087803e+01 2.336632345472584049e+01
-2.177364267250509045e+01 2.368731921194632406e+01
-2.016763279614187354e+01 2.389768652632760748e+01
-1.855396939055358629e+01 2.402979202594086772e+01
-1.696203998867173013e+01 2.409692589620930292e+01
-1.542765219660440046e+01 2.410213619139056007e+01
-1.396400001327672058e+01 2.408642971498580465e+01
-1.258442054544135225e+01 2.403237762828678825e+01
-1.129034535016357133e+01 2.392104571874569885e+01
-1.006847727441771134e+01 2.376160228022219911e+01
-8.907613405409820828e+00 2.355590266652623654e+01
-7.804153405159326873e+00 2.329669588087913823e+01
-6.761129332071610598e+00 2.301329450022876699e+01
-5.786666063128046211e+00 2.267772347678150524e+01
-4.905162331026797773e+00 2.224248544202647793e+01
-4.162093787682340285e+00 2.167803796716349041e+01
-3.549545040607666291e+00 2.103728983938949071e+01
-2.884979571251697905e+00 2.054255253378666879e+01
-2.573524850854650659e+00 1.986445236311551099e+01
-2.495943709268040767e+00 1.911537274514730811e+01
-2.345151267456894395e+00 1.842148115948244680e+01
-2.349999717403590704e+00 1.791154330497644764e+01
-2.831544132591203855e+00 1.781231257466150808e+01
-3.572506175132823092e+00 1.784569177650840288e+01
-4.448400685885601114e+00 1.771438826339129946e+01
-5.404510906031744888e+00 1.738881574526947915e+01
-6.482964565462721929e+00 1.698348147765919691e+01
-7.724456091743808095e+00 1.658083320638426272e+01
-9.116128589418156736e+00 1.617127238846247295e+01
-1.062585288794178418e+01 1.574667396838803235e+01
-1.221359184431480571e+01 1.527568400637904489e+01
-1.384572674276889792e+01 1.474698990702637147e+01
-1.548782038516862691e+01 1.416777594646307037e+01
-1.713667286683370961e+01 1.351218253704953298e+01
-1.880373548939321182e+01 1.278029269737089990e+01
-2.047295977515258159e+01 1.197562678105914813e+01
-2.211544056748538267e+01 1.111915064645619822e+01
-2.368877463604071920e+01 1.023208149683663670e+01
-2.514735487395289582e+01 9.271144655962245906e+00
-2.646680205602261537e+01 8.245275352438447669e+00
-2.763539537822759584e+01 7.159651868022234744e+00
-2.864599032856290250e+01 5.984335778898244307e+00
-2.954948845353131759e+01 4.751676895974314085e+00
-3.034398275707890136e+01 3.433231869226955890e+00
-3.102948017078585963e+01 2.004797821289867166e+00
-3.164907387902629310e+01 4.794434201037620635e-01
-3.223512156356247260e+01 -1.106002244864855433e+00
-3.267108237095226997e+01 -2.734463909317696118e+00
-3.275448332712677768e+01 -4.403620658135158905e+00
-3.248597945248554453e+01 -6.085995906216566276e+00
-3.226252233054974283e+01 -7.785647732783528063e+00
-3.246337763387052888e+01 -9.479808660950400423e+00
-3.240229063457471881e+01 -1.109678500998220940e+01
-3.165987243323318978e+01 -1.246071396435644552e+01
-3.043818140714135367e+01 -1.354344900279523323e+01
-2.927485894182196446e+01 -1.472615503642198931e+01
-2.810590710557480065e+01 -1.592432863928915765e+01
-2.690384337941944182e+01 -1.708541459348093028e+01
-2.556487474109535896e+01 -1.806038563794478335e+01
-2.417492158675747760e+01 -1.895502595452079575e+01
-2.274746981176508953e+01 -1.977946308778972195e+01
-2.126155325210068270e+01 -2.042087506702145916e+01
-1.975835305139461795e+01 -2.089321114847555094e+01
-1.825733165043988393e+01 -2.122691882400129870e+01
-1.676106530034479647e+01 -2.142871911246936278e+01
-1.528479731943336972e+01 -2.157543238267986396e+01
-1.383793196336725195e+01 -2.171665677157728780e+01
-1.241233920024998660e+01 -2.183250322573966784e+01
-1.100232659275481240e+01 -2.191117004569083093e+01
-9.611803994422867703e+00 -2.193646362047677201e+01
-8.248686687760326208e+00 -2.187235257901909335e+01
-6.914781135181222282e+00 -2.168031659180563864e+01
-5.621897740528242871e+00 -2.127823103138945626e+01
-4.358038547975241706e+00 -2.070857231201196669e+01
-3.095411111404872351e+00 -2.003458952550061767e+01
-1.782741250390635690e+00 -1.939474574213229019e+01
-6.277016446226058033e-01 -1.845667840437218388e+01
3.020769185056874084e-01 -1.721300427442381675e+01
1.146849530781137050e+00 -1.585027084477757953e+01
1.927008385877148733e+00 -1.442038891282674662e+01
2.594400555684068355e+00 -1.293637587052252691e+01
3.114949339925682015e+00 -1.142897236063748068e+01
3.481839661923400886e+00 -9.947690728750950839e+00
3.684721481196945536e+00 -8.510280874389097860e+00
3.722940612744541244e+00 -7.137671545391073735e+00
3.549071303509479858e+00 -5.860047690279428068e+00
3.208843867742007028e+00 -4.694244909261731102e+00
2.729748508773364168e+00 -3.632146723023460755e+00
2.187253946088301593e+00 -2.653963597251718820e+00
1.603710854494042604e+00 -1.784088574023193319e+00
9.905952040801271341e-01 -1.055657814489150637e+00
4.054457563549270782e-01 -4.791255056565383863e-01
-2.790522484978349352e-06 -1.351765287059887401e-05
