1.042660471335510408e+01 2.226781648998820273e+01
1.526504663974700726e+01 2.299912881469036208e+01
1.801486763738801855e+01 2.351688121908717122e+01
1.963430080475430373e+01 2.369206740486004037e+01
2.053009999414124209e+01 2.347741248135848835e+01
2.090269534865671730e+01 2.289429332603914347e+01
2.098351995083722343e+01 2.213201830454615759e+01
2.095528092643652229e+01 2.135088198607397558e+01
2.097786809940943797e+01 2.070723628614526746e+01
2.118223409525026568e+01 2.038099999611602087e+01
2.148736769057019558e+01 2.054315529180554023e+01
2.185906976480612229e+01 2.098496610119509143e+01
2.227943960615175811e+01 2.154912411585051402e+01
2.274078530467315673e+01 2.210397207073825498e+01
2.324400155243194277e+01 2.251591790539038129e+01
2.379592938285788151e+01 2.262543500605107738e+01
2.432449492112901268e+01 2.241644368270085153e+01
2.476895388023430300e+01 2.194171358565652952e+01
2.510246950863070126e+01 2.127206124022125522e+01
2.531841610903538609e+01 2.046617963030535137e+01
2.542112397093066534e+01 1.956549301147478559e+01
2.541938120584205762e+01 1.859601659869702317e+01
2.534213364728914542e+01 1.757048207043277444e+01
2.525651465904516968e+01 1.648684618589365058e+01
2.522922367620375184e+01 1.533494846311439197e+01
2.527441589985352977e+01 1.409526248800299975e+01
2.535474784241159796e+01 1.274460435596948571e+01
2.543285460885300253e+01 1.125724867713996602e+01
2.548417071512382748e+01 9.609106628567802844e+00
2.551800075479649976e+01 7.785318336837600661e+00
2.553406244700187955e+01 5.784145120981871280e+00
2.556388010258533683e+01 3.635379394972340528e+00
2.562705484149598334e+01 1.411508237349299533e+00
2.575444906480566942e+01 -7.859915361632786590e-01
2.593529414448164871e+01 -2.843604669859183698e+00
2.606165403605423947e+01 -4.696669250078429059e+00
2.610598215083545881e+01 -6.320412882311702951e+00
2.605608330264520589e+01 -7.732063404786806871e+00
2.588767689216615864e+01 -8.957770018679120483e+00
2.559907500839554118e+01 -1.001973245928491707e+01
2.527903534511823125e+01 -1.095430914452978222e+01
2.509509018402161473e+01 -1.181711657122126624e+01
2.517812864175705911e+01 -1.263690301883391065e+01
2.542904754513995158e+01 -1.343008561333311235e+01
2.568294572797168840e+01 -1.421964034397220011e+01
2.580475514209672383e+01 -1.502020078144557758e+01
2.571817189436022133e+01 -1.582150631415886544e+01
2.541661786673403256e+01 -1.660259881540963534e+01
2.492214871730309866e+01 -1.734913795272186476e+01
2.427363816753077330e+01 -1.806191599410233906e+01
2.351258409928158954e+01 -1.875216090561449178e+01
2.268081362178465454e+01 -1.943251604576528990e+01
2.181049469234863381e+01 -2.008772749362015375e+01
2.091179461528717454e+01 -2.062561632082827145e+01
1.998528762504889755e+01 -2.086032846806984509e+01
1.908362852239821805e+01 -2.063322705569308368e+01
1.829247845659172356e+01 -1.991404306372277233e+01
1.753008322854843470e+01 -1.906426618581689780e+01
1.670936335937259187e+01 -1.846504659831048656e+01
1.582354222974070801e+01 -1.852068811492971179e+01
1.502961127939301633e+01 -1.920729278118936634e+01
1.436862965672535353e+01 -2.028789343096768505e+01
1.366062854629883283e+01 -2.136933035398379843e+01
1.270392845722160047e+01 -2.206819410470784248e+01
1.159818193811544695e+01 -2.225207582769617076e+01
1.052049318004601552e+01 -2.191718556164158471e+01
9.624966354517479061e+00 -2.113174906334549163e+01
8.858046099174613275e+00 -2.021565110316754854e+01
8.073281603076964075e+00 -1.956295372387127784e+01
7.195127641698078058e+00 -1.952944668594821209e+01
6.323843784314828298e+00 -2.001223704202062592e+01
5.452994300107305570e+00 -2.066069573489744826e+01
4.546082090473785087e+00 -2.114710945165193223e+01
3.617568262699858206e+00 -2.128091199727061422e+01
2.745524570640965223e+00 -2.108889057894458574e+01
2.001236971618627791e+00 -2.063479413706071242e+01
1.446800637268855327e+00 -1.998150520411982001e+01
1.128815021509611105e+00 -1.919163601023286603e+01
1.032112477170203935e+00 -1.834146864236944197e+01
1.093059010826572974e+00 -1.749832041607768218e+01
1.144115663175240938e+00 -1.671037120074132432e+01
1.003710996800058819e+00 -1.602212209654334529e+01
5.862987287121219637e-01 -1.547403159295002695e+01
1.044134296062923170e-02 -1.501534525795210051e+01
-5.572697943529607567e-01 -1.452343468206904653e+01
-9.747819941124854504e-01 -1.389894504819530141e+01
-1.204537247109057407e+00 -1.314471328692000540e+01
-1.270920746624804254e+00 -1.228851366509445597e+01
-1.250624088971271641e+00 -1.135582866120825685e+01
-1.209917943448580502e+00 -1.036015815645211013e+01
-1.171527746848256779e+00 -9.310732753826417962e+00
-1.142893744096844522e+00 -8.214650783657075905e+00
-1.113478733717524483e+00 -7.078675075060717248e+00
-1.069115358444618025e+00 -5.911840546294565790e+00
-9.909249905985563212e-01 -4.729597865420879899e+00
-8.614427495792654765e-01 -3.555374963277328604e+00
-6.845236159342308335e-01 -2.424408577139752552e+00
-4.697026103810579833e-01 -1.389987058739282633e+00
-2.372568068464748769e-01 -5.355760539770437756e-01
-5.321741323263380966e-05 -2.744313895943169333e-04
