2.407300392601334593e+01 2.586905195887989350e+01
3.464849630608224373e+01 2.634488516720125872e+01
3.620351624621802955e+01 2.660482933339889300e+01
3.326204917680225748e+01 2.636862454331993177e+01
2.900738199018668340e+01 2.520807575201038375e+01
2.614829168439201723e+01 2.251066294896455844e+01
2.400895363365924595e+01 1.965174775275172792e+01
2.395278997392172471e+01 1.636534787497071974e+01
2.475952737193469133e+01 1.322469793945001193e+01
2.530520858458249478e+01 1.031634443165882686e+01
2.524082672298366958e+01 7.713633100587147240e+00
2.458654083888092501e+01 5.483642310211663151e+00
2.400104976064814721e+01 3.538828323688902877e+00
2.424591552427377295e+01 1.826680259017340546e+00
2.524474336266078112e+01 4.427894964686606705e-01
2.601364061324524712e+01 -9.179083593813149866e-01
2.607582157291858138e+01 -2.238109914788702248e+00
2.534793639114992914e+01 -3.302554104524690448e+00
2.409275682238702032e+01 -4.051934201630279730e+00
2.297135826528012004e+01 -4.895997414723590069e+00
2.244832435278487281e+01 -6.019576336917596748e+00
2.257958550027205291e+01 -7.143971531808126940e+00
2.340464223318661752e+01 -7.971868280956743824e+00
2.451915284953231122e+01 -8.625597879439382609e+00
2.539401571954133985e+01 -9.407887031624918350e+00
2.568027478138512265e+01 -1.040952992179765424e+01
2.545521883072884961e+01 -1.146623016210010704e+01
2.485735281442210010e+01 -1.246045033572814553e+01
2.407645058815550598e+01 -1.336631574085172325e+01
2.339254371890486084e+01 -1.428766337683006959e+01
2.300632387928595435e+01 -1.530190576848437090e+01
2.260581596444517771e+01 -1.619583775442127660e+01
2.201501524687439471e+01 -1.678254631019007803e+01
2.124030610587282553e+01 -1.695572829189180908e+01
2.039525229024422615e+01 -1.680826635174774353e+01
1.959473733069870249e+01 -1.670026273685821394e+01
1.896250129710905696e+01 -1.704994063633303369e+01
1.850270959471938426e+01 -1.768816380239798747e+01
1.816435791877746908e+01 -1.844000148972328290e+01
1.782049245120013126e+01 -1.914306202277931135e+01
1.733537629232489508e+01 -1.964925028706057120e+01
1.672042226754569327e+01 -1.992688699087473836e+01
1.604073809797779759e+01 -2.005040200893478541e+01
1.534815064403208851e+01 -2.012484258756261113e+01
1.466695664834248447e+01 -2.021188437927427017e+01
1.400361294019248248e+01 -2.032335597467965727e+01
1.335555476786727347e+01 -2.044400002488009349e+01
1.271801534854188453e+01 -2.055665843219617273e+01
1.208780517087213013e+01 -2.065243751070218536e+01
1.146225826516248958e+01 -2.072408861146514525e+01
1.084025508462614340e+01 -2.076761804865376604e+01
1.022222752371026111e+01 -2.078156731845950489e+01
9.609006838571989562e+00 -2.077177475185178324e+01
9.001338008912844302e+00 -2.074394710747751347e+01
8.400673300561782852e+00 -2.070263985667421736e+01
7.809104838248432046e+00 -2.064839210989232399e+01
7.227838586794554487e+00 -2.058103250449760679e+01
6.657269071927991000e+00 -2.050111941889498723e+01
6.098535014855320568e+00 -2.040558741507014417e+01
5.552306026970622810e+00 -2.029501276749505578e+01
5.020798106529587912e+00 -2.016407362107023360e+01
4.504436589786557477e+00 -2.001490660272878230e+01
4.005938711051636680e+00 -1.983977479456214610e+01
3.528773364932290768e+00 -1.963111442834306075e+01
3.075084262074577524e+00 -1.938716072077621178e+01
2.644622245188983367e+00 -1.910940685969612218e+01
2.234045444776969980e+00 -1.880171929562799704e+01
1.836775781504515370e+00 -1.847195862680120015e+01
1.450412350554701746e+00 -1.812278828953049725e+01
1.072938055185218786e+00 -1.775528252981407462e+01
7.078403785881998145e-01 -1.736365806911268805e+01
3.596323426944403878e-01 -1.694184125404828833e+01
3.177113030865658799e-02 -1.648702754240813562e+01
-2.690444159440292804e-01 -1.599600429874614527e+01
-5.326881023056625475e-01 -1.546467508375705613e+01
-7.543807012004570822e-01 -1.489312825967038201e+01
-9.456882341068167941e-01 -1.428911440013355261e+01
-1.116834593073799509e+00 -1.366028379556010641e+01
-1.271567669883892693e+00 -1.301244431925227651e+01
-1.408345333152671408e+00 -1.235052112102507316e+01
-1.526899703880360004e+00 -1.167907669285235883e+01
-1.624591687434961962e+00 -1.100258852183504921e+01
-1.698342005238674401e+00 -1.032529824349941627e+01
-1.744612912484642342e+00 -9.650357245027128883e+00
-1.759155611988609147e+00 -8.980248382023368947e+00
-1.743006222635105518e+00 -8.316192905379972800e+00
-1.696144462060345859e+00 -7.659081683615764469e+00
-1.623080854763752967e+00 -7.009666744166163532e+00
-1.525624834660947116e+00 -6.368528915846221494e+00
-1.406319758526189512e+00 -5.734199147277984743e+00
-1.270198233855088565e+00 -5.102914085498819752e+00
-1.123432470115697912e+00 -4.471820290721493230e+00
-9.742830417092464002e-01 -3.839176493657658895e+00
-8.298303832782973899e-01 -3.204039645458107710e+00
-6.959904319613358092e-01 -2.567546097512560355e+00
-5.774815297725355290e-01 -1.935985620677137309e+00
-4.677981890581578983e-01 -1.324851602518279936e+00
-3.478593982226895198e-01 -7.618498710269205887e-01
-1.913890992659381118e-01 -2.951996649176443777e-01
5.917508604114430028e-18 -6.429560790019836958e-11
