-4.650649408321197598e+01 -2.351409361720743263e+01
-7.148797614708739445e+01 -2.420747087575652401e+01
-8.239797735020665925e+01 -2.488678004437557334e+01
-8.478086945582478506e+01 -2.553444864085517807e+01
-8.205691037245338748e+01 -2.612502244658406170e+01
-7.637422930553746880e+01 -2.661882480451265209e+01
-6.914393085264210015e+01 -2.695207307634874994e+01
-6.139160454839011294e+01 -2.702099024668966720e+01
-5.401280172283551195e+01 -2.665595383966768850e+01
-4.799611698385162128e+01 -2.557924264755974519e+01
-4.394407840109356300e+01 -2.365065021183002614e+01
-4.213094942360707051e+01 -2.525881378960175283e+01
-4.148999580534810860e+01 -2.804996437024622935e+01
-4.166883639773538306e+01 -3.037168490583133718e+01
-4.354767841816583740e+01 -3.090038148245869465e+01
-4.571924492083074654e+01 -3.090615480066648502e+01
-4.609647734697344390e+01 -3.254431202356032315e+01
-4.544321688760228994e+01 -3.458255019343700098e+01
-4.432209651844587484e+01 -3.632946337657602243e+01
-4.300632728990939313e+01 -3.746493411410936147e+01
-4.176912938032852196e+01 -3.769352034916472860e+01
-4.106147211761098959e+01 -3.675934373079138595e+01
-4.069462704063953140e+01 -3.525333540331101290e+01
-3.981866592486858991e+01 -3.423842379905919842e+01
-3.865580242513888720e+01 -3.400884864166918931e+01
-3.759594592626074672e+01 -3.464314102208783197e+01
-3.718992877302240885e+01 -3.579390913769063332e+01
-3.673274150079240030e+01 -3.683110572279024808e+01
-3.597429465734483500e+01 -3.701899188293705123e+01
-3.521160108587719151e+01 -3.654649789091517675e+01
-3.462851122927329328e+01 -3.571086725234815873e+01
-3.424596843444675187e+01 -3.480133395800977780e+01
-3.385759672356817873e+01 -3.405729498194478566e+01
-3.321698278598532994e+01 -3.371961548804302566e+01
-3.246566227921826453e+01 -3.357815893327390455e+01
-3.179214982103502507e+01 -3.328090933275121444e+01
-3.128519305429239949e+01 -3.279342143860694847e+01
-3.103464866579848902e+01 -3.213635444119034190e+01
-3.109521531531580862e+01 -3.137405212563764323e+01
-3.118013991355820380e+01 -3.062338078066234459e+01
-3.077894939277022957e+01 -3.007788867004553524e+01
-3.002558768332193040e+01 -2.974190410300291276e+01
-2.935128289390430467e+01 -2.922687483691577270e+01
-2.889329865585169443e+01 -2.847348226404531957e+01
-2.853933889289604409e+01 -2.761338010615609662e+01
-2.811991527344637021e+01 -2.676502788741852257e+01
-2.757423091910174051e+01 -2.597769922439319856e+01
-2.693225479193864302e+01 -2.525370510890320830e+01
-2.625843353638372335e+01 -2.455786664396830332e+01
-2.562701752383707543e+01 -2.383481686434766900e+01
-2.510569815415169259e+01 -2.303653599032800159e+01
-2.469099338638044827e+01 -2.219022333778300293e+01
-2.413936468541870184e+01 -2.155428986578440487e+01
-2.341663033125861659e+01 -2.133247036242223160e+01
-2.262918883713144069e+01 -2.162977533885415582e+01
-2.189311402142627472e+01 -2.205108500691489581e+01
-2.130796632555190229e+01 -2.190599219726267677e+01
-2.120587785130490133e+01 -2.115512804967693583e+01
-2.109450636282996072e+01 -2.024669265469547597e+01
-2.053816710529316580e+01 -1.955328574721415436e+01
-1.974475425986259225e+01 -1.916906933990897244e+01
-1.893012227662474345e+01 -1.925733359301622372e+01
-1.835809612534515267e+01 -2.002212698084839815e+01
-1.782131951765176936e+01 -2.091839314118571380e+01
-1.709135213438942813e+01 -2.123005078554702152e+01
-1.638582056005503063e+01 -2.070513189045809099e+01
-1.593677538307356301e+01 -1.958905531650282938e+01
-1.514990885256132103e+01 -1.888273786679609501e+01
-1.413296546782050811e+01 -1.897487615724661936e+01
-1.332439665503404314e+01 -1.975950104198486201e+01
-1.260446006853665857e+01 -2.052962451973850833e+01
-1.176994563883117095e+01 -2.038733097458204213e+01
-1.115334507891277660e+01 -1.961850118549049071e+01
-1.055865457195625012e+01 -1.898074906659155303e+01
-9.831885860360809914e+00 -1.888732492979992728e+01
-9.125013633242478051e+00 -1.907859471293265941e+01
-8.527917818168591069e+00 -1.903401967053505572e+01
-8.124273426510551843e+00 -1.865644861336932081e+01
-7.860358109728711185e+00 -1.809636428636391869e+01
-7.518388986866823664e+00 -1.756413598671308662e+01
-7.051713272991040782e+00 -1.709670846910177744e+01
-6.517392530830910857e+00 -1.662146410984953349e+01
-5.948229380025835233e+00 -1.607585612092546867e+01
-5.376595127151659881e+00 -1.540240782005534115e+01
-4.801339573577556585e+00 -1.458438252841363258e+01
-4.231364710399851070e+00 -1.361944329809461429e+01
-3.667511310131429170e+00 -1.253658909146381717e+01
-3.118381156907346963e+00 -1.136718985805220861e+01
-2.591314329136300110e+00 -1.014670611126786604e+01
-2.087304638085634156e+00 -8.901445497364658621e+00
-1.640200315942915932e+00 -7.670376452948289625e+00
-1.233138000154188063e+00 -6.478226156709676609e+00
-8.710682314908234636e-01 -5.343722824696559570e+00
-5.640857767911784393e-01 -4.267096758382320054e+00
-3.147366489256152589e-01 -3.253594221688494770e+00
-1.247353208122509022e-01 -2.314866223652842336e+00
3.797347615322878983e-02 -1.462379336838508070e+00
2.017691523088021854e-01 -7.199594918362635099e-01
2.864808504753431073e-01 -1.652956169832317246e-01
9.565314162270882711e-05 2.341845064780186700e-04
