-1.224888005057240292e+01 3.082998874376654097e+00
-1.928873008215143159e+01 3.034579918360983175e+00
-2.267660955501424525e+01 2.991154243907720556e+00
-2.374439119674352128e+01 2.958718228634275249e+00
-2.335802111853443819e+01 2.945475952811285936e+00
-2.209131553095983946e+01 2.963487308132918496e+00
-2.034123701446084453e+01 3.031090694614742898e+00
-1.840764221168851833e+01 3.176586997086658481e+00
-1.655350910949935894e+01 3.443921930638915274e+00
-1.505765095506153983e+01 3.901457525617231692e+00
-1.426297384652227151e+01 4.701870488318114383e+00
-1.434471465113233002e+01 5.674447287341756407e+00
-1.491829741252156971e+01 6.752538156990116391e+00
-1.561356393261703523e+01 7.933642192528773229e+00
-1.618698027457286415e+01 9.228404035723089649e+00
-1.659149691210424393e+01 1.059118069448587818e+01
-1.684586881168667816e+01 1.197768751226177386e+01
-1.698854212121635143e+01 1.335689136327465754e+01
-1.704734196210933561e+01 1.471053716880832951e+01
-1.703414246586896041e+01 1.602991107621393496e+01
-1.694854445515871433e+01 1.731676432506232644e+01
-1.678644545238455521e+01 1.857335981203650377e+01
-1.657436143384905947e+01 1.980444475386596892e+01
-1.631256797813064807e+01 2.101691433130398323e+01
-1.600747697741292086e+01 2.221530857436412987e+01
-1.565406288524099487e+01 2.339237389459619365e+01
-1.522443580375429306e+01 2.453120363715094854e+01
-1.469260177671127821e+01 2.561108809148431931e+01
-1.409422966746160810e+01 2.664017191763338488e+01
-1.346191491554555597e+01 2.762918769580667799e+01
-1.283853115865563410e+01 2.859619136558081820e+01
-1.224341963640283026e+01 2.954877844633042372e+01
-1.170840924089844037e+01 3.050545674717971778e+01
-1.124433559754139367e+01 3.147552225231810397e+01
-1.083692036746053589e+01 3.245953595052053231e+01
-1.044423434588232702e+01 3.344335713527536313e+01
-9.987158572302107018e+00 3.439439106137509583e+01
-9.418670861019975860e+00 3.528535362116445384e+01
-8.829889141460386170e+00 3.614954767706163352e+01
-8.464855238138190074e+00 3.710032121440241326e+01
-8.512143337259230336e+00 3.819371261407177798e+01
-8.802066293839416744e+00 3.942407811297741205e+01
-8.891508677250607562e+00 4.082770227743747427e+01
-8.743075081116128189e+00 4.236750311793078794e+01
-8.404252446292961309e+00 4.399279401934185074e+01
-7.901633362246620607e+00 4.559631176278210063e+01
-7.267502982675723366e+00 4.697954326611446874e+01
-6.326677377098627986e+00 4.764936029814364105e+01
-5.200972364395324732e+00 4.687843503802400846e+01
-4.198714806586714587e+00 4.546978309254762962e+01
-3.653316851743158900e+00 4.368904739378955071e+01
-3.714686060308432403e+00 4.191269009263447032e+01
-3.133377432107701921e+00 4.071474301295067022e+01
-2.142098735175338664e+00 3.975329054258820349e+01
-1.264911727826967258e+00 3.864998961080125639e+01
-5.686478485160250118e-01 3.740120378787784006e+01
2.114778748467574174e-02 3.607164534244521548e+01
6.239396055522046236e-01 3.474595299481085675e+01
1.250734725435454386e+00 3.345181818165772825e+01
1.878849933721463028e+00 3.218539943467546038e+01
2.506276862009593209e+00 3.095364565872491269e+01
3.132225458600978119e+00 2.976652941408505626e+01
3.732445391160882586e+00 2.861524086042707538e+01
4.319981862225905189e+00 2.750383813132994604e+01
4.885397048569941170e+00 2.642450312429802750e+01
5.421679110112061828e+00 2.537125120073909912e+01
5.918708187532380371e+00 2.433556454135594649e+01
6.379533647902555060e+00 2.331426435944344888e+01
6.800092290056330313e+00 2.230086939052410600e+01
7.178842112342135096e+00 2.129071655552812814e+01
7.503721204721998106e+00 2.027520785694370886e+01
7.757685334479127448e+00 1.924487429025454333e+01
7.934012526789469000e+00 1.819498342473574937e+01
8.030823192879639194e+00 1.712246874333425950e+01
8.048245394093777705e+00 1.602876482272256098e+01
7.997553016250692259e+00 1.491979791769498043e+01
7.874271524357115304e+00 1.379754865110378503e+01
7.684537566603556691e+00 1.266606755967403153e+01
7.433612032712236584e+00 1.153656094243208230e+01
7.125652034570030047e+00 1.042134026900587074e+01
6.759656758000893717e+00 9.335877546797117787e+00
6.343240955546733062e+00 8.293868398915371642e+00
5.888358170811526016e+00 7.305231942874664597e+00
5.402756501872516992e+00 6.380258729773489179e+00
4.894594476879278844e+00 5.528733273526300174e+00
4.376407067678760754e+00 4.757711921881585759e+00
3.869432710919285867e+00 4.062946881508151975e+00
3.384376246337641003e+00 3.443297821142484505e+00
2.931109260154513674e+00 2.894204636220191862e+00
2.510180732295580253e+00 2.413306660447145369e+00
2.123057173533643649e+00 1.995066207966237348e+00
1.769620857595893382e+00 1.632271648463355040e+00
1.449330168477199754e+00 1.317862330863006193e+00
1.160113120826433031e+00 1.043686385040202724e+00
9.001983805675328743e-01 8.030529520779707831e-01
6.701312004070137940e-01 5.883018008632883156e-01
4.699835930769721837e-01 3.946926852231218974e-01
2.973865558898916017e-01 2.227042735665760442e-01
1.439887233983582204e-01 8.409800618134341543e-02
-1.697429582742649681e-05 -4.877388205640876368e-05
