2.700009947638131536e+01 4.497654627561789908e+01
4.018589156037550225e+01 4.453382739999003093e+01
4.494500848272987525e+01 4.409048733013447929e+01
4.481725782328816621e+01 4.364573332323168842e+01
4.199315977619151852e+01 4.319838216631411143e+01
3.791870714368877060e+01 4.274653342714924520e+01
3.369462327839887195e+01 4.228704556666928482e+01
3.034473098022771964e+01 4.181514643129174402e+01
2.727013335939868099e+01 4.256962253806175056e+01
2.434334468985606037e+01 4.414151615710056120e+01
2.166708056188501175e+01 4.553735454456759157e+01
1.933712766747216349e+01 4.548036878125368787e+01
1.803178293849462932e+01 4.439379240817520156e+01
1.868207722801373905e+01 4.245210693325401508e+01
2.058473218740208210e+01 4.041052650805814750e+01
2.290491594585902035e+01 3.874511469880726366e+01
2.493164956672765697e+01 3.727011097875394796e+01
2.587524752394749328e+01 3.584721447651494941e+01
2.452457332545948887e+01 3.492907068424847949e+01
2.194259379993178527e+01 3.496239394201918316e+01
1.915239184720340404e+01 3.530768041356645881e+01
1.723460882790414317e+01 3.521479596362751607e+01
1.743784973891528267e+01 3.416225432369490278e+01
1.878055824422227005e+01 3.272480803630992341e+01
2.036822492296689191e+01 3.116245027471583739e+01
2.132479236322810578e+01 2.968033010391497228e+01
2.058831900847008356e+01 2.861201218869660323e+01
1.884097955744936570e+01 2.860843876723572166e+01
1.679137326012152087e+01 2.903456917029181028e+01
1.492987751579020284e+01 2.938972231101827859e+01
1.373682222646639062e+01 2.928379056890493004e+01
1.386402461810190978e+01 2.832468019796284509e+01
1.482348881316101341e+01 2.703052093294057912e+01
1.601566551179869435e+01 2.566813287223886419e+01
1.677603553391117330e+01 2.439049540568820618e+01
1.649584300606710130e+01 2.341536893556299503e+01
1.546751263668223864e+01 2.303688320203196582e+01
1.410184560084402783e+01 2.322521800557287364e+01
1.268659459512738863e+01 2.363441892803271926e+01
1.151017788285554211e+01 2.380357760245098575e+01
1.095446179515655771e+01 2.331983710786652964e+01
1.125286054549041381e+01 2.246686772025969603e+01
1.201957160587275553e+01 2.145937459318070495e+01
1.284936412682052165e+01 2.037692459840195625e+01
1.329892673995242625e+01 1.925094458751422266e+01
1.295845232608843212e+01 1.823986370015663994e+01
1.206717930462968802e+01 1.768019194436849517e+01
1.085716040834546803e+01 1.790757414239949341e+01
9.563801722376270575e+00 1.849193503197183119e+01
8.426284234295588149e+00 1.883263920175273753e+01
7.744403837002059809e+00 1.831766689222071420e+01
7.696677330497263547e+00 1.735929616055115332e+01
8.392626508250536688e+00 1.636774477917225568e+01
9.275215391099447260e+00 1.539718904457830995e+01
9.732826381424821705e+00 1.439876571826757612e+01
9.325491593656042966e+00 1.347290744726375067e+01
8.360337234432069664e+00 1.296033431851224726e+01
7.137598851766175478e+00 1.305299838986124605e+01
6.035424321884974574e+00 1.315050459889193135e+01
5.498328224399189779e+00 1.267007559824756768e+01
5.668197989546752247e+00 1.188152174560930696e+01
6.232885518990991081e+00 1.104268186760576320e+01
6.673965730157662257e+00 1.023770763262006156e+01
6.564374037731067091e+00 9.564343191636428543e+00
6.025437965940104057e+00 9.195715086270917382e+00
5.303800359818867882e+00 9.119646098960604519e+00
4.634978648396375078e+00 9.089271861676261111e+00
4.237723177258168938e+00 8.851232516633178449e+00
4.203323481735949052e+00 8.435103322954924820e+00
4.394831554790646244e+00 7.961294322248206434e+00
4.571642635477572547e+00 7.490190867414632692e+00
4.545614394945714842e+00 7.087315149925583313e+00
4.305615546179324404e+00 6.823252767170446376e+00
3.935043650976887353e+00 6.713887655730045090e+00
3.559577885064942659e+00 6.636616775516765543e+00
3.298468980741056988e+00 6.473691534624000710e+00
3.227903983417852896e+00 6.201923542233631181e+00
3.292510108393007062e+00 5.886206143441919281e+00
3.351105511550450444e+00 5.568886175509300429e+00
3.260228201915538637e+00 5.291953546496340977e+00
3.035900166415898660e+00 5.079684401773232771e+00
2.742139774864725599e+00 4.913544870395523567e+00
2.470655275360039926e+00 4.714482481036188943e+00
2.273603484214960613e+00 4.448555853228985058e+00
2.139240977851107672e+00 4.140146584421128928e+00
2.020723612624936827e+00 3.825056711075780491e+00
1.889645207234903701e+00 3.524462860849811641e+00
1.745980280311893562e+00 3.241099731596024824e+00
1.593200333635398813e+00 2.972517300126075845e+00
1.435502169433243491e+00 2.715060180864891315e+00
1.278313749108448194e+00 2.462028127514673592e+00
1.125109096284633070e+00 2.205558644485161590e+00
9.753093987115035723e-01 1.940344473853660379e+00
8.266091796493501009e-01 1.662047894397013392e+00
6.789684068178215570e-01 1.367559839016498913e+00
5.356717022519986715e-01 1.058192380987026837e+00
3.973090947770957504e-01 7.412504864195332832e-01
2.650927158394544847e-01 4.320271773130426318e-01
1.349734980748470980e-01 1.627901264823281846e-01
5.676316818133460979e-04 -6.205592778685060235e-03
