-3.206461368931452682e+01 4.411130203593321397e+01
-4.792177945831787156e+01 4.400400428450263490e+01
-5.328828574052687372e+01 4.389130698384437324e+01
-5.257854529853378978e+01 4.376633526805542829e+01
-4.854685293589663075e+01 4.361886053860032320e+01
-4.303986412254727867e+01 4.343250571160197637e+01
-3.750113493817818977e+01 4.318027180660440933e+01
-3.330188764481831498e+01 4.282215608397027751e+01
-3.000385485111329587e+01 4.291356134684161816e+01
-2.933622193542625567e+01 4.111167013696068295e+01
-3.024021892798786126e+01 3.883986892275701308e+01
-3.231253396630165042e+01 3.748067591519841102e+01
-3.435825224652151633e+01 3.636621651927609378e+01
-3.505563815240397929e+01 3.459781591649029764e+01
-3.412357634812578766e+01 3.283671324543008296e+01
-3.219392063435525841e+01 3.169877120391709013e+01
-3.149495861002435504e+01 3.000979837130988770e+01
-3.210264112077271648e+01 2.815248942890400485e+01
-3.222531116187030165e+01 2.638270572706939276e+01
-3.161036990395002988e+01 2.485994231736424709e+01
-3.092486153493719314e+01 2.347684842230516722e+01
-3.046577282856254243e+01 2.214785502986408616e+01
-3.030989316335968908e+01 2.086063646644231895e+01
-3.055171075184167861e+01 1.962507064523100553e+01
-3.097171393901537684e+01 1.845599022435426662e+01
-3.104185424078193023e+01 1.731055105450156617e+01
-3.055240153674851911e+01 1.624961311033266753e+01
-3.005862437708280765e+01 1.522521669122070698e+01
-3.000704559226467438e+01 1.424292012338058377e+01
-3.054787203020878650e+01 1.346385697826571537e+01
-3.149345330183029645e+01 1.293476024431333293e+01
-3.230815107302906597e+01 1.234643464740681829e+01
-3.252947964664756597e+01 1.151828556718881025e+01
-3.217950161262803732e+01 1.069049779266495825e+01
-3.141544674665351877e+01 1.003756586686187546e+01
-3.067972362434553091e+01 9.412087307355736954e+00
-3.041751183826468008e+01 8.654134683067635336e+00
-3.065047009854459859e+01 7.897173190588193670e+00
-3.127383213214138635e+01 7.278850198165538465e+00
-3.208538461146390830e+01 6.818937177548821005e+00
-3.272338239763693224e+01 6.313427429864626461e+00
-3.284697065279615913e+01 5.652289118170290116e+00
-3.241050652636744189e+01 5.002311193687603463e+00
-3.177503215291811500e+01 4.342783187717778048e+00
-3.142930072497940230e+01 3.540384972778715333e+00
-3.136010831897979401e+01 2.725646204851936538e+00
-3.156541483900354450e+01 2.040056762915317456e+00
-3.209749611480942377e+01 1.641501531351798659e+00
-3.279963217750010784e+01 1.554694258559666364e+00
-3.350404130673544500e+01 1.578514682335382169e+00
-3.406409712281045898e+01 1.427921870187924602e+00
-3.436372829960416198e+01 9.171031536513829518e-01
-3.451870157598800404e+01 2.284112333053804900e-01
-3.463087395817232306e+01 -5.114717839929429077e-01
-3.468036214843087350e+01 -1.245693814530737242e+00
-3.463415252563796543e+01 -1.926030615019042047e+00
-3.444734978009364568e+01 -2.494552894616207439e+00
-3.410287501202115834e+01 -2.875345724488263421e+00
-3.363850098338335215e+01 -2.994140795519586451e+00
-3.312760399522277766e+01 -2.807995475779522465e+00
-3.262321345820237184e+01 -2.408322720481315571e+00
-3.214468607879619810e+01 -1.930290862778284655e+00
-3.164357301698641933e+01 -1.629227890819076485e+00
-3.109861890310552823e+01 -1.733879992038980689e+00
-3.063229391209863195e+01 -2.144725012833166300e+00
-3.032633273405354757e+01 -2.785074718533017801e+00
-3.006952708346304703e+01 -3.463844046646834318e+00
-2.963409191112222985e+01 -3.953443100700062995e+00
-2.893234500879840709e+01 -4.068415466917079115e+00
-2.810674589371097554e+01 -3.984250377959196676e+00
-2.722806858481838788e+01 -3.941743309070194989e+00
-2.631438102625587661e+01 -3.974827504850777959e+00
-2.536462022022633889e+01 -4.021278292916480979e+00
-2.436647057465068755e+01 -4.017686479613831629e+00
-2.330885777858006591e+01 -3.948269459298123341e+00
-2.218043491750588458e+01 -3.825864589865217713e+00
-2.097367897834850581e+01 -3.669412897614062086e+00
-1.969291254012658854e+01 -3.491445260933054406e+00
-1.834642173021092404e+01 -3.296612309121636386e+00
-1.694736581218240445e+01 -3.087767710483584782e+00
-1.551207185865186489e+01 -2.869876456184054625e+00
-1.407515277861252478e+01 -2.647014075003850220e+00
-1.267483801582263681e+01 -2.440224891158605747e+00
-1.133829650069231931e+01 -2.249648317263619024e+00
-1.008365132490220617e+01 -2.074330595398357513e+00
-8.930106206512682832e+00 -1.898896790451475081e+00
-7.885434796714431371e+00 -1.727443333118726665e+00
-6.947889988270717687e+00 -1.548460134754087614e+00
-6.108661767696384359e+00 -1.369694973915920100e+00
-5.354186901066523063e+00 -1.216777045929934076e+00
-4.670438906885040709e+00 -1.085068169055003251e+00
-4.041856023775416418e+00 -9.583785524398271694e-01
-3.457867031220736909e+00 -8.103869858491893341e-01
-2.910393629954444172e+00 -6.374245025661651187e-01
-2.388286155606169636e+00 -4.556075701485801099e-01
-1.880196368479668978e+00 -2.909934264259949610e-01
-1.382250413343752093e+00 -1.607218387646875968e-01
-8.995040368015754240e-01 -6.614278542448555342e-02
-4.375638583061767228e-01 -1.202283663322544979e-02
-3.339311507636885207e-06 1.152379283949184584e-06
