-4.519005672686145658e+01 -4.398406789010650186e+01
-6.497252605442372442e+01 -4.348729337750859258e+01
-6.666483934529644273e+01 -4.282435417629186958e+01
-5.946850606928843064e+01 -4.177736131053391233e+01
-4.981839504691491527e+01 -4.000886535967156732e+01
-4.324605534474193291e+01 -3.701223534960130479e+01
-4.134528682356182827e+01 -3.247408926235689108e+01
-4.100833165534923808e+01 -2.808898303659633910e+01
-4.057894623184587601e+01 -2.425848579850529063e+01
-3.993611600280412688e+01 -2.093108611119232876e+01
-3.917133166433765723e+01 -1.800269628743949113e+01
-3.835555878040592148e+01 -1.540808866408793776e+01
-3.761272257449115841e+01 -1.306339312463780189e+01
-3.708169053781169566e+01 -1.088734020443375705e+01
-3.685415029776302731e+01 -8.850054632768198815e+00
-3.661691907538186541e+01 -7.034195353373394966e+00
-3.583337811249009519e+01 -5.615074149020435890e+00
-3.467157137920920462e+01 -4.562429145405349828e+00
-3.393705277800950171e+01 -3.411131230919206114e+00
-3.402029193850767541e+01 -2.199403542347265095e+00
-3.480076031942318338e+01 -1.104729701045149781e+00
-3.546227713671657966e+01 -2.679612850788827549e-02
-3.533922280771922431e+01 1.027602306472521487e+00
-3.451204624628898898e+01 1.781182003692260318e+00
-3.327462868644674643e+01 2.145344825803197963e+00
-3.192004632171357414e+01 2.257093796446196343e+00
-3.063070838405779739e+01 2.286953295951280385e+00
-2.950368788161945233e+01 2.143961883461040774e+00
-2.868609540186201201e+01 1.690207627472035457e+00
-2.842023155049368199e+01 8.815313750481628130e-01
-2.872832485617110976e+01 -9.793803501486204877e-02
-2.899731705058322007e+01 -9.471352208033748665e-01
-2.860487591051504452e+01 -1.326475743858325895e+00
-2.790665222738941864e+01 -1.223915340178073796e+00
-2.709327995741041306e+01 -1.000143813558877381e+00
-2.632048220323928689e+01 -9.955584480718242535e-01
-2.571571765969524392e+01 -1.411828120884143223e+00
-2.533872404843334891e+01 -2.140338485988513284e+00
-2.519038474130486094e+01 -3.089070312072432767e+00
-2.517979408973164368e+01 -4.199993674549764577e+00
-2.505639334469973534e+01 -5.453224584287655219e+00
-2.476046416878439160e+01 -6.875429719948871643e+00
-2.438691028978292863e+01 -8.519126307050628455e+00
-2.400908366160772900e+01 -1.042332338654472679e+01
-2.364103343706566562e+01 -1.260521231503115303e+01
-2.328570758613201264e+01 -1.503307498167853140e+01
-2.291341420091180936e+01 -1.761817768324247169e+01
-2.251509607475983898e+01 -2.026492976234399279e+01
-2.211094833938074089e+01 -2.287761687202936756e+01
-2.167654958640406448e+01 -2.537937972026921685e+01
-2.125590736624580046e+01 -2.772601669642956068e+01
-2.088399473446401444e+01 -2.989843818825428201e+01
-2.055381336083548405e+01 -3.187225283271700249e+01
-2.028514913682171894e+01 -3.364092165723922534e+01
-2.010927888203734426e+01 -3.521395748608817655e+01
-2.008333297466035816e+01 -3.660115691442996422e+01
-2.016077933876409745e+01 -3.779897110087618017e+01
-2.011258684522599083e+01 -3.879075306747566287e+01
-1.977840729135626674e+01 -3.951792502914160110e+01
-1.918192761763042498e+01 -3.992094031151405176e+01
-1.845028646315358145e+01 -4.002781038251286105e+01
-1.771468990271679544e+01 -4.000489445505621688e+01
-1.707931008028033659e+01 -4.022018630245429449e+01
-1.650717910085485585e+01 -4.053026802878095225e+01
-1.593437594508709410e+01 -4.075472186091221261e+01
-1.535711026988334815e+01 -4.084497222041893139e+01
-1.478991147170780707e+01 -4.081864876381098384e+01
-1.424118621353986036e+01 -4.070424433488548033e+01
-1.371618836353552240e+01 -4.051379276356500014e+01
-1.321558460386512479e+01 -4.026735549470308939e+01
-1.273552359179552163e+01 -3.998085864155152080e+01
-1.226397428075327589e+01 -3.967324943272657833e+01
-1.178914274108108629e+01 -3.935539694214998718e+01
-1.129532841135685928e+01 -3.904596055323225556e+01
-1.079592930614500901e+01 -3.872910680173493603e+01
-1.033971489913163211e+01 -3.834199700186405124e+01
-9.968272656507117802e+00 -3.783992588481841324e+01
-9.670649052355949848e+00 -3.723001815282982818e+01
-9.393791606796110472e+00 -3.653878679749972491e+01
-9.076850609046568152e+00 -3.578536006304697992e+01
-8.691215795642907693e+00 -3.496628965364335784e+01
-8.278676023974639975e+00 -3.404284949885870049e+01
-7.915212530889380815e+00 -3.295915964417442723e+01
-7.659547420428107323e+00 -3.166979139226937434e+01
-7.447539905868275412e+00 -3.016049224892551095e+01
-7.193808574138039091e+00 -2.841898247244958498e+01
-6.870641254153616373e+00 -2.643139281884908343e+01
-6.407734420057127345e+00 -2.420228832064076840e+01
-5.793033239824661784e+00 -2.174013079323833253e+01
-5.076376816741879239e+00 -1.906800796506331253e+01
-4.291580180875694595e+00 -1.625869028931066040e+01
-3.477660892966706552e+00 -1.339555063318585404e+01
-2.659190732832664938e+00 -1.058544951764197783e+01
-1.931602538643430123e+00 -7.972351540503112233e+00
-1.362525581522953111e+00 -5.642860086643497475e+00
-9.291472973217078657e-01 -3.621493907153294334e+00
-5.715574134150591679e-01 -1.933243579747122798e+00
-2.619072111853462115e-01 -6.181417797174355577e-01
4.041118813472068666e-02 1.887233009042279808e-01
4.659138009266627674e-07 1.888677513668934058e-05
