-2.097673583535580732e+01 -1.853159425735888277e+01
-2.634774589147048474e+01 -1.631966214938401194e+01
-2.472046571931198855e+01 -1.365822298700054382e+01
-2.152749147352915671e+01 -1.076079335907302514e+01
-2.057664460421474217e+01 -7.173764046696155638e+00
-2.075142205753220281e+01 -3.844557260410631283e+00
-2.109985323441696892e+01 -1.035049080119883502e+00
-2.129290888721234154e+01 1.294495760191224365e+00
-2.132153883682219586e+01 3.246918707919362657e+00
-2.126272559703272336e+01 4.923244039803078564e+00
-2.114220896898364543e+01 6.405144794690583510e+00
-2.096511874276734488e+01 7.749267835765325962e+00
-2.072976644688080938e+01 8.989216091761385030e+00
-2.044778389766916504e+01 1.015093637391063908e+01
-2.014774612271612497e+01 1.125509516158283141e+01
-1.983724213142755843e+01 1.231146508485876723e+01
-1.953752696266273858e+01 1.333180627361005577e+01
-1.923919466634513142e+01 1.432126390817232142e+01
-1.892134052383391563e+01 1.527984445255363610e+01
-1.857459289305958094e+01 1.620744005474509919e+01
-1.820102416185193306e+01 1.710798578563855443e+01
-1.780191657348915157e+01 1.798617577426589520e+01
-1.736600873894286323e+01 1.883860491603716270e+01
-1.689612543954481438e+01 1.966785268272350606e+01
-1.638021114088682850e+01 2.047170193234993363e+01
-1.581984721977358532e+01 2.125768806113091003e+01
-1.522481084290380871e+01 2.203752553417176330e+01
-1.460053879211735506e+01 2.281481344547224310e+01
-1.393401672450258744e+01 2.357492782616015248e+01
-1.319718363145485363e+01 2.428831843053357176e+01
-1.237974662903157430e+01 2.493664948403208115e+01
-1.147864883455546980e+01 2.550252032432020854e+01
-1.049022183835283961e+01 2.596409337589236443e+01
-9.425506242732659246e+00 2.632364439617534657e+01
-8.307531511821785841e+00 2.661722421801337646e+01
-7.153754209167787259e+00 2.686628809020404063e+01
-5.977713211976483976e+00 2.707705159437655595e+01
-4.792046936504754662e+00 2.726906282379404445e+01
-3.601202995154088704e+00 2.744387735248024640e+01
-2.405967601784349430e+00 2.759383236313436427e+01
-1.207332140313804203e+00 2.771001072036860791e+01
-9.071368892535234749e-03 2.779860536635174739e+01
1.182739425535501931e+00 2.786697599369902179e+01
2.363042666105574341e+00 2.790868844420304029e+01
3.529143420543418674e+00 2.790864126238880161e+01
4.678161114832592560e+00 2.785765857227893605e+01
5.805390839755491861e+00 2.774219472828136546e+01
6.909692520931521642e+00 2.756250536789201178e+01
7.988034300218223471e+00 2.731992236492021320e+01
9.035538527600191827e+00 2.702385145892578322e+01
1.005289825241151114e+01 2.669495096117395505e+01
1.104284610269102629e+01 2.634703837165870510e+01
1.201135749486624782e+01 2.600037416623749564e+01
1.295684564739062772e+01 2.566481367999232432e+01
1.385318479566488392e+01 2.530011155801537015e+01
1.465759392560635455e+01 2.483633429262615522e+01
1.533113508553691062e+01 2.422924335351979863e+01
1.588305409225069198e+01 2.350512758751702336e+01
1.639117714494548395e+01 2.273985715082790549e+01
1.691349172039848980e+01 2.198854885117000890e+01
1.742971595125709072e+01 2.124781490921757410e+01
1.787904085400294818e+01 2.047806895061728127e+01
1.822611251069774951e+01 1.966020182321885201e+01
1.847861584277340796e+01 1.880345258888175408e+01
1.867020249510164120e+01 1.792704659966913283e+01
1.881884059603716963e+01 1.704490381462022341e+01
1.891072008690908035e+01 1.616357618689885811e+01
1.892999057207428137e+01 1.528564415482748551e+01
1.887757578582544937e+01 1.441473211458819570e+01
1.875630881828008967e+01 1.355696608887319776e+01
1.858280238108021010e+01 1.271496064476938237e+01
1.836143440780869440e+01 1.189141558943295429e+01
1.809597705092837927e+01 1.108907211453917796e+01
1.777250712638798547e+01 1.031700104195840062e+01
1.739079468126751138e+01 9.579259524836199802e+00
1.695638189766996007e+01 8.875042039314227083e+00
1.648067686365335760e+01 8.199338246086279369e+00
1.597543081566592349e+01 7.546789344010524481e+00
1.544034918917568078e+01 6.920876901628802536e+00
1.487120013651415995e+01 6.328196833432528479e+00
1.425931408731057459e+01 5.778207704990765414e+00
1.360507121326680036e+01 5.268368375254270930e+00
1.291198364806431265e+01 4.792974282310175305e+00
1.218578485536154332e+01 4.346827907512385458e+00
1.143000279523911722e+01 3.928164709855878289e+00
1.064431353908747901e+01 3.535497058518493052e+00
9.826624708090148985e+00 3.169248601175075120e+00
8.981038780660909993e+00 2.826853208000954520e+00
8.110226822228275623e+00 2.510949013176697164e+00
7.216787739716939321e+00 2.223386461945149328e+00
6.309695190058054237e+00 1.959556768112627356e+00
5.401173823463146562e+00 1.716386745798204938e+00
4.504891105828927600e+00 1.493573247519133451e+00
3.635355713457339988e+00 1.293740447441184438e+00
2.806643470760844750e+00 1.112290756517244850e+00
2.037170024412211511e+00 9.395208616339207897e-01
1.348033038640925607e+00 7.568859359934470010e-01
7.629810447313076782e-01 5.405820319542117280e-01
3.108244260275350168e-01 2.722553017000534648e-01
-2.259374889339707422e-06 7.417872199191092545e-05
