4.062493584336478847e+01 4.767109476001376578e+01
5.848426858330171996e+01 4.717505858035806909e+01
6.165183726315243717e+01 4.669538974202740178e+01
5.706837284127927745e+01 4.625347924362332463e+01
4.929557997593541785e+01 4.588230731996034706e+01
4.191622554853667282e+01 4.563656783029756525e+01
3.828517398678383898e+01 4.559070864494189834e+01
3.729596951768526480e+01 4.411077160050361812e+01
3.777350369990747936e+01 4.237235495504199179e+01
3.773044427198064454e+01 4.092802357896151477e+01
3.690100212931807988e+01 4.022730467390567100e+01
3.561649444540903175e+01 4.036620416624841567e+01
3.428648963939013328e+01 4.032289747838276384e+01
3.310158791031690839e+01 3.991913931344176802e+01
3.230057650091191590e+01 3.917369837597911442e+01
3.203166665937477120e+01 3.831578204108619445e+01
3.248234594175737300e+01 3.781614009995139014e+01
3.329662144771884869e+01 3.759502009631332697e+01
3.419950903456832236e+01 3.742527276693526517e+01
3.496943949410890440e+01 3.718902253866102825e+01
3.537175004591347260e+01 3.679733870619401870e+01
3.522538264413061881e+01 3.632066070021927828e+01
3.474219165375171059e+01 3.586977134209526241e+01
3.406700328510696352e+01 3.551119225398196733e+01
3.328789311584080224e+01 3.528936158206334994e+01
3.245951643055493463e+01 3.521904493159436100e+01
3.161918826157001661e+01 3.529317276911390167e+01
3.079158973599275129e+01 3.547533911488343961e+01
2.999388745208304030e+01 3.572092223348536066e+01
2.928955078631828357e+01 3.607407943658810723e+01
2.879596577722484696e+01 3.661235224556401846e+01
2.867352270668460079e+01 3.739863336666188331e+01
2.886833205256231949e+01 3.838152854671152170e+01
2.897631092386311025e+01 3.949220990868719383e+01
2.874829051387614953e+01 4.036392950645793576e+01
2.781289573338351317e+01 4.045143873322771810e+01
2.659805159212737280e+01 3.984557000138818239e+01
2.526110676518725029e+01 3.954083321686184860e+01
2.434792033070388939e+01 4.058683113888944405e+01
2.402585067100199012e+01 4.225233691830747773e+01
2.291671614381295896e+01 4.320693953604465776e+01
2.144972150521970633e+01 4.294227622070082617e+01
2.015291356326461170e+01 4.301518838811676915e+01
1.958193885156618563e+01 4.422720404446511111e+01
1.888048420495986690e+01 4.522738339472113722e+01
1.793223897592657323e+01 4.531314558746108645e+01
1.714879932055582756e+01 4.445150969001699082e+01
1.631971187249675381e+01 4.376549489522886915e+01
1.547773106906795526e+01 4.394307230598995773e+01
1.494264303131684990e+01 4.489179061473710419e+01
1.463196986178498626e+01 4.602149274820671820e+01
1.381705533643213002e+01 4.655839474871019235e+01
1.282538793167282876e+01 4.642060867805660251e+01
1.202831180834014546e+01 4.568567545814756414e+01
1.159082040342351050e+01 4.462434282861549661e+01
1.098254045145849034e+01 4.391031597616426296e+01
1.011338592452863594e+01 4.424109701594274213e+01
9.171101221799839109e+00 4.468970668619857634e+01
8.202693279673221483e+00 4.445101424175861382e+01
7.364662589278963445e+00 4.382800806531103177e+01
6.730536088448219267e+00 4.297511426934669032e+01
6.339672144666066878e+00 4.200148065630025940e+01
6.058599644397432371e+00 4.104271597538869543e+01
5.364391647889929615e+00 4.039235037789053706e+01
4.695636957856537563e+00 3.973884054743300709e+01
4.291478397141975876e+00 3.894028669002305776e+01
4.114919580340148819e+00 3.805003372346385504e+01
3.911513648106385244e+00 3.716052101157102783e+01
3.634097026351871929e+00 3.629368611997163896e+01
3.366387320418919415e+00 3.541633218891303869e+01
3.120441791386705077e+00 3.449858163193844973e+01
2.917976175977745168e+00 3.350446952060067218e+01
2.732600690624772177e+00 3.241481636901229990e+01
2.574311150497899714e+00 3.120611842889060839e+01
2.439021442059507105e+00 2.985650814314856660e+01
2.334292527179089305e+00 2.835971480126034550e+01
2.222951116111425041e+00 2.672566009339751503e+01
2.064887886348092394e+00 2.498238091441064057e+01
1.869981605426512372e+00 2.317848624930030965e+01
1.672487869758515489e+00 2.134856252345809935e+01
1.519817269285113293e+00 1.952048837768351319e+01
1.402061026727690729e+00 1.772148098344562683e+01
1.226569693469881539e+00 1.596331370046210374e+01
9.537811209911496446e-01 1.424289053358900503e+01
7.057171120212317739e-01 1.252216547173453165e+01
5.971649405958057155e-01 1.079279234525842668e+01
5.485571577712762270e-01 9.084693553294858503e+00
4.654139715821268841e-01 7.448033649949236334e+00
3.375563817726411897e-01 5.921935334797397310e+00
1.969675822300151480e-01 4.537144575613623942e+00
5.971216140531415695e-02 3.327547088508082673e+00
-4.886372066186468049e-02 2.319273046734383392e+00
-1.344908029996247367e-01 1.527591718118873176e+00
-2.102425657250128199e-01 9.443742910319571360e-01
-2.801797846432810268e-01 5.360766416577313898e-01
-3.154050832956965533e-01 2.528862546041346082e-01
-2.861334080943472857e-01 6.720550073560205284e-02
-2.117920289126595246e-01 -3.145930629890677371e-02
-1.115211514297228118e-01 -2.958732844426022884e-02
5.025279124335659374e-09 -4.552305460827670727e-08
