3.037495915839324923e+01 4.596051802600982228e+01
4.477659777152498322e+01 4.512147374683667067e+01
4.870814310325629037e+01 4.431423930589254212e+01
4.670091224594556678e+01 4.357966978644894596e+01
4.159775083593103062e+01 4.297928281731599043e+01
3.536110608899535634e+01 4.261275779308996903e+01
2.963037167302692509e+01 4.264579300934779127e+01
2.575194262306900228e+01 4.324234902115198054e+01
2.331367004275974608e+01 4.251302828180619997e+01
2.248134346310132514e+01 4.036467570699272756e+01
2.202297450915173727e+01 3.793748404573778288e+01
2.081298416436749577e+01 3.609678256771370997e+01
1.932781915246579274e+01 3.520404203295770174e+01
1.787396503442457529e+01 3.600667578998419316e+01
1.657346831233630979e+01 3.725589391769216974e+01
1.560497485646200566e+01 3.684867190230285416e+01
1.525121716295329399e+01 3.550711337781318377e+01
1.549552322642368196e+01 3.392691378891078102e+01
1.586952616970147290e+01 3.259183916303577178e+01
1.635481760973848253e+01 3.164623969626816091e+01
1.629361448480075225e+01 3.091582281318685688e+01
1.603369735845247845e+01 3.031946459705254782e+01
1.589689562496773867e+01 2.979095847865126956e+01
1.598568643153559243e+01 2.933197242880630284e+01
1.624403250819792888e+01 2.894486978606753880e+01
1.657518919928116929e+01 2.860026947036838862e+01
1.691726136741907638e+01 2.826932434212864464e+01
1.722469874312798055e+01 2.792217082325867139e+01
1.747482045162509579e+01 2.754478980592185522e+01
1.772057903028101933e+01 2.717907749377222615e+01
1.800977702264613711e+01 2.687039250826026304e+01
1.835124391338974803e+01 2.664317100274645256e+01
1.872789976829938396e+01 2.650484174598073750e+01
1.911740553949009680e+01 2.646615338825717956e+01
1.949287578772159080e+01 2.654805599869407828e+01
1.982063406927912652e+01 2.678127148535048718e+01
2.006845686781730009e+01 2.719266611616443186e+01
2.030463597229437056e+01 2.771463741887462717e+01
2.059812360919158891e+01 2.830646336584463896e+01
2.095587488832317291e+01 2.897888195350544294e+01
2.130768228468068770e+01 2.965478773780159827e+01
2.176190278804761746e+01 3.002874304172297570e+01
2.243853273670396931e+01 2.972731546781465539e+01
2.318064876557233589e+01 2.911994354703598731e+01
2.400469919838961985e+01 2.876505732208259047e+01
2.485793745694268608e+01 2.896023961851066986e+01
2.562818723829784417e+01 2.898696167118254863e+01
2.616162740682744570e+01 2.852191206484133090e+01
2.652842640257781781e+01 2.781131330792152312e+01
2.695244976988118069e+01 2.713458612341715437e+01
2.730584190767265795e+01 2.647680591044706233e+01
2.753703847982674802e+01 2.583047245209544585e+01
2.760415020940175168e+01 2.520659658757735144e+01
2.747468424760309347e+01 2.464064094667724802e+01
2.716099011867007107e+01 2.418814060989203085e+01
2.669938387006226677e+01 2.391232770890930937e+01
2.615108529404841420e+01 2.385927286876885134e+01
2.562090549317886712e+01 2.383825519387765368e+01
2.521305307162869269e+01 2.374659708502728250e+01
2.506184486591429561e+01 2.349832151099796818e+01
2.510014839851124080e+01 2.316457523948695396e+01
2.528326545349881727e+01 2.280158033696751474e+01
2.552840955967949199e+01 2.242978502292642062e+01
2.572367276105912381e+01 2.204114380455673938e+01
2.577780225403726178e+01 2.163544877444521219e+01
2.569084158005830787e+01 2.123798935525826437e+01
2.548680589355701187e+01 2.087778216067201953e+01
2.518569522461852017e+01 2.058561759188762252e+01
2.479929062505019388e+01 2.039880427425316256e+01
2.434131250491888920e+01 2.035075467590673526e+01
2.384448923562663580e+01 2.039712582477475067e+01
2.334166190821009224e+01 2.037692846821921933e+01
2.286852807961787803e+01 2.017739313576593574e+01
2.243728370301966990e+01 1.981096609920922802e+01
2.201693363435293094e+01 1.934044174021279616e+01
2.153267593573542626e+01 1.885117748435338214e+01
2.094139805537562182e+01 1.838370751910198209e+01
2.025949399451696920e+01 1.790727083551270127e+01
1.950900229560385668e+01 1.738197358140809001e+01
1.870497099428824583e+01 1.677643202991313132e+01
1.784219043125304438e+01 1.608657713117854371e+01
1.690696785502778710e+01 1.533011784747164086e+01
1.589481479399895036e+01 1.452677312500760642e+01
1.481883923402096137e+01 1.367318374027971828e+01
1.371176808106569034e+01 1.274979299410732203e+01
1.260163540978289731e+01 1.176001153911017028e+01
1.148473522905837996e+01 1.072530020839816167e+01
1.036383298502736494e+01 9.684756715302331287e+00
9.249446806464952431e+00 8.672437790397045987e+00
8.151241895684872674e+00 7.704319491962024813e+00
7.084543206236690871e+00 6.782761848032948571e+00
6.061881552189992917e+00 5.900812555415694050e+00
5.083953871293633853e+00 5.055219594285932594e+00
4.148077264165764610e+00 4.249515592223216842e+00
3.252096499977360278e+00 3.473406309341338538e+00
2.402628926911238416e+00 2.711422467015137006e+00
1.622368217153060677e+00 1.961187539100493149e+00
9.322230344533036783e-01 1.233191183471344043e+00
3.799423904577600708e-01 5.457118690329748611e-01
-1.294294654352171709e-03 1.970263727829178312e-03
