1.276568338328808450e+00 4.393468753782639880e+01
1.928388393614129059e+00 4.322527462461428627e+01
2.082690922202718564e+00 4.255316074004306870e+01
1.851465447884002913e+00 4.196766745645459196e+01
1.323294094231556750e+00 4.152337685917112253e+01
5.687738839903493382e-01 4.128345843383478098e+01
-3.552423369126115893e-01 4.132342599909816983e+01
-1.403017044683459558e+00 4.164440627138591111e+01
-2.550828700964255624e+00 4.217576475130129410e+01
-3.792308107632984093e+00 4.282833203391678012e+01
-5.137419133697933127e+00 4.349939915123515988e+01
-6.600977335577537630e+00 4.408778923384576842e+01
-8.183206842053760255e+00 4.453032208387225666e+01
-9.863532539611881589e+00 4.481812483311772155e+01
-1.161490882311941775e+01 4.496650594901893783e+01
-1.340835709236477058e+01 4.500082980176879488e+01
-1.521517260733163468e+01 4.495085791648335771e+01
-1.700875280717517413e+01 4.485579844777101499e+01
-1.876356729691784508e+01 4.476603356995335048e+01
-2.045400136769346489e+01 4.472706976306155724e+01
-2.205644335770619691e+01 4.477660284200273111e+01
-2.355132991928394048e+01 4.493598104959828277e+01
-2.492693559425047312e+01 4.518549467298851852e+01
-2.618288887565084977e+01 4.545797717352221667e+01
-2.732234732061601079e+01 4.568911218198907420e+01
-2.834654547883533127e+01 4.583047861348372720e+01
-2.925366050477820679e+01 4.585259600278855885e+01
-3.003838112237571067e+01 4.574458816503299374e+01
-3.069286117736134756e+01 4.550735155651193509e+01
-3.120826474650382920e+01 4.514967272753248295e+01
-3.157704296732496374e+01 4.468648893157487834e+01
-3.179337956615471583e+01 4.413467711171063002e+01
-3.186534875375379272e+01 4.351438326643472720e+01
-3.181833887472681610e+01 4.284502552470845416e+01
-3.169058194473209866e+01 4.214134232860244822e+01
-3.153244140414220453e+01 4.141210252603100628e+01
-3.138969219114943954e+01 4.066204018094211392e+01
-3.132330988497033175e+01 3.989050146116729678e+01
-3.137980269631893648e+01 3.909634661342168727e+01
-3.159505301234566943e+01 3.827557373515710992e+01
-3.189124081108819553e+01 3.741234725354118495e+01
-3.220231488970782152e+01 3.649172211811819011e+01
-3.248854522343437878e+01 3.550680741070882362e+01
-3.273267690986811118e+01 3.445731068603008396e+01
-3.293199943299361365e+01 3.334593719924976796e+01
-3.309133100265523808e+01 3.217656156817924540e+01
-3.321814199438572501e+01 3.095365450262890050e+01
-3.332053186592879968e+01 2.968154762274922831e+01
-3.340522631175645074e+01 2.836499115687184158e+01
-3.347674231637877540e+01 2.700927270495830967e+01
-3.353660995294977454e+01 2.561996431864809054e+01
-3.358512648761350761e+01 2.420296391341555520e+01
-3.362354465979472451e+01 2.276485106899987088e+01
-3.365329187746274187e+01 2.131263007285004107e+01
-3.367646944900074146e+01 1.985379985969096950e+01
-3.369592547028726415e+01 1.839665202570328972e+01
-3.371666462993391633e+01 1.695054263149038576e+01
-3.374234309872733206e+01 1.552549009254065560e+01
-3.377559525990730549e+01 1.413109921230980248e+01
-3.381708965256497379e+01 1.277667807243463471e+01
-3.386739499764319561e+01 1.147081423325240124e+01
-3.392653597333765703e+01 1.022088477071423185e+01
-3.399242221887521964e+01 9.032966328063420036e+00
-3.405940868700403712e+01 7.912255924842524379e+00
-3.411633889316495782e+01 6.862853200450267366e+00
-3.414663903474651363e+01 5.888000763061513432e+00
-3.413383288854786457e+01 4.990024409378464476e+00
-3.406241068777414682e+01 4.170432225898662359e+00
-3.392029018492591064e+01 3.430410500473449975e+00
-3.370054755550508219e+01 2.770216048835639988e+00
-3.340028221204329384e+01 2.189629546054155718e+00
-3.302059366162166043e+01 1.686985812588816636e+00
-3.256525471579377040e+01 1.258535305107570057e+00
-3.203950366333439348e+01 8.981827789654102112e-01
-3.144667418173955298e+01 6.003209523253317803e-01
-3.078865621270269415e+01 3.591071812889480297e-01
-3.006676086267074055e+01 1.674425456150371028e-01
-2.928120076021846074e+01 1.756242846964408202e-02
-2.843054353835900727e+01 -9.729699769788428820e-02
-2.751245689874485834e+01 -1.827317579631976274e-01
-2.652381989666602635e+01 -2.433498612880493350e-01
-2.546103808411687552e+01 -2.828389910033876076e-01
-2.432080865279286641e+01 -3.045714183690530485e-01
-2.310077603360118204e+01 -3.115846634155747252e-01
-2.179980754080710525e+01 -3.064210020901637077e-01
-2.041922462649505476e+01 -2.911858987110245156e-01
-1.896404025229002954e+01 -2.681347975692828789e-01
-1.744311719392673865e+01 -2.391617357525654131e-01
-1.586966242202876032e+01 -2.058908216705690464e-01
-1.426080159536446779e+01 -1.696857034992461655e-01
-1.263612962392546279e+01 -1.316128972169544609e-01
-1.101706306810000413e+01 -9.332667832853301648e-02
-9.425047652180971625e+00 -5.753585331676493164e-02
-7.879416049990993542e+00 -2.721378520676953627e-02
-6.395524175529128996e+00 -4.102984245596501094e-03
-4.983016725998243857e+00 1.125011518301785238e-02
-3.645880715280915840e+00 1.882904773875715768e-02
-2.380454861279539536e+00 1.876987152055754893e-02
-1.172854026389137827e+00 1.135519637721409299e-02
-2.802301428049332402e-07 1.021307891153786755e-05
