-4.696247169461192783e+01 1.444210372669759934e+00
-7.052234879770924181e+01 1.802453336317085597e+00
-7.396537689200474119e+01 2.223859402971935850e+00
-6.706921824466557780e+01 2.791361638220623664e+00
-5.637547967038295837e+01 3.633621003871100097e+00
-4.723708820362722349e+01 4.965299058616630568e+00
-4.433733439854203340e+01 7.020386499267354807e+00
-4.393199020941364097e+01 9.223182982864360113e+00
-4.378393320281915635e+01 1.104390264851269521e+01
-4.337763791208510611e+01 1.245376125449469917e+01
-4.249840665761689706e+01 1.334264922643393980e+01
-4.143457598807844278e+01 1.388155661846769107e+01
-4.090661491962011809e+01 1.472829655207281263e+01
-4.126053002417889104e+01 1.593055277462200436e+01
-4.112061899353744820e+01 1.713304350320261094e+01
-4.026572121984064268e+01 1.795468188965142886e+01
-3.914423674915980200e+01 1.805532483213116990e+01
-3.831426150082124593e+01 1.715294867186915795e+01
-3.771596490378548339e+01 1.620354219248034155e+01
-3.709786371838374919e+01 1.677128710565316538e+01
-3.642777809202863182e+01 1.766956522832182586e+01
-3.556083027145473352e+01 1.771131086478387218e+01
-3.481542276055580487e+01 1.722928160613817639e+01
-3.435497415991813597e+01 1.648684366994791262e+01
-3.419881090089482711e+01 1.565863858491085203e+01
-3.382775715539210637e+01 1.501461793874052653e+01
-3.332870148712103742e+01 1.445289216466760962e+01
-3.290075614058033437e+01 1.378869260193080315e+01
-3.255163791232239134e+01 1.300709916675114286e+01
-3.222583244753459297e+01 1.212366398339958984e+01
-3.191537088629603147e+01 1.113189873188611401e+01
-3.160659657244766052e+01 1.003062822268470278e+01
-3.130644444593434628e+01 8.823548210742513831e+00
-3.099525596125296545e+01 7.538804044524348491e+00
-3.070649477766451696e+01 6.186543891325860578e+00
-3.044649350394596610e+01 4.794123965534203613e+00
-3.020617159465925639e+01 3.410410552136146300e+00
-2.996741176205913959e+01 2.058515346026050352e+00
-2.973043164751253187e+01 7.603591900190137531e-01
-2.950837230804876299e+01 -4.653440689204257907e-01
-2.929650839095191017e+01 -1.600248597785722149e+00
-2.901291831759800743e+01 -2.600984087702925329e+00
-2.860731208009072901e+01 -3.438892355738994322e+00
-2.810645931692792132e+01 -4.116216208902244489e+00
-2.757280352163924420e+01 -4.662976029702646130e+00
-2.703755838726602789e+01 -5.107433509707967723e+00
-2.651521086897250612e+01 -5.477463020678347227e+00
-2.600108574681095419e+01 -5.778678592047332252e+00
-2.549344095585514935e+01 -6.021254911292952983e+00
-2.498606340129721204e+01 -6.201735713413556006e+00
-2.447910161758954573e+01 -6.324595443354702695e+00
-2.397408621026493947e+01 -6.391295235139980768e+00
-2.347194130698917292e+01 -6.405248837405853379e+00
-2.297385029044229654e+01 -6.384476508611544254e+00
-2.248009179627373655e+01 -6.325963271804265098e+00
-2.198826778448716723e+01 -6.242201515361827546e+00
-2.150074858267090860e+01 -6.127018246364742460e+00
-2.102214686029706670e+01 -5.971028985197172290e+00
-2.054906172039353862e+01 -5.777919984173173873e+00
-2.007536008035228292e+01 -5.547497289210551408e+00
-1.959767115500075008e+01 -5.270518674725971131e+00
-1.911437266032367788e+01 -4.933339221710080658e+00
-1.862558302809453181e+01 -4.522895220425651175e+00
-1.812661824044607428e+01 -4.030556665285244478e+00
-1.762702804774030696e+01 -3.434020585890145583e+00
-1.712456701453681518e+01 -2.724812431149688852e+00
-1.659698359972988868e+01 -1.905931992086591586e+00
-1.602628985083937252e+01 -9.902591546393235689e-01
-1.540297880272779985e+01 4.709351582181916032e-03
-1.474342833286737786e+01 1.067743208088728801e+00
-1.407821952042505842e+01 2.174906169822970803e+00
-1.342699654625218741e+01 3.270114649484503033e+00
-1.279557055840430380e+01 4.314375176060451622e+00
-1.219905805244278518e+01 5.293671825994446856e+00
-1.162818374802690435e+01 6.195188189935636913e+00
-1.106563481174245567e+01 7.012260369008902927e+00
-1.052111694631080141e+01 7.766597302487782351e+00
-1.004369378649190025e+01 8.524165763884470337e+00
-9.606694411530131816e+00 9.271097005146899050e+00
-9.021652528397206439e+00 9.730826875209823257e+00
-8.276561050880639314e+00 9.602830128192630710e+00
-7.526671836799462056e+00 9.257446326929478886e+00
-6.973355673915359709e+00 9.562815430494627122e+00
-6.909969483388399780e+00 1.070846141668030072e+01
-6.538506282384377144e+00 1.175465081067525652e+01
-5.583010745640311967e+00 1.218106862735031548e+01
-4.452325926645587018e+00 1.198795427383508283e+01
-3.392882211284808047e+00 1.147412771803528209e+01
-2.434822290880772400e+00 1.083746217969452630e+01
-1.634067268931277628e+00 1.005919945648372860e+01
-1.126974216160549824e+00 9.080306847454998831e+00
-1.051740517968311028e+00 7.956292153948917090e+00
-1.465685246523053653e+00 6.885811560535258558e+00
-8.987708568206274062e-01 5.917112597234019056e+00
-5.621612732714832417e-01 4.761134883696679587e+00
-4.069762994567409642e-01 3.565321829279423316e+00
-2.705098378887404453e-01 2.430390396486421523e+00
-1.665932652607175768e-01 1.421987216160976564e+00
-9.066503217279126003e-02 5.822724186285124226e-01
-7.943735353670354935e-09 1.003250578712634302e-06
