3.543943995924020385e+01 2.592421802070549930e+01
4.638923728762186016e+01 2.567976572796160539e+01
4.207803981582777908e+01 2.538109952298368910e+01
3.368493602004581078e+01 2.495421178478552093e+01
2.958069347935163051e+01 2.433670009153397729e+01
2.639947349237079521e+01 2.332948961970073753e+01
2.380719770769058385e+01 2.225540618777694135e+01
2.181409367549339251e+01 2.111964565853137543e+01
2.035868479834677203e+01 1.993665591275009774e+01
1.931691878442646626e+01 1.876601716673042830e+01
1.858611520693438734e+01 1.762879892010181493e+01
1.810530248596711189e+01 1.653347901197020065e+01
1.781375294065446724e+01 1.549366504374198072e+01
1.768641176389211722e+01 1.452268545948443723e+01
1.774822730127549164e+01 1.362942675219420430e+01
1.797549088993655531e+01 1.282982626240709045e+01
1.835275049472166842e+01 1.213481257649898915e+01
1.883260480886059440e+01 1.152400152544398182e+01
1.938736456517070295e+01 1.098221973700487375e+01
2.002331888703006868e+01 1.051890831382147695e+01
2.074603896774291201e+01 1.013197906419575567e+01
2.157519473145546840e+01 9.826149717824938179e+00
2.253490026914152722e+01 9.619516304957484110e+00
2.363842592473750770e+01 9.507542277596368052e+00
2.489379866471308489e+01 9.456477400504752495e+00
2.629654396843501374e+01 9.459534039837249608e+00
2.783018592003462643e+01 9.516485574108704881e+00
2.945056868519858284e+01 9.631713870283592271e+00
3.110949986825596625e+01 9.765832415086117990e+00
3.276469490275503915e+01 9.875876366011855367e+00
3.436972500488683124e+01 9.940801116600686882e+00
3.590680971879032768e+01 9.954183129850850520e+00
3.735939597823112024e+01 9.897144312331002780e+00
3.872583023664663671e+01 9.767291850452563651e+00
4.001421419124658740e+01 9.565377923699102780e+00
4.123121659164467445e+01 9.286269202708306025e+00
4.237429287044218995e+01 8.869061872100738597e+00
4.343442859072830231e+01 8.279061600354728157e+00
4.445535750608328840e+01 7.628956452851919146e+00
4.554618004735803538e+01 7.216225477866656135e+00
4.624193746013881423e+01 6.467176091477547573e+00
4.627355536110970036e+01 5.446167345566180096e+00
4.592397335278554493e+01 4.385379028134095414e+00
4.590313934075216196e+01 3.271584356872089039e+00
4.585551098188435759e+01 2.207242986983914523e+00
4.560994032194887637e+01 1.235041696979389370e+00
4.523183433964014455e+01 3.494893131282769128e-01
4.476579968271003906e+01 -4.654402730486545403e-01
4.420742756749503144e+01 -1.218996757021981736e+00
4.355606864229082476e+01 -1.942137493604739973e+00
4.282018401613994740e+01 -2.668578985756159927e+00
4.197747186401151254e+01 -3.387005867826676564e+00
4.102345994700292664e+01 -4.095123315706648448e+00
3.997057147006603373e+01 -4.793820920457561030e+00
3.881295884819585496e+01 -5.472715181804972850e+00
3.755396424599052807e+01 -6.109747355604435270e+00
3.623148550416068048e+01 -6.675867231817287362e+00
3.490223309922083672e+01 -7.166982452936534465e+00
3.357783068933201065e+01 -7.549622386364143622e+00
3.226599601036006248e+01 -7.836871767775798858e+00
3.095070724766750558e+01 -7.998741899853994752e+00
2.961655871551361230e+01 -8.070281849242556760e+00
2.826895608137726512e+01 -8.051780248936909246e+00
2.694543805455399266e+01 -7.979701823429783403e+00
2.567119098692588963e+01 -7.882588804041224861e+00
2.445628569609271352e+01 -7.732536950470886516e+00
2.329958224998776473e+01 -7.507589598057958113e+00
2.219515623452742759e+01 -7.224307651542552833e+00
2.112318477102800429e+01 -6.953416901005561535e+00
2.009440885896925266e+01 -6.555911465286929030e+00
1.908365090373931139e+01 -5.978862280395286888e+00
1.806135115382094369e+01 -5.221587119257915077e+00
1.701219282689625345e+01 -4.300139608200986174e+00
1.593692042807228226e+01 -3.207170533783804345e+00
1.483198434853124681e+01 -1.956450999070551422e+00
1.373366466186227441e+01 -5.953934257101117788e-01
1.265420422540271339e+01 7.810253236487942896e-01
1.163566032355481994e+01 2.099225027342676686e+00
1.063924896677901089e+01 3.263171596686110121e+00
9.679769664638479654e+00 4.257204402826879175e+00
8.762419694517252111e+00 5.074360297801745467e+00
7.861528860855638179e+00 5.687153318708070060e+00
6.956010094085790740e+00 6.074016961948852433e+00
6.048872652062778243e+00 6.273538336498738488e+00
5.160364329998562205e+00 6.392060231637326062e+00
4.274039376085409181e+00 6.427905897685206149e+00
3.368882770694185069e+00 6.402485026020574566e+00
2.446275991998158705e+00 6.276779149738083596e+00
1.536734468365231754e+00 6.000506455434776676e+00
6.480001359520345394e-01 5.655153216939571514e+00
-3.190013236120878282e-01 5.746434263853344326e+00
-1.100057784701360841e+00 5.377171553579959351e+00
-1.361847443417634862e+00 4.565934245012754467e+00
-1.111623666318160675e+00 3.640025633685654238e+00
-1.163926657655811603e+00 2.753425371381073905e+00
-1.160292248425974115e+00 1.948180180478554124e+00
-9.552501734051039861e-01 1.263391523095166002e+00
-6.668632202831552558e-01 7.041612617691316300e-01
-3.452049966510575274e-01 2.708666575811251032e-01
-2.223808495983306664e-08 2.196166579656666616e-07
