-4.830063141562848728e+01 1.746766492386624403e-01
-7.130633891200936603e+01 2.362559657715761763e-01
-7.693294540165247497e+01 2.949949060373984189e-01
-7.290852663855167748e+01 3.472258989035718058e-01
-6.415049976446557878e+01 3.873860817227600117e-01
-5.419770983124932684e+01 4.063972428864641717e-01
-4.624104571464800983e+01 3.890216681488740669e-01
-4.274478718904331487e+01 3.235136400123870271e-01
-4.027717138788065654e+01 3.381492982988805740e-01
-3.835805147595351627e+01 2.040230460092864739e-01
-3.681576904466236755e+01 -7.783079515835820972e-02
-3.550009603110439116e+01 -8.470503732330655899e-02
-3.440146806850707861e+01 2.815137948236804410e-01
-3.337670796043458665e+01 2.415612391933667502e-01
-3.247580549891569746e+01 -1.279171208643339053e-01
-3.160496350119449005e+01 -4.094046000697360022e-01
-3.076946034722186596e+01 -4.001727177640232447e-01
-3.006796087585013311e+01 -7.872067389938036674e-03
-2.943777331550453269e+01 -5.879807146862096184e-02
-2.910248849692680650e+01 -5.857758205778775817e-01
-2.896086564684841491e+01 -1.278382862840934830e+00
-2.844240061632373795e+01 -1.591750033546939225e+00
-2.785938295466971582e+01 -1.290587456256370613e+00
-2.726604390247999632e+01 -9.063813681389170096e-01
-2.667934985660974334e+01 -1.140245451465106807e+00
-2.639908159493385043e+01 -1.776427847535062776e+00
-2.656647856446713263e+01 -2.522625967681646486e+00
-2.629628958527214522e+01 -3.052829302920678334e+00
-2.564204708986264336e+01 -3.311007742802184683e+00
-2.535804615861528788e+01 -3.977224170644149126e+00
-2.478609302488418464e+01 -4.538711607867761622e+00
-2.455045361681216676e+01 -5.220283963067426924e+00
-2.504695723531432705e+01 -5.861077512236911424e+00
-2.572089868235829613e+01 -6.480503724375989094e+00
-2.549520471155012302e+01 -7.319580953971088100e+00
-2.445960175162985806e+01 -7.687174015393452464e+00
-2.365589045725943862e+01 -8.144848271580020338e+00
-2.403357009550486012e+01 -9.038748946452280109e+00
-2.488801188354806726e+01 -9.899520945697879881e+00
-2.463199953359058725e+01 -1.076297970688714578e+01
-2.352323893110008868e+01 -1.126218547644393730e+01
-2.324585445630566838e+01 -1.209861094707275697e+01
-2.406247335967374212e+01 -1.294248495515633834e+01
-2.469581804577721584e+01 -1.390285653515968178e+01
-2.453800688940260244e+01 -1.495080806055806555e+01
-2.384746422690208689e+01 -1.557184919078395602e+01
-2.293083275110849328e+01 -1.524162578014141012e+01
-2.194959744502082089e+01 -1.470338934096528938e+01
-2.104789745313434324e+01 -1.467164329014522828e+01
-2.049130484248115991e+01 -1.529488811930406911e+01
-2.056055920869118836e+01 -1.619775658721552958e+01
-2.110962094597417860e+01 -1.703352384504249528e+01
-2.151244784047523240e+01 -1.776806553660173549e+01
-2.110505102584748016e+01 -1.834168806806894736e+01
-2.027319100770722926e+01 -1.858535979629880686e+01
-1.933838428338678739e+01 -1.840497246526859954e+01
-1.849267857951770466e+01 -1.795991910138364389e+01
-1.773096709302995677e+01 -1.792780584046928993e+01
-1.722033240468265092e+01 -1.849010475208494242e+01
-1.676130944696791403e+01 -1.912524005022920548e+01
-1.611741491279607885e+01 -1.935084153300199361e+01
-1.541345508614898741e+01 -1.917341352040644153e+01
-1.471745258218409802e+01 -1.883845929588613188e+01
-1.401373152759923535e+01 -1.884335050857585969e+01
-1.338986498920994883e+01 -1.927626196940986603e+01
-1.269958314631017338e+01 -1.953511107939290170e+01
-1.196553641263590428e+01 -1.944528292538893410e+01
-1.123300673453641352e+01 -1.915474346838239228e+01
-1.047528695423348388e+01 -1.891847192482447682e+01
-9.719381049285008345e+00 -1.870967856532474372e+01
-8.999175751986836502e+00 -1.843014985800046546e+01
-8.296364401421389090e+00 -1.814344675676199969e+01
-7.626259540587088992e+00 -1.783521381328550603e+01
-7.001053687264830572e+00 -1.749330604773756903e+01
-6.419788825602184446e+00 -1.712148246960482467e+01
-5.862764346378638969e+00 -1.673923957344828040e+01
-5.325102898756891356e+00 -1.634069475645945246e+01
-4.801203097906431516e+00 -1.592314172791005689e+01
-4.299690922939829463e+00 -1.546475334062929008e+01
-3.819602367565543055e+00 -1.495495193504435072e+01
-3.355962502861260521e+00 -1.439360433018423180e+01
-2.908916739899910731e+00 -1.378292695144205560e+01
-2.461720920864279183e+00 -1.314310575581020757e+01
-2.028136090069397657e+00 -1.247583353162740671e+01
-1.625036813547382719e+00 -1.177992707240552583e+01
-1.245946271442929687e+00 -1.107304601860756144e+01
-9.023173750615942623e-01 -1.035882275006227715e+01
-6.247786773066184018e-01 -9.618560379708480212e+00
-4.083389112728867953e-01 -8.838256928229368370e+00
-2.547982622692663290e-01 -8.000719906808246407e+00
-1.381917712335822002e-01 -7.098801261736433332e+00
-5.244189084784092736e-02 -6.118607710360824292e+00
5.276646631341286309e-02 -5.066648071263323061e+00
1.797849933100711672e-01 -3.988287671016923497e+00
2.936915641931046594e-01 -2.946357583864099627e+00
3.501045017465945208e-01 -1.995778263291440702e+00
3.186255929735646863e-01 -1.196701856537269348e+00
2.743652129216358482e-01 -5.660124220363464964e-01
2.475002218287381539e-01 -1.261807529335093880e-01
2.637735190874934771e-06 -1.892949674500209274e-06
