3.578646270910022764e+01 4.483868070863275790e+01
4.622140457585613404e+01 4.569606358986179373e+01
4.270993856430765589e+01 4.628881487363667446e+01
3.461913179513140904e+01 4.625883051847440441e+01
2.925089260749819431e+01 4.519749275123073318e+01
2.470125959819512218e+01 4.488014472291507673e+01
2.072273874698393215e+01 4.486238813761908517e+01
1.720407797311649034e+01 4.481751092169825768e+01
1.410760999900532831e+01 4.461012743350249821e+01
1.139297758111077030e+01 4.426353745674395412e+01
9.013183445693151441e+00 4.381221032703644624e+01
6.905316366533088335e+00 4.329628835898387962e+01
5.022589816442860844e+00 4.272394827843032061e+01
3.335447688232884289e+00 4.208118441950745137e+01
1.825685382331728723e+00 4.135320660687069250e+01
4.782896971864849522e-01 4.054019192382869363e+01
-7.183959837579209085e-01 3.963358372094321425e+01
-1.773978962146172345e+00 3.863116657664354392e+01
-2.698350568905717672e+00 3.755355676025912004e+01
-3.485425728182117489e+00 3.641746133888070602e+01
-4.127691701006583003e+00 3.523639271142302221e+01
-4.691588889626359560e+00 3.405984009763257347e+01
-5.169937403056650282e+00 3.290653392681998923e+01
-5.443556082493534731e+00 3.177377644365714815e+01
-5.344380112674982364e+00 3.067885050884667564e+01
-4.902523107780106137e+00 2.967386771399665335e+01
-4.315902542669745046e+00 2.873651696782783205e+01
-3.705811473586369864e+00 2.783263420527982746e+01
-3.072774712014483267e+00 2.698499316856696595e+01
-2.405428424656721020e+00 2.621158669713468825e+01
-1.687724770708096012e+00 2.553104033536367723e+01
-9.290958359512364595e-01 2.493353341753755714e+01
-1.310725097863498778e-01 2.441129791045470299e+01
7.140187102857609158e-01 2.395700675270387947e+01
1.615101457216877590e+00 2.355591856699548003e+01
2.583277161500827646e+00 2.319279946439932161e+01
3.639235788258454729e+00 2.287143464262974391e+01
4.807557084062177744e+00 2.259220105594037165e+01
6.122820951244033694e+00 2.234426354518142332e+01
7.622235728621293838e+00 2.212417322332225922e+01
9.338279186965884548e+00 2.193024820998063262e+01
1.129118136712151355e+01 2.177119343785559380e+01
1.348113770019893032e+01 2.164154636113905639e+01
1.586485020523456946e+01 2.152889986210044881e+01
1.835102990412120150e+01 2.144124542735360706e+01
2.083156154335008381e+01 2.135918009566544029e+01
2.319951163426378216e+01 2.123901823918968290e+01
2.537843943370616273e+01 2.106574966337129595e+01
2.732856776596299753e+01 2.082158457483074798e+01
2.905287128723986712e+01 2.051853756673202156e+01
3.058292222397480487e+01 2.020917132582512110e+01
3.197488454373270628e+01 1.993492626736840378e+01
3.327429565317670068e+01 1.969003680989672134e+01
3.446372688137621054e+01 1.935125366911473677e+01
3.540645189066626841e+01 1.868347210618417620e+01
3.590275036561868660e+01 1.754338524766823681e+01
3.650376532379232231e+01 1.642607106346864754e+01
3.741155802599089242e+01 1.574678129006143656e+01
3.859203789081830394e+01 1.595448719813548166e+01
3.978390079543611080e+01 1.636663270852271879e+01
4.082037700777588185e+01 1.600916025496002248e+01
4.145599597441744066e+01 1.512442614696190013e+01
4.151093134472525747e+01 1.406506314010166392e+01
4.082001928100498844e+01 1.319783621523500372e+01
3.966635160817635608e+01 1.262805306129200744e+01
3.872259197074677672e+01 1.196700479756048630e+01
3.854889073675433764e+01 1.084869602828258017e+01
3.864349758101302257e+01 9.647024609007212703e+00
3.881341023574687910e+01 8.549198894310938712e+00
3.845776866981596243e+01 7.650311871824212240e+00
3.773902107504488157e+01 6.991524149645409913e+00
3.690212455946592485e+01 6.459196796570781274e+00
3.607309753045574752e+01 5.958451434253260182e+00
3.528171066684905810e+01 5.466198690906407975e+00
3.449975463937270348e+01 5.009211405879057999e+00
3.370370370938975668e+01 4.593695693785000422e+00
3.287839139630951735e+01 4.218739699295899648e+00
3.201275377105708486e+01 3.883938752897154512e+00
3.109805426719339394e+01 3.584612282337555467e+00
3.012387002264941316e+01 3.316655726996152076e+00
2.907404248424474602e+01 3.082320804535788383e+00
2.793402060650382879e+01 2.875102335952495647e+00
2.668543575174826188e+01 2.694830552135063506e+00
2.530357522998544439e+01 2.518586225074610940e+00
2.376442656325353653e+01 2.324927164121251444e+00
2.204171525039665980e+01 2.113872264588481542e+00
2.010966807707382387e+01 1.909840835489104993e+00
1.796614751007900423e+01 1.732763865599568520e+00
1.563941179025692740e+01 1.587576681846882165e+00
1.317625596078142536e+01 1.451678051930997304e+00
1.069368507457325457e+01 1.282321860753999454e+00
8.328800949849187063e+00 1.079418910318536096e+00
6.180154541328146678e+00 8.989092721820400866e-01
4.329808666192625388e+00 7.474008034673147449e-01
2.826456603081910490e+00 6.203584043618424193e-01
1.674672642647631937e+00 5.127234317378975836e-01
8.446353922937832603e-01 4.092369416103425195e-01
2.994086866584806939e-01 2.887305142784880596e-01
1.299810042637637199e-02 1.387761278077324634e-01
-2.551724069379930036e-08 5.832890512067762826e-07
