-4.639614096541382082e+01 -1.530087320152692110e+00
-7.114864179328795046e+01 -1.010016422281434290e+00
-8.250081836330654994e+01 -4.958036570684765665e-01
-8.571487550152262713e+01 5.228712100508097448e-03
-8.401905267417514267e+01 4.824642283015016520e-01
-7.941445613473726439e+01 9.193388562116916463e-01
-7.317519820920600182e+01 1.289201111280211753e+00
-6.616683798984037423e+01 1.548651019631176240e+00
-5.906271175803358631e+01 1.626693106267595779e+00
-5.251222089881844823e+01 1.406992403758096088e+00
-4.730313643355471243e+01 6.987987074734757220e-01
-4.415174098577715256e+01 -6.782697537299906543e-01
-4.269942177038839048e+01 -1.335774007268477392e+00
-4.255093420763510892e+01 3.299260184516297212e-01
-4.347950942852446587e+01 2.765707543043526062e+00
-4.476985738354219535e+01 5.047295902907526610e+00
-4.411548812258586594e+01 7.202871882105982948e+00
-4.250859737700438501e+01 8.721942826523953585e+00
-4.252001749537426178e+01 1.070714365154227110e+01
-4.282524386688388773e+01 1.272079183233842414e+01
-4.221214153668886837e+01 1.419497880157768144e+01
-4.038177669257271418e+01 1.438232422386762011e+01
-3.807741323396052024e+01 1.454472185691759378e+01
-3.603598637396340365e+01 1.613148546335490963e+01
-3.470350129877949286e+01 1.771783515257210340e+01
-3.551651897088717647e+01 1.823677686699634393e+01
-3.741063871063827406e+01 1.822279409004789130e+01
-3.952160705781732730e+01 1.809204222621243119e+01
-4.104449073744820708e+01 1.822956520744645914e+01
-4.112071293351505119e+01 1.902989433789164764e+01
-4.040516071309074420e+01 2.002828839321772492e+01
-3.939975686654168641e+01 2.097789729865414188e+01
-3.845347861630940400e+01 2.184926383585590415e+01
-3.758248797068868896e+01 2.263421414156900369e+01
-3.671894522233581171e+01 2.338015367710270453e+01
-3.579030560740014977e+01 2.414666783278971707e+01
-3.470032030254355249e+01 2.489673938808180509e+01
-3.336507203806574040e+01 2.544362183926376630e+01
-3.187529702787849573e+01 2.554049852020543554e+01
-3.054653457394456240e+01 2.487219584766476999e+01
-2.977803756761015563e+01 2.323384817966578098e+01
-2.919110495079736012e+01 2.134817460377995957e+01
-2.838683355304343792e+01 2.012683283453970162e+01
-2.725957859738576161e+01 2.033573936065506871e+01
-2.683101343622625734e+01 2.182346319220976483e+01
-2.657477393638704299e+01 2.377822892062285831e+01
-2.593576935416394136e+01 2.545280192242218575e+01
-2.446248350979084663e+01 2.622415566015045130e+01
-2.280664007648729452e+01 2.627796771234307371e+01
-2.153400688616833847e+01 2.554568492240080246e+01
-2.114644325445904727e+01 2.393461460323140599e+01
-2.105848352204995422e+01 2.215941963720890584e+01
-2.073752051567423038e+01 2.099818971390410738e+01
-1.960770292041146234e+01 2.135385688080996403e+01
-1.885881842282551446e+01 2.310007077044220480e+01
-1.818394836187980346e+01 2.505513495231825161e+01
-1.729145803759229594e+01 2.607940882650432002e+01
-1.637864603317594714e+01 2.508715849354614136e+01
-1.562451914077892035e+01 2.317646202769125097e+01
-1.480258070259546876e+01 2.146929361915635681e+01
-1.367242088379560805e+01 2.112712204608481059e+01
-1.330869080644817259e+01 2.247482433706852234e+01
-1.327341560675487564e+01 2.446307488319548895e+01
-1.296502259574312887e+01 2.620446447887546526e+01
-1.184691010537712863e+01 2.694300152459276632e+01
-1.032390853807685716e+01 2.679258916392810974e+01
-8.816352610422558911e+00 2.599800259871501140e+01
-7.574489216427785720e+00 2.475215407816041946e+01
-7.111286887908271126e+00 2.318784270145607707e+01
-7.996350300095746988e+00 2.171073479150192753e+01
-9.095323753343013351e+00 2.036574789855780665e+01
-9.205785219032705413e+00 1.922581464147946306e+01
-7.971164281502817417e+00 1.940539223353232856e+01
-6.364221580979299020e+00 1.982729955512150966e+01
-5.212975137849721108e+00 1.931866364397525615e+01
-4.658382036208470467e+00 1.808726169519741589e+01
-4.676349851935269086e+00 1.666463702732867347e+01
-5.231067002582008740e+00 1.544935062897483036e+01
-5.033987268945150362e+00 1.451399680947551474e+01
-4.219665019433629816e+00 1.388477536201057028e+01
-3.641518477696696454e+00 1.307547162083657710e+01
-3.393862442807714874e+00 1.212421841807184819e+01
-3.239081018771972520e+00 1.115784653058939035e+01
-3.042161616068548291e+00 1.022413375669052016e+01
-2.794722319999934257e+00 9.316488952675767266e+00
-2.526927667359001539e+00 8.407681329051230890e+00
-2.239945452335342591e+00 7.485585426852525259e+00
-1.956887130379561412e+00 6.547705160985467288e+00
-1.688333685261169448e+00 5.606353681469793848e+00
-1.420945758686032567e+00 4.695602480419700520e+00
-1.134611309970211090e+00 3.854188924381555026e+00
-8.531369230853329544e-01 3.096969494657858757e+00
-6.080044977313590060e-01 2.426982019353224107e+00
-4.249789672358521564e-01 1.838165921484787413e+00
-2.883747377426104097e-01 1.328194400715233536e+00
-1.394269427647038539e-01 9.076894225436690222e-01
5.967774289907949031e-02 5.924072733978372751e-01
1.825877905827898162e-01 3.298166454041407958e-01
1.417266141275999036e-01 1.199839537302636039e-01
-1.182363580353418433e-07 1.446819199835590102e-06
