-4.553237791310779414e+01 2.354136713191541386e+00
-6.543221425228965415e+01 2.249053051172167805e+00
-6.729465749813583386e+01 2.054046326491673291e+00
-6.032385787176327341e+01 1.650754452761562963e+00
-5.093046221066904167e+01 8.549444570715454272e-01
-4.464892955040359368e+01 -6.178831688461934313e-01
-4.311831873987912189e+01 -3.144507495529480945e+00
-4.478738053015615606e+01 -6.064612529754525916e+00
-4.545906341315629362e+01 -9.199731460446173514e+00
-4.561764845023090231e+01 -1.195814671458709100e+01
-4.459157490975538707e+01 -1.401067865378137789e+01
-4.471368950740124149e+01 -1.619066920591984271e+01
-4.504451442897936886e+01 -1.826104071614171787e+01
-4.510518984325189251e+01 -2.017165344574888408e+01
-4.445255956123176588e+01 -2.171652220954982582e+01
-4.306995255037566039e+01 -2.249249461986729770e+01
-4.148912434271545635e+01 -2.257785494616709343e+01
-4.013733459463297493e+01 -2.187764800805167553e+01
-3.889228478597033956e+01 -2.132291289766762787e+01
-3.759005533608999627e+01 -2.223241314736213781e+01
-3.597575320607573701e+01 -2.297928573711809364e+01
-3.427051295471441250e+01 -2.307940400181276885e+01
-3.289593288281356109e+01 -2.246552515016530194e+01
-3.236974511692915257e+01 -2.143422871981958622e+01
-3.330722733924253731e+01 -2.044230533342342326e+01
-3.483797090310614664e+01 -1.946317241477704130e+01
-3.626942607492505033e+01 -1.847405412691788129e+01
-3.707453396840455184e+01 -1.743517566591511780e+01
-3.679154998217246231e+01 -1.643453625272909235e+01
-3.573756662651909011e+01 -1.571141571836848527e+01
-3.447247880187072866e+01 -1.525348483675556288e+01
-3.332229830532367743e+01 -1.490557252574744673e+01
-3.256034907642352039e+01 -1.441432082255646208e+01
-3.255776689588826400e+01 -1.352329988074659717e+01
-3.274089742951380089e+01 -1.238309131485264025e+01
-3.258182235362595947e+01 -1.106504750574655560e+01
-3.207100069117213081e+01 -9.649512260953837739e+00
-3.136561190111608610e+01 -8.158925752405465914e+00
-3.056802630644192220e+01 -6.609983277698711746e+00
-2.976222967840897127e+01 -5.021521436898903623e+00
-2.896829606751218833e+01 -3.454505328838179512e+00
-2.819196605899860231e+01 -1.970305046671852134e+00
-2.721272441570658174e+01 -8.115678080926925775e-01
-2.595578947981262630e+01 -3.576719670452221389e-01
-2.474201095659288541e+01 -6.624024130116554776e-01
-2.391514299009128663e+01 -1.582034682292923877e+00
-2.364943236056741327e+01 -2.944959194091585797e+00
-2.328128402529327801e+01 -4.322837855790941930e+00
-2.282549757957396608e+01 -5.555042205486912188e+00
-2.173555515932381610e+01 -6.174742142070820172e+00
-2.088661322888818006e+01 -6.966985001770822805e+00
-2.076653751839202400e+01 -7.901219458080187330e+00
-2.162570620514272690e+01 -8.660585876418393170e+00
-2.285257392102325369e+01 -9.217834931059863735e+00
-2.359162519619713905e+01 -1.018249640449740490e+01
-2.356444731732493736e+01 -1.129954630887478295e+01
-2.261878405481577659e+01 -1.216557524792120226e+01
-2.140517004200994933e+01 -1.295227203984866371e+01
-2.026931051107083803e+01 -1.376757406267804917e+01
-1.994302232413179254e+01 -1.494336661060791194e+01
-2.026092871738013201e+01 -1.627925610295284997e+01
-2.021402724622589986e+01 -1.767055802827242772e+01
-1.992313541575888536e+01 -1.900876763865614549e+01
-1.946751483403151184e+01 -2.022200236260459860e+01
-1.878012710257810269e+01 -2.119930295653445640e+01
-1.789595435518597810e+01 -2.187509651178164560e+01
-1.689934905351679717e+01 -2.224852807990323811e+01
-1.590810686129611540e+01 -2.246642816746645366e+01
-1.503905758601369413e+01 -2.285190101112266348e+01
-1.422599020017480953e+01 -2.317647895588535434e+01
-1.345099613853670739e+01 -2.334897275092874480e+01
-1.271964072310501059e+01 -2.338191989091214396e+01
-1.202901292080314199e+01 -2.332819974648072403e+01
-1.137843831325567656e+01 -2.321899175979988428e+01
-1.077079251537631777e+01 -2.306613437104089925e+01
-1.020071138894768481e+01 -2.286952674983048439e+01
-9.661606380161382290e+00 -2.262390547158145182e+01
-9.153156731192686024e+00 -2.231961216277372628e+01
-8.671794116936810681e+00 -2.195733666699575082e+01
-8.213752958384574754e+00 -2.153357659971647209e+01
-7.767866861749755714e+00 -2.105137044151238257e+01
-7.331795995453973980e+00 -2.050811204649025399e+01
-6.899957182463611893e+00 -1.990111881105421432e+01
-6.466121802172933641e+00 -1.922051474750326960e+01
-6.024168846047365911e+00 -1.844973246580110526e+01
-5.563800775870919146e+00 -1.757052263769800504e+01
-5.076299140253903275e+00 -1.656526860670232892e+01
-4.560971860646696463e+00 -1.540980259698312871e+01
-4.015194716009101938e+00 -1.408960954006008315e+01
-3.453218229076598256e+00 -1.260492750464327472e+01
-2.860831324932954001e+00 -1.097429214509750750e+01
-2.278305662015721378e+00 -9.237200221198074601e+00
-1.746970819456918900e+00 -7.457096577892766476e+00
-1.290927051054950869e+00 -5.727714850043762240e+00
-9.007943121184047719e-01 -4.159577873683850235e+00
-5.801652859377881555e-01 -2.817650072965676156e+00
-3.204464822769074739e-01 -1.734196749014390138e+00
-1.110764351951033235e-01 -9.100744685623773922e-01
2.978049811943155045e-02 -3.273093132545665251e-01
-1.737092309715450413e-06 9.523332320115857461e-07
