-4.010701470890124654e+01 4.241505934913791975e+01
-3.305410262525936815e+01 4.286093627374798132e+01
-2.309466437704605823e+01 4.286470969772059902e+01
-1.518084490282216237e+01 4.461300632507548869e+01
-9.498486896379843003e+00 4.536875374500830560e+01
-5.856393077441341966e+00 4.530970091061204386e+01
-3.653652400199466133e+00 4.454364422346597507e+01
-2.324192000791611257e+00 4.358078650452235081e+01
-1.675533816365314843e+00 4.261933180181930680e+01
-1.838666067212166411e+00 4.183156373033698117e+01
-2.800622013301080848e+00 4.150581177870024163e+01
-3.723983734953083768e+00 4.115967410726923958e+01
-3.765357897860299285e+00 4.030995807850598567e+01
-3.209731274061690343e+00 3.927832303470098196e+01
-2.636156159477244909e+00 3.827422970972033056e+01
-2.194480389590593106e+00 3.731098906212046984e+01
-2.375422425159165574e+00 3.648157225009330773e+01
-3.012473067734432242e+00 3.610258149611419753e+01
-3.912736882212915379e+00 3.655770584802149870e+01
-4.998085098636485313e+00 3.738800545453837287e+01
-6.331990030544933035e+00 3.820097416050114703e+01
-8.021000983643833848e+00 3.898179341730742919e+01
-9.991200858816068120e+00 3.938856545546358490e+01
-1.193590102786017049e+01 3.933303624117588981e+01
-1.319128462999728946e+01 3.871562973527581875e+01
-1.238866828590638747e+01 3.770058215498804799e+01
-1.071983721114989230e+01 3.651117526628535614e+01
-8.967508506778404609e+00 3.528794942745795282e+01
-7.853626768523548130e+00 3.412912753712637937e+01
-7.413428191024233449e+00 3.305955994142325238e+01
-7.695095606236492358e+00 3.224465257891598213e+01
-8.510644259635114395e+00 3.181828272787040035e+01
-9.611974964753368766e+00 3.176853141630486377e+01
-1.080308522917559699e+01 3.182169051096423473e+01
-1.191968278903051193e+01 3.142927412989494940e+01
-1.292417256547973992e+01 3.064858419055860850e+01
-1.392214404655763715e+01 2.969582622718827736e+01
-1.502430049448430971e+01 2.870021057937900721e+01
-1.628167949643525603e+01 2.770450133417685379e+01
-1.769953576177828580e+01 2.672735428961179238e+01
-1.925494620123116007e+01 2.574810529465112907e+01
-2.093965095275067156e+01 2.477486224311602570e+01
-2.269413446574582949e+01 2.379517973781943851e+01
-2.441221111835427848e+01 2.273646913877566789e+01
-2.592895024127460601e+01 2.145143635708689800e+01
-2.720397015561007237e+01 1.997044373072105117e+01
-2.848195874607851152e+01 1.863671265129808319e+01
-3.021212600559573147e+01 1.809254556054805008e+01
-3.211608738446763311e+01 1.789798790877868484e+01
-3.346790704185292498e+01 1.691235464865699711e+01
-3.354793996844536963e+01 1.507395255237386067e+01
-3.307859604833064537e+01 1.306184297850169251e+01
-3.330783911522370744e+01 1.165926583547258844e+01
-3.454898939235124544e+01 1.196189343308162734e+01
-3.619514431192857984e+01 1.281230090568886659e+01
-3.783011160455080102e+01 1.330592307288022269e+01
-3.920732125890589259e+01 1.285226104971502892e+01
-4.013491416292298197e+01 1.174253057906363473e+01
-4.062994432716677551e+01 1.032497212982400292e+01
-4.102441420027222563e+01 8.881275290573366732e+00
-4.149436926587609520e+01 7.527429065348099968e+00
-4.196699173785847847e+01 6.271755527693248844e+00
-4.210831763088085467e+01 5.070349658255341119e+00
-4.168885360268602369e+01 4.016886532308940438e+00
-4.079116100268426237e+01 3.299174252745474156e+00
-3.963201992093001991e+01 3.111022148645099072e+00
-3.839353903210621155e+01 3.745215349605508948e+00
-3.724302959636205657e+01 4.527164103857816535e+00
-3.646948221617677177e+01 4.933879348589857550e+00
-3.654922554395770362e+01 4.259051346362280555e+00
-3.696224662179245968e+01 3.145899191201109613e+00
-3.735622283923510878e+01 1.995305638858912545e+00
-3.726842086874121662e+01 1.091753254162982634e+00
-3.662511701473373193e+01 5.394853220676119054e-01
-3.577560937129560870e+01 1.877152608936654976e-01
-3.489002765695068575e+01 -8.404740316380196474e-02
-3.402466725113944079e+01 -3.194237049834428022e-01
-3.318234149375564357e+01 -5.230525171111487515e-01
-3.235296096840936286e+01 -7.059704960428658804e-01
-3.151734986785548998e+01 -8.601166567565273757e-01
-3.065872378815081234e+01 -9.974638299485705240e-01
-2.976821963309646080e+01 -1.122000629484368295e+00
-2.883809190976016978e+01 -1.227810987259519093e+00
-2.785585273643214776e+01 -1.309020322999377761e+00
-2.681436492295371465e+01 -1.358300443447063799e+00
-2.571356398193407244e+01 -1.378550928407384912e+00
-2.455609571394295543e+01 -1.382330778870104027e+00
-2.334329556594773081e+01 -1.365853494676201541e+00
-2.207485778970739076e+01 -1.328332277521349081e+00
-2.074599515574021424e+01 -1.263826528591883713e+00
-1.935102590553395174e+01 -1.186090146908213017e+00
-1.788198696724766634e+01 -1.086210991985549601e+00
-1.632266804228636303e+01 -9.690312715157756163e-01
-1.464857900846827832e+01 -8.361404643963799010e-01
-1.281127429375924009e+01 -6.869641961014800735e-01
-1.075683390643636805e+01 -5.128082769105316574e-01
-8.422103684691341741e+00 -3.197479501038739125e-01
-5.776407847512424532e+00 -1.362304888499367705e-01
-2.883668419457018572e+00 -2.173531623317184053e-02
-1.382935919202256912e-03 3.757230586842534684e-05
