-4.576354675247593207e+01 -1.083743893655062518e+00
-4.497965907102364014e+01 -1.410595195195226026e+00
-4.419766763732575754e+01 -5.820725307839935692e-01
-4.423493032471532871e+01 4.249502616572623515e-01
-4.548068121600626057e+01 1.534839866897696359e+00
-4.569870967952331853e+01 2.563909877614089172e+00
-4.459885725475244556e+01 3.908101126580536988e+00
-4.356822173314939306e+01 4.846026658592884395e+00
-4.304188509692853870e+01 6.450097999840291862e+00
-4.262518987597074727e+01 8.055042342237225483e+00
-4.205274833193260520e+01 9.756813738954178916e+00
-4.140901182123208457e+01 1.142626288897819187e+01
-4.073714144356382150e+01 1.319957718481270170e+01
-4.006141507468349516e+01 1.496270038077378217e+01
-3.940549785511988290e+01 1.664066672692841564e+01
-3.877700328449373757e+01 1.825019794032789022e+01
-3.814054102447636296e+01 1.977723931544249325e+01
-3.749015616795333727e+01 2.121457260388056199e+01
-3.685511739233604089e+01 2.261905151924480251e+01
-3.628125220876430745e+01 2.400414933062706169e+01
-3.567541686960419867e+01 2.530258501510368774e+01
-3.500624566226829870e+01 2.651485229070533123e+01
-3.450087555431440478e+01 2.771126108842959468e+01
-3.449632788449608256e+01 2.897963143248938778e+01
-3.423991231755350384e+01 3.022662788232943143e+01
-3.366819357549358926e+01 3.129406815605881675e+01
-3.286848682731060478e+01 3.182990199766847539e+01
-3.146185685326614490e+01 3.178928317206382204e+01
-3.078292037126792380e+01 3.259365483552546294e+01
-3.143050643851599091e+01 3.380038151813726444e+01
-3.174351898721629439e+01 3.456166336317360788e+01
-3.156336718044884648e+01 3.551170595625123383e+01
-3.108673491397239630e+01 3.627814719679330580e+01
-3.046136224763890255e+01 3.715483411203896225e+01
-2.984644523034668850e+01 3.775716889398186282e+01
-2.903999166609704119e+01 3.756106845742002065e+01
-2.768054289533047907e+01 3.601409184493681437e+01
-2.701931898206698790e+01 3.575168575606939214e+01
-2.536818940667741273e+01 3.593437599569086416e+01
-2.510540739497868046e+01 3.616415456492104852e+01
-2.563470174379381561e+01 3.714289840387499453e+01
-2.689201314120087716e+01 3.888660513063957325e+01
-2.719666043732400951e+01 3.983339287424443853e+01
-2.659703782713255649e+01 4.049204509173229383e+01
-2.565326781688819580e+01 4.068109851553147394e+01
-2.477023077840474841e+01 4.060666114098012969e+01
-2.390331899746564304e+01 4.065061763356858648e+01
-2.304834003291767530e+01 4.068762699203893618e+01
-2.219418163700621349e+01 4.063370170648048685e+01
-2.137332164134913270e+01 4.037321397065125694e+01
-2.058676284960881731e+01 3.976258973839492938e+01
-1.991768468938595760e+01 3.893886584583179200e+01
-1.922001114043480996e+01 3.787553689193998707e+01
-1.899101279237078543e+01 3.697516138156804288e+01
-1.970937771829358809e+01 3.605243043670134284e+01
-2.094964849559352160e+01 3.509219379916618209e+01
-2.168156782012185246e+01 3.403002069441381394e+01
-2.142113674870121187e+01 3.252218834658904001e+01
-2.056134761289177248e+01 3.187078189659165872e+01
-1.905727349902463175e+01 3.259475542848567642e+01
-1.803410785658604709e+01 3.301636507484636240e+01
-1.687501649553716021e+01 3.286755361614699211e+01
-1.624677635127335762e+01 3.172586930638626868e+01
-1.579608876943800055e+01 3.044321340759477224e+01
-1.593672686966938379e+01 2.940795245721414375e+01
-1.714297223217061727e+01 2.737789764236244494e+01
-1.711173349239713559e+01 2.645830391576494378e+01
-1.541765765804418464e+01 2.611350178530705080e+01
-1.407863447258299416e+01 2.615410577796729896e+01
-1.279935295965521647e+01 2.561334592893288331e+01
-1.220950701495131874e+01 2.454740870195144709e+01
-1.264285273796657982e+01 2.283914973839576135e+01
-1.264499976492413502e+01 2.162009987261555466e+01
-1.153538821735099873e+01 2.077701781886214505e+01
-1.010883002202878700e+01 2.039432030381227889e+01
-9.259406530819905612e+00 1.933762744728821303e+01
-9.147245548988822250e+00 1.803712845248242758e+01
-8.877288645042618498e+00 1.674875463848734469e+01
-8.003889631053093368e+00 1.589720229435448040e+01
-6.793035190245093169e+00 1.543021824849010493e+01
-6.010408406730865849e+00 1.435212079289465414e+01
-5.827053882814786867e+00 1.313676974489124305e+01
-5.360451044389243691e+00 1.199161018979872928e+01
-4.762773474693287490e+00 1.090941955774567518e+01
-4.219683858208402860e+00 9.874192452336462367e+00
-3.736075084073072095e+00 8.845140643727249952e+00
-3.297076018824312449e+00 7.899925280164936225e+00
-2.840129020683860972e+00 6.983077782029742941e+00
-2.439370896338434402e+00 6.103726656931089956e+00
-2.077906568527216002e+00 5.262927513352923192e+00
-1.763887499470673914e+00 4.485187542495017610e+00
-1.490395730159554510e+00 3.828366065305750965e+00
-1.201785069748413370e+00 3.176660774496634421e+00
-9.446236442202938788e-01 2.583586578650043375e+00
-7.333982813364883224e-01 2.055049961524479052e+00
-5.539576724612692571e-01 1.566652525682638020e+00
-3.957369585211717999e-01 1.127688845895333580e+00
-2.556163176147315252e-01 7.246823029704491104e-01
-1.299749481836972864e-01 3.605366189275406863e-01
-5.559874178506572306e-09 1.510562367829584007e-08
