-1.064970635492536744e+01 -4.271282343100770262e+00
-1.167763094030826743e+01 -3.859352384991137974e+00
-1.386037117155907161e+01 -3.767114316953151576e+00
-1.645586231811294908e+01 -3.830342112523281717e+00
-1.911609009603317944e+01 -3.859585215650915391e+00
-2.176797836711773471e+01 -3.803898610681399894e+00
-2.422460037510124309e+01 -3.760906055676565440e+00
-2.648596048590172813e+01 -3.753294168067102810e+00
-2.855646127759114350e+01 -3.756537790679978173e+00
-3.038624726106320395e+01 -3.764565931251746100e+00
-3.207509885735684207e+01 -3.752850941864309231e+00
-3.354648681716604131e+01 -3.724813575240758290e+00
-3.489636101758716080e+01 -3.992341459335302378e+00
-3.624463077147748180e+01 -4.192019985670141224e+00
-3.722892781148787833e+01 -3.723724994062471261e+00
-3.753045616751141011e+01 -2.718831925370743363e+00
-3.849476502258137600e+01 -1.797057177463120548e+00
-3.923768201949147283e+01 -1.664086048609713764e+00
-4.010790935261091050e+01 -2.890001104771363849e+00
-4.035789866902322842e+01 -3.792576358362283351e+00
-4.092460724864164945e+01 -4.261389954361963994e+00
-4.213402123632910445e+01 -4.220378399557298543e+00
-4.354211182408872105e+01 -3.836175531634005598e+00
-4.442138423707041994e+01 -3.314702735462887961e+00
-4.415141177844228082e+01 -2.370917917195146885e+00
-4.302845361800374491e+01 -1.125168834928253814e+00
-4.199130894677391268e+01 9.292794078215659004e-02
-4.193605726905352782e+01 7.856381173543237617e-01
-4.323795989195522083e+01 9.638535064892677084e-01
-4.467129711123671854e+01 6.174387398666553173e-01
-4.610780190181282734e+01 1.616328455099107914e-02
-4.705226777469233923e+01 1.293001756356567389e-01
-4.761736288746136125e+01 1.231886758142723748e+00
-4.782154291096140497e+01 2.592930430104459116e+00
-4.775064712278477685e+01 3.984023343271652973e+00
-4.729958271387756241e+01 5.073992253167847188e+00
-4.615269349286976563e+01 5.375688202549439687e+00
-4.438514681078936519e+01 4.908940073691995920e+00
-4.263749951396876270e+01 4.694082452185632803e+00
-4.160202505076965451e+01 4.978232146898148969e+00
-4.139619931492037352e+01 5.849784872623648546e+00
-4.247921936666509879e+01 6.855713282874697612e+00
-4.394334293975191486e+01 7.955859685466355025e+00
-4.478185728646942465e+01 9.317957679045495212e+00
-4.423989349178877006e+01 1.013590677833333942e+01
-4.313979566045291136e+01 1.017174662775028615e+01
-4.124657426808450822e+01 9.479034483930687927e+00
-4.058025428959656011e+01 9.701868308512732852e+00
-4.069543014545335780e+01 1.145505943585681408e+01
-4.051314278736570884e+01 1.222197648282156557e+01
-3.962755717740547823e+01 1.216225748458867173e+01
-3.859892947851847111e+01 1.096216788096183592e+01
-3.777615920621447998e+01 1.018794003771104251e+01
-3.700689171813557010e+01 1.042462705262106404e+01
-3.670156277526236721e+01 1.141275732466565529e+01
-3.658992975990744867e+01 1.279532501189460270e+01
-3.616575216186414821e+01 1.362142633674985781e+01
-3.515734627921065680e+01 1.352570942312964419e+01
-3.434157459977772930e+01 1.263108593836003202e+01
-3.360298134605678655e+01 1.200059363801442558e+01
-3.273030782259344562e+01 1.223659927359467048e+01
-3.214232879999744341e+01 1.323741493888253906e+01
-3.143706909394166615e+01 1.393240610700083693e+01
-3.041236548283669094e+01 1.382019580354250365e+01
-2.957514385135680257e+01 1.326348792797315035e+01
-2.855272309955219612e+01 1.312057167771849997e+01
-2.747474859485783938e+01 1.321947609732878881e+01
-2.638215148680734856e+01 1.333926678381910946e+01
-2.523345645906868384e+01 1.329280022618722690e+01
-2.405396524499595046e+01 1.316201291932234696e+01
-2.286905476216830024e+01 1.295718465127222885e+01
-2.165068823037343648e+01 1.274275970384955770e+01
-2.039674893149981472e+01 1.253945770373138835e+01
-1.914990394435808696e+01 1.229651048532281266e+01
-1.785260734329254717e+01 1.198543064031032657e+01
-1.661097535000191527e+01 1.164635971227762212e+01
-1.533734892571353647e+01 1.129678944453933198e+01
-1.406683091483333037e+01 1.096154939464831735e+01
-1.280458231077751741e+01 1.055142912824982560e+01
-1.165592910761645840e+01 1.004936341669864142e+01
-1.048823591396598864e+01 9.474044314425860591e+00
-9.410017991857886344e+00 8.867985763317452808e+00
-8.374806843630832276e+00 8.222209077524656351e+00
-7.406278002661236926e+00 7.562818404516299609e+00
-6.525425048424007279e+00 6.925774669709270803e+00
-5.727799345956914756e+00 6.311828709193360254e+00
-4.966376108964920988e+00 5.683782496048078059e+00
-4.254257106127818489e+00 5.054201563685179366e+00
-3.600309262097016738e+00 4.438102008695102185e+00
-2.996653907503976200e+00 3.816662064279174871e+00
-2.483524434166902495e+00 3.240696923000809804e+00
-1.999290922436239626e+00 2.668471408690190838e+00
-1.560140429053322508e+00 2.136550733971425142e+00
-1.158890597767247899e+00 1.640478670674509809e+00
-7.921822851520686770e-01 1.186599621128638926e+00
-4.647252872004501989e-01 8.623641059148741128e-01
7.502832126725103579e-02 5.520227758736024892e-01
2.101541522736349588e-01 3.654917231342618145e-01
5.261724544284558658e-02 6.442959018336347210e-02
-2.575788667872886663e-07 4.484141195938813114e-07
