1.107465915439443060e+00 3.896266440982838475e+01
1.263322651573947297e+00 3.716799032320470531e+01
1.822727477536165486e+00 3.442894961289193390e+01
1.938769470810290496e+00 3.324006666860669412e+01
8.770533795466119997e-01 3.314804700402689974e+01
-1.529981444869531915e+00 3.509345783351153614e+01
-2.698198665499601745e+00 3.722314741245972414e+01
-2.489138122543075760e+00 3.878151294411537719e+01
-2.192488087185541001e+00 3.941677483308814089e+01
-1.883519982639947798e+00 4.006202417524628601e+01
1.952201887844880579e+00 4.329350190249564179e+01
1.651310993471484467e+00 4.334536824506319164e+01
2.508062506579414319e-01 4.354786579172732530e+01
-1.517351653004789691e+00 4.371499196814835386e+01
-3.985640220548992474e+00 4.382740239526170711e+01
-5.470158495134948673e+00 4.343986804300359950e+01
-6.476201603248094685e+00 4.181607270377540431e+01
-8.259236673917870419e+00 3.954964970118709999e+01
-9.402733443585596262e+00 3.924845035755455314e+01
-1.085072595140646534e+01 4.192007582801677046e+01
-1.165350672592291836e+01 4.292329125035549708e+01
-1.314687288127692177e+01 4.211757129135369837e+01
-1.476620945657562523e+01 3.923811347114686043e+01
-1.596654942092809648e+01 3.856566518753988504e+01
-1.730963435698391351e+01 4.099346335247879125e+01
-1.816119563557850825e+01 4.275549864743462791e+01
-1.993706149480336620e+01 4.336433557922972426e+01
-2.236974774891769613e+01 4.314036504762809443e+01
-2.355819529162661397e+01 4.229079197639111953e+01
-2.369289414544011407e+01 3.946029387958895995e+01
-2.368512581903062042e+01 3.716352450241594596e+01
-2.501592456621317595e+01 3.644165330902983158e+01
-2.789970503152877512e+01 3.891625107904997094e+01
-2.921619503290412112e+01 4.002993778735963559e+01
-3.142281054853965472e+01 3.996057825458872514e+01
-3.239317643681657444e+01 3.894710723844991662e+01
-3.204630404262417898e+01 3.531889799998965174e+01
-3.142960070169481313e+01 3.327346064655951352e+01
-3.183675822145745826e+01 3.175288004268400144e+01
-3.366491067057799569e+01 3.216011367611039873e+01
-3.643435781981270338e+01 3.519508056907768889e+01
-3.745293671318233919e+01 3.553251979832929663e+01
-3.900879975695684010e+01 3.464662472890029221e+01
-4.015071716163701154e+01 3.334636754221823907e+01
-4.124769617550536083e+01 3.159031821580697397e+01
-4.220863041303422847e+01 2.929104803522216471e+01
-4.187005355464685152e+01 2.827675214716262886e+01
-3.943028189539138140e+01 2.692338302504418124e+01
-3.716828216795402540e+01 2.535748555141217508e+01
-3.661171420196464510e+01 2.355855160940476622e+01
-3.800612466121602040e+01 2.258317663787579832e+01
-4.215116931973846448e+01 2.332138500519643287e+01
-4.367271450633418084e+01 2.339957469421202063e+01
-4.485983413660171948e+01 2.192366155668326400e+01
-4.530426771931326613e+01 1.999100025738113473e+01
-4.551196752877410034e+01 1.772123805348671155e+01
-4.484283727100114447e+01 1.650603711485614511e+01
-4.156052391006630131e+01 1.584358468258156982e+01
-3.928462810175170006e+01 1.542401025814757176e+01
-3.886482771460305230e+01 1.423804173939789308e+01
-4.118108488205665907e+01 1.240364783425912343e+01
-4.376353200151552869e+01 1.165989708997106256e+01
-4.451135269388865368e+01 1.091024620602177819e+01
-4.418260347481361805e+01 9.278777272074774984e+00
-4.338823771782947603e+01 7.615595133565610908e+00
-4.244778641134046637e+01 6.181851066105301662e+00
-4.132642813951606797e+01 4.981433925645867511e+00
-3.988664179908406027e+01 4.617449412203954218e+00
-3.712617472403398011e+01 5.574896889113672316e+00
-3.605533772198835152e+01 5.190408153913635303e+00
-3.665450789799848508e+01 2.907402067515065802e+00
-3.705626611770725987e+01 1.788464784943378572e+00
-3.636045897268689941e+01 6.896735211283987477e-01
-3.481756567785863155e+01 -1.554211454888796973e-01
-3.354273481617712349e+01 -2.118183813101796875e-01
-3.195396558120625841e+01 8.862319328156421649e-01
-3.106868387824621891e+01 1.311861733582112333e+00
-2.985239955904604514e+01 5.707923382678548041e-01
-2.892355571299166073e+01 -3.116074266338990095e-01
-2.765837637565604723e+01 -6.151557942054730610e-01
-2.623203266995510674e+01 -7.387031638779389953e-01
-2.472293333128291692e+01 -7.986395082712554050e-01
-2.323413163215678168e+01 -8.360256059408375240e-01
-2.168561720659494085e+01 -8.542093383002834495e-01
-2.008530653535397903e+01 -8.610898789071524950e-01
-1.851206352994596216e+01 -8.445569547457772996e-01
-1.689878768830462263e+01 -7.992509930368849602e-01
-1.538576047147498649e+01 -7.255461340216400323e-01
-1.381636104158784661e+01 -6.276677255415034073e-01
-1.227749907914552985e+01 -5.367899912799319884e-01
-1.071330461764961939e+01 -4.605446041095250242e-01
-9.142407149963680979e+00 -3.889371321020539396e-01
-7.570666585922756653e+00 -2.919147218771013241e-01
-6.158526437796917996e+00 -1.866334648638565963e-01
-4.805635864365128462e+00 -8.169431218511952197e-02
-3.509649165504149515e+00 2.594750962498521690e-03
-2.260599888306168204e+00 5.722850576863033889e-02
-1.218065080015852342e+00 7.194355394392265568e-02
-4.231001638931314868e-01 4.869974862204132920e-02
-4.596338168334416980e-06 1.024864367063290030e-06
