-1.069802279589098681e+01 3.711132894299109530e+00
-1.116106545938011863e+01 3.904644308065781999e+00
-1.220797493805435252e+01 3.940339824257296009e+00
-1.356714217566767289e+01 3.877172448390402870e+00
-1.502348683535246110e+01 3.822943413178369276e+00
-1.649744788013355645e+01 3.779808476168805775e+00
-1.796328734879602251e+01 3.739487411177507159e+00
-1.941137851856814223e+01 3.674826795400474744e+00
-2.077847863734566758e+01 3.579287574346303735e+00
-2.206828031450237404e+01 3.451276584737098752e+00
-2.321205854351954301e+01 3.274203205663630101e+00
-2.426031994223582444e+01 3.045059272501497549e+00
-2.517910248643734406e+01 2.750124513643504187e+00
-2.601113526082886906e+01 2.493512554017978555e+00
-2.684856036090015152e+01 2.326597464256219272e+00
-2.752343302700306182e+01 1.858884976572553471e+00
-2.777603198837925547e+01 1.204802804713757336e+00
-2.843440729786057375e+01 8.510752277741796545e-01
-2.927475585698696392e+01 8.084868349804371634e-01
-2.974879925089089383e+01 3.777229393414295311e-01
-2.965965458694877555e+01 -5.224641929037611154e-01
-2.991329515861279020e+01 -1.037135590698358367e+00
-3.101338792606516748e+01 -1.324611951834922197e+00
-3.138269740691114151e+01 -1.688414147519296638e+00
-3.082772520335194955e+01 -2.495693211715382720e+00
-3.018695382323177867e+01 -3.097171986833543667e+00
-2.989600330044999765e+01 -3.748169519874062772e+00
-3.037663115950222803e+01 -4.267733119838283962e+00
-3.154604160272227631e+01 -4.495893492195486729e+00
-3.208874955405894269e+01 -4.955826932690883702e+00
-3.198806256646922819e+01 -5.901482917221540170e+00
-3.153734428319839722e+01 -6.803392532974236850e+00
-3.097166257048177940e+01 -7.443023152555253930e+00
-3.006138806790462681e+01 -7.598142322015434935e+00
-2.902760255583364568e+01 -7.291884666283759309e+00
-2.840485217524210881e+01 -7.645821424264053867e+00
-2.853711410326114262e+01 -8.848482542697443165e+00
-2.874866899118481456e+01 -9.705992365729946059e+00
-2.827325376687645431e+01 -1.040769064565205326e+01
-2.725616818841070454e+01 -1.066400711422981651e+01
-2.639663912863449724e+01 -1.073716212952747462e+01
-2.592140766883575864e+01 -1.156098556030371860e+01
-2.522544926044837155e+01 -1.213906873364117267e+01
-2.452169548075129057e+01 -1.282637210656682925e+01
-2.358775143025671994e+01 -1.321365964304197682e+01
-2.256104543351529301e+01 -1.351970346506614007e+01
-2.146271681434879852e+01 -1.384182277547799877e+01
-2.032255365704436301e+01 -1.420097451024805224e+01
-1.908515579399381679e+01 -1.452365307426686236e+01
-1.776734111296741858e+01 -1.481097872556469142e+01
-1.639427506985181182e+01 -1.504800467340708181e+01
-1.498799522937646422e+01 -1.526651980068345082e+01
-1.352288768864178437e+01 -1.550241101657229237e+01
-1.205801351669011368e+01 -1.571106542514843163e+01
-1.052806904980736213e+01 -1.589492030401531864e+01
-8.940319656959490047e+00 -1.610208411974993936e+01
-7.361702236537052357e+00 -1.628881310551357586e+01
-5.775449078592828300e+00 -1.647476139029273767e+01
-4.193858844655967033e+00 -1.664477286093105235e+01
-2.617756259749177250e+00 -1.677919939825018503e+01
-1.051499591855507898e+00 -1.687776651791525495e+01
4.621250617523024462e-01 -1.693056611504231057e+01
1.958541335982386666e+00 -1.691375934550413263e+01
3.414452437017676534e+00 -1.682710761594771398e+01
4.834813941594111597e+00 -1.669378503363207500e+01
6.164289696560008025e+00 -1.641250408877445466e+01
7.420331635001114812e+00 -1.604419264124843281e+01
8.626342067634077182e+00 -1.556234382741273237e+01
9.761116716531120119e+00 -1.501372298813150863e+01
1.081065498690180782e+01 -1.449239199732888572e+01
1.182122811471815993e+01 -1.400027163133770003e+01
1.262574288077144047e+01 -1.319984673500720795e+01
1.330891700292355218e+01 -1.239421617385930752e+01
1.410765222976340105e+01 -1.174004538247226392e+01
1.461764368922760937e+01 -1.090341060818388641e+01
1.499646928260215262e+01 -1.003835058054009544e+01
1.535498584026262492e+01 -9.201415062237728648e+00
1.543965605334343394e+01 -8.345013906027302752e+00
1.523244443299721240e+01 -7.511630490019089557e+00
1.483140396926580706e+01 -6.822091291885888253e+00
1.466295447357567916e+01 -6.054170050715798723e+00
1.438523376195299797e+01 -5.272942819440022966e+00
1.398963298274797218e+01 -4.545834871479658368e+00
1.349266772808411474e+01 -3.886459773472229706e+00
1.291743116505782396e+01 -3.283072509067645139e+00
1.227514953514943485e+01 -2.752667002752704040e+00
1.158870404442141222e+01 -2.301261453916625399e+00
1.083883620359392275e+01 -1.904572647257408713e+00
1.005782797333632672e+01 -1.574214623063680873e+00
9.191813792722387078e+00 -1.280270212712241840e+00
8.257221871126308343e+00 -1.020611125148285225e+00
7.284899619217080513e+00 -7.987568045871796807e-01
6.205332658144912195e+00 -5.989521583282502171e-01
5.091162659960602355e+00 -4.335450204724551893e-01
3.980340664844232101e+00 -3.033372776948785043e-01
2.900266164098743271e+00 -2.000814288762234050e-01
1.921016719846239118e+00 -1.202807716841318708e-01
1.075242512017797303e+00 -6.037421726353379287e-02
4.157802425503280830e-01 -2.096546475657797004e-02
4.284959595274798369e-06 -1.920886087950204932e-07
