1.003383584380381777e+01 1.793449198989950588e+01
9.785733456033145927e+00 1.716622942483457948e+01
8.665690625073100506e+00 1.741009396392448494e+01
7.415312074161970912e+00 1.857469381873753989e+01
5.613576619849720117e+00 1.870685881948193341e+01
3.756932878732173187e+00 1.828623978615718926e+01
1.771364334259820650e+00 1.799485730394525262e+01
-2.707991920594066126e-01 1.779100756079985501e+01
-2.234599278916660658e+00 1.758766217779584196e+01
-4.215755681519413045e+00 1.737191138625402331e+01
-6.184547219827820186e+00 1.713988166623539655e+01
-7.988246574055138716e+00 1.682198792256538766e+01
-9.752241384424966242e+00 1.637156354054994267e+01
-1.141605931863186640e+01 1.580027303430281727e+01
-1.300085937158711680e+01 1.499175046100523367e+01
-1.453865650249681352e+01 1.426586476188099617e+01
-1.632820298081307087e+01 1.433031190680994804e+01
-1.769922612252735661e+01 1.335853578846452372e+01
-1.973741802245971044e+01 1.275035426170552988e+01
-2.074502161960957380e+01 1.154545570863115067e+01
-2.008078806339329603e+01 9.327187706244766119e+00
-1.999396899388513305e+01 8.014090133670437766e+00
-2.174629256768565355e+01 6.696452492422081626e+00
-2.351247126353110772e+01 6.005061132347861985e+00
-2.394561203342175304e+01 4.424573856071995159e+00
-2.241462300468240443e+01 2.496024068602245904e+00
-2.132481195798698081e+01 1.020106473920695311e+00
-2.156950824721465665e+01 -3.900804633527639731e-01
-2.349258298349159091e+01 -1.110774140577018176e+00
-2.511714851264233062e+01 -1.446089156118640195e+00
-2.577550023361820664e+01 -3.006207511128085041e+00
-2.562305948546924483e+01 -4.952816816515523968e+00
-2.488666237437734452e+01 -6.100704804825806349e+00
-2.283029809461662296e+01 -6.645242353677683234e+00
-2.205093975385691607e+01 -7.307422704269191271e+00
-2.280149476749258497e+01 -9.096981659023043676e+00
-2.342449544699298158e+01 -1.024859890848929211e+01
-2.286733559175216257e+01 -1.135860482152478212e+01
-2.127159286739503585e+01 -1.185534509236569534e+01
-2.058317915443400281e+01 -1.271963734444561211e+01
-2.112780881996064508e+01 -1.434866122026795132e+01
-2.096578270066332550e+01 -1.535145431110883329e+01
-1.950732202522399916e+01 -1.589875346892400287e+01
-1.834640888095681177e+01 -1.610123631066930017e+01
-1.785662178552551538e+01 -1.729090794615324356e+01
-1.812870122541128737e+01 -1.861731684689953781e+01
-1.752398971388599946e+01 -1.984744967062221122e+01
-1.633871794344219097e+01 -2.056610561030615614e+01
-1.493232265011592474e+01 -2.054182446628203706e+01
-1.367022415397266499e+01 -2.010120380081167824e+01
-1.252195639462053123e+01 -2.072384041045489411e+01
-1.177886948818845703e+01 -2.180458393224578728e+01
-1.049062609551737779e+01 -2.223775109851045784e+01
-9.200048025616156977e+00 -2.212541452605858439e+01
-7.929108241554390091e+00 -2.221353115025538827e+01
-6.663632689500058603e+00 -2.236173837957180055e+01
-5.330454758908754087e+00 -2.250840839479072031e+01
-4.044802961231936500e+00 -2.262414042395140257e+01
-2.728200335059126402e+00 -2.266556045153435406e+01
-1.402485618929796285e+00 -2.265641262553339530e+01
-8.487126478275917874e-02 -2.259031039122269746e+01
1.264041895378827274e+00 -2.251937342984906820e+01
2.620109982952257610e+00 -2.238790600508028561e+01
3.998745767742016621e+00 -2.219673963347650059e+01
5.326934899009897251e+00 -2.196073454913646117e+01
6.671886359613003137e+00 -2.168251985795790304e+01
8.040641324678880153e+00 -2.129701716847449333e+01
9.352280240516590126e+00 -2.081898965513961741e+01
1.064156491219384115e+01 -2.028002795664317759e+01
1.213276433977171642e+01 -1.988624327886532583e+01
1.355733033221153327e+01 -1.914716240193964936e+01
1.455144286488777894e+01 -1.792875737435054262e+01
1.519936720993613655e+01 -1.635511120648840588e+01
1.677031395865548546e+01 -1.567579464521370269e+01
1.812375976798726640e+01 -1.460070180588323474e+01
1.934316392846720944e+01 -1.298174176358899956e+01
1.955423451545634705e+01 -1.165124845281787103e+01
1.821963808053597944e+01 -9.589836246667980291e+00
1.769288456971365520e+01 -8.393109209533132997e+00
1.950858301928989036e+01 -7.288049991641019076e+00
2.065337696785332966e+01 -6.467680358240612826e+00
2.091942371949153667e+01 -4.849560547964822277e+00
2.052578204457108768e+01 -3.320441725935273869e+00
1.984957774201232183e+01 -1.947576888262694039e+00
1.899099958649133768e+01 -7.634491476826952283e-01
1.781593576577923699e+01 1.446063086777089335e-01
1.637604831591568555e+01 5.453489762507722771e-01
1.481055576311671551e+01 3.791313052741390743e-01
1.348408549780103449e+01 -5.819906087069356276e-02
1.214712518167082322e+01 5.687277141944752090e-01
1.080267749255317611e+01 1.071400101820929596e+00
9.376642919158905798e+00 1.206458546955690103e+00
7.961566453167574053e+00 1.200534427994339293e+00
6.578538574822474061e+00 1.116963112680876558e+00
5.234060752172809750e+00 9.813311647189103537e-01
3.930985461342837439e+00 8.107836842409134048e-01
2.678382402917360849e+00 6.038565069753120129e-01
1.559412438365820108e+00 3.889995760276568904e-01
5.680617681695366850e-01 1.607549739432075075e-01
8.218919778163650949e-07 2.474166679664730178e-07
