-3.234607436272044367e+01 2.066084410064939192e+01
-3.184836924704996264e+01 2.050053280922377041e+01
-3.096881971682258694e+01 2.095301691765823193e+01
-2.979067023524849489e+01 2.143202770930653145e+01
-2.846120513798374319e+01 2.188479520821525526e+01
-2.701959872504490434e+01 2.233584720598635087e+01
-2.556410345346980151e+01 2.275886632036345247e+01
-2.407682160474909949e+01 2.314373374034377662e+01
-2.252675432608365114e+01 2.346792605318240277e+01
-2.097130201041403907e+01 2.372757887801016707e+01
-1.937010579165862723e+01 2.391439090658551692e+01
-1.785693073756788252e+01 2.401496194864849087e+01
-1.628300892028778080e+01 2.406841362899477232e+01
-1.483918904642861492e+01 2.407556411056219048e+01
-1.336982227980589855e+01 2.402871030037549360e+01
-1.194782972026091805e+01 2.393591566785005753e+01
-1.060970920155485864e+01 2.378939695181941616e+01
-9.283558934621570558e+00 2.357857685746522236e+01
-8.096594956032923562e+00 2.331789134614727388e+01
-6.948050668466290603e+00 2.299537471163238678e+01
-5.945901581319969154e+00 2.263447029757286799e+01
-5.075823361193591232e+00 2.221563688315138663e+01
-4.316842795759237461e+00 2.169055043120532389e+01
-3.790957123312197918e+00 2.117750134763350900e+01
-3.173024456939208537e+00 2.070403873095257907e+01
-2.781224918816016967e+00 2.012194372956883015e+01
-2.652173063938247477e+00 1.947652365641008387e+01
-2.648380283139367908e+00 1.871795986410636559e+01
-2.799001442805586493e+00 1.814489392108879784e+01
-3.589670572303020002e+00 1.785212221257774701e+01
-4.505629789818496711e+00 1.762699733710743644e+01
-5.509133800064021536e+00 1.731317280458679164e+01
-6.577285858475717006e+00 1.695230933992688449e+01
-7.712081142771101128e+00 1.659518031102209079e+01
-8.956581077433657612e+00 1.622535528329186150e+01
-1.023949626064446861e+01 1.584818148150263895e+01
-1.161272637535005003e+01 1.543878774427482803e+01
-1.303041047609250924e+01 1.499199898851894375e+01
-1.450601118376219567e+01 1.449111102112728844e+01
-1.601603036279941250e+01 1.392723994579096747e+01
-1.752735276872821402e+01 1.330551004830336126e+01
-1.907512810345381382e+01 1.260766599224324835e+01
-2.063363355902579244e+01 1.185068177588615335e+01
-2.208067516108175710e+01 1.108954631125670076e+01
-2.344243340681400767e+01 1.029908595552696049e+01
-2.480129703020340060e+01 9.408506958289809319e+00
-2.606705820269929674e+01 8.450600503550841580e+00
-2.724098309236770632e+01 7.381920384812779012e+00
-2.833968964315477734e+01 6.185516027726981392e+00
-2.933157016967265918e+01 4.862835877627285974e+00
-3.018184749810267320e+01 3.511018783951882050e+00
-3.094016553333727870e+01 2.012217104272407298e+00
-3.156120263325651010e+01 4.630129291711306272e-01
-3.204712711705131056e+01 -1.120337653746839690e+00
-3.244762465737099433e+01 -2.774832396493875031e+00
-3.261102773668235244e+01 -4.388190159365167098e+00
-3.258596541034887650e+01 -6.075787411564652629e+00
-3.244944614857855925e+01 -7.724833863485169871e+00
-3.231255336788801458e+01 -9.313963873933779780e+00
-3.191219617753876747e+01 -1.090900074388656016e+01
-3.118053656270279106e+01 -1.230420730362651582e+01
-3.028028632886785587e+01 -1.362350464947165385e+01
-2.925705636701711754e+01 -1.484323688566911414e+01
-2.809493160598480088e+01 -1.596952681423317344e+01
-2.684957509223740502e+01 -1.701994487393590560e+01
-2.551162088710763243e+01 -1.798387220148182664e+01
-2.417240110881926540e+01 -1.885546230002410795e+01
-2.275089286824057666e+01 -1.965807381504509621e+01
-2.132608460687382035e+01 -2.029227294394206638e+01
-1.976555761865701655e+01 -2.074450263840181208e+01
-1.825612412677834939e+01 -2.113669592972487976e+01
-1.669449273438542747e+01 -2.141304610626835014e+01
-1.510943800303442153e+01 -2.157753958786092952e+01
-1.353483057839611092e+01 -2.171115503337356145e+01
-1.197510373176672438e+01 -2.182041481474341182e+01
-1.048645077962221528e+01 -2.185919330670643745e+01
-8.974289960106723640e+00 -2.180089519435614065e+01
-7.530641514138908477e+00 -2.161495507720524500e+01
-6.138585442901960398e+00 -2.128439122707617770e+01
-4.753201046468107371e+00 -2.079036443399476752e+01
-3.444629385823479328e+00 -2.018886559718316320e+01
-2.259095300394192485e+00 -1.948023414822939969e+01
-1.159816712820504581e+00 -1.864722013846719406e+01
-2.001890897512473289e-01 -1.763610658842107171e+01
6.712419882727236331e-01 -1.644355953763776057e+01
1.421154932547023186e+00 -1.519655348936197470e+01
2.107627478672422505e+00 -1.381548317912838009e+01
2.689422209314647372e+00 -1.239942950184316750e+01
3.132107794194451511e+00 -1.097570545411118381e+01
3.422840144307936150e+00 -9.596422706556781534e+00
3.558789389914225332e+00 -8.239065813571412988e+00
3.553369170343334105e+00 -6.974559813227164895e+00
3.383545359961386723e+00 -5.792235815707606150e+00
3.062287259526096150e+00 -4.679146547019882085e+00
2.612709432116258501e+00 -3.638583112983239332e+00
2.049685301133115090e+00 -2.612315061463574395e+00
1.434432778482893855e+00 -1.700438076506258334e+00
8.216083918964598443e-01 -9.429105943957577507e-01
2.986729404807463850e-01 -3.674084868920413083e-01
3.871741586972329345e-07 -6.987973919130624968e-07
