2.434555881556656942e+01 2.592514359778811084e+01
2.401978918473342972e+01 2.578577693217931355e+01
2.261121770522035845e+01 2.496329951474942987e+01
2.214104686136704458e+01 2.371641870176540223e+01
2.365140993481834997e+01 2.162843710154216126e+01
2.508124693364457514e+01 1.979191301506181588e+01
2.502095034542477592e+01 1.747927774410624480e+01
2.473038662829932477e+01 1.525237942508524647e+01
2.482602269753423485e+01 1.310587269840142710e+01
2.521835234409149251e+01 1.107167015074446859e+01
2.471042379580569204e+01 8.977029993239440842e+00
2.380337662413747424e+01 7.371932183538485894e+00
2.462677586191886192e+01 5.303830231613813950e+00
2.584984529656328434e+01 4.123439218438069709e+00
2.567799872641458236e+01 2.334351572234191874e+00
2.430823609225706150e+01 9.855990737131454793e-01
2.431521199186115112e+01 -6.813211599523825157e-01
2.560074147696980162e+01 -2.040115890500582729e+00
2.566550051975420033e+01 -3.350570552813180836e+00
2.381829664214175679e+01 -4.560033749403854308e+00
2.269754245948976035e+01 -5.477672070975170726e+00
2.275467080380235174e+01 -6.713760460223366699e+00
2.467764873022730754e+01 -7.707644881417162530e+00
2.579759219975957407e+01 -8.542993349548842374e+00
2.615520903711008316e+01 -1.006852184954381357e+01
2.579480961985132836e+01 -1.152515802291847358e+01
2.455267223219462380e+01 -1.196527623409982155e+01
2.215868489032915178e+01 -1.188546022634688448e+01
2.148126947690010979e+01 -1.243199267145900322e+01
2.228954747771612332e+01 -1.416757134450743827e+01
2.314445878980400906e+01 -1.513795443755690684e+01
2.349300018985777427e+01 -1.611279683183015976e+01
2.288869240061208643e+01 -1.720372915053544460e+01
2.183473501839471709e+01 -1.772705572583316780e+01
2.069851771417564379e+01 -1.750647810772152724e+01
1.932363654729930147e+01 -1.672117286011949133e+01
1.855002820283387521e+01 -1.692852468679553368e+01
1.828520200435133347e+01 -1.797568430705953801e+01
1.847537737208681818e+01 -1.907005718365736158e+01
1.834799358729996399e+01 -2.011464973695136393e+01
1.751892524358490988e+01 -2.052486988001816925e+01
1.662904880576752831e+01 -2.004984624804355420e+01
1.584117376984333880e+01 -1.924714212281579151e+01
1.519622356989407308e+01 -1.905221913813135970e+01
1.457365785194108376e+01 -1.958626540681470019e+01
1.425162056042120540e+01 -2.056280339271449265e+01
1.378978836749636372e+01 -2.108835193184328105e+01
1.295767096727488976e+01 -2.082828517316084671e+01
1.228961189269979926e+01 -2.038178207427977640e+01
1.148985376141397730e+01 -2.061279581341361222e+01
1.090155741614228546e+01 -2.109209580545038420e+01
1.016381418348759880e+01 -2.107217706832706128e+01
9.537123425326774040e+00 -2.060893778806663690e+01
8.820978785823385238e+00 -2.057883596070081111e+01
8.239484836920052402e+00 -2.032390700415110274e+01
7.570470473141420520e+00 -2.066618149247833003e+01
6.909518657743825010e+00 -2.099812763918798453e+01
6.335534395110554051e+00 -2.083709927335980083e+01
5.958909316081776097e+00 -2.017972080456176798e+01
5.275699694411617457e+00 -1.998781522248025766e+01
4.649581264759850008e+00 -2.032028795572977486e+01
3.892682853596404424e+00 -2.034161733762230639e+01
3.433465346893135983e+00 -1.993157078653593928e+01
3.359996532353166199e+00 -1.880668166451212997e+01
3.136566204265764934e+00 -1.834922078148361635e+01
2.368463919466465395e+00 -1.857374567592852799e+01
1.687162026586614294e+00 -1.878018241333465710e+01
9.659584057949955893e-01 -1.875993854498679880e+01
5.775369822578433343e-01 -1.828330974956699961e+01
8.923163637076516608e-01 -1.754702321682731991e+01
1.046630094179358927e+00 -1.691234387052315569e+01
7.798697180858469302e-01 -1.632726971882551936e+01
2.572258177437024007e-01 -1.608953564675859838e+01
-6.377013019511948988e-01 -1.606948325010456458e+01
-1.184804567923886998e+00 -1.572114924308144701e+01
-1.027769396851174299e+00 -1.492902417764149270e+01
-7.173642289353953094e-01 -1.429281923970172663e+01
-8.544042864054035569e-01 -1.360584177350991730e+01
-1.281207068787239223e+00 -1.300531393182378892e+01
-1.459741548644150066e+00 -1.233686048339689201e+01
-1.574846907397262630e+00 -1.163535134604973820e+01
-1.662338896678032585e+00 -1.089490456733477153e+01
-1.731007759772989152e+00 -1.018811987766672189e+01
-1.772510029732216275e+00 -9.476043850757921660e+00
-1.781654804849091889e+00 -8.771485930939190823e+00
-1.745712062902318396e+00 -8.082868830503466384e+00
-1.687587802676489446e+00 -7.394915616717104179e+00
-1.597778647729890977e+00 -6.704141978731165352e+00
-1.484725527147660040e+00 -6.058432775170993878e+00
-1.342001036494602673e+00 -5.381366148080238609e+00
-1.189763456173043688e+00 -4.737681249221937563e+00
-1.031044718685433237e+00 -4.102633066925040595e+00
-8.808379322309279891e-01 -3.483207933619296703e+00
-7.393142375945959133e-01 -2.887416803019102751e+00
-6.095951390593266073e-01 -2.286051601862213012e+00
-5.030535694070964459e-01 -1.696587398993691265e+00
-4.161633467416900323e-01 -1.115383012378750260e+00
-3.194723588692842120e-01 -6.515237040951579184e-01
-1.355639431941655648e-01 -2.230269420137474534e-01
-3.960868453650339063e-09 -7.874482434807657425e-09
