1.044603736160219576e+01 2.226655309546728034e+01
1.093652004629528740e+01 2.274269623643684568e+01
1.153774926281496960e+01 2.311345154671025171e+01
1.239172344153135441e+01 2.324311704711849202e+01
1.351584776416381573e+01 2.314637293157927900e+01
1.470631997161274818e+01 2.335994967562414359e+01
1.599736978383275421e+01 2.369471461584925365e+01
1.703891770717121190e+01 2.353241462371585868e+01
1.797945521628180288e+01 2.216011308504320354e+01
1.920016323885806031e+01 2.087702236287957192e+01
1.992059236612137596e+01 2.093655256083184568e+01
2.039488451632473343e+01 2.304316502010116352e+01
2.065618847384346424e+01 2.370209638652300654e+01
2.168331058786603194e+01 2.381059894238405406e+01
2.286664390446268058e+01 2.350680303728347198e+01
2.384919090752092785e+01 2.304502632076413704e+01
2.465110792964744491e+01 2.229537765102066160e+01
2.520841875059796777e+01 2.115305168894640531e+01
2.547548185439481117e+01 1.975506591510991328e+01
2.522739165859428212e+01 1.864572560672250390e+01
2.409112632354482386e+01 1.744134467134797717e+01
2.399514005839871444e+01 1.620873191687417147e+01
2.518465739802901737e+01 1.537128570264890826e+01
2.584479324276863466e+01 1.421435006267640411e+01
2.584073243000707265e+01 1.267569136861687618e+01
2.544267167361233462e+01 1.127793072789550166e+01
2.539404333818812987e+01 9.781771935923813999e+00
2.549206356851762578e+01 8.330063773258485682e+00
2.552684947259780301e+01 6.863940245803135554e+00
2.555163859429992357e+01 5.400945437261584381e+00
2.558904686316836674e+01 3.962907591831048570e+00
2.560218212416840444e+01 2.550089891734407477e+00
2.559693647655539550e+01 1.102637892222505744e+00
2.566620970301929816e+01 -3.186642651531177983e-01
2.583413318560091554e+01 -1.636698154645152448e+00
2.595518628054152543e+01 -2.922271142893225537e+00
2.596935643012045958e+01 -4.161623692278785924e+00
2.615747223526505394e+01 -5.328936252016940323e+00
2.642749073268512916e+01 -6.650553793263481062e+00
2.626565745292637999e+01 -7.931614469813455415e+00
2.527708024579504809e+01 -9.003436938166613501e+00
2.437644202501687118e+01 -1.015659514670325514e+01
2.511208024735411826e+01 -1.140865327770493387e+01
2.582133797033969103e+01 -1.232345923049600422e+01
2.643585388582295437e+01 -1.336208774489392148e+01
2.618125176012419075e+01 -1.459922375293974994e+01
2.553795062365848878e+01 -1.559948855135808188e+01
2.547769014800072895e+01 -1.691380114174453553e+01
2.492429879174856211e+01 -1.813882629997169005e+01
2.396478387276711786e+01 -1.905300957390289796e+01
2.294021150724358904e+01 -1.914040806905885006e+01
2.155334014817859156e+01 -1.779880325159928844e+01
2.059773686435572770e+01 -1.759340123461373651e+01
1.999977469072169356e+01 -1.912591454055493401e+01
1.990833063749115439e+01 -2.064824358662575676e+01
1.906217709097720459e+01 -2.163397162541225427e+01
1.801453996937100044e+01 -2.160176727898873850e+01
1.690627745020667660e+01 -2.014417322005229138e+01
1.571600947755681865e+01 -1.801594127991831229e+01
1.484250285265946445e+01 -1.768059737297372536e+01
1.414120381551653871e+01 -1.933159298260713044e+01
1.389699826340082112e+01 -2.106677008831162823e+01
1.346652820368596082e+01 -2.208583954989144971e+01
1.220804272002795798e+01 -2.270900423447142913e+01
1.093933901018374222e+01 -2.253156931415273334e+01
1.027368309280324254e+01 -2.157364779098719865e+01
9.505364721567501007e+00 -1.942456733043287542e+01
8.858460027243317825e+00 -1.840540379568490081e+01
7.774778535709113036e+00 -1.865422818373779990e+01
7.123100354651591637e+00 -2.018972060217815567e+01
6.492531668390133071e+00 -2.152722702068158611e+01
5.607414798978624937e+00 -2.224355522587095635e+01
4.417686848232502683e+00 -2.179843062210508720e+01
3.374691356147517141e+00 -2.120473631531096004e+01
2.047277017045972425e+00 -2.092508167022002752e+01
1.150525318573861089e+00 -2.020360828356221106e+01
9.702980062702419861e-01 -1.917829794950149136e+01
1.567592459324857135e+00 -1.839273030771652984e+01
2.707520418607425761e+00 -1.683676880076983551e+01
2.836777303531790917e+00 -1.579467935875970852e+01
1.986489178125280031e+00 -1.524921838974133159e+01
3.721633962001872353e-01 -1.576053231693361667e+01
-4.445105930928178184e-01 -1.582314059546016694e+01
-1.142336511191609949e+00 -1.524650398165006671e+01
-1.434590102728302785e+00 -1.420767405414082063e+01
-1.565072155000770016e+00 -1.319013872101690765e+01
-1.460992316453758155e+00 -1.221862752136975416e+01
-1.098558506055171691e+00 -1.128781253915021665e+01
-9.087851988581101548e-01 -1.030294205173717259e+01
-1.111967004825080485e+00 -9.320215379388004706e+00
-1.172314224607228228e+00 -8.291917340947703607e+00
-1.136051221456872540e+00 -7.218632057185702777e+00
-1.078078411452506824e+00 -6.185422691622696867e+00
-1.028996686554863871e+00 -5.134078853179708801e+00
-9.247414072421374920e-01 -4.065228863318972152e+00
-7.691435707320602999e-01 -3.020138756884503284e+00
-5.585685459089507754e-01 -2.006097651597989362e+00
-3.186188367064055615e-01 -1.073308226768501461e+00
-4.321200247298834923e-02 -1.314371579583804572e-01
-9.449959446779075288e-07 4.764936808460434628e-07
