-4.650677794654904318e+01 -2.351407721025913844e+01
-4.607136694083404649e+01 -2.354437333312955616e+01
-4.518525042556994009e+01 -2.333804041479735147e+01
-4.424409163938352663e+01 -2.321918161630264876e+01
-4.357896456739045021e+01 -2.328366869993461208e+01
-4.374586422132295382e+01 -2.448269432143473168e+01
-4.496262222780738682e+01 -2.527818115441982982e+01
-4.725189533708563516e+01 -2.558681358681280926e+01
-4.769115490647222799e+01 -2.591501137321689541e+01
-4.732694086726566951e+01 -2.744863012333885521e+01
-4.620941473278413980e+01 -2.865117380218149634e+01
-4.351761400478198993e+01 -2.932210615830208056e+01
-4.239987101981765960e+01 -2.961761101679807595e+01
-4.178285927017945056e+01 -3.068386881795274945e+01
-4.209799597082188427e+01 -3.170694658984867687e+01
-4.366086453062384720e+01 -3.291634125756046814e+01
-4.468724882263504838e+01 -3.345688646180058612e+01
-4.482229938207912312e+01 -3.464301061362635181e+01
-4.420812746327149512e+01 -3.593170434206612640e+01
-4.321620399938753110e+01 -3.691461980018156197e+01
-4.198518872384445899e+01 -3.741344527746802129e+01
-4.080919772133925960e+01 -3.717894258004422170e+01
-4.029303265677805257e+01 -3.612832758255951404e+01
-3.985551030048856802e+01 -3.521748640224006976e+01
-3.898884694313886001e+01 -3.480936928567589206e+01
-3.805179842758937525e+01 -3.512684097403019479e+01
-3.737848830867706340e+01 -3.556010738787771430e+01
-3.675230578130705084e+01 -3.644278671906759826e+01
-3.583088566097266181e+01 -3.652222506579391137e+01
-3.518140917863151884e+01 -3.586091473054321455e+01
-3.513054603672322429e+01 -3.492724849644812224e+01
-3.477390502318754528e+01 -3.427239669922943932e+01
-3.379570571481971086e+01 -3.429580902803422759e+01
-3.310867811136814964e+01 -3.433296978664921539e+01
-3.241911930437998990e+01 -3.387865632191387277e+01
-3.188095981732571360e+01 -3.325115502923570432e+01
-3.158849259528131981e+01 -3.251124241389513969e+01
-3.151085052169510092e+01 -3.163712427065867416e+01
-3.085031358088197706e+01 -3.121809116952012175e+01
-3.049206429832360143e+01 -3.048435350858593651e+01
-3.043775578891052902e+01 -2.961040365512790018e+01
-2.959890347164708757e+01 -2.924741766286607003e+01
-2.892557617664376934e+01 -2.877613118136639514e+01
-2.857452372970230670e+01 -2.803983318677022751e+01
-2.853030251763648195e+01 -2.711208230099953909e+01
-2.805481304582857049e+01 -2.643764772842189004e+01
-2.739303554623606374e+01 -2.588469929391199642e+01
-2.683266234677546436e+01 -2.527294006223064571e+01
-2.633256333338022159e+01 -2.457599349939281907e+01
-2.587039399420892849e+01 -2.384955169589957080e+01
-2.531868378635336114e+01 -2.324027174317377131e+01
-2.456806152393373210e+01 -2.291694797555442875e+01
-2.415417696141942017e+01 -2.221883660790204473e+01
-2.362796959765307037e+01 -2.162191573298027336e+01
-2.285416766777273878e+01 -2.140385067425913945e+01
-2.236757500233517604e+01 -2.092647391350012498e+01
-2.153199029410107457e+01 -2.086132947141247485e+01
-2.083494904748475562e+01 -2.095232512375691059e+01
-2.042409884076304039e+01 -2.024580279012316808e+01
-1.979561828260299450e+01 -1.975192597688533880e+01
-1.912250315231926479e+01 -1.983833288100654002e+01
-1.833361196626729139e+01 -2.062341914714020774e+01
-1.764890384254875144e+01 -2.075195840113833867e+01
-1.717357701523841840e+01 -1.977258857588472551e+01
-1.675058039575734625e+01 -1.935888969319604769e+01
-1.575733485266307987e+01 -1.991694790207637666e+01
-1.520003491740185986e+01 -2.013563180390319474e+01
-1.452972935627429862e+01 -1.936140539507163183e+01
-1.392808208105544310e+01 -1.917992128242063998e+01
-1.310665407663930360e+01 -1.994635372044680821e+01
-1.258903249275810232e+01 -2.047710700940995210e+01
-1.185075044726481153e+01 -2.021727257634840669e+01
-1.136418261192476997e+01 -1.941166220362348582e+01
-1.072068584381940859e+01 -1.904500524952435470e+01
-9.932753060540958856e+00 -1.917611015832094878e+01
-9.125099345509323001e+00 -1.915728208430487456e+01
-8.512892083664164389e+00 -1.864945303980575275e+01
-7.960815810986396457e+00 -1.812344092558892683e+01
-7.407106162916782033e+00 -1.757483494464965190e+01
-6.874980125189900093e+00 -1.700009995946454922e+01
-6.318085821724591433e+00 -1.641235668904391787e+01
-5.758868807817956181e+00 -1.577642882949367831e+01
-5.198582968945134830e+00 -1.506593987232297138e+01
-4.658091636453461248e+00 -1.426670325421008023e+01
-4.159233114041953172e+00 -1.341187383035612335e+01
-3.675894368519833311e+00 -1.249511093134664108e+01
-3.220433424560213975e+00 -1.153247571363082180e+01
-2.796962071384879955e+00 -1.057300462497129168e+01
-2.362816375030901472e+00 -9.538439723510155233e+00
-1.953578468282232139e+00 -8.490479602508289148e+00
-1.565651984759262261e+00 -7.402747360735284943e+00
-1.212920949862880349e+00 -6.339101680627395652e+00
-8.892350006791293060e-01 -5.302010065332872557e+00
-5.878241421299672531e-01 -4.231904689885139348e+00
-3.370527814284745571e-01 -3.209047904054585842e+00
-1.488989329490100211e-01 -2.271800460089864249e+00
-1.468894803340433861e-02 -1.403868340634153000e+00
7.154343575243624076e-02 -5.949660356823704976e-01
6.707390234506756255e-02 -1.388801261889137384e-01
6.391223140298485497e-06 2.527419467938637266e-07
