-1.225554089261106760e+01 3.085512648033846173e+00
-1.152570516634725806e+01 2.423065915345549381e+00
-1.112497306248264550e+01 1.851900288522795313e+00
-1.185996728817406698e+01 1.900267301642752926e+00
-1.307141014594946071e+01 2.525591038544743760e+00
-1.363776585984904521e+01 3.055891876905493021e+00
-1.385305366070964439e+01 3.413781448033117005e+00
-1.359103074528904109e+01 4.370718073913040236e+00
-1.354371989117899489e+01 4.743071444491326893e+00
-1.402016169529065692e+01 5.188900278168915747e+00
-1.473574284101737142e+01 5.628760772736443485e+00
-1.538810838654851132e+01 6.406600362915736646e+00
-1.581631892196065259e+01 7.434948486666291600e+00
-1.610713096674734146e+01 8.601274887618645337e+00
-1.636708581595790690e+01 9.807327220607506391e+00
-1.659891619490728232e+01 1.109241405901503796e+01
-1.678508043583900289e+01 1.241888509432873811e+01
-1.692186944283276162e+01 1.370125218096932329e+01
-1.700571352287214566e+01 1.501288656378069675e+01
-1.698983931840641759e+01 1.629379728520883930e+01
-1.692164369667980495e+01 1.755722556347024010e+01
-1.676976415805337695e+01 1.878574881922245865e+01
-1.651561875476162555e+01 2.001155840344358694e+01
-1.614373118862399537e+01 2.120259230339548751e+01
-1.580647625958849467e+01 2.236976828101224513e+01
-1.557894529550240392e+01 2.356567741454743370e+01
-1.535624357949135188e+01 2.475578160388989701e+01
-1.465327772085012725e+01 2.572046234409720356e+01
-1.371569386796619838e+01 2.651276317932995852e+01
-1.335842946164757450e+01 2.765712988336530742e+01
-1.308270723362710264e+01 2.880494027936761725e+01
-1.239763569794877895e+01 2.979722363490268222e+01
-1.157531495710317770e+01 3.070708101543337420e+01
-1.083835634785880764e+01 3.168843975765599197e+01
-1.036744121439611632e+01 3.282953497711049096e+01
-1.019230387949509620e+01 3.406109855339212089e+01
-9.940775226305657242e+00 3.533784017452710913e+01
-9.370032091123889018e+00 3.638578560960694830e+01
-8.395925360110945590e+00 3.731635029934309244e+01
-8.063136166112728986e+00 3.848704218538112087e+01
-8.497535573881959792e+00 3.972752819676154701e+01
-8.712963864424716931e+00 4.101894350138505985e+01
-8.603724326030548042e+00 4.245156310712570047e+01
-8.319300764324072617e+00 4.384094454706597332e+01
-7.933408469563626220e+00 4.511883976634657500e+01
-7.474114324398133391e+00 4.612467998902199184e+01
-6.864098207543695374e+00 4.700758870250717081e+01
-5.783111719817046747e+00 4.696571646905994157e+01
-4.986611161228309719e+00 4.615759154405922260e+01
-4.239401752682063318e+00 4.501263429333426558e+01
-3.812580403079135039e+00 4.350998546235059194e+01
-3.837562068759671430e+00 4.226275249274512191e+01
-3.026239879665329369e+00 4.136125756988511171e+01
-2.190281429955627246e+00 4.037584773822452888e+01
-1.509055090129747700e+00 3.922975556978185097e+01
-9.054383396202816403e-01 3.798192267361081065e+01
-3.731484664186107136e-01 3.674463922955200701e+01
2.167009928248635753e-01 3.550038330664398956e+01
8.324537117118672169e-01 3.427684393901197524e+01
1.484978964901403131e+00 3.301749710342806310e+01
2.116035532577296596e+00 3.176014680819665514e+01
2.751887500751229343e+00 3.051469098852995998e+01
3.385756281458955463e+00 2.929698878215694080e+01
4.011677257023890775e+00 2.806637535861329980e+01
4.626247422499904616e+00 2.689314997864697432e+01
5.252219028897727071e+00 2.571670293666889151e+01
5.817404898978886685e+00 2.455140203756614525e+01
6.303826950170833499e+00 2.343162233887594681e+01
6.767409250034456925e+00 2.230932015878142849e+01
7.160320820346877113e+00 2.121724321003874181e+01
7.517060823844399664e+00 2.011980963392599975e+01
7.761514433274092184e+00 1.905227984334219826e+01
7.936332057789798888e+00 1.797331558820802755e+01
8.010554451626971328e+00 1.688506953059577498e+01
8.019585861822923434e+00 1.579765692749374395e+01
7.945403020618268641e+00 1.465016807624742157e+01
7.820865297067304489e+00 1.353389348728942743e+01
7.610552148464538647e+00 1.242836091148622302e+01
7.337708744276834949e+00 1.131472962131081772e+01
7.027444226419661710e+00 1.020986456543112020e+01
6.682014629756238833e+00 9.147034627830050724e+00
6.275484486041307264e+00 8.162143567296135771e+00
5.809985846818221056e+00 7.191956965300507321e+00
5.354757436433431828e+00 6.322824575808396297e+00
4.850312364849955316e+00 5.492403699916891924e+00
4.345744717160661352e+00 4.739922748252927143e+00
3.811645809591782896e+00 4.014368169789132246e+00
3.295699524247447609e+00 3.360459016576324398e+00
2.780566247284427028e+00 2.739254669533541353e+00
2.289417950397550250e+00 2.180498379302351797e+00
1.798379055437168805e+00 1.678209754519927710e+00
1.340508127895108537e+00 1.236574003825170465e+00
9.317415159395561197e-01 8.561421644064540759e-01
6.446499714597756503e-01 5.682915775409522752e-01
3.200331692163406738e-01 1.457118009136304237e-01
4.409158885187709070e-02 -1.270617802901695126e-01
-4.112043171768722111e-02 -1.162950191635555852e-01
-4.182176042498219476e-02 5.512991175029981206e-02
-1.829769713162368236e-02 9.724922433977939429e-02
-1.987817218302287398e-12 1.400128155668099561e-11
