-2.707260630635828136e+01 -2.239276736260452427e+00
-2.760315340032372333e+01 -2.116807020127264405e+00
-2.837705984082178645e+01 -1.804391854900062153e+00
-2.930607032163602810e+01 -1.313539257747115885e+00
-3.030111703805568979e+01 -5.903187079938222448e-01
-3.123068364932311525e+01 3.220208514399290900e-01
-3.207292504820144075e+01 1.387038717708444890e+00
-3.275554848133415220e+01 2.564452631000044391e+00
-3.327504594211085021e+01 3.841370011793336481e+00
-3.357352811283983840e+01 5.153597376170664823e+00
-3.365300855915287315e+01 6.507550792950056007e+00
-3.352734597954464135e+01 7.759685944773939248e+00
-3.322569668754192662e+01 8.953969425088281753e+00
-3.278526448030994089e+01 1.005544019398123545e+01
-3.225712577190638086e+01 1.097965793519191813e+01
-3.162373858433734597e+01 1.184847383742642357e+01
-3.083899840437765150e+01 1.258398472557614767e+01
-2.997973306391657644e+01 1.315103198934538042e+01
-2.901127733764241512e+01 1.367721113023484669e+01
-2.802568303765188418e+01 1.415619582978906088e+01
-2.699226992843374617e+01 1.457838655999485233e+01
-2.595848305414703461e+01 1.496885620943816342e+01
-2.492581268691217744e+01 1.538419020832050244e+01
-2.393986558016695199e+01 1.582658361119507440e+01
-2.296137069201263969e+01 1.628874644828371743e+01
-2.205755533481595165e+01 1.680792401309950890e+01
-2.122224706413409834e+01 1.740548515329195922e+01
-2.042182830942962468e+01 1.803831592322529787e+01
-1.973429667730357906e+01 1.887252585347778577e+01
-1.931393785886574577e+01 1.982872243054789152e+01
-1.888922894357119020e+01 2.080218121836068335e+01
-1.846130239632871195e+01 2.178143307870002943e+01
-1.804338397629853219e+01 2.277664909261022785e+01
-1.760655475016349314e+01 2.373201339929892839e+01
-1.714705567750436543e+01 2.466506012483466748e+01
-1.665811542897993647e+01 2.560688031670429154e+01
-1.611346459506626871e+01 2.652649075995540784e+01
-1.551281575135003621e+01 2.745337727964205143e+01
-1.486159597481634087e+01 2.835011733288412472e+01
-1.417696450742053393e+01 2.920218895724388375e+01
-1.343063465497810149e+01 2.999543976872378082e+01
-1.262205647051931301e+01 3.069680040360954010e+01
-1.175338338151617634e+01 3.130660217219769947e+01
-1.082332877628841139e+01 3.180496706791842243e+01
-9.834707784171609291e+00 3.220497243744595295e+01
-8.798848822588752228e+00 3.247034635447626272e+01
-7.708344106367727377e+00 3.260519187964013810e+01
-6.587724071828355399e+00 3.262671247684395581e+01
-5.417447608626765998e+00 3.258148730231031465e+01
-4.266136747039862342e+00 3.247595267243033845e+01
-3.075021996377226507e+00 3.231621975074796893e+01
-1.981708602779977735e+00 3.210024527549312268e+01
-9.058595364991447463e-01 3.181352292800940873e+01
4.816439689979687411e-02 3.143022120894070071e+01
8.912152893173047596e-01 3.092588428837487058e+01
1.537443394049834655e+00 3.029101914182569644e+01
1.993162056432234763e+00 2.949474291095067358e+01
2.252811134359297807e+00 2.861205835375810480e+01
2.372589464372106161e+00 2.768774783001698836e+01
2.396339408899075707e+00 2.672031750803202144e+01
2.335098342932685256e+00 2.573018293276432189e+01
2.200907753119797139e+00 2.472929249404763041e+01
2.004291314169468929e+00 2.370518392710800626e+01
1.791448823878210472e+00 2.272969477425187179e+01
1.582059101059982487e+00 2.175362811392143314e+01
1.427433427365205398e+00 2.077752963567010625e+01
1.359418853582464504e+00 1.985687441622491534e+01
1.380573588623811077e+00 1.896314168704098080e+01
1.524728352958351074e+00 1.809606027704390740e+01
1.818695688109244424e+00 1.726984183041861343e+01
2.274262770231315400e+00 1.648973705516477040e+01
2.859091214228116407e+00 1.577999743564899227e+01
3.547232247235633018e+00 1.515094063406806235e+01
4.329075641436560318e+00 1.455823554279189302e+01
5.123164698767091352e+00 1.403366020628127586e+01
5.938760581673176553e+00 1.354791958466498336e+01
6.765689246581205296e+00 1.310677078184377109e+01
7.600773421103569127e+00 1.269069438069599443e+01
8.441742165434600764e+00 1.226673128775172295e+01
9.239497971083091343e+00 1.183168233668016711e+01
1.001447636703971433e+01 1.137101219918073447e+01
1.075042976345238976e+01 1.084922883881186451e+01
1.138321954060121044e+01 1.027981601695252678e+01
1.188958032927176589e+01 9.626118910110042393e+00
1.222776964788284459e+01 8.939435857751384162e+00
1.241804142537011479e+01 8.153652339081384426e+00
1.243921137322973181e+01 7.298346323112856915e+00
1.224438059964602310e+01 6.352471671847256474e+00
1.176373834969090559e+01 5.422351708353517985e+00
1.102055464865160950e+01 4.583574193562220955e+00
1.009053056580027175e+01 3.860318353608367836e+00
8.996634531404977153e+00 3.214509032668150912e+00
7.818397008013840299e+00 2.677168474740857285e+00
6.570281235737271963e+00 2.208478495316383405e+00
5.285183441326402054e+00 1.777076466361737328e+00
4.034440004773427901e+00 1.394647853329180176e+00
2.866744315425279854e+00 1.032827621812622887e+00
1.772954352941069178e+00 6.679440035088113348e-01
8.124120613004737201e-01 3.165288051869585284e-01
2.077981184007776857e-07 8.437632454908708115e-08
