2.700156947458443923e+01 4.497645242979155000e+01
2.627504467371146646e+01 4.567906041465639788e+01
2.716013927582675080e+01 4.563323016121861286e+01
2.937600471160078897e+01 4.449486710999262584e+01
3.155570722168268460e+01 4.304656265779228619e+01
3.172546424832486167e+01 4.236154178705054107e+01
3.003079131158862225e+01 4.162821196836307536e+01
2.808788311999131793e+01 4.216544665990769403e+01
2.372993587576442209e+01 4.363893530819452593e+01
2.195788200351035258e+01 4.414236527769488561e+01
1.949126347107998924e+01 4.425653468225446119e+01
1.868865489714133687e+01 4.273596575662946861e+01
2.032109264627296952e+01 4.120536368530698468e+01
2.223061041945939564e+01 3.954793105457324032e+01
2.432985629035848163e+01 3.792941007201893200e+01
2.570585103453489850e+01 3.634652641892582636e+01
2.521245919417883030e+01 3.507861043412396640e+01
2.345440370318140566e+01 3.493261429814265284e+01
2.044369808255066090e+01 3.560130508115191361e+01
1.710444756946157341e+01 3.602554471789053991e+01
1.610803657696552804e+01 3.566766959311290464e+01
1.704658152903794388e+01 3.432107887734709806e+01
2.001149986497095412e+01 3.190059393466683701e+01
2.145203844231941659e+01 3.063119584118053851e+01
2.176068996462502980e+01 2.966286427662643987e+01
2.084315314624581816e+01 2.883283395909936786e+01
1.887365008209076578e+01 2.913421888754399802e+01
1.610146700119472740e+01 2.993602815565914810e+01
1.427678724641619290e+01 3.009620399910220812e+01
1.372297839580745382e+01 2.910344627239667759e+01
1.501054210643436448e+01 2.755214254622856629e+01
1.657813727962824046e+01 2.627812330468052693e+01
1.748950928599313315e+01 2.508383438088568695e+01
1.711649111857445860e+01 2.390619823333878458e+01
1.612503032876107767e+01 2.360664379022581016e+01
1.370693419106324740e+01 2.425612779682052178e+01
1.226982898062617444e+01 2.472641447546604354e+01
1.181504985350927939e+01 2.433062748699768463e+01
1.311626830748405403e+01 2.224473010885357027e+01
1.372095675862575703e+01 2.126441881096833342e+01
1.323246943880226922e+01 2.078928493781155851e+01
1.059851283871261707e+01 2.124000240266115824e+01
1.007395402336746493e+01 2.112937250300045733e+01
1.089810266797290872e+01 1.966443162981930115e+01
1.176389203145303775e+01 1.861941222747281799e+01
1.218157990167031279e+01 1.779280249279088721e+01
1.168529564092179385e+01 1.712719062532945102e+01
1.059778730515527201e+01 1.723729470071969061e+01
8.837194388309109527e+00 1.792458259016748556e+01
7.842981385227900226e+00 1.799550986695695798e+01
7.445646487166492911e+00 1.714519264808049570e+01
8.120987705476247598e+00 1.601534818769273016e+01
9.073993243320872537e+00 1.516590699649111862e+01
9.552008920078176146e+00 1.439263511643702032e+01
9.307169435636922117e+00 1.351583620803032915e+01
8.795836633284633166e+00 1.297416187639558771e+01
7.914088779404460539e+00 1.292107931692938472e+01
6.385820874210092590e+00 1.342926907501163214e+01
5.741443077871092093e+00 1.342953361434829596e+01
5.607598701484632464e+00 1.261634141179698076e+01
6.312403403908315447e+00 1.157116308672608440e+01
6.814272360320786426e+00 1.076658206797374184e+01
6.813816979319660128e+00 1.004628847782594114e+01
6.276860218893705934e+00 9.763685317419652065e+00
4.898172507673933751e+00 1.001224644605887093e+01
4.438267825080978390e+00 9.981794728008132722e+00
4.510560012950816322e+00 9.279782130556730735e+00
4.985671431843141654e+00 8.628557262620969226e+00
5.219090243671097085e+00 8.089444412478716373e+00
5.079731937805621378e+00 7.459494769608679299e+00
4.731603641454649178e+00 7.006792575169440873e+00
4.287612787366533951e+00 7.059270889347498468e+00
3.684388939687895714e+00 7.398320274031332744e+00
3.194591242415997900e+00 7.414470576617754105e+00
2.894636449396541966e+00 6.852455438029394941e+00
2.872846773562997669e+00 6.409764081151935855e+00
3.147089155732312182e+00 6.007077419871110990e+00
3.518324904564366751e+00 5.586890603784440579e+00
3.617260153397006572e+00 5.282789757498150607e+00
3.270150125556152698e+00 4.890958543100704325e+00
2.934282759976051036e+00 4.719748133707170723e+00
2.444031843971645301e+00 4.745025872201806827e+00
2.139687410509696797e+00 4.561812083971015674e+00
2.058306730784003502e+00 4.205816685971546676e+00
2.113508729264707675e+00 3.848134972802581544e+00
1.957869862166150776e+00 3.561967833188094179e+00
1.771125380803931337e+00 3.292139435430564642e+00
1.596261116354758203e+00 3.003818048761869974e+00
1.443135784901680374e+00 2.736400846763828554e+00
1.283074214904344368e+00 2.469683519851012754e+00
1.125689689003060545e+00 2.203041532264736979e+00
9.798340943222181298e-01 1.936076462803128173e+00
8.324078407892672171e-01 1.663037809451739069e+00
6.808681267141604154e-01 1.365180199691019336e+00
5.384352363704670852e-01 1.067675853880063253e+00
4.011074092880099196e-01 7.693554797230178766e-01
2.746378802790371831e-01 4.953281142337729870e-01
1.604080100327110459e-01 2.679935748431419573e-01
7.061304921351261796e-03 9.222571208411809232e-03
1.791853844724937314e-05 -1.569221599635625642e-04
