-3.206700492596675645e+01 4.411096102198727920e+01
-3.191555512730195687e+01 4.406421493463530936e+01
-3.034910312726161052e+01 4.348742353682120410e+01
-3.013854689063773407e+01 4.297885384501131512e+01
-3.014398665478830353e+01 4.187911083341572294e+01
-3.065731808441051598e+01 4.104118926315779703e+01
-3.277922092786778308e+01 4.118981378162412454e+01
-3.402763562790499208e+01 4.180898442577021967e+01
-3.528879357300133535e+01 4.242670732668371869e+01
-3.590691575493841015e+01 4.082890960580824213e+01
-3.515792227630088718e+01 3.822105826073450885e+01
-3.453945097057727764e+01 3.714905263202678753e+01
-3.316850206877052187e+01 3.588972385860776626e+01
-3.195716331985362757e+01 3.487796600156983828e+01
-3.218050931712812002e+01 3.309777842364820089e+01
-3.343100519822734640e+01 3.178931365933529207e+01
-3.370914388184629473e+01 3.013515285832339075e+01
-3.271626872015078646e+01 2.868278566659343198e+01
-3.139795380686870629e+01 2.766300762746837449e+01
-3.106704478197826802e+01 2.617940052792013361e+01
-3.161816398805548189e+01 2.469395586889024230e+01
-3.147244929909504663e+01 2.329191731028308965e+01
-3.039961651144229648e+01 2.223226189268245534e+01
-2.998185237498425337e+01 2.074557241302106547e+01
-3.004716097579016321e+01 1.960546461556318931e+01
-3.131340358162337267e+01 1.837020443609995013e+01
-3.170956295437453676e+01 1.742890942496411810e+01
-3.061652860319600933e+01 1.616281161779635411e+01
-2.981004130351641379e+01 1.530579316758813491e+01
-2.988490125781900630e+01 1.425466739706187269e+01
-3.115956573205633262e+01 1.349667534570067140e+01
-3.216751543399193025e+01 1.294110086333409271e+01
-3.258376565168425287e+01 1.181727212587219533e+01
-3.225178092797799678e+01 1.087404521882625907e+01
-3.115078937189557706e+01 1.031390943078793221e+01
-3.021539064547545550e+01 9.832533224452673082e+00
-3.017885802389067607e+01 8.689249825316977649e+00
-3.074768555920835311e+01 7.862856675014977093e+00
-3.185947051985946743e+01 7.483669423901469386e+00
-3.274747686467981822e+01 7.062936060947035521e+00
-3.281046637728844928e+01 6.161334261493252917e+00
-3.172908130971517338e+01 5.230623769452765082e+00
-3.130548906208102267e+01 4.596522002019227671e+00
-3.115525670039820127e+01 3.453794241228708817e+00
-3.123957526381727590e+01 2.724730249806247784e+00
-3.202874189447607733e+01 2.682753527534523119e+00
-3.336244698603811543e+01 2.975287312320001210e+00
-3.389641188347928846e+01 2.648560527473200032e+00
-3.382348054674621807e+01 1.955558427606270078e+00
-3.287374425199781314e+01 1.069601322459579285e+00
-3.269179073504042776e+01 6.358447292056570443e-01
-3.337614530886544628e+01 2.223729876255401416e-01
-3.402548377194197116e+01 4.149784939047389959e-02
-3.441804597685179345e+01 -5.440871580849102607e-01
-3.464156447656467464e+01 -1.302035033378024176e+00
-3.499827616369734073e+01 -2.274414425790485694e+00
-3.455264498352558888e+01 -3.048848854227758309e+00
-3.339318414181151695e+01 -2.936374609883955156e+00
-3.272103322797477176e+01 -2.376420170397354870e+00
-3.216029660217802899e+01 -2.024984384262762394e+00
-3.168252117006163715e+01 -2.330791769867075924e+00
-3.126462260542259486e+01 -3.091937416987229792e+00
-3.085967556751591090e+01 -3.630517574466613606e+00
-3.033952746477621432e+01 -3.421470580762775882e+00
-2.959006768299408208e+01 -2.660191359713035553e+00
-2.906506507831335284e+01 -2.745050395956806888e+00
-2.878341024391476566e+01 -3.516266701935710337e+00
-2.836473293082040925e+01 -3.981708066052715544e+00
-2.758241775202759172e+01 -4.087606389078995761e+00
-2.686268488186716041e+01 -3.981661935258701934e+00
-2.606040185810088516e+01 -4.005580012370574927e+00
-2.516166837459836003e+01 -4.027225074157772866e+00
-2.422854895711483536e+01 -4.000583292646869182e+00
-2.320652123583131043e+01 -3.921570810608075774e+00
-2.216437328023528153e+01 -3.807611400283459346e+00
-2.107556179180075873e+01 -3.669717359892366471e+00
-1.997743212225366705e+01 -3.523872739073225180e+00
-1.883609815015867639e+01 -3.360417471177428173e+00
-1.773352779816956115e+01 -3.206392968233277685e+00
-1.654099337641880396e+01 -3.032616930107599362e+00
-1.538059158423571482e+01 -2.853363545479880692e+00
-1.414348331225307831e+01 -2.661299796814202701e+00
-1.292031674528432461e+01 -2.475306713609659148e+00
-1.168695994446652975e+01 -2.293688634921668523e+00
-1.048563549314870258e+01 -2.125183321669735559e+00
-9.342210970541461990e+00 -1.958369881621451869e+00
-8.286705062112499576e+00 -1.779756908549187111e+00
-7.284074745419004238e+00 -1.604666125155537193e+00
-6.387349080771613785e+00 -1.421154502087835780e+00
-5.525995034128899697e+00 -1.244795131590304305e+00
-4.757622681524787289e+00 -1.089481084592193172e+00
-4.025857660097437396e+00 -9.336622867362360800e-01
-3.332511985053358661e+00 -7.598431370466999235e-01
-2.710453779999729029e+00 -5.680578963406927029e-01
-2.130498661741256239e+00 -3.850124204814587281e-01
-1.567267240239808013e+00 -2.302965297785074528e-01
-1.064194992491023006e+00 -1.179198077053073973e-01
-6.315296095919146202e-01 -4.780034038011438113e-02
-2.812305853353663232e-01 -1.334101454671392933e-02
-1.104037408126200735e-07 -2.424846158380361969e-09
