-4.522166818388374310e+01 -4.399014110548681344e+01
-4.582792433294765289e+01 -4.328207317726445069e+01
-4.525064222726599183e+01 -4.141142181564306668e+01
-4.382347569064101123e+01 -3.960357455391596915e+01
-4.305743390426228956e+01 -3.693079277202398458e+01
-4.257072875122341316e+01 -3.412229793410753587e+01
-4.200180835164088933e+01 -3.117474908462937577e+01
-4.140521656576316190e+01 -2.832460434174168995e+01
-4.078513438782011491e+01 -2.543754886421261574e+01
-4.021374340123194457e+01 -2.273385726593999578e+01
-3.964522835337114515e+01 -2.012862015681573880e+01
-3.899623298991156872e+01 -1.761339596551204068e+01
-3.833496665624366528e+01 -1.531814722104626725e+01
-3.768313310504432678e+01 -1.319582211990451093e+01
-3.719454082177625054e+01 -1.114136146223675894e+01
-3.691304658389292115e+01 -9.109264859595608499e+00
-3.656699510070043146e+01 -7.321620670575764933e+00
-3.545197011820018673e+01 -6.081487094549537176e+00
-3.437240974480273081e+01 -4.527838507522472966e+00
-3.411907255238914161e+01 -3.261002755198121772e+00
-3.511653137165162519e+01 -1.979774446904936092e+00
-3.585177482250490044e+01 -7.190651410468944515e-01
-3.549486529320466133e+01 8.477873072428436796e-01
-3.429115711441937719e+01 1.749152750271498746e+00
-3.302165569082976759e+01 1.909858338555124879e+00
-3.194005359398765265e+01 1.983703514291292880e+00
-3.099026278199012197e+01 2.169790405879059136e+00
-3.007391047844033949e+01 2.163780739957107624e+00
-2.919486128271405079e+01 1.952864215546848525e+00
-2.849509557543916216e+01 1.496494477405637902e+00
-2.828200846975034466e+01 7.302623916893717926e-01
-2.887131709332929219e+01 -4.182030696826493088e-01
-2.867084419970558073e+01 -1.260933974278096503e+00
-2.778052995617363052e+01 -1.561908593338369400e+00
-2.669892209950973339e+01 -1.287616384659308277e+00
-2.587277316872659938e+01 -1.641785364349238385e+00
-2.520044960414793067e+01 -2.698060430049876501e+00
-2.499996222636695009e+01 -4.046639561634397531e+00
-2.507780904140359368e+01 -5.341155311855308341e+00
-2.484773202943571846e+01 -6.736800477629048878e+00
-2.445513744052231075e+01 -8.231187447227592102e+00
-2.410270991409762686e+01 -9.839476734205950592e+00
-2.381003325619563071e+01 -1.154592288474922768e+01
-2.353045997217082785e+01 -1.329547917806099555e+01
-2.327967234918700612e+01 -1.514650065389235856e+01
-2.300404811590233223e+01 -1.699846895524056833e+01
-2.271499029389693902e+01 -1.892183824830345529e+01
-2.243138064680082877e+01 -2.089186530650375673e+01
-2.211255486582082597e+01 -2.280665070930322358e+01
-2.178997990446730526e+01 -2.475465623063200482e+01
-2.143272396926130341e+01 -2.669672593884176237e+01
-2.109416565836707136e+01 -2.860170948019068859e+01
-2.080468676269693873e+01 -3.041323891544431035e+01
-2.055438297046648799e+01 -3.207102900039760840e+01
-2.031041022223335091e+01 -3.368765824778810725e+01
-2.013884556221423594e+01 -3.512537663150963851e+01
-2.020012570430408871e+01 -3.639237578322739353e+01
-2.022803455977795295e+01 -3.758075392002479731e+01
-2.009270195555889060e+01 -3.871763480735845775e+01
-1.954998124633675971e+01 -3.951704058531211672e+01
-1.878072805221863817e+01 -3.973544654378354579e+01
-1.800173729872271977e+01 -3.955969794704805764e+01
-1.738689864947478725e+01 -4.002296393114219342e+01
-1.705320380896293742e+01 -4.060592049731155839e+01
-1.639182187502438737e+01 -4.086619695664338536e+01
-1.571834530256058393e+01 -4.078768365628036463e+01
-1.509215357949393344e+01 -4.070115103726650574e+01
-1.444650535718666085e+01 -4.068257576751610571e+01
-1.378979793795176434e+01 -4.051357497412780617e+01
-1.322736570925919963e+01 -4.018675471411635414e+01
-1.246124466144862986e+01 -4.015582278467663713e+01
-1.192194600806396920e+01 -3.970231348099280666e+01
-1.181808401381594820e+01 -3.879454299875723677e+01
-1.140560364752031575e+01 -3.818673133211377291e+01
-1.052190325333305054e+01 -3.824693954435996801e+01
-9.698381906090965288e+00 -3.786661404000091835e+01
-9.202601377229745694e+00 -3.701941601219778022e+01
-8.901677084731284495e+00 -3.602360712772205176e+01
-8.816419872350266473e+00 -3.488699167262078760e+01
-8.431788850096896937e+00 -3.380709980524436276e+01
-7.919668347449136725e+00 -3.264671601579826188e+01
-7.589933869044806158e+00 -3.130085442912701410e+01
-7.336985277979376718e+00 -2.984996745415428521e+01
-7.133185866594081936e+00 -2.828468941382846324e+01
-6.877764714701735116e+00 -2.660210142243260734e+01
-6.527377776462696346e+00 -2.483169866366005252e+01
-6.091048978347401999e+00 -2.296309180062728572e+01
-5.582214630774436692e+00 -2.101205813834808112e+01
-5.032283834272008427e+00 -1.895088651589700035e+01
-4.470403922312181422e+00 -1.692281728019252895e+01
-3.865261012242340755e+00 -1.479134539388126868e+01
-3.230855993735121334e+00 -1.258654833015578056e+01
-2.605432557520246828e+00 -1.036539724825834874e+01
-2.042899661545044765e+00 -8.280607534902365785e+00
-1.558713096579238178e+00 -6.362423215330245796e+00
-1.148822395946113906e+00 -4.592735616382267239e+00
-7.589521882642100703e-01 -2.885121320082875584e+00
-4.223705459315238997e-01 -1.477428744540991712e+00
-7.885383513800679756e-02 -2.212340786722592489e-01
-4.589802104588550349e-06 -7.206106897840702493e-06
