-2.108001415050140182e+01 -1.854770250688185129e+01
-2.152673137407915149e+01 -1.765728621528362652e+01
-2.155573646135321297e+01 -1.574497872816075983e+01
-2.130428609716496524e+01 -1.331975650918089116e+01
-2.113661907263434614e+01 -1.071785585919168149e+01
-2.110037568638826144e+01 -8.143140817911614704e+00
-2.113432699611194465e+01 -5.595486738874015487e+00
-2.121388408224935773e+01 -3.112323675956480962e+00
-2.125510795245403273e+01 -7.729448625400526796e-01
-2.119919303515588638e+01 1.433077064945801560e+00
-2.109667690991626898e+01 3.499635035418894979e+00
-2.112217810432353460e+01 5.395422161522077431e+00
-2.138389998547678772e+01 7.288439695204630198e+00
-2.094457580009616393e+01 8.858504535215194764e+00
-1.978601233399684389e+01 9.807500233388902089e+00
-1.983744983259469663e+01 1.161662022929005467e+01
-2.022876332721139292e+01 1.273167823421319333e+01
-1.958920922483370575e+01 1.391658282314025108e+01
-1.853902248179689138e+01 1.466912801127040744e+01
-1.866778806822627956e+01 1.605294828626393411e+01
-1.857466784171172591e+01 1.718290365284486754e+01
-1.780121018840691960e+01 1.810474525403366641e+01
-1.684603620675225955e+01 1.870199255914782555e+01
-1.683766345798001041e+01 1.985490918845329844e+01
-1.643671700023358184e+01 2.082021771147272560e+01
-1.558375295981173281e+01 2.152595533992847976e+01
-1.504770922916785025e+01 2.233164166828829877e+01
-1.419589823663015871e+01 2.288121211080746065e+01
-1.380300160896688588e+01 2.380600140361920936e+01
-1.315227170015951508e+01 2.448465666854404788e+01
-1.224687058533466200e+01 2.493630626855730625e+01
-1.152532560560762676e+01 2.565751332696878961e+01
-1.060618999006844376e+01 2.609541278649274787e+01
-9.507138653937058592e+00 2.613021262082414253e+01
-8.418528174547340370e+00 2.639114978406572831e+01
-7.362090528125731836e+00 2.688876682939114815e+01
-6.175427460961753212e+00 2.705090756178032052e+01
-4.966597350957112411e+00 2.719716608767802057e+01
-3.782014025581912797e+00 2.743761975869740155e+01
-2.574187446968335014e+00 2.763396194226397995e+01
-1.326695127817816511e+00 2.770298184159909738e+01
-1.117069061856502815e-01 2.777457493718247505e+01
1.134646790258486693e+00 2.784237653214315600e+01
2.348529999977756244e+00 2.788103345726901594e+01
3.602423008214276301e+00 2.790842576019970878e+01
4.774699411287897988e+00 2.786829776506266754e+01
5.966878438150966524e+00 2.773378746724808863e+01
7.105644209027106584e+00 2.756954156032860581e+01
8.221276860214169702e+00 2.728114427908296236e+01
9.328211315382837654e+00 2.703094843137503744e+01
1.038332106489643891e+01 2.672976737734527575e+01
1.119102747262393827e+01 2.610079463151935997e+01
1.220136706619784128e+01 2.569128410246857186e+01
1.316982621694745248e+01 2.580990391141225970e+01
1.419168542251666487e+01 2.552428739168405869e+01
1.486252921469483823e+01 2.491289516613631960e+01
1.512000223139386357e+01 2.377284252805614884e+01
1.522871781103497568e+01 2.280207197348368098e+01
1.632120088646664513e+01 2.269724755039570852e+01
1.720075916428450569e+01 2.239024633668686803e+01
1.778191910489406879e+01 2.155775308349811326e+01
1.815988337462500013e+01 2.072890019408772488e+01
1.797003225237511970e+01 1.962892304156618550e+01
1.765507045727134638e+01 1.879054141920055798e+01
1.848504190386318058e+01 1.813406376305765022e+01
1.899120786565743302e+01 1.735414673911325067e+01
1.900058115705157036e+01 1.639948345655950135e+01
1.917687228414424538e+01 1.547312497403065201e+01
1.896883194162193931e+01 1.460298371227358416e+01
1.870476888674351557e+01 1.376917106296321869e+01
1.845440251559172040e+01 1.289273353374226971e+01
1.833265771888910933e+01 1.201178503620801763e+01
1.817605911415889253e+01 1.113939254739480411e+01
1.793404475283701771e+01 1.027014261161512998e+01
1.745076102291661968e+01 9.539009905894404895e+00
1.693337884568755669e+01 8.862005210690394819e+00
1.636294709470005770e+01 8.176409046830736216e+00
1.586842738463430003e+01 7.468436575434955316e+00
1.536445575765770322e+01 6.783126216522685326e+00
1.477044472063804825e+01 6.153810178379715445e+00
1.411342787448009872e+01 5.596033780546853187e+00
1.341287713208745735e+01 5.110923245632497114e+00
1.262664995347455132e+01 4.631297055415177333e+00
1.186013814416260637e+01 4.178634085221673011e+00
1.107233921983542224e+01 3.746682453858317885e+00
1.022825534894429289e+01 3.336528112810876578e+00
9.382037129522931451e+00 2.971382785929188586e+00
8.487900713561570498e+00 2.633461277029023329e+00
7.600982481098013110e+00 2.341794936400011906e+00
6.698018113030766330e+00 2.070145984714455434e+00
5.773614758451516060e+00 1.814819847798858632e+00
4.844245201608529783e+00 1.570008850940851852e+00
3.936434435935546094e+00 1.351476062330080774e+00
3.109664651495115173e+00 1.165258499569500117e+00
2.291427347025972949e+00 9.822765787510463475e-01
1.579741400204280000e+00 8.180083564180546940e-01
9.466173247716282990e-01 6.420713433350381250e-01
4.472876537533093111e-01 4.427042688579565510e-01
1.443554178499986962e-01 2.209569202648828945e-01
2.022265673375871310e-08 5.567579115079504347e-08
