4.062789890587641395e+01 4.767053952304399900e+01
4.015911561471504143e+01 4.770317789662859553e+01
3.941951866986395459e+01 4.750133562725680036e+01
3.977916546374291329e+01 4.634477558053413304e+01
3.987372537281091667e+01 4.552367798792864306e+01
3.908367627628459928e+01 4.467918435909770380e+01
3.820697218820050978e+01 4.393286815570606763e+01
3.798306451777042270e+01 4.287781669420228070e+01
3.789793236732427317e+01 4.159729424218316041e+01
3.744706012984028121e+01 4.078100472744887384e+01
3.639325150445366575e+01 4.076701036316508464e+01
3.549779400048429068e+01 4.084734054599604036e+01
3.465355516812198999e+01 4.055275716219650661e+01
3.380959489547838359e+01 4.020901573334027290e+01
3.297250274080897725e+01 3.978402905109953025e+01
3.252997576934697577e+01 3.923697709668645928e+01
3.255703439955382095e+01 3.859830000421641927e+01
3.332099628392818147e+01 3.815068190494105238e+01
3.481644212283215722e+01 3.779934032827942758e+01
3.548700321095929411e+01 3.737010866262883724e+01
3.523463570515801280e+01 3.649180694185984208e+01
3.435102339181468523e+01 3.572231136034677945e+01
3.328236821337495144e+01 3.529417298847644702e+01
3.233065166877750585e+01 3.541273757568001912e+01
3.153137384919416064e+01 3.615908996191379288e+01
3.092500125431857683e+01 3.650353708313254231e+01
3.020476003987855762e+01 3.641637477130242928e+01
2.931513338684254322e+01 3.605580821216828014e+01
2.822901011029235008e+01 3.656378435717361697e+01
2.805206708184344677e+01 3.718829360564071607e+01
2.844476615623782578e+01 3.795760352949832850e+01
2.843107445170783976e+01 3.868683991635469965e+01
2.822218474477715944e+01 3.951241912278680957e+01
2.817232801911103479e+01 4.043951296464740608e+01
2.726579468759087632e+01 4.106673585722543862e+01
2.639094369977904364e+01 4.092335221773658560e+01
2.530995325390035688e+01 4.018493617425416176e+01
2.440770970539523788e+01 4.008714586653281486e+01
2.377446234802834368e+01 4.097551051758503604e+01
2.362480217034939400e+01 4.213883669633757734e+01
2.305779925795051000e+01 4.287703365375558207e+01
2.193794273790392069e+01 4.301377436985490021e+01
2.103499839586924125e+01 4.288689726967216842e+01
2.029017200728835135e+01 4.383514942938048620e+01
1.965026574895220790e+01 4.453314523050293872e+01
1.851317807013927919e+01 4.446277616745280881e+01
1.764319336179768882e+01 4.394152220824800281e+01
1.671546268183282891e+01 4.417914178047450946e+01
1.618965371288013344e+01 4.501213767095876506e+01
1.531462010695224762e+01 4.533072895789461398e+01
1.457188283945403029e+01 4.588595770809682506e+01
1.363241879196723971e+01 4.596888082672245446e+01
1.260528829125008343e+01 4.593904085203147503e+01
1.185023820282875207e+01 4.538559442177865577e+01
1.151667195715167935e+01 4.454071284801428021e+01
1.076666890467800997e+01 4.393148288642425570e+01
9.809850812484352645e+00 4.433853481337072111e+01
9.002471857414318990e+00 4.450511477301250807e+01
8.193123750866025290e+00 4.420419190809761290e+01
7.490163075654858282e+00 4.367354472995681647e+01
6.924537624063002106e+00 4.293225769017463023e+01
6.525638829536913654e+00 4.202136998688760627e+01
5.892189430783330906e+00 4.128752461792634421e+01
5.301157908655030226e+00 4.053596883971727038e+01
4.808850472137827126e+00 3.968938320308757284e+01
4.427483097134661705e+00 3.874517369433164049e+01
4.098925492085599309e+00 3.777509493309266730e+01
3.770518186608526001e+00 3.675690596718769854e+01
3.455248342187432709e+00 3.572208427446800982e+01
3.176323553789951237e+00 3.461503702893877232e+01
2.943501392816050721e+00 3.343638047578008354e+01
2.729789543955159825e+00 3.214023535243744334e+01
2.544878994936927263e+00 3.074191148853892486e+01
2.411322921030426336e+00 2.927224380889580857e+01
2.289410728785365556e+00 2.774080111721135822e+01
2.171929092180156839e+00 2.617996047195678599e+01
2.022927987736468758e+00 2.457801067132423256e+01
1.860513411283783114e+00 2.304089002008689846e+01
1.692626907091788535e+00 2.152508753019685983e+01
1.551699449530685282e+00 1.998035313549889480e+01
1.437625513164577873e+00 1.844979799763044070e+01
1.304695272702502296e+00 1.687805998792528683e+01
1.131760495340910833e+00 1.541063532757788224e+01
9.194700281310344003e-01 1.392386456945274986e+01
7.402749224395680505e-01 1.250321823187847592e+01
6.481881704935407162e-01 1.114146366225800477e+01
5.807862928659301982e-01 9.764903872212222780e+00
5.139692301473945957e-01 8.430545026877062753e+00
4.288829640715061675e-01 7.187907788419408917e+00
3.290954798530090764e-01 5.962260511172650546e+00
2.262082678648459355e-01 4.898823129638684826e+00
1.270267176758904382e-01 3.956151580338793217e+00
2.991414082335829006e-02 3.092104693923285907e+00
-4.989742143734823138e-02 2.333178797074650923e+00
-1.222974572227125273e-01 1.694715008723546079e+00
-1.831715517911625679e-01 1.166037139452830829e+00
-2.205033981269459709e-01 7.418071540371807826e-01
-2.083127899059626920e-01 4.003017181016291781e-01
-8.469742839874420948e-02 9.507160273919781912e-02
-1.964548910255374176e-08 5.005104503775149954e-09
