3.039083545953127441e+01 4.595687342666556674e+01
2.928872494958588746e+01 4.685091669230300937e+01
2.829589640540127959e+01 4.616578572257423474e+01
2.892870367440920987e+01 4.462665900726779000e+01
2.928487650450590252e+01 4.341366021774398831e+01
2.819164044009272985e+01 4.210242295214786168e+01
2.648723428551228309e+01 4.123754738092118544e+01
2.493877963643361539e+01 4.105214590624069615e+01
2.308563076241635059e+01 4.149585932411507372e+01
2.163385479398842648e+01 4.047247065754124407e+01
2.153925975370106372e+01 3.869452041868304804e+01
2.102165942222165995e+01 3.736994863744230599e+01
1.984996700253403645e+01 3.699381575178047399e+01
1.757960210094602616e+01 3.757217893573857026e+01
1.668203432056004587e+01 3.775429945901095152e+01
1.584147034955483591e+01 3.631466737491214758e+01
1.582748945977106381e+01 3.511376819093349866e+01
1.563141115291029415e+01 3.392999914952853402e+01
1.585371838038735248e+01 3.326569117104423157e+01
1.683213871274080020e+01 3.278759345468274944e+01
1.727337540960489193e+01 3.224228870544713743e+01
1.644846220798874015e+01 3.148521512491908325e+01
1.584581312659053154e+01 3.108446852761431245e+01
1.559093481032658346e+01 3.039152643531648934e+01
1.587072764733898111e+01 2.974086112749991528e+01
1.647517768822479667e+01 2.935532919196019463e+01
1.704399391203087077e+01 2.896212580619098276e+01
1.690619956665737433e+01 2.837283927001608674e+01
1.666299848109112958e+01 2.806353753203512014e+01
1.672426430703345090e+01 2.745340759057382840e+01
1.707917958290872207e+01 2.683964655463729798e+01
1.768808206072469957e+01 2.643190300340317123e+01
1.850529984931426597e+01 2.624691815750006896e+01
1.954726972087284054e+01 2.625689112339924947e+01
2.019336150001179320e+01 2.659702086332460524e+01
2.020850447656122029e+01 2.773830202376343479e+01
2.018072223316605829e+01 2.802956819185470039e+01
2.019129062652897133e+01 2.843262777861068002e+01
2.084610338466765000e+01 3.158554508720172294e+01
2.103740336017568424e+01 3.161528946948035568e+01
2.175646800838945794e+01 3.128147131867005726e+01
2.269705049266816133e+01 3.005824204687653634e+01
2.302035510899292348e+01 2.884684204552609188e+01
2.356831210349125527e+01 2.820625352062846147e+01
2.432470356511046461e+01 2.824177389919974601e+01
2.519161102739100144e+01 2.908477939019473624e+01
2.575661658584130009e+01 2.925963746824140088e+01
2.628635523070027347e+01 2.872638667648954325e+01
2.654063631966506165e+01 2.806081077363492682e+01
2.678595729662536939e+01 2.755357401424535269e+01
2.695579300422341973e+01 2.705608513000089488e+01
2.735251719538738158e+01 2.668966658569855710e+01
2.771752393166666550e+01 2.626567999500311856e+01
2.745410304342246732e+01 2.560612225136736697e+01
2.710903402431983267e+01 2.532004304577403175e+01
2.707512573266217615e+01 2.470230364618789665e+01
2.698488794274364722e+01 2.419898501907352539e+01
2.649243510610988395e+01 2.399475788366127915e+01
2.564968309886205589e+01 2.401211351973987007e+01
2.530567332030507899e+01 2.382935496730582514e+01
2.586785260061311931e+01 2.301949109042395136e+01
2.624423895794247485e+01 2.253315789761279220e+01
2.615739537953903238e+01 2.202014907082977047e+01
2.542116375164206943e+01 2.185708326937337276e+01
2.458936734651352296e+01 2.182256399651641487e+01
2.400225041119626468e+01 2.157857681732035005e+01
2.395568212787814133e+01 2.104849665022072003e+01
2.454645804172393397e+01 2.005773446567838292e+01
2.466601024267846398e+01 1.947284561062031472e+01
2.390991224465791376e+01 1.880523718739659600e+01
2.320738347460770257e+01 1.875576929383040792e+01
2.238595738056452333e+01 1.954906052389181426e+01
2.185032195142933986e+01 1.967031120205354355e+01
2.118030615036906639e+01 1.922289943514321564e+01
2.065453388867815221e+01 1.860346526061681161e+01
2.020034236412675455e+01 1.797165851002140613e+01
1.960853428997920389e+01 1.741051098264051333e+01
1.888827861325098922e+01 1.690764542990555341e+01
1.816842916755014059e+01 1.634925393735582944e+01
1.738307919303606752e+01 1.570038668029254403e+01
1.656052889935612171e+01 1.503184539509123141e+01
1.568287447828062042e+01 1.434572416105078752e+01
1.479979936456551748e+01 1.364462264617426435e+01
1.388180865945503761e+01 1.288146491671639815e+01
1.296982179617377895e+01 1.208418317502785477e+01
1.201937623294048407e+01 1.121781567316663342e+01
1.102618060888247165e+01 1.029686434705860165e+01
1.002091495934961607e+01 9.374320160613597963e+00
8.954699482783381015e+00 8.414856681219374579e+00
7.858360106234170139e+00 7.458700380420484777e+00
6.747711138253967178e+00 6.495981828451916407e+00
5.678024258956619441e+00 5.568345203379938546e+00
4.651085448936141731e+00 4.673866742436415755e+00
3.641255041742027299e+00 3.791218163528015772e+00
2.682716365420190652e+00 2.929880802838872533e+00
1.836809826111364119e+00 2.124533964269796904e+00
1.092025206728095998e+00 1.367769822383045231e+00
5.300935647226833192e-01 7.371753534817891973e-01
1.010823137288881096e-01 1.753756917328981590e-01
-6.338603348792322496e-07 2.510738734806143764e-05
