1.276935609900058388e+00 4.393455757561173414e+01
1.401552651500076907e+00 4.436550486665029780e+01
7.963727892030202371e-01 4.370781446601544928e+01
-2.299785181112780075e-01 4.087969045354338249e+01
-8.690990387782457915e-01 3.976383930814145629e+01
-2.845713182833807142e+00 4.011215526106570195e+01
-3.962836076268301699e+00 4.143440830281322462e+01
-3.498478956401232853e+00 4.388877954659677272e+01
-2.664791979606731864e+00 4.619528535245039080e+01
-2.781210040759772184e+00 4.747526482738827980e+01
-5.626824581075339005e+00 4.726022870396197817e+01
-7.648360647780314103e+00 4.644270581624066097e+01
-9.467959086569136318e+00 4.482765712198034436e+01
-1.084941217194027807e+01 4.346247540425622446e+01
-1.270351658054059385e+01 4.373037567748077237e+01
-1.400427699946687454e+01 4.541417128641796097e+01
-1.544092505037413154e+01 4.648496018627594850e+01
-1.714351595101341275e+01 4.625893798817033087e+01
-1.856524616824082941e+01 4.475872890064246690e+01
-1.957309198632978564e+01 4.293806195720277685e+01
-2.136369870143826688e+01 4.275163701605011823e+01
-2.262898201233593554e+01 4.416780168060942913e+01
-2.326216918822949964e+01 4.579555250618413709e+01
-2.443097302110707503e+01 4.679150090077661872e+01
-2.601889521570589281e+01 4.705538816807341362e+01
-2.738755788270363922e+01 4.704519310059983894e+01
-2.881607890624060886e+01 4.697299675211809955e+01
-2.976944128711305382e+01 4.626021780881718115e+01
-3.084523353051736905e+01 4.575665538897509066e+01
-3.200496207805745286e+01 4.547139868990154099e+01
-3.298006648519181283e+01 4.463678173088138124e+01
-3.364561178465752533e+01 4.335208293616764763e+01
-3.391755108525409668e+01 4.169295167696360949e+01
-3.350331705312908070e+01 4.091161002380011524e+01
-3.178657187051384625e+01 4.105260915441753156e+01
-3.053255159798504792e+01 4.152273016729857602e+01
-2.881056324519696332e+01 4.157743147741813772e+01
-2.803851953268129193e+01 4.079892564555729706e+01
-2.832270121146153485e+01 3.967933037766946569e+01
-2.989623981148622178e+01 3.862578345370758370e+01
-3.099864727789447372e+01 3.783343546791108025e+01
-3.189476651368009286e+01 3.701774465914528633e+01
-3.283073890915223103e+01 3.627370493828448872e+01
-3.304343760355592252e+01 3.514606083173372042e+01
-3.300076355697202501e+01 3.395313351742460384e+01
-3.302504343068957127e+01 3.270178512883110500e+01
-3.311802695866337132e+01 3.141740327910384067e+01
-3.322343601023828086e+01 3.006059403825590337e+01
-3.335310890770969650e+01 2.868473257717875669e+01
-3.345131137234810126e+01 2.725839515087049136e+01
-3.353261202601482438e+01 2.581614933389464994e+01
-3.360259979837618971e+01 2.432196443603549696e+01
-3.366051372692165700e+01 2.279537422913910305e+01
-3.367685407324744773e+01 2.124204932964474679e+01
-3.366965974130293660e+01 1.969080645211401048e+01
-3.368025315232415551e+01 1.815105151309370513e+01
-3.371004138308453690e+01 1.659479579329859433e+01
-3.373177277288949227e+01 1.514150873968714350e+01
-3.378321810954919613e+01 1.367787941837722521e+01
-3.384923787828870445e+01 1.228153682609298158e+01
-3.389081561020862665e+01 1.094792192538510811e+01
-3.375676032509714020e+01 9.693276579379972446e+00
-3.340814167269918755e+01 8.390700554979103387e+00
-3.365288198396930142e+01 7.315205877446856242e+00
-3.453646582907013851e+01 6.576813950100766526e+00
-3.466065442606021207e+01 5.526467447727205773e+00
-3.417666350342297932e+01 4.724450999648265537e+00
-3.440883173166075437e+01 3.757669459332173556e+00
-3.437526890030659388e+01 2.887235334007209442e+00
-3.402972358018581645e+01 2.102389319931539546e+00
-3.355488486805279535e+01 1.749431659134548900e+00
-3.257233943278526311e+01 1.890976263655998579e+00
-3.216043954991578602e+01 1.776812136814153398e+00
-3.208382683942031122e+01 1.080214660034776397e+00
-3.179832953425764686e+01 5.663753199129080151e-01
-3.120921938833272691e+01 2.516240132589797063e-01
-3.047453551281129336e+01 1.197457708318343389e-01
-2.965749179569499816e+01 2.521341076834993436e-02
-2.872877223449902218e+01 -8.732697640901355973e-02
-2.773222023126951186e+01 -1.816501244301316764e-01
-2.664870022009796813e+01 -2.529938687006372255e-01
-2.546707275675052173e+01 -2.958211186274068427e-01
-2.424538843753225947e+01 -3.139702737297487833e-01
-2.288914184725151912e+01 -3.132218109609143375e-01
-2.143807063089547782e+01 -3.009735724286979885e-01
-1.991240087180564799e+01 -2.804850769893214024e-01
-1.833164423922244879e+01 -2.533847263833984287e-01
-1.667990831986336531e+01 -2.210500296511303808e-01
-1.499482541216092102e+01 -1.909814309255278286e-01
-1.323652260029126460e+01 -1.495194330780793834e-01
-1.155770679828719949e+01 -1.081410704016101260e-01
-9.930248653761847066e+00 -6.645779701505812043e-02
-8.331604372966452843e+00 -2.876126859298450827e-02
-6.770917635052676076e+00 -3.279688912827296177e-03
-5.302224503788959709e+00 1.218199409743322449e-02
-3.977603228363393750e+00 2.408366375481394914e-02
-2.790884150598332614e+00 3.458400946100490675e-02
-1.703569578321989741e+00 4.341003063847052867e-02
-7.360265650530992687e-01 3.344372174180784696e-02
-6.340239064599951022e-07 5.251705709757245290e-08
