-4.698188589244931990e+01 1.441983076942894071e+00
-4.713270666404522302e+01 1.762474422001097274e+00
-4.754459226210453693e+01 2.698040816945035836e+00
-4.677493391809377954e+01 3.581972739899917713e+00
-4.606507476514606481e+01 4.681792414259217772e+00
-4.558930894555478375e+01 5.983804895412368374e+00
-4.514805349408325696e+01 7.317166235446268097e+00
-4.463154620091129487e+01 8.666440731964836885e+00
-4.408967139012545289e+01 9.967117725498724212e+00
-4.353212393834451177e+01 1.121568566540059209e+01
-4.294462662157522459e+01 1.239054801975681208e+01
-4.230795555507205563e+01 1.343305036466467506e+01
-4.166790837776373024e+01 1.433221710396861326e+01
-4.123810119858906376e+01 1.553117970477248200e+01
-4.091547458720999231e+01 1.668798779308931657e+01
-3.999566266915167745e+01 1.765321395528819437e+01
-3.925102664505300254e+01 1.772414414822699769e+01
-3.821968250423623914e+01 1.672275800575686588e+01
-3.758315477819542849e+01 1.650837071663063327e+01
-3.689177298212617728e+01 1.737163363269430860e+01
-3.636427839569251574e+01 1.766508115320669958e+01
-3.554941449982807455e+01 1.742957931392799154e+01
-3.485779150243972424e+01 1.686371301585645455e+01
-3.440499878451962701e+01 1.605468382544989936e+01
-3.394611824349350115e+01 1.534034952059610823e+01
-3.344760974885695504e+01 1.463395047122395809e+01
-3.301145874795917479e+01 1.387872405257489206e+01
-3.262810050219260205e+01 1.306831620747419542e+01
-3.229777115692053258e+01 1.222033790167483680e+01
-3.199961946618299891e+01 1.131306044348344209e+01
-3.170803513164479170e+01 1.031624482799666609e+01
-3.144249396719177625e+01 9.297580900577234075e+00
-3.116052064643804087e+01 8.171773188135354360e+00
-3.090880114047020655e+01 7.078674391503629870e+00
-3.066498379604803048e+01 5.917600018933866224e+00
-3.044638566077591690e+01 4.770943939524573629e+00
-3.025088059346377989e+01 3.615829971448188740e+00
-3.003956961697506500e+01 2.475412562889545587e+00
-2.984064351929092851e+01 1.372014040915516153e+00
-2.963887346495156550e+01 3.301204444875362465e-01
-2.945966756183806723e+01 -6.663306507356315800e-01
-2.926996235745647112e+01 -1.608266952751146839e+00
-2.899730423905295496e+01 -2.456706062716297101e+00
-2.863794927629495390e+01 -3.206262434885116086e+00
-2.820435520840266008e+01 -3.864247694747509065e+00
-2.772173640138433726e+01 -4.431852400739754394e+00
-2.721320802352327561e+01 -4.912203047999763150e+00
-2.666317998452256077e+01 -5.336476704394334192e+00
-2.610340645344340160e+01 -5.689177043468951034e+00
-2.552394091702552359e+01 -5.965232018555132854e+00
-2.494581983931004032e+01 -6.170063285668285324e+00
-2.433853352208712906e+01 -6.311101072672888002e+00
-2.373700266796500102e+01 -6.369942776477289570e+00
-2.312127066360369554e+01 -6.379639703114126981e+00
-2.251240650225646789e+01 -6.327869411937026456e+00
-2.189264128891477412e+01 -6.183198570855343412e+00
-2.128570039563910399e+01 -6.073208841753235276e+00
-2.072497974708977608e+01 -5.804581055400303669e+00
-2.016375628382103002e+01 -5.480082885423072980e+00
-1.953072339122622125e+01 -5.199579199080602621e+00
-1.895592642763648072e+01 -4.807258553414284208e+00
-1.845757396497506164e+01 -4.290891322658183960e+00
-1.791938934503938796e+01 -3.735775697351032321e+00
-1.741030385414127224e+01 -3.114093319867003995e+00
-1.692825331895174301e+01 -2.398649843711170515e+00
-1.645631973679570947e+01 -1.682051466880452706e+00
-1.595820964173272749e+01 -8.912332208960628277e-01
-1.545602374964341941e+01 -7.391823655479416721e-02
-1.492808322488551021e+01 7.821482272074395947e-01
-1.441955204910680877e+01 1.621662630738408550e+00
-1.388933706159809134e+01 2.497914708178209597e+00
-1.336771364312389032e+01 3.366662426686745757e+00
-1.281830760925565293e+01 4.271856681904755426e+00
-1.227884791917596630e+01 5.147677001160215760e+00
-1.173070994432771386e+01 6.026060185027008131e+00
-1.119712651515440172e+01 6.837654479485618886e+00
-1.062243312141297125e+01 7.627388173155322804e+00
-1.003871870004052624e+01 8.300631098867349067e+00
-9.399441305996770524e+00 8.936781761724985174e+00
-8.743696541981039516e+00 9.522579369874351940e+00
-7.970938828807817345e+00 9.854913636592565140e+00
-7.096992097996878357e+00 9.940925337733732547e+00
-6.702660490908605162e+00 1.080182741056050233e+01
-6.151983959207020014e+00 1.148064361446534143e+01
-5.313766186483208642e+00 1.180372203312943036e+01
-4.380252073009604175e+00 1.175097829465006249e+01
-3.526165869967929023e+00 1.141627217005158990e+01
-2.764130742066428947e+00 1.093634850503242717e+01
-2.115006713149016448e+00 1.031801044712053717e+01
-1.631092275057741015e+00 9.570871959784017946e+00
-1.345208587697672931e+00 8.627108686631974166e+00
-1.295899793031959124e+00 7.632619832919722569e+00
-1.082981586652477679e+00 6.641724532359070565e+00
-8.337923847977050107e-01 5.642127339574209977e+00
-6.204397074553215097e-01 4.618901367747721309e+00
-4.489580529294891487e-01 3.573788889096639387e+00
-3.066585110962849470e-01 2.579650885165623020e+00
-1.896474317054923087e-01 1.635670022763830334e+00
-1.009491672040742916e-01 8.202203877319937941e-01
-1.432960232809931934e-08 1.004880212741283859e-07
