3.544125086134875602e+01 2.592402575116606300e+01
3.460861446503219696e+01 2.601791734102419085e+01
3.323248480253768378e+01 2.543123349964873725e+01
3.160209894103306638e+01 2.479775591753201880e+01
2.980350862637220644e+01 2.423858396271881332e+01
2.793846784156599483e+01 2.370114170694913014e+01
2.607954091210195458e+01 2.308220971313178893e+01
2.432257354253086135e+01 2.235596725755470970e+01
2.274210080746915352e+01 2.151461241491717757e+01
2.135865708274594255e+01 2.056213254466640095e+01
2.020879296262681279e+01 1.952086065835856132e+01
1.928196594544116849e+01 1.841138471674539900e+01
1.859295415707797261e+01 1.725181425541892466e+01
1.812726270965570308e+01 1.609420430936900814e+01
1.790779311266502205e+01 1.495119731261086571e+01
1.792651830737477781e+01 1.387896142735782234e+01
1.817536686936984580e+01 1.287948939347046462e+01
1.867032189964446331e+01 1.199021754875228396e+01
1.935509555098725798e+01 1.121789214198042117e+01
2.021267991902599448e+01 1.058732565216797994e+01
2.123190074953286199e+01 1.009489050274100741e+01
2.233981326675784018e+01 9.766068478551162002e+00
2.352025575090441833e+01 9.590756936572036651e+00
2.477342438209454301e+01 9.500696257669185130e+00
2.612056733851469659e+01 9.483988451970310152e+00
2.740008231163253782e+01 9.511169813996309230e+00
2.871822029406861887e+01 9.583592807349470277e+00
3.011452913097360096e+01 9.683401917379837798e+00
3.143818683093277500e+01 9.777510060667873759e+00
3.283107359430211858e+01 9.861647196585547448e+00
3.421234234961183063e+01 9.920378930452537602e+00
3.563232001141109606e+01 9.917085967232894816e+00
3.705787364492144320e+01 9.858701131692059860e+00
3.846601624962124788e+01 9.728198105035049892e+00
3.979754919166155247e+01 9.514316370803891587e+00
4.107585888195501411e+01 9.220109604318226459e+00
4.225650113771494887e+01 8.846130416033306076e+00
4.334682014523207272e+01 8.362819015154716595e+00
4.428794527931089675e+01 7.792763009235309291e+00
4.508810083254377332e+01 7.132214602049909757e+00
4.575430482063538307e+01 6.324871555939273193e+00
4.603572173884695928e+01 5.369880990392625897e+00
4.604415174854465675e+01 4.418829488634339775e+00
4.597552158424860380e+01 3.412345093936545393e+00
4.581727432673853428e+01 2.396104203468142124e+00
4.555233135812570566e+01 1.429584212119796360e+00
4.514942295049834797e+01 4.425819890039732751e-01
4.461792237518846349e+01 -4.951450968251778217e-01
4.396051507005584114e+01 -1.376446678186631356e+00
4.317600218345470608e+01 -2.228983881317275983e+00
4.230793315829412649e+01 -3.030616581287203015e+00
4.140318742251697159e+01 -3.757632101909293532e+00
4.041287232867308177e+01 -4.459034222773633260e+00
3.936839271832828047e+01 -5.107734744759663492e+00
3.829612511606958947e+01 -5.689401867888458142e+00
3.716173752858201595e+01 -6.234501719917416196e+00
3.601201141862681965e+01 -6.709091171363045447e+00
3.479755509471065977e+01 -7.136839247172487966e+00
3.356915994885876842e+01 -7.485584156052086158e+00
3.234774048327283680e+01 -7.744543720442854884e+00
3.102329454242592632e+01 -7.915727949896703031e+00
2.974451673134692342e+01 -7.992229757675577417e+00
2.837324935741015253e+01 -8.016112455484009303e+00
2.702628823361863653e+01 -7.944909937477280693e+00
2.568047121039570158e+01 -7.831478725157940524e+00
2.434541619019515224e+01 -7.655965400853858682e+00
2.305366128357652400e+01 -7.401252855360079153e+00
2.175279317307211713e+01 -7.035079332425611121e+00
2.054620098161500152e+01 -6.568257750054569577e+00
1.935605676833652566e+01 -5.973907884580894390e+00
1.823554944130752631e+01 -5.240569252694391444e+00
1.719463141272627738e+01 -4.370339499833537644e+00
1.621920628375393036e+01 -3.436100793544885512e+00
1.530406357199926681e+01 -2.444199331762075378e+00
1.440583534680226130e+01 -1.392446285669172834e+00
1.355763065307435156e+01 -3.568026906951930477e-01
1.272290538623655820e+01 6.855317102461958578e-01
1.192852791222421871e+01 1.681267077977448121e+00
1.111873435982732872e+01 2.678217137409979909e+00
1.027074876221785082e+01 3.602411515816436705e+00
9.409668199113328413e+00 4.404856223982099195e+00
8.474358642760613236e+00 5.117720808179308634e+00
7.492957286673828321e+00 5.674507686617404012e+00
6.482270320318773038e+00 6.052619872613986374e+00
5.484722723018977675e+00 6.259549881842521479e+00
4.474144547885695822e+00 6.344707059182861819e+00
3.490918801878224453e+00 6.330337908798051139e+00
2.549007659647872792e+00 6.236110848589948574e+00
1.650853652201278221e+00 6.067619203729159416e+00
8.438187327938567739e-01 5.828919874708497595e+00
2.389289652893470881e-02 5.571709117660290644e+00
-7.367427562024975174e-01 5.120919743591334949e+00
-1.114298890995952807e+00 4.286867050305887439e+00
-1.117515671938998922e+00 3.507555136013113639e+00
-1.152757017741659284e+00 2.713165365527645534e+00
-1.069412667470480471e+00 1.986377302335475825e+00
-8.627622674107903178e-01 1.326565069390409857e+00
-5.915378984872760038e-01 7.626440635917604016e-01
-2.900772037590769181e-01 3.217395503764624021e-01
-8.119116575013751179e-09 8.248200049056452165e-09
