-4.830169821881103331e+01 1.748251275960727991e-01
-4.783767102000676630e+01 -1.848545226856895263e-01
-4.678380991201693462e+01 -1.186240572868110105e-02
-4.591377795492471847e+01 4.964366224944786188e-01
-4.475435914944961269e+01 4.468561119870600451e-01
-4.353358803208521266e+01 3.369162069528004455e-01
-4.232113786502776520e+01 3.193471466281406212e-01
-4.108875192136162013e+01 3.186172164537169338e-01
-3.990537610620734910e+01 2.826468490534788103e-01
-3.877893719878748868e+01 1.850676222214071853e-01
-3.767375787814395238e+01 1.027071668267547366e-01
-3.658482919642230513e+01 6.214027967004856490e-02
-3.557256767000676234e+01 5.528150096944148967e-02
-3.459613904009031415e+01 6.534680780017476653e-02
-3.366664591519803906e+01 3.425012196898864075e-02
-3.277948686692407421e+01 -3.543190078315070629e-02
-3.194204563980294509e+01 -1.067353842927078328e-01
-3.113933012309304615e+01 -1.986805844145133337e-01
-3.038942696565528578e+01 -3.040571112241646223e-01
-2.968860135150256241e+01 -4.500949938198950950e-01
-2.906429122376898277e+01 -6.606025380753451914e-01
-2.852379652178350611e+01 -1.028019950139749339e+00
-2.799714878841483667e+01 -1.301169496730405495e+00
-2.737006542714005874e+01 -1.229540440975591453e+00
-2.684083843833807848e+01 -1.518817644027428138e+00
-2.661559229491060563e+01 -2.104662737658097971e+00
-2.630742476501313831e+01 -2.573036905007301645e+00
-2.586217365558353265e+01 -2.963910137846997639e+00
-2.561154520832823422e+01 -3.540728637026408610e+00
-2.564963506066808918e+01 -4.219726532191474533e+00
-2.531162679376945945e+01 -4.761292337466242586e+00
-2.478400227617346374e+01 -5.333789790228340877e+00
-2.470614014064226538e+01 -6.040548224906895136e+00
-2.517945397171874689e+01 -6.764440515612800020e+00
-2.505607821546107061e+01 -7.442964765521125514e+00
-2.418160242736193055e+01 -7.956720815656074031e+00
-2.394611898652686932e+01 -8.546301363743253887e+00
-2.476303821881070988e+01 -9.603100400206468379e+00
-2.485711855912155244e+01 -1.010864523043813890e+01
-2.384216786189569603e+01 -1.075445394085764939e+01
-2.334990825313860796e+01 -1.120844991365390975e+01
-2.364796143575148335e+01 -1.205635760891856556e+01
-2.418673112121608426e+01 -1.255323062088325337e+01
-2.461813792732014150e+01 -1.314247228616359386e+01
-2.458442773572901885e+01 -1.412853347227013856e+01
-2.414058104989122810e+01 -1.501234428808914068e+01
-2.338240851986922308e+01 -1.534526135828310167e+01
-2.223004875547531967e+01 -1.470847064152819428e+01
-2.148844015944571950e+01 -1.464612941943735080e+01
-2.063139365235403133e+01 -1.531766127260429577e+01
-2.044507002911200644e+01 -1.596244913508134289e+01
-2.107759695690631929e+01 -1.723532685069321246e+01
-2.122813783953204592e+01 -1.784478476571839778e+01
-2.058882874704286081e+01 -1.833246219084119844e+01
-1.973903857908439718e+01 -1.841252041859735300e+01
-1.889265950798516158e+01 -1.853610055884330521e+01
-1.834487724983213397e+01 -1.878481176283617060e+01
-1.753959084366708154e+01 -1.833400837106607284e+01
-1.695158326573348972e+01 -1.819006200466333212e+01
-1.642285164362098016e+01 -1.882991708785079865e+01
-1.584312105139671800e+01 -1.914644768450800782e+01
-1.509909143622715710e+01 -1.900835249588418208e+01
-1.440206796806144141e+01 -1.919966173885154603e+01
-1.375501467875009176e+01 -1.939376636964745160e+01
-1.304422107575623535e+01 -1.920655523735172565e+01
-1.237239193900004786e+01 -1.910100505367564594e+01
-1.165158687665904047e+01 -1.926258032356294336e+01
-1.095617427289481149e+01 -1.912126468111984323e+01
-1.026661980977637434e+01 -1.895150689143765987e+01
-9.657154747698934116e+00 -1.865790079548946778e+01
-8.969628261229035004e+00 -1.841053759286443992e+01
-8.309583474234898404e+00 -1.812561707217194495e+01
-7.661769542206575245e+00 -1.781138908616630090e+01
-7.004966683010819928e+00 -1.745909872863716927e+01
-6.362362873260243745e+00 -1.705043263939754183e+01
-5.758728545546391686e+00 -1.662106341790681796e+01
-5.136565754724111699e+00 -1.614388060013518000e+01
-4.542927326584548453e+00 -1.563446664666058616e+01
-3.970529496187174878e+00 -1.505246732866346093e+01
-3.445244234404062134e+00 -1.444616334313251294e+01
-2.945037312071198343e+00 -1.378693863682249088e+01
-2.469467555572917750e+00 -1.310570784334851879e+01
-2.011525435369362125e+00 -1.238486111335749662e+01
-1.588419475019701821e+00 -1.165192073613185819e+01
-1.193779716907208410e+00 -1.086926224907051797e+01
-8.663935093232877360e-01 -1.010307891890980692e+01
-5.951875000242197178e-01 -9.314034601055414697e+00
-3.850001065225361896e-01 -8.497666460771881702e+00
-2.373029416092158894e-01 -7.698107401030940267e+00
-1.285502167411943786e-01 -6.864159268765742006e+00
-4.564793849170498130e-02 -6.027445323954805367e+00
4.141164068821032163e-02 -5.212091222721783268e+00
1.266835683576220395e-01 -4.413134053028477943e+00
2.061448947621859762e-01 -3.622911118424170240e+00
2.731024171778460019e-01 -2.826987345749899738e+00
3.038756788445963752e-01 -2.089267277673331424e+00
2.814743219330626545e-01 -1.376116775013441096e+00
2.062589834161754621e-01 -7.484889755866189764e-01
9.360878910573686151e-02 -2.289449960971503550e-01
1.408594974506350505e-06 -1.735735481073184516e-06
