-4.829734259895479198e+01 -1.889534566449390773e+00
-4.795086875468964394e+01 -1.906888927061139771e+00
-4.741247404009567390e+01 -1.884511233896581928e+00
-4.676497734397178618e+01 -1.813911463798401513e+00
-4.597254440382234719e+01 -1.715894610681775179e+00
-4.511440592796646598e+01 -1.583253842606928474e+00
-4.420536985190497603e+01 -1.429064581270438783e+00
-4.335313456132596599e+01 -1.331489880474258314e+00
-4.235539577700335911e+01 -1.418414428032613195e+00
-4.155203674886561771e+01 -1.304240986310318151e+00
-4.105572688897782996e+01 -5.986606261987484912e-01
-4.047099176494432271e+01 1.334897277399738902e-01
-3.981087750881817300e+01 5.565491399050778165e-01
-3.922798935519268326e+01 3.282179027212732136e-01
-3.854149144662741833e+01 -4.656523099184281533e-01
-3.760829593195593645e+01 -6.340774864253233556e-01
-3.659993364449775299e+01 -2.224350937194480293e-01
-3.574313139419886909e+01 5.379817874855973292e-01
-3.518431640946813843e+01 1.407900267010318007e+00
-3.532830772401128883e+01 1.991024842087622648e+00
-3.711218647974605034e+01 2.302673972813094494e+00
-3.764660412067933493e+01 2.479096441742047574e+00
-3.776644591910613258e+01 3.035712285013778100e+00
-3.739021621224245706e+01 3.739204071151485564e+00
-3.692675515201673164e+01 4.419313184830081731e+00
-3.640837027000349480e+01 5.147857935388477912e+00
-3.582638921398253018e+01 5.419682018963494663e+00
-3.406692127964934258e+01 5.211991759251521472e+00
-3.350921278779717483e+01 5.192868090810446091e+00
-3.331547561612748609e+01 5.859927491061794669e+00
-3.420002679876183294e+01 6.839068372327487211e+00
-3.449089200798730559e+01 7.421689359359215921e+00
-3.429474754011465620e+01 8.035869643356045700e+00
-3.372517401076158450e+01 8.660271612849381739e+00
-3.330049497090979571e+01 9.055429119389000192e+00
-3.254473584039612177e+01 9.234601208763880464e+00
-3.200960544122956719e+01 9.276284132577012898e+00
-3.199561090564627719e+01 1.007559504713420040e+01
-3.174342805600928230e+01 1.056744180501284802e+01
-3.106919936666902515e+01 1.075188802997027793e+01
-3.051107178008613019e+01 1.069159965187561490e+01
-3.029964224517382121e+01 1.128405777292652168e+01
-2.998681929887318276e+01 1.172083083950155036e+01
-2.961245134010651370e+01 1.205957660726132552e+01
-2.908303482850198662e+01 1.215844556342143434e+01
-2.868399586940897805e+01 1.253250385633122299e+01
-2.820705156283338866e+01 1.265916461509409174e+01
-2.770708643098045698e+01 1.249112869438555506e+01
-2.716481004211540551e+01 1.259200823749659470e+01
-2.674910003703984884e+01 1.290775670549068188e+01
-2.625049856464208275e+01 1.303743372569435621e+01
-2.573578416695609761e+01 1.302308360010541399e+01
-2.519973751387676231e+01 1.303291948128311617e+01
-2.466194004629555181e+01 1.306060440543922674e+01
-2.414863890436179972e+01 1.299039992484996908e+01
-2.360392695886552161e+01 1.286593226939172752e+01
-2.306043675533344839e+01 1.276152499240851235e+01
-2.249314617434716368e+01 1.262356313071193625e+01
-2.194800205411569038e+01 1.246426518237814918e+01
-2.139890844473816500e+01 1.226754510204362347e+01
-2.087601927769662424e+01 1.203246132882490471e+01
-2.036505652054017546e+01 1.177138552535606486e+01
-1.990959780489762565e+01 1.148267180941729393e+01
-1.946984252953081551e+01 1.116624957486697411e+01
-1.905773138305704606e+01 1.081432513516350191e+01
-1.871472482096332257e+01 1.043377322538179186e+01
-1.838212907338173352e+01 9.989217119386728072e+00
-1.807515123314389527e+01 9.542689843498246560e+00
-1.777364224969577577e+01 9.059498396754927185e+00
-1.751523557728318892e+01 8.558535331165666449e+00
-1.728078649663968136e+01 8.026900031795616286e+00
-1.707344265399697392e+01 7.497122068896864278e+00
-1.688881080117216271e+01 6.950362712669365450e+00
-1.671772904859063757e+01 6.399033299560827004e+00
-1.656006651228399562e+01 5.844492145522612425e+00
-1.638270061957431167e+01 5.287220978084700818e+00
-1.620847746940028600e+01 4.743908272533844617e+00
-1.603260225409151118e+01 4.222752845861445614e+00
-1.588922270128602854e+01 3.669781267770671818e+00
-1.570703483816829582e+01 3.123732205304772691e+00
-1.527399959362485582e+01 2.791135843199408662e+00
-1.483934256379507310e+01 2.425740387698358536e+00
-1.462853280329531991e+01 1.892156308774084028e+00
-1.428706372412575298e+01 1.383311514653256413e+00
-1.367109091362050499e+01 1.143129619991094970e+00
-1.302524366119793697e+01 1.037593437697926113e+00
-1.233199727227377274e+01 8.102321405084035311e-01
-1.154485173252970753e+01 5.800692198578161207e-01
-1.071426827714014429e+01 3.942361595989302137e-01
-9.819258185623393587e+00 2.539093593511031477e-01
-8.905769836681850293e+00 1.539841617136225027e-01
-7.935128660904687159e+00 8.851855224985052950e-02
-6.863884770955725578e+00 5.443001785454036623e-02
-5.738963199193324982e+00 5.010082248812330191e-02
-4.599051206981365603e+00 6.500240467938364630e-02
-3.498417490959380149e+00 8.228049053452639316e-02
-2.425096628164158385e+00 9.099130587839673878e-02
-1.433249306660812739e+00 8.228567484569790369e-02
-4.481330151905266734e-01 4.536827581704343249e-02
-1.355293784587110926e-05 4.021760263155909685e-06
