-4.554086907668639128e+01 2.353426410890244291e+00
-4.492659348131142139e+01 1.846375067697969108e+00
-4.615805765736802613e+01 9.454725421392341511e-01
-4.690285796694131193e+01 1.727183534379410634e-01
-4.617815803367897587e+01 -1.803524029667021411e+00
-4.507509940491273426e+01 -3.564511770302081217e+00
-4.480800961523659254e+01 -5.581627507540220634e+00
-4.484412533307254733e+01 -7.631368137717535305e+00
-4.491372176985522202e+01 -9.645645872061697546e+00
-4.498832089821895863e+01 -1.160765638817865408e+01
-4.512138688331672398e+01 -1.367810338954441640e+01
-4.513827002020440915e+01 -1.573518578653856181e+01
-4.500395325167286131e+01 -1.765778726651378250e+01
-4.472882093016272620e+01 -1.942133445453821139e+01
-4.422653663717774464e+01 -2.091592600880710862e+01
-4.337113030115030199e+01 -2.191169370344493217e+01
-4.230871278798132096e+01 -2.231557480085498568e+01
-4.122896740310373076e+01 -2.221123327112580981e+01
-3.994018427592069997e+01 -2.131003673281161070e+01
-3.903569587113001660e+01 -2.051158584481062519e+01
-3.823927759493496126e+01 -2.054857594939280574e+01
-3.795721084930978151e+01 -2.195022505131515800e+01
-3.777090201237176359e+01 -2.279761288351123838e+01
-3.640862939622394379e+01 -2.372267405367832183e+01
-3.422554897383443517e+01 -2.365336062040711695e+01
-3.177556973981266353e+01 -2.218288112179730831e+01
-3.119117718986004206e+01 -2.056533858209699517e+01
-3.392295027031376264e+01 -1.809470609004662123e+01
-3.487873240209891179e+01 -1.765257556248430149e+01
-3.581249418230801496e+01 -1.698109218495390849e+01
-3.613975826932333746e+01 -1.589689956274009752e+01
-3.503847776835758054e+01 -1.465800322901883668e+01
-3.402844771335306717e+01 -1.347124342898156790e+01
-3.319825011222992117e+01 -1.211726595136333984e+01
-3.247464746226876287e+01 -1.068621550221670446e+01
-3.180524768889729259e+01 -9.264536265212706567e+00
-3.111187504399239145e+01 -7.797054067731068905e+00
-3.043517731005788818e+01 -6.399056255686741856e+00
-2.973463848912692953e+01 -5.020408691356043285e+00
-2.902909190875705292e+01 -3.749190219474808128e+00
-2.835773906191607452e+01 -2.664807844606280618e+00
-2.763949802987596982e+01 -1.555263913019586441e+00
-2.672789312792961169e+01 -8.662932621190231330e-01
-2.576606691098979951e+01 -6.808600541274831830e-01
-2.491591607434282807e+01 -9.296891363299630839e-01
-2.417243335035470508e+01 -1.612837539357248273e+00
-2.381195195133679121e+01 -2.559435141927080437e+00
-2.333600658868500943e+01 -3.640999095221716164e+00
-2.292352062026176895e+01 -4.793351296406171080e+00
-2.235627135772508822e+01 -5.477170320259872049e+00
-2.144401202834534104e+01 -6.309614035732867166e+00
-2.097496402899609080e+01 -7.451658667488712418e+00
-2.182331091903953180e+01 -8.403126529857276594e+00
-2.279987295428465188e+01 -8.937730183526474192e+00
-2.334877413404268509e+01 -1.029391668086659273e+01
-2.323154753400921280e+01 -1.158175959047113146e+01
-2.224138520953111353e+01 -1.231019884510694773e+01
-2.126278701898769441e+01 -1.315098676679034639e+01
-2.014530381344061993e+01 -1.397292247952686495e+01
-2.014078398925544278e+01 -1.526496460831730317e+01
-2.036970116597867175e+01 -1.643580315893374433e+01
-2.010047187059839047e+01 -1.755384492404408903e+01
-1.990990860056422562e+01 -1.875761325491156839e+01
-1.951708620940070560e+01 -1.981564673002244348e+01
-1.885468681845240368e+01 -2.068499768624237234e+01
-1.804891778943398961e+01 -2.126579526574953150e+01
-1.731846255435734960e+01 -2.188937348017726947e+01
-1.657135399073130699e+01 -2.242490167726792905e+01
-1.572989062310005437e+01 -2.277720440334245566e+01
-1.492570484125126917e+01 -2.300102995227431535e+01
-1.412110459868678269e+01 -2.316914561607977419e+01
-1.331977537462148575e+01 -2.329126234165564924e+01
-1.256263891877786421e+01 -2.330279899956288148e+01
-1.179015280778534347e+01 -2.323927370209617393e+01
-1.104057879273792686e+01 -2.309695782180936874e+01
-1.034447520714437729e+01 -2.287824767082337729e+01
-9.660163219136098434e+00 -2.256561898080996542e+01
-8.984530507616840467e+00 -2.213846587074412753e+01
-8.325096697823170189e+00 -2.158698958330687034e+01
-7.765496802827807521e+00 -2.098211020052696441e+01
-7.191496026093860294e+00 -2.025697547689269129e+01
-6.629362983203978210e+00 -1.944186798011272188e+01
-6.105000449082611524e+00 -1.855064781345647162e+01
-5.592334302479038399e+00 -1.756879457808029343e+01
-5.085403239628685235e+00 -1.650396917227386950e+01
-4.602839719556171438e+00 -1.543231290132280442e+01
-4.130920161389725287e+00 -1.431394467142810534e+01
-3.653431318778186387e+00 -1.310147238297444261e+01
-3.208262228631491908e+00 -1.188732531664736491e+01
-2.770232970244471460e+00 -1.066186421256706041e+01
-2.349366065679934223e+00 -9.412646736043965845e+00
-1.964403295372117331e+00 -8.145575483960254104e+00
-1.607817184603198113e+00 -6.901777935873508518e+00
-1.274501328971036518e+00 -5.626846884960684747e+00
-9.630687820427736856e-01 -4.374553326876659654e+00
-6.795816731360454499e-01 -3.195712600286690019e+00
-4.197565664879002179e-01 -2.084676973396046407e+00
-2.178331570996593636e-01 -1.171443703143431048e+00
-3.922666543395932764e-02 -2.493479137564472148e-01
-8.029742731207450084e-08 -1.393537772637529394e-06
