-4.014119874391636955e+01 4.241341170741326039e+01
-3.747060160282608621e+01 4.247797242604115553e+01
-3.358470076156601181e+01 4.272688828350701584e+01
-2.950480001761664184e+01 4.281107818094817929e+01
-2.530913816404545003e+01 4.278041371248855285e+01
-2.123231132934495591e+01 4.283468409264028054e+01
-1.754383470511750787e+01 4.326935711579243105e+01
-1.374865610094251167e+01 4.402536992728548171e+01
-1.026350565715979180e+01 4.436839818512500244e+01
-7.243826302151110674e+00 4.440793558809363617e+01
-4.639600309257261301e+00 4.397974931453901348e+01
-3.136152425262916932e+00 4.308850033956068870e+01
-2.872295392794395497e+00 4.185761722796318907e+01
-3.564952487288164384e+00 4.119480440395018661e+01
-4.004137892906371121e+00 4.016446163309234407e+01
-3.938052814262617218e+00 3.931125564197556344e+01
-3.259624458158576488e+00 3.881941875186547009e+01
-2.699712941397596211e+00 3.860006407870064038e+01
-2.109708882049245560e+00 3.788483358721775573e+01
-1.918293369334018506e+00 3.700037480545310586e+01
-2.477100656852446736e+00 3.598240780146054618e+01
-3.322399523874572491e+00 3.537722966084294995e+01
-4.837994147746105256e+00 3.586921926037722130e+01
-5.685508688989866499e+00 3.659967193705215038e+01
-6.465089048113831005e+00 3.703174043779291935e+01
-7.687726140706232947e+00 3.754978554159551862e+01
-9.575909550451717323e+00 3.755857913574403284e+01
-1.011109123078248295e+01 3.697367361593929047e+01
-9.259256855477115522e+00 3.541743870412383899e+01
-7.843031995782753008e+00 3.254525280038350132e+01
-7.970292317364298995e+00 3.153310240306714007e+01
-9.462777061396664635e+00 3.191122658581453919e+01
-1.048806105170853264e+01 3.237653054721099011e+01
-1.149370281115272974e+01 3.205799507636815093e+01
-1.243490655267739520e+01 3.101018297515088307e+01
-1.312708640296659901e+01 2.994963132783230009e+01
-1.422141070927706608e+01 2.906835106779090339e+01
-1.553610817958438872e+01 2.840582508051996768e+01
-1.686238466978922901e+01 2.751348108047099217e+01
-1.823309461021964495e+01 2.650190161704733072e+01
-1.962613759822409065e+01 2.551408050887118861e+01
-2.119167511182532948e+01 2.452683072443566914e+01
-2.282339664789481049e+01 2.358156639703818414e+01
-2.440934518794525943e+01 2.260135050026746484e+01
-2.571668891697135351e+01 2.125731526592366905e+01
-2.677720526472995388e+01 1.982657337923965812e+01
-2.882804718068231864e+01 1.964974893399132938e+01
-3.051714331967957605e+01 1.934714542054025799e+01
-3.159115883542897762e+01 1.820248052693508356e+01
-3.151040145461004371e+01 1.563754324641997506e+01
-3.110244461141256878e+01 1.410102011043433912e+01
-3.222885198959541952e+01 1.314783527817769659e+01
-3.491063179509036019e+01 1.439524405097217929e+01
-3.606360863856459531e+01 1.472119701999552888e+01
-3.742384193725352759e+01 1.406119755789525705e+01
-3.848821263615139543e+01 1.303828860991751526e+01
-3.986495925622794090e+01 1.226716251126482149e+01
-4.058497835308838830e+01 1.092443863529096859e+01
-4.039398858431630401e+01 9.695895782793314766e+00
-4.070198224492965977e+01 8.417763388179368533e+00
-4.134712466539046005e+01 7.425584981149607522e+00
-4.207096122165796714e+01 6.480456777725224882e+00
-4.223298280588254983e+01 5.355691212269348078e+00
-4.181319924274176003e+01 4.347341514148162389e+00
-4.094967644220302816e+01 3.376213778790483566e+00
-4.029520283486215249e+01 3.103277327894408355e+00
-3.924811575270126696e+01 3.746317744841817454e+00
-3.542266412760595529e+01 6.601793528976672043e+00
-3.540799133334150639e+01 6.375277751513527491e+00
-3.627219382192534169e+01 4.669620767438673603e+00
-3.727945356381808040e+01 2.703019372932256914e+00
-3.767532245034699656e+01 1.805640762462319415e+00
-3.734916813002688940e+01 1.110827516356409417e+00
-3.661262950746129263e+01 6.463813578345333211e-01
-3.581988102079614578e+01 3.223453034128062611e-01
-3.492564400582757145e+01 -5.015224679608590308e-03
-3.406131862528212650e+01 -2.710862890578929485e-01
-3.318772172159712142e+01 -5.025304914123616129e-01
-3.228716258256421412e+01 -7.064072441491304755e-01
-3.137016354753783531e+01 -8.776032310903499889e-01
-3.040675597989308443e+01 -1.024509176771847940e+00
-2.938685965265427313e+01 -1.164874179509779673e+00
-2.825660827395000396e+01 -1.270301474402366848e+00
-2.700888129443023900e+01 -1.336335048768035216e+00
-2.571951717557641715e+01 -1.359799809299442552e+00
-2.427434164615175760e+01 -1.360373673930687533e+00
-2.277296715540015271e+01 -1.334387292395351476e+00
-2.110641354051596963e+01 -1.264811513797184706e+00
-1.939454243519329779e+01 -1.172149931644271170e+00
-1.754968583511094238e+01 -1.053314956343049280e+00
-1.560982472455951253e+01 -9.105921920073316578e-01
-1.363091614378170213e+01 -7.549555049223258818e-01
-1.163093841306088017e+01 -5.903929140236130468e-01
-9.627357820510622943e+00 -4.304863366441325501e-01
-7.713844147834564069e+00 -2.868502125820123205e-01
-5.777505251804499586e+00 -1.609381916179436489e-01
-4.018263279292842327e+00 -7.625518281591073255e-02
-2.354436484475578961e+00 -2.364201186582095063e-02
-9.486600204862760677e-01 -1.999429250737910085e-03
-3.684744206909929071e-06 6.057064095150694845e-09
