5.876343629005165159e-01 -2.953439072488006634e-01 2.671978774445143423e-01
5.876501957636121043e-01 -2.949387040521268544e-01 2.670867566195484488e-01
5.877716327280460007e-01 -2.919864117483373933e-01 2.662788798774990418e-01
5.879302969059835293e-01 -2.880847617572722674e-01 2.652188245211222206e-01
5.881069213722786015e-01 -2.837486310862499805e-01 2.640418639110548860e-01
5.882866022548487450e-01 -2.792815756369131930e-01 2.628317337386094632e-01
5.884716557756322075e-01 -2.746547353127389846e-01 2.615766047289355689e-01
5.886700441837161568e-01 -2.697059643260646400e-01 2.602316920039745018e-01
5.888763745644849390e-01 -2.645484417667535171e-01 2.588289870015119676e-01
5.891021232499557003e-01 -2.589376990571853887e-01 2.572994992107356382e-01
5.893559989818002443e-01 -2.527092246563411027e-01 2.555939626128442277e-01
5.896363485291125084e-01 -2.459307601745146510e-01 2.537296356385288498e-01
5.899406790447830895e-01 -2.386945111042549916e-01 2.517302715472016783e-01
5.902664652875798668e-01 -2.310894138709306267e-01 2.496185884293020130e-01
5.906136673210745647e-01 -2.231580787103740471e-01 2.474033684118310539e-01
5.909815471950002896e-01 -2.149556769477980467e-01 2.450969873826657486e-01
5.913707211789324125e-01 -2.065110886473264518e-01 2.427051754786320181e-01
5.917786890989930049e-01 -1.978493965320251291e-01 2.402337103139171592e-01
5.922061476552141768e-01 -1.890084245608291968e-01 2.376890163466716388e-01
5.926529035783042465e-01 -1.800421620401764511e-01 2.350850092200639230e-01
5.931177247710414102e-01 -1.709465997599348142e-01 2.324188158314483277e-01
5.936005979408157662e-01 -1.617802066428561669e-01 2.297044670159720803e-01
5.941036662238752264e-01 -1.525505558598698741e-01 2.269427634921863390e-01
5.946259903904569377e-01 -1.432505728690653957e-01 2.241296344434942911e-01
5.951695367692000360e-01 -1.339084525263135872e-01 2.212705559880454864e-01
5.957360670125496638e-01 -1.245460361679615741e-01 2.183697228716459382e-01
5.963234837259103749e-01 -1.151784109644681670e-01 2.154310224194126988e-01
5.969347733684263746e-01 -1.058212463749060861e-01 2.124564294899170258e-01
5.975722337230531256e-01 -9.648797867794535466e-02 2.094479654055955153e-01
5.982381950807538207e-01 -8.719363534912279168e-02 2.064077784664853921e-01
5.989338153756607053e-01 -7.795820242073880912e-02 2.033409360778938579e-01
5.996642611196825179e-01 -6.876012104602434449e-02 2.002369797953227892e-01
6.004312019976588699e-01 -5.962920101076309848e-02 1.971021330074896882e-01
6.012302139782190746e-01 -5.064560718385156812e-02 1.939628609654855673e-01
6.020678200641128575e-01 -4.176482542138729853e-02 1.908024599111999564e-01
6.029418412892902923e-01 -3.305689206278915326e-02 1.876425216898620074e-01
6.038586179903352447e-01 -2.451738471732076846e-02 1.844780108102826166e-01
6.048235417595778651e-01 -1.612177947194486441e-02 1.812985182234340131e-01
6.058358250719946270e-01 -7.963549106249133078e-03 1.781310262875876183e-01
6.069013812388024398e-01 -1.757669156586447632e-05 1.749657081694282468e-01
6.080283274411372174e-01 7.693079313839497162e-03 1.718027758190753262e-01
6.092164776092726663e-01 1.511944346883070320e-02 1.686573273302926779e-01
6.104758339350071505e-01 2.225529091489182598e-02 1.655236915007514131e-01
6.118209432416563676e-01 2.912974934836869145e-02 1.623821747532587512e-01
6.132588489178144586e-01 3.568035122859584962e-02 1.592441197322118640e-01
6.147972398013815676e-01 4.189317415541698314e-02 1.561063871870412290e-01
6.164500850269052368e-01 4.777215676173406783e-02 1.529555914487696899e-01
6.182241705182170977e-01 5.326711483096384370e-02 1.497992882283137317e-01
6.201368653297205658e-01 5.842872825813304888e-02 1.466095345389960003e-01
6.222087719279150164e-01 6.331090775326089770e-02 1.433536874588375032e-01
6.244545536311923994e-01 6.793877805977585616e-02 1.400166117072451921e-01
6.268717836644225327e-01 7.230565486157897181e-02 1.366075195929086772e-01
6.294547807103506587e-01 7.643039617279992481e-02 1.331331910962301746e-01
6.322043329969311287e-01 8.034659100517327346e-02 1.295919691826032116e-01
6.351155034060904647e-01 8.405746850458410691e-02 1.259953162626888390e-01
6.381588008594543115e-01 8.752330306003887339e-02 1.223879236865196701e-01
6.413405764849233748e-01 9.079699009403188747e-02 1.187566944301801097e-01
6.446315023478168538e-01 9.382418617956853057e-02 1.151506447818044787e-01
6.480220714861346654e-01 9.662705505388410887e-02 1.115771544653836045e-01
6.515336474885120577e-01 9.924112312321441143e-02 1.080143100402336520e-01
6.551323955794483567e-01 1.016256312091907837e-01 1.045099094430061992e-01
6.588167613039639381e-01 1.038013735736878357e-01 1.010604372501658355e-01
6.625838760734308330e-01 1.057736356366418135e-01 9.767176220648601803e-02
6.664255147708721960e-01 1.075460047656881246e-01 9.435249730063401119e-02
6.703441810366869147e-01 1.091362799653870924e-01 9.109765827386320791e-02
6.743244853312707621e-01 1.105461745045472760e-01 8.791985050460984774e-02
6.783458247354607895e-01 1.117810331155738857e-01 8.483270217557563331e-02
6.823824221614595009e-01 1.128447362105190060e-01 8.185284037050680195e-02
6.864210742059300152e-01 1.137485789273178921e-01 7.898326858203649770e-02
6.904585222362994434e-01 1.145082009989227684e-01 7.621921197451299312e-02
6.944856407489651273e-01 1.151348222957870732e-01 7.356135159886975639e-02
6.984695096684879756e-01 1.156298017242107234e-01 7.102821542451905057e-02
7.024075727108396450e-01 1.160102128585721593e-01 6.861177375520521871e-02
7.062871312683948188e-01 1.162848987736616740e-01 6.631398367754089140e-02
7.101053249445965498e-01 1.164655067932180987e-01 6.412927618183676681e-02
7.138893642527848193e-01 1.165683408974255431e-01 6.203124461190749617e-02
7.176424533629710556e-01 1.166021072899614403e-01 6.001270095022122331e-02
7.213656592127835054e-01 1.165765602484348795e-01 5.806565185242000549e-02
7.250417425593155274e-01 1.164986330597748976e-01 5.619298369960905315e-02
7.286487143034007241e-01 1.163745722536632526e-01 5.439927018460995883e-02
7.321922923301233954e-01 1.162126651819787443e-01 5.267296241360494569e-02
7.356397242073272613e-01 1.160182746959684263e-01 5.102551755239011916e-02
7.388704302896945686e-01 1.157994033768317971e-01 4.951386243252373087e-02
7.416435461570124454e-01 1.155695705799941742e-01 4.825418768765037808e-02
7.438802183020356562e-01 1.153434865348813704e-01 4.727658223107543412e-02
7.456114528153262588e-01 1.151301183805765599e-01 4.655815534568356201e-02
7.469577908075798467e-01 1.149305023635330408e-01 4.603435804836513573e-02
7.480780027686522171e-01 1.147386546471621249e-01 4.562516704787931976e-02
7.490455361221265429e-01 1.145527630924249723e-01 4.529248168490962456e-02
7.498873637190028862e-01 1.143778150920040926e-01 4.501835605513195004e-02
7.505880580619878062e-01 1.142274066806778232e-01 4.480005228774269765e-02
7.513323408018451888e-01 1.140765645303552511e-01 4.456556167056673762e-02
7.520965111097870359e-01 1.139534729205850389e-01 4.431834554856746433e-02
7.527507558008599275e-01 1.138613893791892290e-01 4.410293709081580110e-02
7.534849177566138589e-01 1.137644404880811949e-01 4.385228275310623647e-02
7.550062232722489775e-01 1.136201965540947628e-01 4.325257592306794990e-02
7.569145239633131572e-01 1.134603516772946241e-01 4.246405791317164891e-02
7.585941993408977790e-01 1.133251629639249747e-01 4.175479547535585617e-02
7.602019526340795252e-01 1.131974717900795097e-01 4.107047841372558905e-02
7.602213373676532937e-01 1.131944265067306998e-01 4.106317031961632252e-02
