5.941287369298250409e-01 -2.670631648565094940e-01 2.621064242706045988e-01
5.941276130270677358e-01 -2.670233710778835423e-01 2.620962724744956840e-01
5.940972714800939469e-01 -2.637127665032369950e-01 2.611821234040674344e-01
5.940558891845013623e-01 -2.588187571039989865e-01 2.598360747032540385e-01
5.940169598206798129e-01 -2.530292359925507273e-01 2.582462474735380820e-01
5.939836163564032878e-01 -2.466317454018276678e-01 2.564895682527099652e-01
5.939620257669365744e-01 -2.398041938756228508e-01 2.546135328953191279e-01
5.939512457133737655e-01 -2.326640058003979494e-01 2.526500123385067575e-01
5.939549546136819735e-01 -2.252560363333540316e-01 2.506074124256698621e-01
5.939758286917864449e-01 -2.176581101362933535e-01 2.485036931152655726e-01
5.940116107190001049e-01 -2.099018164011959842e-01 2.463477818011793885e-01
5.940661698384539502e-01 -2.019843238719528089e-01 2.441337772337812129e-01
5.941371436625028091e-01 -1.939100626133097582e-01 2.418624418629158335e-01
5.942219228687734001e-01 -1.857631629298079901e-01 2.395564271834148551e-01
5.943248588042510105e-01 -1.775588243046865855e-01 2.372186743600988856e-01
5.944433869218334054e-01 -1.692935172190593585e-01 2.348462488587454988e-01
5.945825261936760198e-01 -1.609548578207398439e-01 2.324303996207622847e-01
5.947397663126744449e-01 -1.525639487430067998e-01 2.299779537194507617e-01
5.949134291847405498e-01 -1.441301951508285606e-01 2.274890562110465364e-01
5.951089107813274381e-01 -1.356555598350790148e-01 2.249614173716455445e-01
5.953230807396734381e-01 -1.271852505922904386e-01 2.224083737609323097e-01
5.955631152169862386e-01 -1.186417456760602701e-01 2.198024568737775297e-01
5.958271418912072237e-01 -1.100440247874559380e-01 2.171488315067664210e-01
5.961091474453975581e-01 -1.015170979245305777e-01 2.144880941843806954e-01
5.964160158388256416e-01 -9.302280815085038623e-02 2.118041805813131173e-01
5.967452415453128323e-01 -8.458828670359842816e-02 2.091054267492667151e-01
5.971027276596825306e-01 -7.619760780209004769e-02 2.063826967448114946e-01
5.974882431146970596e-01 -6.783735457880872566e-02 2.036301136145398649e-01
5.979080863084739184e-01 -5.950747623594909719e-02 2.008426551410922301e-01
5.983663231051193909e-01 -5.120460287381431441e-02 1.980174341590638376e-01
5.988570722815064196e-01 -4.297782785068530315e-02 1.951748407582348799e-01
5.993850252077715934e-01 -3.484213632939452826e-02 1.923151917305623848e-01
5.999550292362296755e-01 -2.676533802668946277e-02 1.894263634360845994e-01
6.005633983512559393e-01 -1.884953727827218956e-02 1.865410065323930278e-01
6.012120022503221195e-01 -1.110787707148063949e-02 1.836617728213761902e-01
6.019142117678959458e-01 -3.483597914724066193e-03 1.807607003573375726e-01
6.026706490267005334e-01 4.000728086537959360e-03 1.778449795577272119e-01
6.034822323892529150e-01 1.128674161622194964e-02 1.749321427910866811e-01
6.043563612778177774e-01 1.839148878595575284e-02 1.720113626475487656e-01
6.053078767286775852e-01 2.533611948920096515e-02 1.690643139467177813e-01
6.063336121942279888e-01 3.205716238400912327e-02 1.661136924516954660e-01
6.074463914244069285e-01 3.854514670672546522e-02 1.631516448223637727e-01
6.086499984742662628e-01 4.473061416593266532e-02 1.601951179189830266e-01
6.099588134987403709e-01 5.057733309055319898e-02 1.572419993751654199e-01
6.113902111003378659e-01 5.606546941587024768e-02 1.542825456548285734e-01
6.129752616464648751e-01 6.123571192297952437e-02 1.512761728635091951e-01
6.147271356385607399e-01 6.605656772999125848e-02 1.482172196317164126e-01
6.166815505322742474e-01 7.062643267263239710e-02 1.450479936182824392e-01
6.188370143355308439e-01 7.493442297808916575e-02 1.417755353704055754e-01
6.212045157336626433e-01 7.904910072239632046e-02 1.383762811195622389e-01
6.237698207226677338e-01 8.296894807375226888e-02 1.348691330356412421e-01
6.265201748071955734e-01 8.670281535397379724e-02 1.312711963223409384e-01
6.294279917432545890e-01 9.023226644577179989e-02 1.276198470849368161e-01
6.324835796387427989e-01 9.357341127153176452e-02 1.239249687061042826e-01
6.356651519572802389e-01 9.670281735508813592e-02 1.202201915155339806e-01
6.389865112081871690e-01 9.965914490884543453e-02 1.164890386204968653e-01
6.423709069574665698e-01 1.023583742180567413e-01 1.128256795026453402e-01
6.458739125809648263e-01 1.048753818544900934e-01 1.091680718681930368e-01
6.494740277018240526e-01 1.071882321924781389e-01 1.055473115372386195e-01
6.531646460841707968e-01 1.093040015514526314e-01 1.019702397235841967e-01
6.569059226895742620e-01 1.111960825960199989e-01 9.848168194049090884e-02
6.607544640437765793e-01 1.129175202285988555e-01 9.502356711526105393e-02
6.646512200870935416e-01 1.144347181023589316e-01 9.165626687829339647e-02
6.686067845863188364e-01 1.157748396133173041e-01 8.836318189662731304e-02
6.725934702485362182e-01 1.169345842361444177e-01 8.516866562757720305e-02
6.765966811536703318e-01 1.179260735416286093e-01 8.207861229739384090e-02
6.805869735360549067e-01 1.187501981423522146e-01 7.911250175316715538e-02
6.845418466679079605e-01 1.194166881840423577e-01 7.628110952607683459e-02
6.884417914014313578e-01 1.199348521077847479e-01 7.359281941917099334e-02
6.922346586363316012e-01 1.203067467511984012e-01 7.107948796830493299e-02
6.959214827358366495e-01 1.205491641166467065e-01 6.873102005718521867e-02
6.994546955051326176e-01 1.206642090400726064e-01 6.657407281407110022e-02
7.028597939335209377e-01 1.206691007645011304e-01 6.458252774240071103e-02
7.061662428092718713e-01 1.205775382713425714e-01 6.273025924466134329e-02
7.093978046129482129e-01 1.203993251127980224e-01 6.099666294845917242e-02
7.126169951120755464e-01 1.201430852222921536e-01 5.933828161676534679e-02
7.158672834145557440e-01 1.198117326493136070e-01 5.772707358405759770e-02
7.194192287133207575e-01 1.194021169472010563e-01 5.600401708673865414e-02
7.234634325361656293e-01 1.188963595669584455e-01 5.406978718246067267e-02
7.280718845363884917e-01 1.182893074248933668e-01 5.188476517089938428e-02
7.330686215587371990e-01 1.176048236398636870e-01 4.953247039346563713e-02
7.379765342265389716e-01 1.169058905200465598e-01 4.724198108105940458e-02
7.420248156013720120e-01 1.162944481072588632e-01 4.538254112942620433e-02
7.447452452736676998e-01 1.158384314924712499e-01 4.417333627609394686e-02
7.461540367500528736e-01 1.155462577357480730e-01 4.359776712474493915e-02
7.468914993123523249e-01 1.153426988888708454e-01 4.334128027302828340e-02
7.474082513850514031e-01 1.151670304158698838e-01 4.318609260939341998e-02
7.478259409438251515e-01 1.150026112340777756e-01 4.307001779406623848e-02
7.481676094748129779e-01 1.148613414798474730e-01 4.296490541559862264e-02
7.485178375771623926e-01 1.147265198777325662e-01 4.282876537745064494e-02
7.489401096685667225e-01 1.145769417072245028e-01 4.260466663714088803e-02
7.495537360837445373e-01 1.143771690913769762e-01 4.217110944158183189e-02
7.505023131818221449e-01 1.140727186947125271e-01 4.137470492304960029e-02
7.520268175073770989e-01 1.135754627400998307e-01 3.997607974317971685e-02
7.550596651064458431e-01 1.125704616542504838e-01 3.699318866135437034e-02
7.584296155717171750e-01 1.114479101580252846e-01 3.363765639028305776e-02
7.610389061677876876e-01 1.105723807294907574e-01 3.103988373981429044e-02
7.627964238006337272e-01 1.099774505854471396e-01 2.929817952741481726e-02
7.638391190273038367e-01 1.096224965471704754e-01 2.827020149325193063e-02
7.642554402674185399e-01 1.094813747035095625e-01 2.785932618359848387e-02
