5.865961024951985570e-01 -2.778886207623894600e-01 2.637929117290963021e-01
5.865971772938303186e-01 -2.778576983196873185e-01 2.637847902212046014e-01
5.867577340257595919e-01 -2.758829874376138025e-01 2.631811251374112648e-01
5.870193978921475209e-01 -2.726371410770670467e-01 2.621916900509743686e-01
5.873440226926885943e-01 -2.685555336441451391e-01 2.609530583316761465e-01
5.877064316094297025e-01 -2.639613193546114789e-01 2.595618681946413875e-01
5.881080800778216711e-01 -2.588296436036756076e-01 2.580105978178247605e-01
5.885480379611257584e-01 -2.531971233751681427e-01 2.563074698477188496e-01
5.890208452596920052e-01 -2.471256201800385022e-01 2.544702125803523507e-01
5.895228179324272233e-01 -2.406914333319263022e-01 2.525206000448479982e-01
5.900513770330678698e-01 -2.339265657723633152e-01 2.504660328827098548e-01
5.906025550834046456e-01 -2.269004622656713155e-01 2.483261823070910534e-01
5.911761832922317605e-01 -2.196504309564669688e-01 2.461105476690995941e-01
5.917683760600149778e-01 -2.122177481006650157e-01 2.438297734403307715e-01
5.923812989367183146e-01 -2.046140899743585928e-01 2.414845958265983417e-01
5.930115105111869456e-01 -1.968747642094372530e-01 2.390847359085426505e-01
5.936615783023044823e-01 -1.890054673998864676e-01 2.366290739547681765e-01
5.943275874256681579e-01 -1.810471335381394209e-01 2.341285850855662487e-01
5.950148315364478524e-01 -1.729797716922970019e-01 2.315747023425622775e-01
5.957189127499312731e-01 -1.648533244317997859e-01 2.289813795983379197e-01
5.964404294516120197e-01 -1.566546277038056989e-01 2.263438856740327132e-01
5.971795220495652590e-01 -1.484229099609969404e-01 2.236726357051927183e-01
5.979352210898015718e-01 -1.401628130358840152e-01 2.209677389919210422e-01
5.987114846464882678e-01 -1.318764553936134787e-01 2.182275004938740437e-01
5.995052895019916672e-01 -1.235919385538011284e-01 2.154602653352442609e-01
6.003244500255937588e-01 -1.152724745954433749e-01 2.126506757349038435e-01
6.011639791052224568e-01 -1.069696023726416229e-01 2.098153941434052761e-01
6.020281664864676197e-01 -9.867219122341666648e-02 2.069493907900705199e-01
6.029112495903685698e-01 -9.043536443568482575e-02 2.040702636052848518e-01
6.038172304439581861e-01 -8.224862466098641078e-02 2.011734137689865087e-01
6.047465442318924467e-01 -7.414523403466923013e-02 1.982668124044579816e-01
6.056988168749638524e-01 -6.612300410111350557e-02 1.953499958275654869e-01
6.066771817636449349e-01 -5.819292484503584689e-02 1.924244411126728171e-01
6.076867009938899944e-01 -5.033931171109397307e-02 1.894827802524391980e-01
6.087238190077258748e-01 -4.262500483483844943e-02 1.865445933148449642e-01
6.097894715002577515e-01 -3.504518696369900155e-02 1.836093600943913828e-01
6.108872863508386652e-01 -2.762179477020357266e-02 1.806800331333029974e-01
6.120201324459531023e-01 -2.035164006813993537e-02 1.777540515344107619e-01
6.131915171091937289e-01 -1.325238182505266565e-02 1.748341556459897528e-01
6.144061119073057631e-01 -6.321055203681004257e-03 1.719165771833291445e-01
6.156620908659921065e-01 3.884485373082350191e-04 1.690173175146800766e-01
6.169680475474795811e-01 6.909900910417336208e-03 1.661210418550994050e-01
6.183173685611165205e-01 1.313713377375339171e-02 1.632608812790904695e-01
6.197204210495530496e-01 1.912654461030516284e-02 1.604135770767661506e-01
6.211878359884567269e-01 2.487007756314912540e-02 1.575726281199936463e-01
6.227255826321393961e-01 3.033341825258241420e-02 1.547414902533789660e-01
6.243404483094753266e-01 3.552184996262330863e-02 1.519129167745175424e-01
6.260348943732519933e-01 4.039895369549586363e-02 1.490927770825753451e-01
6.278246957844563214e-01 4.504154433775219707e-02 1.462479285368493143e-01
6.297274741990867009e-01 4.947099578304994805e-02 1.433592030583383525e-01
6.317483154026375392e-01 5.368041127577078547e-02 1.404262858277154358e-01
6.338905952040496672e-01 5.770716553725829812e-02 1.374396686625004860e-01
6.361570853529858738e-01 6.155384951584780967e-02 1.344020318148324566e-01
6.385437830657498814e-01 6.522705672603933136e-02 1.313204217553377295e-01
6.410445504691418828e-01 6.873193272290126221e-02 1.282044881198181330e-01
6.436550803793993358e-01 7.206979875763014354e-02 1.250634384311608283e-01
6.463688469523541924e-01 7.524064707153214904e-02 1.219086670197139510e-01
6.491693608854948172e-01 7.822616006794741450e-02 1.187639816038910667e-01
6.520614945555937014e-01 8.105678064511162573e-02 1.156216684606840295e-01
6.550312947470230407e-01 8.369969872337822137e-02 1.125090586290750511e-01
6.580788361821164889e-01 8.618082576948232765e-02 1.094213131370100345e-01
6.611904533132632045e-01 8.847862816429918897e-02 1.063808866917245743e-01
6.643831310821073366e-01 9.063264376341753636e-02 1.033643098681920336e-01
6.676427466450168824e-01 9.261244188807155053e-02 1.003983277287128079e-01
6.709813318498348833e-01 9.445601532454685201e-02 9.746213024702389538e-02
6.744001716831761195e-01 9.616000294327883835e-02 9.455971886551862993e-02
6.778939552317325701e-01 9.773345627680392333e-02 9.169353307021362032e-02
6.814371697530733352e-01 9.916342129805495731e-02 8.888755052157509828e-02
6.850236791144466153e-01 1.004638258960006136e-01 8.613926306741366556e-02
6.886346540260896987e-01 1.016334957314330989e-01 8.346284006281955159e-02
6.922597224966405838e-01 1.026835399162006196e-01 8.085989102178912924e-02
6.958875617363511346e-01 1.036192180007587255e-01 7.833490049841485003e-02
6.994882620387827821e-01 1.044374507350574327e-01 7.590728010293582018e-02
7.030395668373192741e-01 1.051448422326708571e-01 7.358601100092738989e-02
7.065097284527546151e-01 1.057428208117528051e-01 7.138771602252040605e-02
7.098547716257805895e-01 1.062278723431869659e-01 6.933813027481297575e-02
7.130791870784498609e-01 1.066182534654397385e-01 6.742337849504978498e-02
7.161412144160289595e-01 1.069113363159694546e-01 6.566746164664702401e-02
7.190305333927694553e-01 1.071183103692949778e-01 6.406808467609001467e-02
7.217172714451767224e-01 1.072429674444430742e-01 6.263822745124332514e-02
7.241890903441100535e-01 1.072927368888264704e-01 6.137771716764771346e-02
7.264634075918093847e-01 1.072791776087883564e-01 6.026780910414293591e-02
7.286129518640872549e-01 1.072179272654406462e-01 5.925742879817923192e-02
7.306815977356918568e-01 1.071149565136162302e-01 5.831836510002975232e-02
7.326842252128782373e-01 1.069723911646388859e-01 5.744131344043599402e-02
7.346192507373091596e-01 1.067934733958482429e-01 5.662523669104665980e-02
7.364449612785559651e-01 1.065801864836542628e-01 5.589037677820143935e-02
7.381738262694877983e-01 1.063404394122153679e-01 5.522538020385126672e-02
7.398269528298715425e-01 1.060772096255444136e-01 5.461766694292381069e-02
7.414297887611815963e-01 1.057902192901522820e-01 5.405415954220069152e-02
7.430046357943012048e-01 1.054782087475621410e-01 5.352387992022130531e-02
7.445679380177199214e-01 1.051408935633872666e-01 5.301859434106587915e-02
7.461111666440427559e-01 1.047811972525287127e-01 5.254033143691072549e-02
7.476127265017852297e-01 1.044081929262037217e-01 5.209275892361847626e-02
7.490279831396906562e-01 1.040370586686903964e-01 5.168609927550203015e-02
7.503179717592298736e-01 1.036854167923514508e-01 5.132588351468850285e-02
7.513901131581579573e-01 1.033838139179326515e-01 5.103422497927634360e-02
7.521336175960692261e-01 1.031695762032208141e-01 5.083667515418063831e-02
7.522693961807721541e-01 1.031256193719770203e-01 5.080582576788449101e-02
7.522728093113218995e-01 1.031239416200697562e-01 5.080550535921234817e-02
