5.810578625006018738e-01 -3.003910401674153574e-01 2.631343790487645218e-01
5.811816068976780603e-01 -2.991340811620351592e-01 2.628360118616616670e-01
5.815052033097517503e-01 -2.957277806422105582e-01 2.620304822522855348e-01
5.819097007492816109e-01 -2.914111492649187340e-01 2.610081787744312209e-01
5.822940497648193547e-01 -2.871814792258611249e-01 2.600059559951343191e-01
5.827115679373859880e-01 -2.824993763293388027e-01 2.588861228027193873e-01
5.830727172886913667e-01 -2.782248552709565836e-01 2.578483068818873125e-01
5.834561621320548674e-01 -2.735345190394325998e-01 2.566959398944573256e-01
5.838479104505102102e-01 -2.685286086584706688e-01 2.554506292900758924e-01
5.842569511951988259e-01 -2.631195024533742877e-01 2.540924469476978365e-01
5.846966199478710324e-01 -2.571623187158665891e-01 2.525813424384950601e-01
5.851677954249489000e-01 -2.506651068582586572e-01 2.509159002929869375e-01
5.856642271046279546e-01 -2.437344256493863826e-01 2.491231409519449047e-01
5.861820631920819924e-01 -2.364443794341286320e-01 2.472195130723434942e-01
5.867210615314994993e-01 -2.288368618978571245e-01 2.452131903267977253e-01
5.872830423179209447e-01 -2.209294464326184149e-01 2.431061747955268193e-01
5.878605901845539439e-01 -2.127777933544376388e-01 2.409119626749773313e-01
5.884518291221595421e-01 -2.044473992064413659e-01 2.386462802704895636e-01
5.890584363123207989e-01 -1.959607718844346425e-01 2.363137519109288487e-01
5.896909983393129329e-01 -1.872416573361859182e-01 2.338866993371498393e-01
5.903380567344863605e-01 -1.783886351059510433e-01 2.313945326712189277e-01
5.909961877894576165e-01 -1.694864491158153408e-01 2.288595166239335843e-01
5.916750959406853472e-01 -1.604733852386618642e-01 2.262602901255290622e-01
5.923631747804513070e-01 -1.514472788153864435e-01 2.236257821203206375e-01
5.930680011485096603e-01 -1.423810789575994107e-01 2.209443381614911162e-01
5.937986027243927767e-01 -1.332323712217061973e-01 2.181981664401772270e-01
5.945534438641193464e-01 -1.239895726276159515e-01 2.153850641105092556e-01
5.953274895483601226e-01 -1.147560612511202283e-01 2.125349402582957792e-01
5.961153923757991357e-01 -1.055596773632137275e-01 2.096580001570125806e-01
5.969185144843498492e-01 -9.644229151362312957e-02 2.067635692793259317e-01
5.977415532284424682e-01 -8.738961746177911771e-02 2.038472150055648247e-01
5.985968207908465288e-01 -7.834040129935716801e-02 2.008823320223882269e-01
5.994806971828480213e-01 -6.935479063518375231e-02 1.978883466095905930e-01
6.003960529697032200e-01 -6.043900315162279574e-02 1.948643898050627377e-01
6.013356738814195079e-01 -5.167324639617242032e-02 1.918379256861355575e-01
6.023149437072060630e-01 -4.296889386181085291e-02 1.887745474328705875e-01
6.033299814200987488e-01 -3.437978544006522336e-02 1.856924791605137348e-01
6.043726610499442486e-01 -2.597855508176293016e-02 1.826181071843144821e-01
6.054446041170264969e-01 -1.781871065760025352e-02 1.795646145286838025e-01
6.065649107582696820e-01 -9.809519883635632598e-03 1.764945995540850021e-01
6.077395722600706929e-01 -1.962708079975899241e-03 1.734067019480624028e-01
6.089574347906783203e-01 5.618541877655456457e-03 1.703389004280151386e-01
6.102412196471957984e-01 1.302561130275328542e-02 1.672494726026923784e-01
6.115763250453524202e-01 2.011633030869352037e-02 1.641884299560978366e-01
6.129916415263607643e-01 2.699208235431064737e-02 1.611063947217198644e-01
6.144734873261820107e-01 3.351044551040639058e-02 1.580529394208667338e-01
6.160398437313140407e-01 3.969049854553249185e-02 1.550072717552463120e-01
6.177069118007901816e-01 4.550668888658979117e-02 1.519623983894632935e-01
6.194801163863241644e-01 5.090405082243067147e-02 1.489265494690137914e-01
6.214053967038626336e-01 5.599390829696241495e-02 1.458316539039800075e-01
6.234938984037754484e-01 6.077158003679374032e-02 1.426696614335686841e-01
6.257628494791754870e-01 6.529718689632016404e-02 1.394139589668213774e-01
6.282221938701656461e-01 6.960958574959909273e-02 1.360523162556772636e-01
6.308610116732746853e-01 7.371180669588529855e-02 1.326012020434696737e-01
6.336651448011643151e-01 7.760844747339688821e-02 1.290806389717232272e-01
6.366210124155687877e-01 8.130312733768853273e-02 1.255099421380646840e-01
6.397159566440629996e-01 8.479634801778301867e-02 1.219076071570740494e-01
6.429109687427493336e-01 8.804938146130919518e-02 1.183230352825449389e-01
6.462302578237214545e-01 9.110767354491421111e-02 1.147328955837973591e-01
6.496470845191699706e-01 9.394335731992463356e-02 1.111739735860682449e-01
6.531467248280236060e-01 9.655631710158471548e-02 1.076638351020233475e-01
6.567056685037985231e-01 9.892766145789769205e-02 1.042321189092909328e-01
6.603616980000373005e-01 1.011030067526334786e-01 1.008421538439418647e-01
6.640923635071365183e-01 1.030670940557455867e-01 9.752085470401651579e-02
6.679212873754103441e-01 1.048483509764634308e-01 9.424599419030901815e-02
6.718423726117952466e-01 1.064527382387398663e-01 9.102246307762688893e-02
6.758147856528349262e-01 1.078730803871860988e-01 8.788359566284158209e-02
6.798525266401950207e-01 1.091340371083202171e-01 8.481158681246095399e-02
6.838706793071128720e-01 1.102095888078260533e-01 8.187273255155912144e-02
6.878915156276702580e-01 1.111300912110858574e-01 7.903990152547604731e-02
6.919218942441467401e-01 1.119113952208371926e-01 7.630277884980650460e-02
6.958541987174203802e-01 1.125333863005244656e-01 7.373487918804112751e-02
6.997177295089753724e-01 1.130238121104907012e-01 7.130421400286372779e-02
7.034675214813319588e-01 1.133846708495546557e-01 6.903598561656289212e-02
7.071229069405766676e-01 1.136340574265891634e-01 6.690828933238769649e-02
7.106639006458902452e-01 1.137795034370413377e-01 6.492659122646825265e-02
7.140631468940663584e-01 1.138304725762757652e-01 6.310010291709462760e-02
7.174091427823489076e-01 1.138077488508964924e-01 6.136729666423192120e-02
7.207087996499477178e-01 1.137181085247014611e-01 5.971908769192123961e-02
7.240226579902139248e-01 1.135717738994736214e-01 5.811326714262896737e-02
7.273054603568691601e-01 1.133722050956158522e-01 5.656871996185827006e-02
7.305986512177092829e-01 1.131242893205252897e-01 5.505719111757485101e-02
7.339419080111243554e-01 1.128317502159339042e-01 5.355371113651768988e-02
7.372046138002856797e-01 1.125055217077825243e-01 5.211823378387225869e-02
7.401808978062636157e-01 1.121671108548335655e-01 5.084209647965411832e-02
7.426318073814077714e-01 1.118437939871082948e-01 4.982945155380125862e-02
7.444987739263728699e-01 1.115522527181720125e-01 4.909847829244696343e-02
7.459383587344941002e-01 1.112856277489460838e-01 4.857187171566663964e-02
7.470717838014654388e-01 1.110339927046171543e-01 4.819125737472468307e-02
7.480170357415771853e-01 1.107864370432907336e-01 4.790131393882121613e-02
7.487872395738404130e-01 1.105504056858500200e-01 4.768647207833649759e-02
7.493330802080553354e-01 1.103496444646245439e-01 4.754710278153038289e-02
7.496261650571338642e-01 1.102037728748532786e-01 4.747202824209682814e-02
7.497958943002727139e-01 1.100718595598415839e-01 4.740839928590342978e-02
7.499825738618541848e-01 1.098916910802040098e-01 4.731483814740145705e-02
7.509017931052992534e-01 1.076514779885565792e-01 4.596261738133611274e-02
7.520586036731605750e-01 1.047037701457872172e-01 4.417815795003245116e-02
7.530784311374967288e-01 1.020700833216569292e-01 4.258492987496997895e-02
7.538088674499597852e-01 1.001688615004556054e-01 4.143649032587957970e-02
7.538269038785007092e-01 1.001284440623587541e-01 4.141213742847436874e-02
