5.913564417024607112e-01 -2.887067905217275410e-01 2.673840940479635386e-01
5.913569515878930316e-01 -2.885343514188750125e-01 2.673358839753178229e-01
5.913901605464096933e-01 -2.856146326774819943e-01 2.665105864943305702e-01
5.914405126320794182e-01 -2.814888055011812718e-01 2.653478708234646155e-01
5.914953446476481913e-01 -2.774343457051729467e-01 2.642144336785465231e-01
5.915622823379342865e-01 -2.729541907920789989e-01 2.629623082581889482e-01
5.916493309890485941e-01 -2.679882055761041992e-01 2.615786515580443838e-01
5.917532654207970921e-01 -2.624812407903045486e-01 2.600463370063145208e-01
5.918785018989841662e-01 -2.563541150443470751e-01 2.583414594486725946e-01
5.920257993048440026e-01 -2.496809104740198015e-01 2.564836823771780572e-01
5.921945968632135182e-01 -2.425300917702882253e-01 2.544886227463728501e-01
5.923845814775114960e-01 -2.349891417073868005e-01 2.523788027742455697e-01
5.925948790621560214e-01 -2.271404607653550456e-01 2.501751205966042391e-01
5.928260956466517850e-01 -2.190110605460763860e-01 2.478822805045590716e-01
5.930794438342789077e-01 -2.106172828264424313e-01 2.455006845784677427e-01
5.933549751911211256e-01 -2.020227981945388884e-01 2.430458213287838842e-01
5.936536725357474120e-01 -1.932608969205766025e-01 2.405252642597996149e-01
5.939706899477545932e-01 -1.843797076892945974e-01 2.379504035726942024e-01
5.943078627687933269e-01 -1.754124836077594340e-01 2.353285738433988084e-01
5.946696663605971489e-01 -1.663168810540028852e-01 2.326437562345656240e-01
5.950523400233320714e-01 -1.571235354733257206e-01 2.299036577696362826e-01
5.954586688981376996e-01 -1.478565597489439332e-01 2.271118444513648416e-01
5.958922327692934839e-01 -1.385204245866512307e-01 2.242651739313274439e-01
5.963486821730935583e-01 -1.291521915268140086e-01 2.213757773052711098e-01
5.968264852615090543e-01 -1.198478949942671512e-01 2.184724884898979202e-01
5.973330365835498590e-01 -1.105320629502843099e-01 2.155280816268000665e-01
5.978739092060384452e-01 -1.011880831468778136e-01 2.125325307365886762e-01
5.984456784309439836e-01 -9.183748697882777867e-02 2.094936445822314641e-01
5.990474396176175276e-01 -8.256653388176302122e-02 2.064358443524735021e-01
5.996881371954911888e-01 -7.328795944911978277e-02 2.033289368601982894e-01
6.003660540843804849e-01 -6.408753016092624821e-02 2.001984353161883057e-01
6.010810121768427328e-01 -5.500412174987562297e-02 1.970545819135624266e-01
6.018365270521091048e-01 -4.603487029306425199e-02 1.938942810271873929e-01
6.026395235099544223e-01 -3.713420140131596520e-02 1.906999925826480813e-01
6.034816171100221283e-01 -2.844822787359678473e-02 1.875195552136375288e-01
6.043812183572025987e-01 -1.985283002235641373e-02 1.843050833351756179e-01
6.053289962088516107e-01 -1.148444542306738259e-02 1.811032461291517404e-01
6.063295342885445249e-01 -3.332211650903014067e-03 1.779083521747446273e-01
6.073934523171355959e-01 4.617108880095016805e-03 1.747081801530397382e-01
6.085351873703037651e-01 1.239335878075326254e-02 1.714836308869649439e-01
6.097482885666960506e-01 1.988766195273450332e-02 1.682715493289299036e-01
6.110414617384870573e-01 2.711701084591081404e-02 1.650614365142970552e-01
6.124300647721035995e-01 3.408106607973969415e-02 1.618412088970637430e-01
6.139243416838242595e-01 4.072770810736068420e-02 1.586173809190489226e-01
6.155308139888184815e-01 4.700056132240453682e-02 1.553991852314872690e-01
6.172722924176035075e-01 5.291807086863502957e-02 1.521609619666560165e-01
6.191587852209389231e-01 5.841901231196422462e-02 1.489089961190100397e-01
6.212130119303380660e-01 6.356574387557623051e-02 1.456063997014152012e-01
6.234645848319130268e-01 6.842823229399071228e-02 1.422099327124736745e-01
6.259124063575298713e-01 7.297829661642686594e-02 1.387327148836450252e-01
6.285773070888074354e-01 7.732591913116364235e-02 1.351353160082330862e-01
6.314583895434564553e-01 8.146938099418069013e-02 1.314273865953816678e-01
6.345304958436164267e-01 8.539419702834868953e-02 1.276428514396015235e-01
6.377634947298173040e-01 8.908964364246990675e-02 1.238185137493009735e-01
6.411490028298820754e-01 9.256397107585188910e-02 1.199677348076938765e-01
6.446758922129443015e-01 9.581788418299320986e-02 1.161084405492068539e-01
6.483072529238699255e-01 9.882235271503497787e-02 1.122870759650344274e-01
6.520373857471971624e-01 1.015900631239685242e-01 1.085105698804363916e-01
6.558726976019757515e-01 1.041393063977931743e-01 1.047761877316315399e-01
6.598152204982498104e-01 1.064748072672932200e-01 1.010870307781087662e-01
6.638095211198026258e-01 1.085576697222935538e-01 9.750296738128018392e-02
6.678989432641830870e-01 1.104449626121400962e-01 9.397592974519088094e-02
6.720753668789865021e-01 1.121335459191514783e-01 9.051911756410568888e-02
6.763189186766793703e-01 1.136274428367693573e-01 8.714784465061668761e-02
6.805971765365811388e-01 1.149293625103087607e-01 8.388539374768860801e-02
6.848634610381164611e-01 1.160360546190687958e-01 8.076400833450347871e-02
6.891276462563985516e-01 1.169772262600944635e-01 7.776493607992904233e-02
6.933240642558330391e-01 1.177431896581218607e-01 7.493538408580630028e-02
6.974119750898521986e-01 1.183448480578126460e-01 7.229371841527461318e-02
7.013655040278989894e-01 1.187940826928833155e-01 6.984810037068510391e-02
7.051372823290710246e-01 1.190974743505417710e-01 6.762222138013027073e-02
7.087595744509188611e-01 1.192821654807084547e-01 6.558170806454484414e-02
7.122028893598947308e-01 1.193563297817478441e-01 6.373835172407096850e-02
7.154896790139375629e-01 1.193400633713100761e-01 6.206696772678617358e-02
7.186115137332202973e-01 1.192442102860868242e-01 6.056525682542101413e-02
7.216478319752924753e-01 1.190863137867283900e-01 5.917747183816284701e-02
7.247636315774942384e-01 1.188798687429908352e-01 5.780615533656906224e-02
7.280754518615445425e-01 1.186251591617369233e-01 5.639179864621800958e-02
7.315148040244962013e-01 1.183244420908023814e-01 5.496816969367834815e-02
7.348545574569146366e-01 1.179976656352653142e-01 5.362967259924796004e-02
7.378861926912350100e-01 1.176701983937493839e-01 5.245574693865778099e-02
7.403469353578162604e-01 1.173714093577799267e-01 5.154834367973602782e-02
7.421798980478386820e-01 1.171161174418606649e-01 5.091988953195974305e-02
7.435711909088310589e-01 1.168947812030569078e-01 5.048568814230838808e-02
7.446439387662657783e-01 1.166997979960170961e-01 5.019201877709726645e-02
7.454918259159960536e-01 1.165287603186725557e-01 4.999820547457879683e-02
7.461518601496464065e-01 1.163901692754197859e-01 4.988417281262644276e-02
7.466648191440898863e-01 1.162952086916270306e-01 4.982871583882676064e-02
7.472015072323586748e-01 1.162175768994977709e-01 4.978463616153887966e-02
7.478211089385182753e-01 1.161622153336923230e-01 4.976012014931851385e-02
7.485145711432933391e-01 1.161627555843117859e-01 4.979327807371132508e-02
7.492469707644952015e-01 1.161914715278913185e-01 4.985288754639225633e-02
7.499375534533433418e-01 1.162608679997666761e-01 4.994701537839710270e-02
7.507603864571019692e-01 1.163586971282343230e-01 5.007446702646367598e-02
7.544352799266937915e-01 1.170662195610774614e-01 5.092172136041320935e-02
7.595836167862621835e-01 1.180917423265006039e-01 5.214468115579817126e-02
7.650786561390822138e-01 1.191980616393576303e-01 5.346350120127892069e-02
7.698867133288874731e-01 1.201694271810584413e-01 5.462287073392851910e-02
7.729932831922158298e-01 1.207969460981355991e-01 5.537358973014736008e-02
7.731561973041121139e-01 1.208270448529527724e-01 5.541243046416854251e-02
