-43.7931034482758 -3.10344827422634
-43.8318558310385 -3.13481739600588
-43.8330942373692 -3.05518085768766
-43.7966900382871 -2.86566576665945
-43.722513930589 -2.56696599473964
-43.6104131989345 -2.15941678125914
-43.4602044776794 -1.64307757605293
-43.2716825039689 -1.01783679159747
-43.0446495114334 -0.283559641631072
-42.7789761716473 0.55968650509878
-42.4747163981164 1.51126782325035
-42.1323145917247 2.5693713654444
-41.7529105395862 3.73009950625319
-41.338539622428 4.98684875164879
-40.8922588136833 6.32987217963546
-40.4184489163903 7.74509208683302
-39.9231436327169 9.21243508779665
-39.4138359714502 10.7060262927685
-38.8975881236725 12.2005173380856
-38.3787038915393 13.6790400989998
-37.8587028212142 15.1336626990942
-37.3374564722589 16.5619629126375
-36.8141297844408 17.9641105281485
-36.2877287900057 19.3411453486542
-35.7573678083486 20.6941305360383
-35.2223799525408 22.0238190177863
-34.6823584507921 23.3305757309497
-34.1371744129917 24.6143978623836
-33.5869694753329 25.8749278679833
-33.0320607529564 27.1113455614534
-32.4726314917823 28.3219884386563
-31.9080965059126 29.5036282398084
-31.3362738822116 30.6506922666311
-30.7528870724 31.754984222162
-30.1519028891744 32.8058999502141
-29.5265385907483 33.7907236517551
-28.8702661877069 34.6954926679022
-28.1773885627108 35.506904400303
-27.4435828691717 36.2132308625347
-26.6678377786544 36.8025392614465
-25.8566625665401 37.2618823297561
-25.0280945069439 37.5820036417393
-24.2094260777334 37.7644405459705
-23.4272677336188 37.8205742720336
-22.6991283926091 37.7630713735473
-22.0326063177126 37.6005024070379
-21.4284691957192 37.3381327153557
-20.8830785130179 36.9816397814373
-20.3889995067016 36.5406994183305
-19.934913004595 36.0294166973287
-19.5068958235042 35.4620273058817
-19.0916953641568 34.8480875223691
-18.6795858770912 34.1924157455011
-18.2647512915984 33.4979471430997
-17.8440390078895 32.7676765981217
-17.4156042205484 32.0051416973856
-16.9780448199899 31.2143213869401
-16.5300342427544 30.3995243145064
-16.0703268841522 29.5654273030848
-15.5980614836329 28.7172377400701
-15.1132921377249 27.8608176697996
-14.6173819327043 27.0023967096952
-14.1126205069151 26.147625145196
-13.6013242541116 25.30061928462
-13.085350222222 24.4637389708796
-12.5661147085756 23.6378414845141
-12.0447881905252 22.8225796714278
-11.5224946534724 22.0166474357104
-11.0004580187939 21.2180483505845
-10.4800602764038 20.4244492301329
-9.96278965171935 19.6335779226817
-9.45010176387134 18.8435476069255
-8.94326519165562 18.0530159006267
-8.44326464407361 17.2611791698641
-7.95078927884307 16.4676683466908
-7.46628693064297 15.6724170504057
-6.99004862954646 14.8755446404119
-6.52229656830716 14.0772703338134
-6.06326449106851 13.2778616874397
-5.61327151374358 12.4776190691601
-5.17279656743351 11.6769019899985
-4.74256210441264 10.8762094008377
-4.32363277256077 10.0763316587989
-3.91752415500185 9.27859624865751
-3.52628369747019 8.48523439759809
-3.15242044550578 7.69988817510116
-2.79851781352117 6.9281473846993
-2.46676006909893 6.1775258310802
-2.15871319213023 5.45601616019371
-1.87516669233053 4.76997162842904
-1.6161635050059 4.12332452167077
-1.38120331442392 3.51808297630193
-1.16947795967507 2.95506168923383
-0.980106192077336 2.43446519076735
-0.812289370382719 1.95625634061408
-0.66538031688604 1.52037064134658
-0.538908289879825 1.12686725437081
-0.43260248646245 0.776110275987564
-0.346459558591018 0.469115547248774
-0.280934683266977 0.208332685907344
