-10.9092277816872 -2.02022737345791
-10.8351450356135 -2.01691765527223
-10.8320692654028 -2.01376758049342
-10.8911342091802 -2.01121874808287
-11.0058273233249 -2.00959822408938
-11.1716426945791 -2.0091357777916
-11.3858856299354 -2.0099733795851
-11.6475983211021 -2.01216820637517
-11.9576002174652 -2.01568878663625
-12.3186429109329 -2.02040259459469
-12.7355939738284 -2.02605478306136
-13.2150839472462 -2.03225481486848
-13.7632605522754 -2.03853610977981
-14.382459039923 -2.04458484911789
-15.0696226025015 -2.0506433072386
-15.8186585382564 -2.05739754096454
-16.6235729032171 -2.06559523867593
-17.4778260339645 -2.07613021103193
-18.3724193179299 -2.09024580704056
-19.2949683449658 -2.10937213382217
-20.231338675685 -2.13432397235664
-21.1694304171954 -2.16441527808503
-22.1021116418209 -2.19749433099692
-23.0272211951459 -2.23087640489882
-23.9456653402606 -2.26224180176957
-24.8595185950498 -2.28998191739637
-25.7709293642892 -2.3131317149796
-26.6817139159656 -2.33116892498251
-27.5933154104081 -2.34383263904678
-28.5069040207747 -2.35099994570938
-29.4235166747665 -2.35261196813292
-30.3442148147933 -2.34862948908246
-31.2702885618537 -2.33899497058863
-32.2035745595757 -2.32356542202159
-33.1469836874843 -2.30194653730874
-34.1053191547186 -2.27309897055991
-35.0863121825066 -2.23455879840382
-36.1013670314405 -2.18139033818343
-37.1646012805627 -2.10618478277768
-38.2867239695842 -2.00307635645425
-39.4584193343977 -1.87392916204034
-40.6321920938976 -1.71887828433506
-41.7328829420736 -1.50942881645365
-42.6918104145481 -1.18778470825897
-43.4676741185973 -0.703380459343365
-44.0457820374101 -0.0448497559756409
-44.4274435172626 0.764170392344661
-44.6197383290058 1.68867369704041
-44.6298000109578 2.6976286999726
-44.4625769470826 3.76800592810979
-44.1202470041846 4.88347429797124
-43.6026594110118 6.03069982825433
-42.9094470192801 7.193286481841
-42.0454769886703 8.34320637376648
-41.0302869314805 9.43414937211697
-39.9049830319046 10.4094917003897
-38.7225980667688 11.2300285685973
-37.5241431414806 11.894184119429
-36.3262352722955 12.4267347506063
-35.1284004479688 12.8561674066987
-33.9243932831023 13.2031945745738
-32.7076586588512 13.4797618359147
-31.4711840508176 13.6915613384449
-30.2053211957995 13.8405050756643
-28.8981200892008 13.9264259138336
-27.5407749473442 13.9487897940193
-26.1379410619467 13.9090946314158
-24.7101305284335 13.8115417988637
-23.2800341078343 13.6603365810319
-21.8625932106898 13.457636974615
-20.4649169980398 13.2034128074954
-19.0887561508896 12.8957903758745
-17.7323984248306 12.5313392177944
-16.3919851372106 12.1054962277238
-15.0630632508135 11.6136545664241
-13.7433741619595 11.0535745068782
-12.4370818659848 10.4291960397901
-11.1579603769553 9.75400852468883
-9.92693037370252 9.05029787643053
-8.76368214574918 8.34287741833149
-7.67964086403724 7.65157063596991
-6.67779294410423 6.98770438536373
-5.75691633745142 6.35500898483054
-4.91555526481353 5.75209899374156
-4.15334375326989 5.1745682114354
-3.46955271179648 4.6165753188089
-2.8620958108707 4.07287091750976
-2.32649364698654 3.5432209477511
-1.85496191778896 3.03487562801841
-1.43956014213316 2.55705893218283
-1.07484453984975 2.11612988569447
-0.757810469817641 1.71535751665306
-0.487075781069538 1.35606405426944
-0.262237840819652 1.03855339159066
-0.0834798743970975 0.762674233010564
0.0486539233962992 0.528135273117131
0.133381927415015 0.334673641410702
0.169749078014262 0.182138992090847
0.156655919846137 0.0705294358633041
0.0928669670763114 -5.45108547189699e-09
