2.81900414499007 30.3042945796776
3.03584353171202 30.4588723229187
3.21016631446124 30.6206190399262
3.31745091383082 30.7892060048043
3.34996551236448 30.9648456698638
3.30552492882449 31.1477851564255
3.18360381409817 31.3382589111753
2.98393236647559 31.5365317250727
2.70587742078563 31.7429464715981
2.34798817967287 31.9579522589894
1.90744640304544 32.1820808081629
1.37935257251427 32.4158105143341
0.756149043234411 32.6592676790228
0.0281997842884694 32.9118640397952
-0.81335539371973 33.1721582357012
-1.77322299529495 33.4378745514081
-2.85212726781557 33.7055509195202
-4.04686183664425 33.9702257812721
-5.3438895030097 34.2253806073605
-6.71643534962899 34.4621031329543
-8.13488087529914 34.6686771676019
-9.57850558353845 34.832444518403
-11.0370790149294 34.9426225263767
-12.5058468052466 34.9921644401091
-13.9813055231479 34.9777453964537
-15.4601204270707 34.8984197882912
-16.9393680620212 34.7542399360458
-18.4167722142741 34.545369306739
-19.8907319676596 34.2715935300865
-21.3602401415845 33.932022582829
-22.8247530179739 33.52484721687
-24.283999453153 33.0471037765939
-25.7376653222137 32.4945070446399
-27.184858174959 31.8615714332251
-28.6232602353012 31.1424922091551
-30.0479581982258 30.3335194455634
-31.4501665363324 29.4372388669173
-32.8165004857819 28.4666480638863
-34.1299079904618 27.4432147524754
-35.3729707877876 26.3888086891973
-36.5322396019062 25.3208099378126
-37.5999091612346 24.2522349874296
-38.5712223862837 23.1918967395015
-39.4413337428134 22.1435536694701
-40.2051503504834 21.1057325286582
-40.8587937288267 20.0726550897599
-41.4001773329948 19.0359974840455
-41.8286933086066 17.9875076944917
-42.144957187026 16.9219482188132
-42.3504766162316 15.8383788580796
-42.4469484887644 14.7389207043864
-42.4356825695685 13.6268116390541
-42.3174099496456 12.5052233702316
-42.0923170552161 11.3769232702093
-41.7602012170344 10.2444920843673
-41.3208517843804 9.11099595860254
-40.774955827133 7.98123172452559
-40.1259235683265 6.86368920961221
-39.3826742448026 5.77287321266722
-38.5619579610485 4.73022452414773
-37.6865248732669 3.76058354372459
-36.7768440623331 2.88389917653252
-35.8434371163664 2.10838353334316
-34.8881055911574 1.43077503293542
-33.9075714687887 0.842270922700818
-32.8953207571379 0.334095193429538
-31.8439180298628 -0.100659708799507
-30.7472628208441 -0.467249080340737
-29.6018946478632 -0.769728676303402
-28.4065857567093 -1.01119064369878
-27.1606411438028 -1.19384263800559
-25.8626354132049 -1.31920408687635
-24.5104345889704 -1.38869736414619
-23.10278554077 -1.40483238240593
-21.6426776356199 -1.37281568419683
-20.1412832037915 -1.30136764374689
-18.6186702861294 -1.20131669801149
-17.1002779779998 -1.08410281807563
-15.6141154487801 -0.962108607006441
-14.1842639757189 -0.845941300688537
-12.8234079645448 -0.740881557558929
-11.5348290684008 -0.647730860566061
-10.3176242173878 -0.565213925950575
-9.17001827132185 -0.491554367314708
-8.09081153633382 -0.425142930813784
-7.07987432545802 -0.36469644702934
-6.13815830134766 -0.309215456172568
-5.26692456655302 -0.25794694901451
-4.46608982328916 -0.210447535048047
-3.73411280783531 -0.166627442310647
-3.06929400276056 -0.126737186182712
-2.47036410625455 -0.0912383245050741
-1.93650272744136 -0.0605802959356136
-1.46724979207182 -0.0350867298155517
-1.06244219426584 -0.0149547404316073
-0.722181307663504 -0.000292652569586709
-0.446822740930485 0.00883345277517126
-0.237001788658064 0.012323339240676
-0.0938170694162449 0.00982803268237578
-0.019934386236784 3.40795920927839e-08
