-10.5943558705116 2.75743509200177
-10.6679674407711 2.79546160098061
-10.8464030316337 2.84438892419893
-11.1186855206544 2.89789173462538
-11.474912912044 2.95160756003608
-11.9065113988268 3.00249567153259
-12.4062984966116 3.048408417828
-12.9684495643057 3.08779878619567
-13.5884208299321 3.11951392534457
-14.2628564233467 3.14264074437005
-14.9894889213321 3.15638007705859
-15.7670271899474 3.15993279428736
-16.5950069992362 3.15238669112702
-17.4735539466499 3.13259877418169
-18.4029698105148 3.09907483486861
-19.3830013878706 3.04985468278379
-20.4116017488714 2.98240348188579
-21.4830181361559 2.8934596720037
-22.5853033876922 2.77877629843662
-23.6986685371393 2.63289771465816
-24.7989302818791 2.44904246584238
-25.86458118021 2.21896963407874
-26.8783140802433 1.93293108780712
-27.8239242108296 1.58006634287643
-28.6832388827196 1.1496374808656
-29.4354190062797 0.632960517699436
-30.0591555968326 0.0249403011308607
-30.5357747850012 -0.675799374899473
-30.8510275094828 -1.46778758390871
-30.9958898093498 -2.34732847552902
-30.9667674391869 -3.30779023335915
-30.7647103881735 -4.33812123483494
-30.3937625691444 -5.42269286842937
-29.8591445227942 -6.54275887854093
-29.166133417807 -7.67808900412195
-28.3199851498328 -8.80797679797925
-27.3269207008471 -9.91164781908205
-26.1961527662733 -10.9684196054655
-24.9426141461578 -11.9581703438662
-23.5885154615768 -12.862970938317
-22.1599633776957 -13.6702432485116
-20.6793970045422 -14.3750618555774
-19.1614577802318 -14.9798482984587
-17.6156892554861 -15.4934570459007
-16.0515485386164 -15.9293516058463
-14.4796280918831 -16.3018850210061
-12.9093305666809 -16.6226061153891
-11.347119376375 -16.8988050370088
-9.79649887842483 -17.133973567957
-8.2587775415246 -17.3288771381362
-6.73384514161115 -17.4824946261881
-5.22072960148841 -17.5926346971498
-3.71795372570158 -17.6562628013231
-2.22377139471701 -17.6696213739847
-0.73636195201112 -17.6282160011202
0.745938204819393 -17.5267229894854
2.22426637324183 -17.3588671914671
3.69857705120205 -17.1173333971522
5.16647988984326 -16.7938246552676
6.62133019731038 -16.3794824855627
8.04956928379353 -15.8659899091107
9.42817890629568 -15.24750187169
10.7245989145547 -14.5230609949467
11.901240380027 -13.6995571481195
12.9217407584155 -12.7935495723929
13.756619535745 -11.8276454217392
14.3897335796145 -10.8235635562718
14.8203711709475 -9.79903047653096
15.0587360758553 -8.76967154810493
15.1206066577486 -7.75134489384148
15.0237796598592 -6.76045026889737
14.7861907755171 -5.8135095405436
14.4251859307145 -4.92700493608599
13.9575972066203 -4.117194213131
13.4004296099428 -3.39926467051616
12.7719471071349 -2.78518635095923
12.0925708600378 -2.28006796376596
11.3841798565643 -1.87841009239789
10.6662792653606 -1.5641008882684
9.95089596966724 -1.31680802483735
9.24227198179008 -1.1191198420517
8.54160883315916 -0.957273977652543
7.85056081553476 -0.82024432162374
7.17215199976287 -0.700624911825977
6.50960711234485 -0.594195471768044
5.86541814118455 -0.49864977760433
5.24135946028112 -0.412735318057238
4.63878574741769 -0.335770882481258
4.05893169360937 -0.267378003293353
3.5031714967836 -0.207329857106753
2.97324309450164 -0.155462869053613
2.4714427685194 -0.111620261463098
2.00079043086092 -0.0756106828511557
1.56516045081334 -0.0471724636797836
1.16936675857373 -0.0259372120143594
0.819182931977261 -0.0113865826866744
0.521266633345813 -0.00279332267676967
0.282941092479352 0.000868745561491857
0.111760973334874 0.00107347924794468
0.0147501141513331 3.82939246978964e-09
