11.890490207562 14.1026744354297
11.6211218815927 14.3053231433421
11.2127468728527 14.503770912837
10.6949785694117 14.6847459962887
10.0842829436165 14.8419004098774
9.38983856412598 14.972010054561
8.61705794901229 15.0733185655943
7.76937241750222 15.1447747874517
6.84909116641195 15.1856671151398
5.85780539641561 15.1954346144463
4.79657454916902 15.1735503520183
3.66601019993979 15.1194223232012
2.46631556894305 15.0322776457027
1.19731372806407 14.911001956113
-0.141510526627874 14.7539067990818
-1.55092814753312 14.5584013983029
-3.03180101793048 14.3205643795865
-4.58474252284532 14.03466591425
-6.20935256277556 13.6927993778373
-7.90240027548811 13.2849249350421
-9.65396464329761 12.7997408721441
-11.4419233358018 12.2269299697561
-13.229762084479 11.5611866164154
-14.9722653766264 10.8062489195277
-16.6247925846175 9.97477289262994
-18.150601668476 9.08240255404673
-19.5254460492506 8.1393921431887
-20.7388604572876 7.14595390543566
-21.7910559615665 6.09459881710356
-22.6880283413966 4.97712381360158
-23.437699846283 3.7916292473191
-24.0477552059724 2.54413486882081
-24.5246880249014 1.2448443746992
-24.8735094414164 -0.0958496870550505
-25.0977943435483 -1.46927150278069
-25.199860104905 -2.86881380694327
-25.1809408693126 -4.28962930799732
-25.0412818919629 -5.72812867147027
-24.7801228663243 -7.18141452396072
-24.3955699728257 -8.64660956405744
-23.8843944419988 -10.1199640112869
-23.2418703162601 -11.5956383635498
-22.4619069882657 -13.0642263018135
-21.537948658369 -14.5115525239648
-20.4652955409811 -15.9189300563765
-19.2452041726735 -17.2651715076984
-17.889329859678 -18.5267073862868
-16.4199095161124 -19.6764621361163
-14.8631101791634 -20.6896447957255
-13.2426379201359 -21.5532305062727
-11.5795562680878 -22.2684443060003
-9.89240700194636 -22.8443914007543
-8.19411977823053 -23.2906698472121
-6.49109778615486 -23.6149542616985
-4.78545144145303 -23.8231584610094
-3.07750538702872 -23.9195972613227
-1.36734188174635 -23.9070340509672
0.344391398698281 -23.7867202579636
2.05602538635292 -23.5582729388629
3.76476037737737 -23.2191685976572
5.46761283462494 -22.763609438271
7.16431403571952 -22.1806288466376
8.85797016141083 -21.4522699880604
10.5461694420559 -20.5547670994441
12.209923009789 -19.4662638953316
13.8112750831867 -18.1793822775659
15.2968871020257 -16.7141059770591
16.60839033841 -15.1221297701445
17.7076319207713 -13.4679717442739
18.5833569047784 -11.8057030971595
19.2399080068079 -10.1714515662822
19.6860578811924 -8.58757042891232
19.9294121321365 -7.0695680007754
19.9746762147423 -5.63188298320069
19.823505253144 -4.29182461046974
19.474762782484 -3.0714746636766
18.9252531687838 -1.99625232825041
18.172779542219 -1.08810160903754
17.2246117380491 -0.356312345998785
16.1091290305152 0.203154929508261
14.8778453890635 0.604301539868135
13.5925468101599 0.871858435826662
12.3155884309444 1.03626036041668
11.0950560367893 1.12613052377333
9.95040115882612 1.16613363099295
8.88105953253812 1.17431932847697
7.87993090480242 1.16137507675511
6.93990664764986 1.1326580992571
6.05576357097109 1.09048876968313
5.22422125898441 1.03571821042799
4.44351070073552 0.968595189094632
3.7129463154917 0.889186969202654
3.0326274845978 0.797568669520334
2.40327572294512 0.693916550964354
1.82619874692214 0.578590263325726
1.30340993963458 0.452281686806658
0.838027495522005 0.316356811050748
0.435308554507768 0.173663342124915
0.105296903886908 0.0304152873504773
-0.129991791625237 -0.0995689383864542
