-31.4146432714224 18.0782381203249
-31.4009057578101 18.1867116815468
-31.2895374175885 18.3346723583046
-31.0864732846282 18.5167879210513
-30.7973243470792 18.7279739995019
-30.4273274993244 18.9634017061771
-29.9813153059119 19.21849778306
-29.4637031372304 19.4889383272356
-28.8784913541318 19.7706373056903
-28.2292801775049 20.0597313887048
-27.5192946425012 20.3525632354682
-26.7514167455239 20.6456663993735
-25.9282229748617 20.9357561993301
-25.0520366638279 21.2197283271912
-24.1250553661715 21.4946447253608
-23.1496563756569 21.7576596629482
-22.1287046208261 22.0059296180076
-21.065511479428 22.2366094226171
-19.9636586730307 22.4468948051508
-18.8269188633465 22.6340605622528
-17.6592832733227 22.7954926213589
-16.4650390047761 22.9287246796267
-15.248807336333 23.0314859915661
-14.015473346074 23.1017361247443
-12.7700874751123 23.1375715326977
-11.5179955577635 23.1367855324761
-10.2656104457692 23.0961561128646
-9.02267680002939 23.0113146322262
-7.80519629782822 22.8775382163439
-6.63621412009759 22.6907838002413
-5.54425927962454 22.4485523529375
-4.56096615544691 22.1508117811983
-3.71824875982077 21.8014451386883
-3.0438467925954 21.4103677837271
-2.55369802089506 20.9951728454062
-2.24477109356335 20.5790845040829
-2.09852431931452 20.183821431546
-2.09339312487124 19.8233909503417
-2.21280609731122 19.5036735697359
-2.4472928184379 19.2241151623912
-2.79659144242923 18.9766986226119
-3.27043652238364 18.7447492810346
-3.87900417846306 18.5101005465036
-4.62739271220368 18.2576269390279
-5.51647412373092 17.9750488408081
-6.54443887400592 17.6519621566848
-7.70790127418489 17.2789879753303
-9.0025332207852 16.8471434699686
-10.4232569277814 16.3474564349125
-11.9639282854424 15.7708900969035
-13.6162613068193 15.1087521181655
-15.367523681331 14.3538937652755
-17.1967742159838 13.5027968000902
-19.0717101214679 12.5569937518168
-20.9503263722013 11.521111960073
-22.7869653274178 10.3994837829159
-24.5403887681862 9.19412308015163
-26.1778592878478 7.90450710357371
-27.6737078523713 6.52856677443704
-29.0069311980821 5.06367617279969
-30.1593806038532 3.5073457847543
-31.1141802541363 1.85793895414292
-31.8540577934674 0.115848078482292
-32.359723365342 -1.71448252336034
-32.6089675706853 -3.62159459102006
-32.5778271266782 -5.58390773486539
-32.2450529881359 -7.56860579300026
-31.5987668490498 -9.53473244922284
-30.6412450573835 -11.4397695590956
-29.3888815217939 -13.2458393032594
-27.8686202246959 -14.922626406974
-26.1138662599984 -16.4472537928803
-24.1615478715656 -17.8027533071205
-22.0505086411438 -18.9763675228485
-19.8208593223716 -19.9581934133088
-17.5139162713693 -20.7402750239977
-15.1724333321758 -21.3161323145859
-12.8407821195171 -21.6806530975709
-10.5646353468464 -21.8300776938768
-8.38994713540742 -21.7620445566169
-6.3611970643523 -21.4764429624975
-4.51790078631195 -20.9772803197763
-2.88870086271245 -20.2745918503954
-1.4859867301539 -19.3851647895278
-0.306314146679458 -18.3315271702085
0.663432902845745 -17.1396192294215
1.43961896742198 -15.8364198928207
2.03838151265017 -14.4485436962818
2.47459350395775 -13.0017963792258
2.76192015707756 -11.5212277962497
2.91316718503398 -10.0313378294318
2.94062106023258 -8.55628588207658
2.85631560339558 -7.12006192868359
2.67223579596008 -5.74661585161785
2.40048437741619 -4.45994995202965
2.05343311282623 -3.28417783660573
1.64387410886159 -2.24354940684332
1.18518149686975 -1.36243877467462
0.691490714123034 -0.665289938620967
0.177901053771521 -0.176513772414365
