19.6296296296297 24.4444444503516
19.6971735594998 24.5265051368846
19.7676590732328 24.6000143241656
19.839529113027 24.6437044237828
19.9122564981964 24.6428342345784
19.9857398185221 24.5863386912026
20.0600225456127 24.4649309134747
20.1351636934836 24.2698897728486
20.2111880947974 23.9924501386401
20.2881084138308 23.6238886200957
20.3660533019727 23.1565346687236
20.4454955708169 22.5859323277741
20.5272627049299 21.9140795040038
20.6117830377215 21.1526690460555
20.6986189491603 20.3238898959709
20.7870760620616 19.4554875779189
20.876104020658 18.5708954863579
20.9642240389258 17.6834174124434
21.0499835210925 16.7979441520916
21.1322789212418 15.9151274663416
21.2103835383792 15.034250836272
21.2838541858472 14.1544878519216
21.3524335912835 13.2752686006247
21.4159796871463 12.3962982931017
21.4744199955598 11.517484472824
21.5277232806609 10.638864698245
21.5758819334765 9.76055679338178
21.6189006410001 8.88273045437106
21.6567884498782 8.00559411123136
21.6895524089054 7.12939170137494
21.7171918608369 6.25440537381632
21.7396934872041 5.3809601300404
21.757028722063 4.50942371871555
21.7691573841503 3.64018820449294
21.7760441940371 2.77360753868251
21.7776967430451 1.90985214715942
21.7742283847659 1.04864601917472
21.7659207415617 0.18891555928223
21.7531914388271 -0.671463886906039
21.7363313788447 -1.5355048014797
21.715062204548 -2.40651308721702
21.688253724156 -3.28772703506728
21.6538974943687 -4.18252872374992
21.6089500928653 -5.09436091406367
21.5488736527206 -6.02555084595549
21.4673826620025 -6.97551754710621
21.3572725961067 -7.93987415143184
21.2116993357059 -8.9111389042812
21.0245603029842 -9.88076083414159
20.7902687498409 -10.8409490342463
20.5035495300408 -11.7850327124322
20.159490314004 -12.7068391756254
19.7538333079006 -13.5999538216603
19.2834123673648 -14.457655928704
18.7474778573633 -15.2733346896831
18.1513222012794 -16.0397093694118
17.5092313666729 -16.747939754932
16.8390036164936 -17.3911819827173
16.1529709359895 -17.9684642479584
15.4563982357655 -18.4828012125055
14.7504592993722 -18.9380462576911
14.0349560104647 -19.3372356259077
13.3096387039746 -19.6821061090667
12.574440514791 -19.9732417850402
11.8291920094342 -20.2104572934263
11.0734053792362 -20.393098118274
10.3064040038672 -20.5201470165686
9.52768906763959 -20.590256831431
8.73744338837854 -20.6018274669159
7.93715072027321 -20.553191836572
7.13024229744894 -20.442968450087
6.32254880877956 -20.2706288129716
5.5223240222241 -20.0372209258616
4.7397344760489 -19.7458764373054
3.98571281753535 -19.4014869975008
3.27002973949093 -19.0095627227684
2.59945141268158 -18.5751512919258
1.97766170038731 -18.1023394751236
1.40657898626166 -17.5942262221261
0.887281749742239 -17.053129659371
0.420035217978458 -16.4808307212851
0.00415067350677482 -15.8787373849496
-0.361804580167222 -15.2479290567147
-0.679614866940927 -14.5890981090313
-0.951117469680057 -13.9025023978503
-1.17798042361292 -13.1881237895889
-1.36150450256706 -12.4460785546616
-1.50248232692984 -11.677091012933
-1.60124536478921 -10.8825662895607
-1.65789912726479 -10.0641661637324
-1.67252356966466 -9.22340179622142
-1.64526698599835 -8.36146649890644
-1.57638793220353 -7.47923441095716
-1.46629641796124 -6.57733722732822
-1.31562306232393 -5.65627889579825
-1.12533597119877 -4.71658107868376
-0.896928281331547 -3.75896946158476
-0.632711878808123 -2.7846200680876
-0.336276405077068 -1.79548844345489
-0.0132144969425809 -0.794739821230925
