-43.0656934306569 -21.8978102219286
-43.1934621985939 -21.9391625402567
-43.3139837273337 -22.0851127301195
-43.4234927161428 -22.328330306304
-43.5195520717106 -22.6606022814035
-43.6006173779919 -23.0734467072394
-43.6657001874644 -23.5585445763741
-43.7141187177197 -24.1080110754138
-43.7453255865834 -24.7145251801723
-43.7588027830227 -25.3713337486963
-43.7540122630609 -26.072141841213
-43.7303810215026 -26.8108925480091
-43.6872708073434 -27.5814233447817
-43.623841608498 -28.3769755978715
-43.5388103562164 -29.1896522796414
-43.430312718955 -30.0103420543385
-43.2956259822943 -30.8295666286526
-43.1306062907731 -31.6379869366896
-42.9290239768742 -32.4254027151881
-42.6815865662946 -33.1790558070944
-42.3749748216417 -33.8826198538958
-41.9928283861146 -34.5174169470023
-41.5213917798343 -35.0659271141774
-40.9572830798525 -35.5152862614965
-40.3098045465965 -35.8586127574587
-39.5968807671478 -36.0939549028117
-38.8400144515679 -36.2221526831088
-38.0609365395707 -36.2451755463839
-37.2793771212516 -36.1657201128039
-36.5116729449452 -35.9877661947429
-35.7706342935171 -35.717263028091
-35.0659926074502 -35.3623021101486
-34.4036495462438 -34.9322767003834
-33.7832200542254 -34.4360591672923
-33.1970150825671 -33.8807968887207
-32.6336466389011 -33.2728257217195
-32.0831952690817 -32.6192091889385
-31.5393899457864 -31.9279989118688
-30.9988980303928 -31.2075317782163
-30.4597920749384 -30.4657096654434
-29.9203843170166 -29.7096661842149
-29.3787003946924 -28.9457780511077
-28.8324210731748 -28.1798585694523
-28.2790525459273 -27.4174184623199
-27.7161830978328 -26.6639383235428
-27.1417544468256 -25.9251193015109
-26.5543012412025 -25.2070774312242
-25.9531152892764 -24.5164364807095
-25.3382875160395 -23.860262686795
-24.71058528687 -23.2457836854309
-24.0711561236561 -22.6798626323662
-23.4211303122945 -22.1682788224094
-22.7613076916633 -21.7149917850347
-22.092143098148 -21.3216449122045
-21.414043815854 -20.987460018955
-20.727724312965 -20.7094728850272
-20.0343549104154 -20.4829846580954
-19.3354188288528 -20.3021063560043
-18.6323852847523 -20.1602770806494
-17.9264189570771 -20.0506727015447
-17.2182750978563 -19.9664777527966
-16.5083799465772 -19.9010321473219
-15.7970234166738 -19.8478797406646
-15.0845943666356 -19.8007488722915
-14.3718025239867 -19.7534978736846
-13.6598143757973 -19.7000721237566
-12.9502338194813 -19.634528586448
-12.2450079224314 -19.5511263553022
-11.5464414758603 -19.4443975135313
-10.8573171425606 -19.3091447512921
-10.1809803018679 -19.1403857360684
-9.52126622378658 -18.933276429999
-8.88217784644329 -18.683035097896
-8.26728476810898 -18.3848989950272
-7.67900974749175 -18.0341861988075
-7.11820041172922 -17.6265651207818
-6.58423941616634 -17.1585603762192
-6.07554963450941 -16.6281766043555
-5.59021607580424 -16.0354446158927
-5.1264923906726 -15.38271149722
-4.68303166383587 -14.6745412107528
-4.25882475940317 -13.9171888067333
-3.85300543006267 -13.1178124347463
-3.46471541647335 -12.283736559307
-3.09313096272746 -11.4220504550646
-2.73767964562029 -10.5397124522995
-2.3984610459473 -9.64424693228785
-2.07673716508201 -8.74477797985518
-1.77476298750742 -7.85179910524874
-1.49472169467576 -6.97488786120865
-1.23819703217095 -6.12155706070056
-1.00632802207796 -5.29774367059538
-0.800072128793348 -4.50859407560789
-0.620393448944931 -3.75908460594205
-0.46836500218781 -3.05443701027387
-0.345196711155774 -2.40034952129958
-0.252194751722519 -1.80305361946157
-0.19064958067757 -1.26918843970411
-0.16164209220671 -0.805467106904272
-0.165749679384803 -0.418091887079012
