-25.7139437894505 -2.28959773467708
-26.2910999045728 -2.40456606552052
-26.9011347644684 -2.41870704093142
-27.5252577505127 -2.33627609488285
-28.1511831549551 -2.16028041413594
-28.7707906962714 -1.89295291143719
-29.3783785670617 -1.53600196888111
-29.9693071333053 -1.09079110868519
-30.5388929215482 -0.558535607492318
-31.0814604431241 0.0594183306069531
-31.5895036107741 0.761164604146873
-32.0529579286825 1.54357949418855
-32.4586496974448 2.40135000815851
-32.7900843718029 3.32563996479973
-33.027887357491 4.30253230066547
-33.1514410361664 5.31198075743048
-33.1424739482913 6.32917879831858
-32.9907718421253 7.3300521812625
-32.6991794209373 8.29716089310529
-32.2827858169567 9.22090177326368
-31.7626040814712 10.0982505789401
-31.1598154412134 10.9305461952784
-30.4925423109706 11.7211907632883
-29.7743217661625 12.4740795170418
-29.0139513157626 13.1927356366948
-28.216514964945 13.8802900800232
-27.3855538781119 14.5405178160442
-26.5263037392245 15.1796625401023
-25.6489689770205 15.8077673473014
-24.7695207803674 16.4378320364924
-23.9062458594605 17.0828695431576
-23.0742536167634 17.7530233630581
-22.2821051009167 18.454337468215
-21.5318542179469 19.1890132841195
-20.8208944684416 19.9563399015393
-20.1439061689728 20.7536955949758
-19.4942227723517 21.5773484712177
-18.8645986790278 22.4229965606686
-18.2475527065502 23.2860819969414
-17.6354463113748 24.1619373012371
-17.0203922499764 25.0458136911082
-16.3940201380897 25.9328190327608
-15.7470400938458 26.8177505567814
-15.06842243375 27.6947137642058
-14.343886555503 28.5562283556782
-13.5536115555339 29.3913006565897
-12.6708582551704 30.1824175632415
-11.6675143141617 30.9042812270404
-10.5310241290068 31.5290029760404
-9.27755689685861 32.0329257377968
-7.94392401027654 32.396725873415
-6.5710161748003 32.6062124151932
-5.19786559814425 32.6542921438726
-3.86224122558347 32.5393694827636
-2.60107885249138 32.2625814039789
-1.44987503251846 31.8265161918284
-0.442101305598842 31.2362443237419
0.392702365279381 30.5027318243486
1.03513812874102 29.6464156371043
1.48363246401753 28.6946970808892
1.75736274122479 27.6756606565554
1.89969215137676 26.6207046080172
1.96476569396026 25.5604711515408
2.00154570765089 24.5135000171234
2.04700913758021 23.4873952704253
2.12455289573213 22.4845757026146
2.24747384225563 21.505567138333
2.42292851558802 20.5503935047276
2.65489968574855 19.6190769704379
2.94612147347757 18.7117954255097
3.29922760101067 17.8289312206756
3.71734558375735 16.9710749020629
4.20417770379875 16.1389588592162
4.76334441590712 15.3332218074147
5.39647577902857 14.5537865114956
6.09954591880458 13.7984715687037
6.85810405203029 13.0606035108642
7.64467212717925 12.3268529548289
8.42209746300649 11.5786398430271
9.15050321317984 10.797393054089
9.79012649969471 9.96837623492434
10.297995517601 9.084694555482
10.6279307282965 8.15608867579869
10.7455751326063 7.21201898323118
10.6443328613966 6.28951520338696
10.3420699948105 5.41798901938883
9.86932960861448 4.61428200377549
9.26094384507093 3.88494798919829
8.551295006768 3.23016683611632
7.77127781475799 2.646907675805
6.94670198636834 2.13101985752317
6.09810210953838 1.67847210392453
5.24155008176912 1.28598224240543
4.39002823417858 0.951246253539509
3.55505458514581 0.672936411326107
2.74838036009657 0.450606800264596
1.98365723475468 0.284646170171497
1.27800109819301 0.176495714867937
0.653387698131045 0.129601099150726
0.137874902458179 0.152250544636583
