-9.68908644716221 0.605567901898283
-10.1076891573692 0.728552642734697
-10.5525615069308 0.887814103344638
-11.0011238288314 1.10352339318619
-11.4421614505626 1.38484256954908
-11.8702411824134 1.73597756576021
-12.2829061996223 2.15909587524295
-12.6792924555273 2.65577344168753
-13.0594718676673 3.22779048906902
-13.424142790909 3.87768206373765
-13.7743952394807 4.60921642084036
-14.1112317593721 5.42773610039382
-14.434398645128 6.33985123063492
-14.7402225650909 7.35127594357062
-15.0194213633279 8.46171111738215
-15.258199609821 9.65946192587035
-15.4444291223951 10.9236955874609
-15.5727184592376 12.2349524023473
-15.6426225277474 13.5817212323002
-15.6544019585317 14.9583382030539
-15.6070437383947 16.3602367392263
-15.4983808448232 17.7805218269953
-15.3261219590011 19.2080264523868
-15.0893284013714 20.6265275930999
-14.7901255700792 22.0159302817829
-14.4350660472995 23.357144619043
-14.0353930560849 24.639481340609
-13.6055159807494 25.8637118063036
-13.1597500461345 27.0378512163093
-12.7097585141264 28.171599645401
-12.2639685612571 29.2734822058615
-11.8280848228452 30.3500551124074
-11.405854768381 31.4059620676527
-10.9997524794671 32.4442398924824
-10.6115014165369 33.4666473871817
-10.2424431608094 34.4739690597201
-9.89378217789627 35.4663571535557
-9.5667416163284 36.4438386749679
-9.26262698103288 37.4070114129625
-8.98250422620733 38.3577454954943
-8.72556252672511 39.2993329453982
-8.48665222559666 40.2347379895761
-8.25836129963654 41.1637203353069
-8.0344377329264 42.0804178418965
-7.80518442014198 42.9682358263393
-7.55605840546781 43.7958953789556
-7.27642828264521 44.5250505383455
-6.96359512190395 45.1247756432297
-6.61931214927935 45.5765826093823
-6.24685276428708 45.8711646804724
-5.84948540422231 46.004048894617
-5.42967683099953 45.9728877797048
-4.98856119115031 45.7772674819834
-4.52582261640739 45.4214383719877
-4.04108741938574 44.9177608436877
-3.53611747772423 44.2853769839513
-3.01362256622302 43.545870092721
-2.47525141922069 42.7241743028773
-1.92414932954534 41.8497854281676
-1.36660985658278 40.9493902161209
-0.809693386080136 40.0374056570984
-0.259279957003974 39.116421657164
0.280391026424681 38.1831210012744
0.806564211584202 37.2328852269939
1.31760523231891 36.2619210019959
1.81262053813925 35.2677510033636
2.29115651606386 34.2489886956345
2.75300016741422 33.2049528534343
3.19806276356755 32.1353496929824
3.62631749596912 31.040067188571
4.03776595238505 29.9190562930123
4.43241370692023 28.7722606105784
4.81023614630345 27.5995607734199
5.17110883375139 26.4007042283566
5.51465985118117 25.1751899664273
5.83997315620184 23.9220733591686
6.14503716910182 22.6396619327727
6.42582126174494 21.3251267684907
6.67496536695636 19.9742387938094
6.88045558011927 18.5818376144888
7.02538654647876 17.1440086385372
7.09025028695185 15.662131842743
7.05757514593533 14.1461770271902
6.91618142814722 12.6140706354895
6.66393462768453 11.0898523336391
6.31076205265842 9.60381368640643
5.87761247241199 8.18823189243158
5.38839947887251 6.86766637212751
4.86382080055807 5.6552672802624
4.32023915067997 4.55593470440815
3.77050184733571 3.57026823501638
3.22473724083793 2.69708621325157
2.69086440597105 1.93469126940717
2.17510987195179 1.2814058056054
1.68269539781154 0.735727773663093
1.21877201410142 0.296287580142865
0.789749434068003 -0.0383198087051976
0.405348089743354 -0.269809487261412
0.0820301890947332 -0.400503004155825
-0.150692522089187 -0.432676049345744
