27.4725274725275 42.5824175891676
27.522084227201 42.6953226636095
27.4983802699088 42.6976169980571
27.405545940908 42.5950745609889
27.2477341154444 42.3935072596899
27.0291190988249 42.0987626055414
26.7538966282623 41.7167232548939
26.4262850919046 41.2533086206021
26.0505281245731 40.7144788399919
25.6308987929997 40.1062414912654
25.1717056348111 39.4346615675061
24.6773008490747 38.7058753277499
24.1520909156553 37.9261087019804
23.6005497708326 37.101700828629
23.0272342425434 36.2391328424174
22.4368004944705 35.3450608464044
21.8340183649911 34.4263496519713
21.2237773635481 33.490100494456
20.6110739310158 32.5436645627331
20.0009658761388 31.594644869458
19.3984774743499 30.65092600945
18.808428115589 29.7208115368386
18.2351168277024 28.8132295512017
17.681773508941 27.9374655259178
17.1499217924431 27.1015872717256
16.6392044164053 26.3101280619903
16.1479223153618 25.5630700824324
15.6738038364921 24.856671033714
15.214567394367 24.1849882243415
14.7682595322998 23.5412766859606
14.3334838179484 22.9191526743815
13.9095608748605 22.3136021136347
13.4965420508178 21.7217066049755
13.0949616988992 21.1426852825398
12.7053872750328 20.5770563331178
12.3280558325631 20.0254831604092
11.9627925769076 19.4881028148951
11.6091245889411 18.9644726287611
11.2664216650425 18.4537809301659
10.9339874692712 17.9550421992929
10.6111022789444 17.4672050766351
10.297040036169 16.9891990418672
9.99107729845385 16.5199561871019
9.69250173862251 16.0584277456377
9.40062150718277 15.6036009728355
9.11477626193609 15.1545190527503
8.83435144184476 14.7103072658974
8.55879760415104 14.2702089155643
8.28765644971255 13.8336341750481
8.02059421810748 13.4002233113475
7.75744080654254 12.9699213755998
7.49822873547694 12.5430533455352
7.24322042001767 12.1203776771759
6.99290780551776 11.7030874975109
6.7479702917366 11.2927321712549
6.50918878486396 10.8910552738957
6.27733209127086 10.4997808003262
6.0530449382486 10.1204041343688
5.83676474999321 9.75403878018597
5.62867930124281 9.40134010797423
5.42872122662007 9.06249687535431
5.23658751960497 8.73726749910902
5.05177299807574 8.42504059334962
4.87360943302378 8.12490477610964
4.7013036952812 7.8357156223249
4.53397136915473 7.55615294135205
4.37066558651866 7.2847673272098
4.21040295021887 7.02001851987948
4.05218976978631 6.76031027394018
3.89505301608701 6.50402837213176
3.73808150740647 6.24959066724908
3.58048312900753 5.99551995213953
3.42166125398253 5.74054927532555
3.26130449919459 5.48375934137576
3.09946668902124 5.22472333637467
2.93659629432408 4.96360259845252
2.77347861614428 4.70112792530163
2.61109459417972 4.43844789550365
2.45045060484423 4.17690280926151
2.2924445091444 3.91781721464613
2.13779843694062 3.66236899216538
1.98704870960745 3.41153666335919
1.84056670020704 3.16609560488034
1.69858775510919 2.92663141545369
1.56123497382536 2.69354917498166
1.42853487173608 2.46707486046019
1.30043319079443 2.24727114802323
1.17682026409834 2.03408970161037
1.05756092409182 1.82744138096715
0.942520383287551 1.6272587565323
0.831583623172603 1.43354347250432
0.72466894142477 1.24639953481241
0.621736672566989 1.06605465273438
0.52279378563805 0.892871075402548
0.427894740648856 0.727346638966451
0.33713875148931 0.570106211715388
0.250663439887806 0.42188335180323
0.168634749686592 0.28349172263122
0.0912329087574623 0.155785614773559
0.0186341706479567 0.0396087891074024
