-30.0531914893617 43.3510638297866
-30.1547296955988 43.3430498918249
-30.2485697491698 43.2649318571828
-30.3346359684839 43.1165297184469
-30.4128343630073 42.8976307167545
-30.4830453594598 42.607977742669
-30.545113854634 42.2472554612292
-30.5988356111915 41.8150739608569
-30.6439385607717 41.3109505027265
-30.6800572177736 40.7342915962277
-30.7066982075079 40.0843811154392
-30.723195364547 39.3603871567776
-30.7286550946082 38.5614136835428
-30.7218991111511 37.6866469295423
-30.7014267392339 36.7356842009566
-30.6654485837408 35.7091785380842
-30.6120880791896 34.6099487572395
-30.5398801417489 33.4445803600453
-30.4486257819265 32.2251005269003
-30.3403622494119 30.9695540236435
-30.2197783290693 29.6999875241857
-30.0934390828959 28.4377557962665
-29.9680906655578 27.1986582842577
-29.8491583531946 25.9909422719647
-29.7402062291795 24.8166088504999
-29.6432058161854 23.6741168033875
-29.5590827154539 22.5606821610433
-29.4881902247301 21.473583820104
-29.4306139359084 20.4106690876157
-29.3863356927183 19.3704202484283
-29.3553100058496 18.3518452838142
-29.3374942432454 17.3543310449141
-29.3328575635677 16.3775151207272
-29.3413819074183 15.4211911094826
-29.363061652406 14.4852448125113
-29.3979054603927 13.5696136426517
-29.4459431745711 12.6742613136475
-29.5072413037354 11.7991611835799
-29.5819321342561 10.9442828535352
-29.6702630827543 10.1095771663884
-29.7726728097719 9.29495451047794
-29.8898951400034 8.5002506227085
-30.023073946804 7.72517409408119
-30.1738311051817 6.96923381758374
-30.3441561498758 6.23166008154538
-30.5358949290845 5.51137125707441
-30.7495934463528 4.80709978467568
-30.9826960660619 4.11781759728623
-31.2277331995147 3.44343579620168
-31.4717600107773 2.7853464606841
-31.6979733783963 2.14621113688179
-31.8889428056347 1.5290294265823
-32.0296771592811 0.936243649110555
-32.1091320111967 0.369425196130467
-32.1200967960088 -0.170562423252318
-32.0582254586275 -0.683253036062092
-31.9209216494643 -1.16830421811581
-31.7064038325332 -1.62528620540965
-31.4129918485926 -2.05349260893936
-31.038552626577 -2.45172069065702
-30.5800661416049 -2.81797708619276
-30.0334023631991 -3.14909490236426
-29.3936691843924 -3.44034060186739
-28.6568672716229 -3.68531251784989
-27.8235760088717 -3.8767737715277
-26.9037203858022 -4.00908226161893
-25.9181147685198 -4.08162985196141
-24.8928111885021 -4.10058593066256
-23.8499667182227 -4.07678235080099
-22.8030412516827 -4.02152653029795
-21.7578886293037 -3.94371328904481
-20.715977587741 -3.84920262667825
-19.6769281659859 -3.74144496155949
-18.6398472150609 -3.62232827751692
-17.6038594141426 -3.49282865871434
-16.5682476266052 -3.35341707416805
-15.5324488818927 -3.20429071796176
-14.4960411900938 -3.0455071593635
-13.4588312002924 -2.87709185303336
-12.4212047268292 -2.6991957245268
-11.3850032659592 -2.51239732074578
-10.3551802119836 -2.3182174947493
-9.3418723603528 -2.11970145163801
-8.36085535827032 -1.92148195706444
-7.42960838223769 -1.72870150059694
-6.56050203065332 -1.5453139836742
-5.75746937228822 -1.37321174505281
-5.0183077379986 -1.21261556507007
-4.33860941490305 -1.06293092201932
-3.71418690386174 -0.923378216183353
-3.14186511951233 -0.793277817007812
-2.6194701216244 -0.672121916837967
-2.14558665003195 -0.559558640329914
-1.71931609802836 -0.455353715032437
-1.34009440023167 -0.359354484442577
-1.00756885088905 -0.271462567146552
-0.721518775602996 -0.191614863099466
-0.48180564806587 -0.119770941481545
-0.288342072242243 -0.0559048727926117
-0.141072622729219 6.53865850352986e-13
