-40.6896551724138 -44.8275862068965
-40.7228123131185 -44.715745910025
-40.7121641538513 -44.3672791615823
-40.6601068089819 -43.799620380718
-40.5690291409901 -43.0298046634308
-40.4412954224324 -42.0744416223511
-40.2792317969867 -40.9497013497984
-40.0851160157473 -39.671311490463
-39.8611698748606 -38.2545646024516
-39.6095536626905 -36.7143352699741
-39.3323616999776 -35.0651068716401
-39.0316176698596 -33.3210086024652
-38.7092678168024 -31.4958644332882
-38.367169172378 -29.6032573442189
-38.007068701034 -27.6566145678851
-37.6305677244587 -25.6693227889109
-37.2390645462791 -23.6548859109887
-36.8336678687037 -21.6271406236918
-36.4150765587208 -19.6005424860902
-35.9834312730898 -17.5905186505788
-35.5381637689123 -15.6138376288508
-35.0778951124107 -13.6888580477753
-34.6004346181952 -11.8354082549541
-34.102856569436 -10.0740317160111
-33.5814990075733 -8.42457004978705
-33.0318350986132 -6.90451098263272
-32.4488959221415 -5.52788530462741
-31.8293324760643 -4.30526972601179
-31.1742763058631 -3.24501106545683
-30.4902578865754 -2.35528896101183
-29.7878439947957 -1.64541472097221
-29.0795638518094 -1.12508420972825
-28.3780681006649 -0.802690106407149
-27.6950450349283 -0.684352064354703
-27.0410006402068 -0.773643164577581
-26.4254177430116 -1.07131517821929
-25.8566604907162 -1.57481074491408
-25.3412047511834 -2.27788254168197
-24.882545580955 -3.17057827458674
-24.4805560129107 -4.23971466685993
-24.1317082795583 -5.46987009633601
-23.8300597465506 -6.84457343968685
-23.5684956025907 -8.34724599584951
-23.3397139561153 -9.96169016334605
-23.1367495903857 -11.6721870512141
-22.9531082728536 -13.4633560372156
-22.7826715017068 -15.3198916203029
-22.6195008776494 -17.2262290282196
-22.4576316749596 -19.1661621636474
-22.2909857585183 -21.1225302884548
-22.1136068108915 -23.0773632666158
-21.9200240360158 -25.0127703948006
-21.7052062269359 -26.9118954383019
-21.4643344798981 -28.7591794602706
-21.192691081928 -30.5401437493123
-20.8856384672652 -32.2410876397165
-20.5386455600935 -33.8488241632278
-20.1473597082696 -35.3504524708438
-19.7077439563768 -36.7331491707738
-19.2163135366751 -37.9839725570564
-18.6705163927105 -39.0896970536134
-18.0693020220982 -40.0367346300475
-17.4138880941449 -40.8112606926386
-16.7086291791922 -41.3997288084267
-15.9616994548264 -41.7899611823322
-15.1851118320405 -41.9728062855501
-14.393667625561 -41.943907937852
-13.6029579943142 -41.7047451760308
-12.8271889012205 -41.2623371967698
-12.077692907449 -40.6278304011947
-11.3624204055411 -39.8147828517068
-10.6860965661479 -38.8378400230967
-10.0506401661916 -37.7119008389526
-9.4556599282877 -36.4514620461927
-8.8989473431619 -35.0701535016462
-8.37697922805526 -33.5806188244111
-7.88535202250232 -31.9946073412433
-7.41909361915129 -30.3231265188117
-6.97286879240906 -28.5766006045625
-6.54111057793607 -26.7650248261329
-6.11810751917952 -24.8981229609126
-5.69807986090607 -22.9855376191157
-5.2753012569353 -21.0371258152621
-4.84438724500169 -19.06351351674
-4.40099200921915 -17.0771526588117
-3.94322962335374 -15.093973712993
-3.47368996577943 -13.1347495417027
-3.00053439772547 -11.224220489535
-2.53595391383435 -9.38917492741864
-2.09312162932945 -7.65907158002854
-1.68309566227519 -6.0622661692272
-1.31320442996905 -4.61997657333726
-0.987545282675079 -3.34618520164832
-0.708065153527488 -2.24996782428324
-0.475426479717496 -1.33758434052658
-0.289550177925925 -0.613847353962925
-0.149889026311664 -0.0828218581943119
-0.0556303758883083 0.251620162365089
-0.00592038305345726 0.385016411935207
3.5527136788005e-14 0.311763871298311
