-17.2473560092137 -20.3614619535378
-17.2609301391649 -20.2989504218307
-17.2795692740481 -20.2094515492577
-17.3024875039381 -20.0777150710166
-17.3292783671193 -19.8874835431665
-17.3597834968559 -19.6221388138992
-17.3940222291171 -19.2651783282908
-17.4321562738206 -18.8007292005928
-17.4744722030841 -18.2143226484097
-17.5213654660958 -17.4942285095093
-17.5733045099726 -16.6337051071817
-17.6307521263914 -15.6342034186941
-17.6940451488293 -14.5081610767195
-17.7632615172904 -13.277953301983
-17.8380479706644 -11.9692207286994
-17.9173855349065 -10.6034279814277
-17.9994026513282 -9.19528520592534
-18.0813544986593 -7.75429383100798
-18.1599129666516 -6.28723851135541
-18.231650838167 -4.80004280763435
-18.2933179570168 -3.29861965002593
-18.3418146645589 -1.78880226592565
-18.3740702409693 -0.275981847516558
-18.3869955452911 1.23497454262298
-18.3774898624114 2.73961909364457
-18.3424560280533 4.2338046532377
-18.278810078604 5.71359441374435
-18.1834842180912 7.17519590280661
-18.0534237876752 8.61491083000827
-17.8855785006423 10.0290949276377
-17.6768875529778 11.4141242702387
-17.4242577665026 12.7663661649053
-17.1245339078698 14.0821539800887
-16.7744611360638 15.3577666198243
-16.370641798215 16.5894151138346
-15.9094934112775 17.7732413165756
-15.3872225363809 18.9053371158009
-14.7998404149587 19.9817961787325
-14.1432579985605 20.9988114890122
-13.4135024530735 21.9528251701899
-12.6070808220219 22.8407171468243
-11.7214687822614 23.6599916843782
-10.7556388076919 24.4089013110852
-9.71050059652278 25.0864549902659
-8.58910048155797 25.6923075077737
-7.39646192838249 26.2265745783949
-6.13918101417179 26.6896051309018
-4.82496710672136 27.0817568487643
-3.46222499683689 27.4032478633474
-2.05973778188212 27.6540893863273
-0.626474023536728 27.8340656058756
0.828488963334281 27.9427348324
2.29594609402576 27.9794390221746
3.76646988902992 27.9433184325916
5.23025849149199 27.8333364293604
6.67695068703571 27.648328689372
8.09545497163144 27.3871013029927
9.47388316061998 27.0486084473117
10.7997291203187 26.6322273266621
12.0604393293713 26.1381027450721
13.2443849870572 25.5675049401379
14.3418412602723 24.9231080055938
15.3454080768896 24.2090023754065
16.2498970724876 23.4303877557872
17.0519280606329 22.5931139749006
17.7494099212714 21.7032765863424
18.3410509344345 20.7669696817503
18.8259764449788 19.7901981384651
19.2034640712012 18.7789092114581
19.4727735973812 17.7391052612192
19.6330459867835 16.6770170130877
19.6832602050345 15.5993310642108
19.6222603551905 14.5134661418797
19.4488964514951 13.4278686210925
19.1623520850594 12.3522338086123
18.762731590144 11.2974564390935
18.2518921828791 10.2750501008898
17.634310656711 9.29594494502827
16.9175911288926 8.36905925700795
16.1122576992479 7.50039757921591
15.230854795935 6.69307584257811
14.2868038600227 5.94792055259286
13.2933978333517 5.26404074343202
12.2632462631021 4.63929529839746
11.2082229042388 4.07076419924091
10.1396378062058 3.55512565607569
9.06843663162086 3.08889392886469
8.00536608964691 2.66855065899862
6.961098725809 2.29061105498752
5.94632457349913 1.95165360996506
4.97181878772317 1.64833026125863
4.04849261282682 1.37736634420918
3.18743277079606 1.13555534916779
2.39993243625113 0.919751106153833
1.69751554466254 0.726858738944877
1.09195519918806 0.553825044048183
0.595286286822487 0.397628579276165
0.219811982895703 0.25526954013109
-0.0218964649894156 0.123759379633128
-0.117007482379314 0.00011004632570899
