41.3710909884305 46.0779815802413
41.2429970712958 45.914188440043
41.0578702238192 45.6266658712679
40.824867366363 45.2326758387596
40.5494110651163 44.7400719970557
40.2353489462748 44.1534306160468
39.8862307581643 43.4777366491505
39.5061602154239 42.7219582437651
39.1004038090161 41.9040142343453
38.6761773166348 41.0568292209902
38.2443782912639 40.2277642096831
37.8154550996394 39.4577747247453
37.3910808370522 38.7615232371666
36.967367412421 38.1382684349169
36.5399834497997 37.5863896334333
36.1061939728117 37.1089970340584
35.6642435150609 36.7106814812194
35.2119402076738 36.3913611002661
34.7466393389717 36.1457271905667
34.2662313348474 35.967407645975
33.7695891468008 35.8518432719631
33.2563488744321 35.7965934729776
32.7265478669365 35.8006385758959
32.1803753433435 35.8637005300877
31.6180515645022 35.9857998064475
31.0397927970478 36.1669740901079
30.4458290396239 36.4070415563481
29.836457525252 36.705306659653
29.2121173576638 37.0601240140918
28.573450699734 37.4682511829296
27.9212680725908 37.9239464299427
27.2562584355062 38.417883881085
26.5782381106868 38.9365164283062
25.8852115317045 39.4636829357183
25.1737494626496 39.9847985234998
24.4405077640403 40.4895253044593
23.6828949602501 40.9715046445416
22.8989844804422 41.4271421794581
22.0872932073878 41.8545358199287
21.2466221068947 42.2527109250785
20.3759610707263 42.6210622844
19.4743139921924 42.9587567887833
18.5400293459935 43.2635352474388
17.5691188997256 43.5290454377237
16.5538948178717 43.7416860820103
15.4878540369113 43.883139975745
14.3758978519194 43.9378439855053
13.2354333155752 43.8945210044739
12.09001661074 43.7469487885485
10.9641020956807 43.4952730371036
9.8789435199528 43.1433944829042
8.8517656457275 42.6956998136528
7.8980402309026 42.1559080460569
7.03112271898275 41.5289398076784
6.25430090307021 40.8231906156081
5.5589722075439 40.0473699079746
4.93594709870244 39.206180600729
4.38069902782876 38.3008556329637
3.89144187214168 37.3311337253041
3.46697457352688 36.2963421112091
3.10566535415484 35.1958713906172
2.80500765645154 34.0295119211651
2.56132059357613 32.7978854778369
2.3694466026453 31.5031051688964
2.22244795542998 30.149761872589
2.11141270172897 28.746262743029
2.02565785724108 27.3062634627381
1.95383346001822 25.8491014442571
1.88608045181616 24.3971233333806
1.81596707922884 22.9700801342603
1.74067223033989 21.5813628978084
1.65981126934272 20.2381215593624
1.57405354752745 18.9430034282746
1.4841259382952 17.6957458914838
1.39043018863853 16.4943148688866
1.29327542920883 15.3359118481298
1.19336603201648 14.218006885104
1.09201012009204 13.1390590126649
0.990868043137621 12.0985910967672
0.891524086336422 11.0967991530368
0.795202290834246 10.134118384783
0.702703890798715 9.21096983818038
0.614480419167165 8.32767691112742
0.530744776279422 7.48446773576715
0.451568234006429 6.68150239178084
0.376948943407734 5.91889899413207
0.306854914238163 5.19675289818545
0.241249117465088 4.5151511570557
0.180103838296837 3.87418620065403
0.123409534229508 3.27397210253568
0.0711818196397937 2.71466706652323
0.023469142959047 2.19650739669166
-0.0196368059341938 1.71986102368028
-0.0579860826650398 1.28531342424265
-0.0913489515311704 0.89380675670545
-0.119385832322767 0.54686625080818
-0.141606910110434 0.246969663605162
-0.15732051617329 -0.00184853658101292
-0.165572039443607 -0.193007532305532
-0.165081318347788 -0.315756946535582
