-0.279329608938554 41.3407821254089
-0.311608471304724 41.3835096362742
-0.462922307391012 41.4307546206185
-0.719678950458263 41.4813968379827
-1.0707401279616 41.5345037956136
-1.5072666779532 41.5893135042855
-2.02251668916106 41.6452145227849
-2.61160797204348 41.7017234403834
-3.27124469862649 41.7584599134817
-3.99939795836533 41.8151197815489
-4.79491656296406 41.8714480293281
-5.65699786153099 41.9272147961076
-6.5842712857509 41.9821933032516
-7.57328787271634 42.0361324874787
-8.61786188421095 42.0887482812311
-9.7104975601186 42.1397593825558
-10.8439578926087 42.1889371684094
-12.0120754127034 42.236149227834
-13.2099989465252 42.2813931355465
-14.4341032428072 42.3248153928893
-15.6816773331069 42.3666957015919
-16.9504256959915 42.4073438240024
-18.2377559495358 42.446795769606
-19.5397971523732 42.4840986909151
-20.8502032846492 42.5158713879362
-22.1589981930697 42.5344201573288
-23.4518542843161 42.5279794154239
-24.7123044707125 42.4844154084161
-25.9256709819105 42.3959215262334
-27.078696010218 42.2589123078593
-28.1579965101647 42.0683400860003
-29.1503191626532 41.8136485639448
-30.0431785039067 41.4796379166854
-30.8259990817817 41.0495310890433
-31.4918034341897 40.5080750702758
-32.0384816063894 39.8447383860978
-32.4694203323296 39.0575581262075
-32.7943357223387 38.1569608930393
-33.0305335399696 37.1662247244659
-33.2023544043017 36.1131994816421
-33.3334636119596 35.0167318592224
-33.4374597344224 33.8836190255812
-33.5221784701379 32.7153466272706
-33.5944591409427 31.5135168047273
-33.6591623686193 30.2809172406027
-33.7188060216763 29.0208394930453
-33.7744623365145 27.7364095869263
-33.8266367936499 26.4302532012964
-33.8757784460282 25.1044085930985
-33.9225263125691 23.7603878310962
-33.9678192316093 22.3993293663186
-34.0129313245055 21.022220022321
-34.0594379425246 19.6301894097326
-34.1090714815761 18.2248969226713
-34.1633840447842 16.8090417711498
-34.2231143570627 15.3870260738865
-34.2873211057596 13.965769317501
-34.3530053470517 12.5555352531318
-34.4160312199309 11.1702134019096
-34.4720244483023 9.82588721280565
-34.5158280712089 8.53753903739769
-34.5400205317216 7.3169416795264
-34.5336578049062 6.17311821774633
-34.4827960849167 5.1131205689285
-34.3735583707408 4.14218471469751
-34.1959101505764 3.26380792279595
-33.9454728594342 2.47982971386886
-33.621940677611 1.79030246566887
-33.2251698731623 1.19333654338682
-32.753068614998 0.685717896741097
-32.2020381867019 0.264121920796327
-31.5680058830801 -0.0741962351513736
-30.84718729673 -0.331701765612235
-30.036589993332 -0.51192168307909
-29.1346846421628 -0.621560676778371
-28.1437352130425 -0.671833464432696
-27.072180774786 -0.67690892873563
-25.9314051192362 -0.650821609905713
-24.7341479898464 -0.605069713611014
-23.4950821785011 -0.548544482418387
-22.2301972649681 -0.488765875975611
-20.9540898791024 -0.431704692635795
-19.6777727699594 -0.380705478727459
-18.4084689203502 -0.336661122382643
-17.1504663844846 -0.299009516928598
-15.9061162910221 -0.266592249705551
-14.6766439214735 -0.238156519406211
-13.4627346229978 -0.212591480710311
-12.2649426030079 -0.189013196990629
-11.0839790391869 -0.166775271850548
-9.92092400528735 -0.145449086916328
-8.7773935202771 -0.12479647044348
-7.65568281393681 -0.104745640996103
-6.55889952457473 -0.0853749940759537
-5.49109501826084 -0.0669063811272063
-4.4573974159003 -0.0497085730443857
-3.46414546739026 -0.034311870338665
-2.51901743325456 -0.0214360499523391
-1.63114291222722 -0.0120361239170075
-0.81117725386737 -0.00737419592551186
