-45.0704225352113 -0.938967136150225
-45.1455942733442 -0.764401737487336
-45.1876653305068 -0.470066397239958
-45.1947566570404 -0.0750209290946442
-45.1660245707207 0.405676334933276
-45.1011608879834 0.960265423383235
-45.0001062718277 1.57962660956301
-44.8628805419898 2.2567143825836
-44.6894750139698 2.98609006540932
-44.4797751273857 3.76354199881079
-44.2334950288486 4.58577507292615
-43.950114218607 5.45014699220377
-43.6288123582244 6.3544199318524
-43.2684019343732 7.29647252178609
-42.8672561549106 8.27385809915468
-42.4232133466259 9.28296500150075
-41.9334006691275 10.3172973854319
-41.39386576938 11.3641620568252
-40.7989416728102 12.3996766817767
-40.141162908687 13.3857827208717
-39.415958866086 14.2776425707362
-38.6328339372678 15.0372770550023
-37.8174372327462 15.6362788458329
-36.999361301273 16.057280632863
-36.2012508295726 16.296483717876
-35.436578800697 16.3582633034545
-34.7121367836416 16.2479860021059
-34.031432139554 15.968360562002
-33.3980844848883 15.5204202944689
-32.8192738273664 14.9092393872628
-32.3076171387669 14.1520645100372
-31.8762031527162 13.2800883555416
-31.5254765928598 12.3264114857659
-31.2388209235447 11.31350189198
-30.9957496529165 10.2542379545008
-30.7823049690814 9.15712944078367
-30.5906050922798 8.02842743902111
-30.4151798325041 6.8727699597314
-30.2503593958245 5.69392856320554
-30.088985732111 4.49604136422111
-29.9219858497172 3.28542963554174
-29.7386585971651 2.07298222400703
-29.5278021660014 0.876626864273041
-29.2792619307219 -0.278094745619418
-28.9849575447791 -1.36305342411674
-28.6393578405143 -2.35663178269043
-28.239089625077 -3.24734074094923
-27.7820838087174 -4.03151042956902
-27.2675062627197 -4.70956836612638
-26.6967574232637 -5.28246360324607
-26.0743714123119 -5.74937074615292
-25.4077603909494 -6.1072032846205
-24.7064132164834 -6.35189580985478
-23.9811333452634 -6.48061115638022
-23.243018353278 -6.49312075775948
-22.5018733199835 -6.39124826249555
-21.7647583502477 -6.17724308893706
-21.0356581589307 -5.85254772238754
-20.3159993248076 -5.41734550278019
-19.6053887863346 -4.87077199825143
-18.9024301304192 -4.21185150321875
-18.2055509088253 -3.44117975635599
-17.5139018232527 -2.56355889043371
-16.8283736335199 -1.59160576453286
-16.1523249390196 -0.548745152358144
-15.4908086532389 0.532860921383765
-14.8479127266601 1.62068060933886
-14.2245046522791 2.68889811607694
-13.6182023078582 3.71987137208495
-13.0246969258904 4.7024768404687
-12.4390254895536 5.62999040748478
-11.8563675782099 6.4983892443795
-11.2724485739019 7.30513783037024
-10.683695397589 8.04833137431465
-10.087261171493 8.72605212666497
-9.48100907361917 9.33580348645989
-8.86353359224762 9.87390324874987
-8.23429322943378 10.3347699656834
-7.59390844615083 10.7102016185975
-6.94457690219806 10.9891057703541
-6.29028709024291 11.1585240068286
-5.63622154558571 11.2064101256015
-4.98730254674621 11.124942208106
-4.3477510367926 10.9121608398463
-3.72371003400543 10.5714990372202
-3.12731727844231 10.1108900296608
-2.57687808114319 9.54296459244006
-2.08899544300053 8.88656784215397
-1.67195497458156 8.16686020176925
-1.32631345728423 7.40925239016603
-1.04613750179093 6.63322506421453
-0.822884971354345 5.85196148676437
-0.648553367340792 5.07418274263298
-0.516725315542315 4.30581970768935
-0.422415885469804 3.55129081246596
-0.361428524615926 2.81456117223668
-0.329484765361467 2.10019762640837
-0.321193042781224 1.41470872875888
-0.329231879393541 0.768779390393693
-0.346864007462536 0.182514191097449
