36.1141885537 23.7770433959074
35.3638325426391 23.666810401937
34.3976641974367 23.5177050191863
33.264474561277 23.3227278690814
32.0052998972158 23.0745029338522
30.6549834927806 22.7655397715016
29.2436697248668 22.3884119707613
27.7982737445072 21.9359257715444
26.3439779277592 21.4013661693266
24.9058132016776 20.7789386783019
23.5103742286087 20.0645743835488
22.1876477645723 19.257321337438
20.9726931996038 18.3615454246915
19.9062994028351 17.3899255400764
19.0326470731667 16.3664091748908
18.3915217165876 15.3268303781381
18.0067769501156 14.3143195160317
17.8809822907784 13.3692572342512
17.9997525704687 12.5187981772186
18.3360207417489 11.774480264943
18.8570641898622 11.1364919341772
19.533376295034 10.5984457606432
20.342508965781 10.1508936020015
21.2687678510934 9.7834189215509
22.30149867756 9.48562162830439
23.4333944934747 9.24739615730771
24.6592219250442 9.05880323508879
25.974932687799 8.90972166662712
27.3769968764168 8.78939086051932
28.8617562095071 8.68592067547113
30.4245556183927 8.5858465839361
32.0583462713447 8.47383979196671
33.7513925479848 8.33273554227667
35.483780560714 8.14409535921383
37.2229825712101 7.88950363302968
38.9208256441759 7.55253063384916
40.5184752724474 7.12064762386845
41.9618217692618 6.58698310096172
43.2109858249193 5.95320371860508
44.2396898583765 5.22949121393847
45.0346014542263 4.43044744170259
45.5940124822456 3.57289929326585
45.9246555981134 2.67531671561093
46.0379273222679 1.75636164639884
45.9468209196639 0.832821788783781
45.6641851901909 -0.0817245267425164
45.202223612209 -0.977002751018554
44.5727998506731 -1.84520386620774
43.7881194160774 -2.679769491577
42.8613862053117 -3.47433387386836
41.8070351850072 -4.22220547934981
40.6405035297314 -4.91643440578021
39.3779366257273 -5.55021874535111
38.0361698012309 -6.11748174547147
36.6330835690886 -6.61364522328306
35.1882733284165 -7.03657960002891
33.7237448880721 -7.38714383418371
32.2637073036755 -7.66828993579582
30.8316290629455 -7.88317483678031
29.4446447243552 -8.03375236272658
28.111101842585 -8.12028057948894
26.8334614631506 -8.1415045834169
25.6122029606533 -8.09521324434306
24.4481876652061 -7.97903511041448
23.3429310927053 -7.79140894154516
22.2971471334285 -7.53253553291295
21.3091612557843 -7.20492153747539
20.3747741419699 -6.81322509396951
19.4884698856166 -6.36349377068087
18.6447734693194 -5.8622241939489
17.8389877450224 -5.31564725930901
17.067304888442 -4.72937139671486
16.3265824410244 -4.1083116001823
15.6140128685154 -3.45677663788116
14.9267869458321 -2.77861402613259
14.2617727135135 -2.07735690618639
13.6152084347529 -1.3563548650527
12.9824234580418 -0.618903495580511
12.3576484301539 0.13157469208922
11.734061601331 0.89119022250173
11.1043518777462 1.65489669692223
10.4621298365522 2.4152286535355
9.80348930814207 3.16088069457889
9.1262858054323 3.87687670637654
8.42810083458119 4.54688048161589
7.70509115452707 5.155965576457
6.95135181827361 5.69018313159963
6.15879808175794 6.13189261055479
5.32080567328616 6.45331599406134
4.44463500456235 6.61725740899266
3.56016230471332 6.59531522533075
2.7039549995583 6.38452151285219
1.90278892998852 6.00052608719836
1.17553849832467 5.46447184309747
0.539962931544151 4.79780278031448
0.016876902297983 4.02087596328601
-0.367800012409505 3.15351043250597
-0.581732893138951 2.2185727737599
-0.585539847003702 1.2489596312532
-0.33398605462358 0.298458153281011
