-47.9020979020979 -1.39860137799427
-47.6148028221973 -1.33014266049875
-47.2238218484485 -1.26770773029113
-46.7483533135975 -1.2115373017192
-46.1912439175099 -1.16012072510285
-45.5517162439606 -1.11149644542125
-44.8290159104709 -1.06342207635687
-44.0241364983299 -1.01326082617049
-43.1421600306435 -0.957959234922283
-42.196496303896 -0.894578911705792
-41.2147795150529 -0.822164881058111
-40.2393483680553 -0.744199955283128
-39.3061497748374 -0.666365747989448
-38.4237665600108 -0.592069314213176
-37.5853639716747 -0.523270723745044
-36.7812454753448 -0.463127309433106
-36.0028827053714 -0.415896169130784
-35.2453599723045 -0.385288827662845
-34.5071752418749 -0.37383068513467
-33.7886168062699 -0.383142900532535
-33.0905828808463 -0.414344421400481
-32.4140665177447 -0.468308917282684
-31.7600031827146 -0.545805881566857
-31.1292510303179 -0.647589535669655
-30.5225864578671 -0.774473831440643
-29.9406638052375 -0.92741063139108
-29.3839463795081 -1.10757196294704
-28.8526989476298 -1.31641518365004
-28.3471682528127 -1.55568094250914
-27.867955525038 -1.82726037293236
-27.4163842598646 -2.13290610900155
-26.994492327019 -2.47385881142728
-26.6043232127917 -2.85052916619454
-26.2467900739767 -3.26231791767554
-25.9210734737947 -3.70762005707242
-25.6251448566666 -4.18415128092419
-25.3568708860332 -4.68958171396719
-25.1148119968656 -5.22211808848584
-24.8984290006554 -5.78073034448342
-24.7079074955428 -6.36505154054784
-24.5438176873995 -6.97512597372967
-24.4066267813746 -7.61111668054871
-24.295921518127 -8.27299228260617
-24.2091615455333 -8.96016327138326
-24.1399238544514 -9.67097942073711
-24.0761621306311 -10.401742746622
-24.0003003888436 -11.1446901024899
-23.8927653306361 -11.8873366757096
-23.7367509052243 -12.616957517529
-23.5204732683861 -13.3250128605356
-23.2365789754695 -14.0071942376962
-22.8805578322982 -14.6617793145907
-22.4492721054591 -15.2883841845844
-21.9401832112924 -15.8869158621034
-21.3515112220887 -16.456238450974
-20.6830436745162 -16.9928624323268
-19.9369880059213 -17.4903989817255
-19.1183103341834 -17.9402253694406
-18.2345062524756 -18.3330924506049
-17.2958379613699 -18.6608656613128
-16.3171912350429 -18.9176375559209
-15.3190564181475 -19.0995777953181
-14.3227684235491 -19.2052146237842
-13.343644004433 -19.2371058943276
-12.38995307606 -19.2006402739753
-11.4654223403156 -19.1015819028037
-10.5715574669019 -18.9446380730777
-9.70901180158959 -18.7330498443247
-8.87810325176105 -18.4687657421676
-8.07878574911928 -18.1528706677951
-7.31070603538421 -17.7860100681254
-6.57364715397905 -17.3687683721613
-5.86799230621517 -16.9021048887073
-5.19491306688994 -16.3874867690313
-4.55623038464849 -15.8264689684773
-3.95430727447371 -15.220349676035
-3.39210212786638 -14.5702789632726
-2.87320263506002 -13.8778290265139
-2.40154903412918 -13.1459796203566
-1.98057002461392 -12.3802944247268
-1.61178517780633 -11.5897121105395
-1.29368618876968 -10.7863355727454
-1.02218535731474 -9.98426622391116
-0.792376042799795 -9.1976179050008
-0.599206923012037 -8.43722677612954
-0.437301984708455 -7.70822939375168
-0.301528725116254 -7.01097660177757
-0.187789801032195 -6.34350342260262
-0.0932624234470304 -5.70332265911715
-0.016199729942621 -5.08820835428053
0.0443947582174401 -4.49641762103264
0.0890549293353152 -3.92669162370317
0.118059269606009 -3.37818918079356
0.131569984015838 -2.85041432774932
0.129733653330867 -2.34316143867826
0.112778532870135 -1.8564918811527
0.0811533060997608 -1.3907715907573
0.0357744004774618 -0.946873384720881
-0.0215210163822152 -0.526937642756015
-0.0872542995025114 -0.137231821346746
