36.7150653074316 41.0344847553789
36.4831657514483 41.2993162228308
36.1080989757412 41.5660803723516
35.6108865685562 41.8224832540265
35.0083282320222 42.0632125951115
34.3130355439557 42.2858566527847
33.5343622219426 42.4892838133699
32.6791621617768 42.6729739221604
31.7522763602594 42.8367306422864
30.7568269418928 42.9805505998609
29.6943948915696 43.1045569032876
28.5651316030972 43.2089553048225
27.3678324022102 43.2939890503379
26.0999806128189 43.3598704033923
24.7577429611371 43.4066578159821
23.3358484256581 43.4340287672178
21.8272044293079 43.4408761314379
20.2220005014654 43.4246643963783
18.505973864748 43.3806115623037
16.6582696275213 43.3010809796304
14.6558952175445 43.1755280741289
12.4998643366464 42.9895485449792
10.2437759118695 42.7208833854429
7.97338210826892 42.3360593260405
5.75436799274217 41.7924093876457
3.6304102522914 41.0549401538931
1.63314557944353 40.1151357434417
-0.219414398738318 38.9857808353384
-1.90652245913839 37.6917200179361
-3.3839820482201 36.2709678322262
-4.57664056719843 34.7753574857413
-5.39574708757936 33.2592307627645
-5.77955166630164 31.7593053779024
-5.72384431121997 30.2902420999113
-5.27974003184069 28.8709593892535
-4.53184781222 27.5542808471412
-3.56093670520165 26.407327390892
-2.41851430923542 25.4515716550564
-1.14285211579986 24.6616014058115
0.235018258244422 24.0009748767852
1.69599304953746 23.4383968158067
3.22965642714706 22.9521035005453
4.83010512141978 22.5285017084205
6.49387405858191 22.1594051021268
8.21923723732041 21.8397475661194
10.0060700630624 21.5659184191064
11.8558781245327 21.3344286203652
13.7717722144399 21.140644874355
15.7580513609997 20.9774725696161
17.8186223492632 20.8341116231533
19.9527362252244 20.6954338990473
22.1460728898946 20.5431484341309
24.3589679327195 20.3598410928586
26.5292123331234 20.132842006708
28.602698694109 19.8518441653715
30.5530544256706 19.5044073188257
32.3726708235052 19.0743509534491
34.0556082412026 18.5420380291173
35.5870290518354 17.8881585008439
36.9494305317856 17.1044638054078
38.1334742848447 16.2048593109974
39.1265000511457 15.2232382853312
39.8974160294147 14.2006713467468
40.4039947438253 13.1713932651089
40.6145759291745 12.1513867322917
40.5215669513886 11.1390025628749
40.1407932423124 10.1299161839833
39.507193564592 9.1323074318407
38.6668151648422 8.16962201584878
37.6652852989361 7.27110110009791
36.5425246124583 6.46080971202958
35.3355137649472 5.75086086085314
34.0842493071895 5.13864267449874
32.8287017323149 4.61254884429604
31.5928841262426 4.16128880726355
30.3749762429378 3.77398804889774
29.1556527664633 3.43866569363
27.9127289263088 3.14462043046727
26.6286210419354 2.88406414877485
25.2922131817952 2.65191411570569
23.8996748652882 2.44462381024614
22.455550447692 2.25872397613313
20.9722660134054 2.08996503663395
19.4661800418445 1.93378043464128
17.9526798503073 1.78623641164536
16.4434249302789 1.64448781921469
14.94589303861 1.50675944013935
13.464220062882 1.3721400704977
12.0005273292971 1.24035199539346
10.5563234638467 1.11155239675477
9.13384401182119 0.986177778331001
7.73734540446354 0.864827646471678
6.37443423663524 0.748181007213838
5.05750806539919 0.636941654275874
3.80530687236591 0.531812575839597
2.64438955562462 0.433501502786835
1.6099668125607 0.342745014561273
0.744736723797439 0.260265905958449
0.0927144405787001 0.186324579472722
-0.318609800014514 0.118737217781402
