-47.3837209302326 -2.18023255719274
-47.3451321558766 -2.1827246672917
-47.2402447717801 -2.18236861404052
-47.07416496554 -2.17791493375731
-46.8518980102524 -2.16838627914002
-46.5782910871757 -2.15296899649624
-46.2580127020556 -2.13091997607211
-45.8955666920253 -2.10148504132288
-45.4953391628324 -2.06382586349538
-45.0616762512132 -2.01695367194717
-44.5989875429155 -1.95967121642596
-44.1118592574285 -1.89053304472481
-43.6051343506344 -1.80785338083858
-43.0838861835841 -1.7098062682478
-42.5532690356609 -1.59459125676429
-42.0183450712499 -1.46048993798575
-41.4839266688116 -1.30573331321173
-40.9545611129819 -1.12834688174276
-40.434726489229 -0.92610130047141
-39.9290028676919 -0.69655247868353
-39.4420178956807 -0.437166721265146
-38.9780776157139 -0.145561367262775
-38.5404968371058 0.180134320476506
-38.1308514452059 0.540876177041501
-37.7485763096 0.936425592729869
-37.3911789817565 1.3653495328163
-37.054898871609 1.8253023989665
-36.7354077541797 2.31342894119188
-36.4282822480477 2.82671206733636
-36.1292159188851 3.3621857504535
-35.8340596962035 3.91701997079262
-35.5387863264526 4.48851471236856
-35.2394424869124 5.07403307307365
-34.9321242194004 5.67088584604952
-34.6129968455042 6.27616327957503
-34.2783748242833 6.88649789670156
-33.9248649893933 7.49774861564364
-33.5495168644195 8.10467676698243
-33.1497966677611 8.70090090657025
-32.7232739125921 9.27945966836321
-32.2672997607788 9.83368693455832
-31.7789168346131 10.3576960137169
-31.2549206545557 10.8463602201233
-30.6919302622282 11.2950951265953
-30.0863540231671 11.6996055636873
-29.4340964505921 12.0555679295679
-28.7298578078871 12.3581025146723
-27.9665129986505 12.6008858556296
-27.136893331117 12.7753604421453
-26.2400583435491 12.8718717596917
-25.2868046457282 12.8829962119014
-24.2978843059077 12.8054107809724
-23.2988956150769 12.6391225119702
-22.316828235043 12.3861749611285
-21.3784046130803 12.0500278987232
-20.5088478231536 11.6357536396782
-19.7297932671474 11.1510461302073
-19.055264460041 10.6077709869291
-18.486378692551 10.0223942276333
-18.0103716055617 9.41279051377577
-17.6087443630286 8.79360016887167
-17.265868273318 8.17479709042638
-16.9702165803854 7.56265091356996
-16.7123836863081 6.96111054138872
-16.4838603553487 6.37290644721643
-16.2767132851531 5.80021996032138
-16.0835873591013 5.24505495333148
-15.8977353490671 4.70944931944022
-15.7129857653091 4.19559667123039
-15.5236388759999 3.70590755334737
-15.3243009971779 3.24301781563
-15.1096706320301 2.8097357081286
-14.8743003447557 2.40890344770395
-14.612394339574 2.04313775128306
-14.3177794648074 1.71442707998362
-13.984282233713 1.42363802321862
-13.6067044970305 1.17012722374531
-13.1821744622656 0.951736047954635
-12.7110477144378 0.765242929813882
-12.1966689657115 0.606996603962611
-11.6443137997824 0.473410900170293
-11.0600974123415 0.361241696033023
-10.4501852562103 0.267717062985952
-9.82029482105191 0.19054321383762
-9.17545882461502 0.12781263772094
-8.51999407108884 0.0778911024674001
-7.85759106598072 0.0393251362275596
-7.19145932840272 0.0107758377801845
-6.52449315591817 -0.00902628379503045
-5.85944124450754 -0.0213117971670346
-5.19907240889193 -0.0272930740882185
-4.54633313497852 -0.02817848576674
-3.90449357195795 -0.0251819741356599
-3.27727813549447 -0.0195289939897991
-2.66897569080582 -0.0124592777483097
-2.08452252308552 -0.0052266170010971
-1.52954905402774 0.000904176486438805
-1.01037855238997 0.00466280952437986
-0.533962933180937 0.00478089188993949
-0.107737178296674 9.95967475159176e-11
