-40.7514450867052 0.867052023121389
-40.7967680747787 1.0820889790404
-40.8438102729837 1.07603099883892
-40.8895241995676 0.868375084022441
-40.9317817247527 0.479222988174862
-40.969062861031 -0.0722115632378341
-41.0002504488785 -0.768543821185604
-41.0244962460481 -1.59473300556914
-41.0411386190717 -2.53825499264314
-41.0496635161463 -3.58897759861829
-41.0497100058353 -4.73874608298415
-41.0411276122003 -5.98064921001139
-41.0240829833917 -7.30789865773156
-40.9991488590209 -8.71222010617414
-40.9671387327439 -10.1816458320872
-40.9284189100905 -11.6977480501089
-40.8822041684836 -13.233115926663
-40.8267395463591 -14.7518951457223
-40.7600904511714 -16.217087870218
-40.6810874162673 -17.5992116623537
-40.5902149814501 -18.8773458222115
-40.4896167062646 -20.0369640263766
-40.3814891359908 -21.0687515971512
-40.2653655032529 -21.9670844363082
-40.136076532131 -22.7269775946768
-39.9838387106494 -23.3411982301653
-39.7962662792438 -23.7999088309297
-39.5611315566756 -24.0930368018283
-39.2689136505359 -24.213483437042
-38.9147177088185 -24.1593714816514
-38.4992272221784 -23.9347731890285
-38.0281076118639 -23.5486975013596
-37.5100346684462 -23.0127586222734
-36.9544807386388 -22.3387932924298
-36.3700693728779 -21.5372721284999
-35.7636193563316 -20.6166094308068
-35.1397242171417 -19.583223879421
-34.5007276745147 -18.4422667290237
-33.8470532101753 -17.1990708411929
-33.1779504984329 -15.8614613044461
-32.4928133217762 -14.4429131648513
-31.7932450202706 -12.9655861806819
-31.0856239806594 -11.4603499975345
-30.3821989710502 -9.961894973868
-29.6978427807537 -8.50221650007338
-29.044217166436 -7.1074644535012
-28.4227825479683 -5.80303825008545
-27.8099692659511 -4.63268914920921
-27.1510084792987 -3.68178696147087
-26.4185386599656 -3.04560659756991
-25.6444729348993 -2.76989497813293
-24.8782530713501 -2.85516905259046
-24.1664918342926 -3.27712312311744
-23.5517880585279 -3.98737619173659
-23.059987127316 -4.90657431934065
-22.6604215511853 -5.95453263009697
-22.2805630050793 -7.10636391955494
-21.8908346188751 -8.35718457464226
-21.5024555430889 -9.6870475695612
-21.1296472192577 -11.0702860327155
-20.7719808825177 -12.4857330561298
-20.4119976264819 -13.9188283768837
-20.0203822686558 -15.3577700159123
-19.5621659330174 -16.7858220670956
-19.0002335705838 -18.1753860474709
-18.3052886455595 -19.4938236920369
-17.4697919049593 -20.7102982451708
-16.5143154172373 -21.7904740939222
-15.4837119310219 -22.6915027678633
-14.4304598022885 -23.3679451260292
-13.3908113524416 -23.7860909205252
-12.3752338596071 -23.9319896752883
-11.3789642858284 -23.8094161026374
-10.3989812774322 -23.4360510787747
-9.44518530606653 -22.840157635521
-8.53630449223852 -22.0541298867542
-7.6853342027442 -21.1065643901896
-6.89324734105085 -20.0208728324329
-6.15435828821121 -18.8201790455481
-5.4633244732331 -17.5318613308476
-4.81759579536941 -16.1881644711572
-4.21652749813441 -14.8220095451701
-3.66011951518752 -13.4605462893249
-3.14796064854718 -12.1225025411119
-2.67829307618303 -10.8191963528032
-2.2484347139759 -9.55736621689056
-1.85575538804902 -8.34211894521035
-1.49829498630535 -7.17905429982468
-1.17499996848033 -6.07550096994275
-0.885700657692827 -5.04094082295288
-0.63084852805641 -4.08650315584519
-0.410837235543976 -3.22295311665387
-0.224691626334413 -2.45665798734291
-0.0696803445986931 -1.78865990063978
0.0574257951630042 -1.21849913924676
0.159408650438414 -0.74716805144775
0.238267288166497 -0.378964004977382
0.295150704049908 -0.122469106263331
0.330361544435354 0.00934378434426014
0.343364073519908 2.08306337734498e-08
