-39.5858382447482 38.8789482774461
-38.5708165405701 38.9649526660479
-37.4553586809133 39.0458713156267
-36.277229452148 39.1203493328418
-35.0545193902611 39.1883032537975
-33.7959874732756 39.2498752041004
-32.5059656226327 39.3051954133021
-31.1866823301136 39.3543506493018
-29.8393628447656 39.3973944848248
-28.4647380041125 39.4343589954412
-27.0632344705026 39.4652590100646
-25.6349425450053 39.4900861304898
-24.1794797804944 39.5087939375809
-22.6961843866544 39.5212869845509
-21.1848235430374 39.5273996840495
-19.6457843274092 39.5267532841085
-18.0793949891952 39.518400338426
-16.48599589661 39.5003081206576
-14.8674064373693 39.4686985996897
-13.2297636414827 39.4174634356227
-11.5877289245228 39.3386209909422
-9.96967023333799 39.2251108803099
-8.42179849801285 39.070849313758
-7.00078295001256 38.8607017668325
-5.75057156289063 38.5766920435548
-4.70640447756898 38.2215706279905
-3.89529030625436 37.8056731384675
-3.3276759207538 37.333291284722
-3.00615117491494 36.8036625811181
-2.93594785663662 36.2135714373426
-3.13033022699165 35.5618712336284
-3.60085138582478 34.8592824447556
-4.32569928695629 34.1260492225052
-5.2585146585418 33.3622528938544
-6.37578463641495 32.5537742456237
-7.67053001326213 31.6941041639469
-9.13332640290036 30.7846894991979
-10.7435621239394 29.8319526516969
-12.4651075166926 28.8468001821866
-14.2472550839013 27.8437520372728
-16.0370187662067 26.8365044577618
-17.795150026603 25.8330161272566
-19.4998679511744 24.8354638959464
-21.1419880278541 23.8427686012349
-22.7194429044026 22.8526915455368
-24.2334730347725 21.8629669692913
-25.6864020752122 20.8717475954129
-27.0805106376804 19.8776790790738
-28.4175641210092 18.8798157039876
-29.698672110644 17.8774922233965
-30.9242752439493 16.8702027093449
-32.0941444417001 15.8575046230822
-33.2073329961888 14.8389561440083
-34.2620468164062 13.8140978629549
-35.2553838249661 12.7824937654128
-36.1827996779138 11.7438249729414
-37.036913603712 10.6979354367742
-37.8049632156011 9.64452473546239
-38.4650143961318 8.5821310742842
-38.9863813947982 7.50798199419382
-39.3429224002554 6.42398861963111
-39.5190961260356 5.34199306439863
-39.5011315494821 4.28124966391041
-39.2865883848158 3.26523228458549
-38.8913061804575 2.3155698070798
-38.3415164798813 1.44771525117926
-37.6635962823068 0.670512966763344
-36.8783782776037 -0.0108957037971288
-36.0009847872322 -0.589862095694238
-35.0451291160809 -1.05719482566884
-34.0232136655419 -1.41408812240958
-32.9396369320953 -1.68022902282075
-31.7938202040078 -1.87733289377217
-30.5869112860874 -2.01748550775857
-29.3224072524728 -2.10551404486134
-28.0044580393085 -2.14344888400441
-26.6367034180627 -2.13305424717267
-25.221985904166 -2.07694903624478
-23.7627780709925 -1.97908592819424
-22.2622558124549 -1.84499295049033
-20.7260543474811 -1.68194100262305
-19.1645440591681 -1.49907977976976
-17.5942211658634 -1.30746963296351
-16.0349379772986 -1.11956616630008
-14.5039857279807 -0.946890794286227
-13.0142798148831 -0.795866161121587
-11.5756535824721 -0.666520480645248
-10.1952028534932 -0.555603438843868
-8.87773895538283 -0.459463484352307
-7.62681891133394 -0.375144865598933
-6.44581565637932 -0.300580493780687
-5.33882458111433 -0.234504565410189
-4.31148548046661 -0.176304843589387
-3.37184884531783 -0.125843724536527
-2.5309919810037 -0.0831812921599492
-1.80060988109752 -0.0483233162907219
-1.18482363221868 -0.0215510575657848
-0.683857166171827 -0.00340191915111382
-0.301296634684337 0.00492561099146369
-0.0471596367235634 -6.10816017210247e-09
