-4.558080669581427458e+01 -1.083743830263874663e+00
-7.509572810137278509e+01 -1.067174091835221938e+00
-9.404281117364310205e+01 -1.050107611486898795e+00
-1.060379085799732479e+02 -1.031679609475648629e+00
-1.134594014801755151e+02 -1.010873173164642314e+00
-1.178715631330467630e+02 -9.862733979155250408e-01
-1.203037256632344736e+02 -9.582509668778900203e-01
-1.214334916587804400e+02 -9.285793148988195078e-01
-1.217058462936304153e+02 -8.962959828874889068e-01
-1.214129220017416202e+02 -8.591972693403988615e-01
-1.207485136615147496e+02 -8.202466697098222959e-01
-1.198381431836454567e+02 -7.762223862915935690e-01
-1.187670772138686175e+02 -7.316988436302422905e-01
-1.175903387748989815e+02 -6.868292536433920903e-01
-1.163453513820650045e+02 -6.447538500155874930e-01
-1.150553842117769108e+02 -6.041807851917159189e-01
-1.137372316882814545e+02 -5.678324566505165150e-01
-1.124006718777605158e+02 -5.344337567696734181e-01
-1.110521579118455691e+02 -5.032573846694305963e-01
-1.096958400026167766e+02 -4.736879936299059901e-01
-1.083344324944133064e+02 -4.453892888820799589e-01
-1.069701275776765073e+02 -4.195214901157480192e-01
-1.056040695717522624e+02 -3.959040307103932621e-01
-1.042367738099677297e+02 -3.737824934254268539e-01
-1.028686934595322526e+02 -3.529636817601158327e-01
-1.015000343282572004e+02 -3.331139131995041192e-01
-1.001307823728995174e+02 -3.137309959639113521e-01
-9.876113767054503967e+01 -2.949268741238966207e-01
-9.739111438291591583e+01 -2.765544277985708677e-01
-9.602068675703235101e+01 -2.584601402910708390e-01
-9.465010244020298558e+01 -2.409275212145527700e-01
-9.327941740071086940e+01 -2.239949727936391966e-01
-9.190852719361120649e+01 -2.075142929589508523e-01
-9.053732655802456009e+01 -1.913523769113285311e-01
-8.916587836067802186e+01 -1.755343599182058734e-01
-8.779441201362106995e+01 -1.601957585368583015e-01
-8.642313882906789502e+01 -1.454296837211134508e-01
-8.505244804100055944e+01 -1.314226530941924320e-01
-8.368209305267025400e+01 -1.179705021334341991e-01
-8.231188005552030518e+01 -1.049316596393344708e-01
-8.094212565381174329e+01 -9.241199600115593271e-02
-7.957270130011498566e+01 -8.031567821748331060e-02
-7.820352370882312698e+01 -6.858274926149657280e-02
-7.683438656193615657e+01 -5.713949832908409715e-02
-7.546523283132512461e+01 -4.597050548681572146e-02
-7.409599546686888516e+01 -3.507208308777320233e-02
-7.272659119844391284e+01 -2.445541442254278372e-02
-7.135705773871812596e+01 -1.414850900951950506e-02
-6.998741602806661888e+01 -4.176108624128815026e-03
-6.861767971072123373e+01 5.440263804117073144e-03
-6.724785968211334364e+01 1.468297636392949107e-02
-6.587796307343934643e+01 2.353719161407432509e-02
-6.450798948602870553e+01 3.198598712914629827e-02
-6.313792672442460230e+01 4.000574908557311127e-02
-6.176774298029339860e+01 4.756318108469761302e-02
-6.039737590315578331e+01 5.461048219621628813e-02
-5.902672100467689376e+01 6.106923258363346901e-02
-5.765577139364780379e+01 6.692986438988474118e-02
-5.628461288481823033e+01 7.225124255800810524e-02
-5.491341840256023943e+01 7.715918431184490278e-02
-5.354215847913252446e+01 8.157800704304615791e-02
-5.217060541780156768e+01 8.521731558041280297e-02
-5.079856324720310567e+01 8.779818068243534779e-02
-4.942594376379822307e+01 8.915373464787770819e-02
-4.805250465897677969e+01 8.892395877077625965e-02
-4.667793639250434978e+01 8.665901000743113369e-02
-4.530170542100479025e+01 8.159934506754408512e-02
-4.392340730283932260e+01 7.320336273450746278e-02
-4.254503635963056496e+01 6.472163363341201792e-02
-4.116792962219926721e+01 5.827768086506830703e-02
-3.979189528926355024e+01 5.363807035071607027e-02
-3.841676406814490008e+01 5.054984273670768552e-02
-3.704204023425884174e+01 4.826883770823973269e-02
-3.566695471727494748e+01 4.566548246650513343e-02
-3.429276770471140168e+01 4.412770656567439193e-02
-3.291911888571059563e+01 4.302428838519947729e-02
-3.154573771756943046e+01 4.185952088876909727e-02
-3.017221621858351810e+01 3.994515004091111349e-02
-2.879793432372754935e+01 3.627615337076812996e-02
-2.742208830130502761e+01 2.953369520076716548e-02
-2.604534468488066778e+01 2.081040772123042212e-02
-2.466985851112483630e+01 1.369532947134574803e-02
-2.329460717801546821e+01 6.399837656143082809e-03
-2.192010258191584171e+01 -1.367000364824689918e-05
-2.054657023151110096e+01 -5.184089268514801771e-03
-1.917409244866044560e+01 -9.012665317085262126e-03
-1.780252143955671329e+01 -1.178297911078849194e-02
-1.643158886720027567e+01 -1.394744222139803272e-02
-1.506099314050231008e+01 -1.601731747525610497e-02
-1.369067711972320467e+01 -1.786779939968989941e-02
-1.232065088408199394e+01 -1.915273967780032824e-02
-1.095088324627783294e+01 -1.959163632500164273e-02
-9.581040567538583019e+00 -1.997315579667266125e-02
-8.211138895775954794e+00 -2.027874054286677233e-02
-6.841971251375603913e+00 -1.877073965340042908e-02
-5.473565391616862286e+00 -1.532180604934293630e-02
-4.105530887968410703e+00 -1.095374024419198088e-02
-2.737575555382833592e+00 -6.523258233168127695e-03
-1.369722415604769372e+00 -2.558388852060274749e-03
-1.833498100974962578e-03 -3.226854321448912398e-06
