1.107465909262091097e+00 3.896266443250700462e+01
1.988632395479803305e+00 3.855391695871717417e+01
2.687282720865220575e+00 3.814516828025877970e+01
3.238704859741984521e+00 3.773639370827744699e+01
3.671352395291391346e+00 3.732758358866855986e+01
4.008166709315569953e+00 3.691874570490249141e+01
4.267643696225165151e+00 3.650988674350315932e+01
4.464695806940022216e+00 3.610101327540203897e+01
4.611359862360624007e+00 3.569212045397858191e+01
4.717342612751510345e+00 3.528320124089348298e+01
4.790459774674037163e+00 3.487425410626641309e+01
4.837017555727351592e+00 3.446527509709500947e+01
4.862146456742933331e+00 3.405624370929198363e+01
4.869930682584326931e+00 3.364715863340184399e+01
4.863716860639541117e+00 3.323800626243265555e+01
4.846208226285077636e+00 3.282877430423051379e+01
4.819534559608726454e+00 3.241946123206249553e+01
4.785389183254054934e+00 3.201006918492465303e+01
4.745186333001665702e+00 3.160059353108088231e+01
4.700139904290531412e+00 3.119102494311571050e+01
4.651523945398055027e+00 3.078133810756282784e+01
4.600093390186168030e+00 3.037152922432553481e+01
4.546352051201054678e+00 2.996159576143444170e+01
4.490696605007198805e+00 2.955153302368101720e+01
4.433476556423078030e+00 2.914133908140789941e+01
4.374991628290152867e+00 2.873101407318495859e+01
4.315443828505034496e+00 2.832055130302090262e+01
4.254988572402699454e+00 2.790994300162453001e+01
4.193764898503869354e+00 2.749918511165530077e+01
4.131831581238047058e+00 2.708825905610418516e+01
4.069550045477110523e+00 2.667724886232003811e+01
4.007134661590557201e+00 2.626620417492300419e+01
3.944690321912207587e+00 2.585514309233336405e+01
3.882352523074803941e+00 2.544410664968482649e+01
3.820119927427723994e+00 2.503308044009088107e+01
3.757972711314365277e+00 2.462204305471944821e+01
3.695908579839439767e+00 2.421098460203281277e+01
3.633923015960105918e+00 2.379989472991386279e+01
3.571994355349981998e+00 2.338875154826677516e+01
3.510115225730243260e+00 2.297754344197892706e+01
3.448277157857257968e+00 2.256625811196297704e+01
3.386484222757034868e+00 2.215489365442342873e+01
3.324726012399975339e+00 2.174343490709818738e+01
3.262991454129064550e+00 2.133186529247660701e+01
3.201293273258060346e+00 2.092019469506924523e+01
3.139630179649511632e+00 2.050841785882570534e+01
3.078011955417367940e+00 2.009654512342471833e+01
3.016460523864956222e+00 1.968460439979651255e+01
2.954986667382833332e+00 1.927260741394420407e+01
2.893610219247533699e+00 1.886058208066676656e+01
2.832330710947228436e+00 1.844851910253616722e+01
2.771155823817294639e+00 1.803642428205084158e+01
2.710094191962824528e+00 1.762430264628612164e+01
2.649140668869607307e+00 1.721212396750038920e+01
2.588296981075487224e+00 1.679987146094087791e+01
2.527564217057013174e+00 1.638752298411487729e+01
2.466947129421047435e+00 1.597506728889365490e+01
2.406450469476762777e+00 1.556248876980400908e+01
2.346080094342602340e+00 1.514976628288515315e+01
2.285841630577166939e+00 1.473686815596682642e+01
2.225742474335145715e+00 1.432382305254096266e+01
2.165787921008141659e+00 1.391086853007029589e+01
2.105984580043217758e+00 1.349802612912446342e+01
2.046339762064203427e+00 1.308529817113636007e+01
1.986856789281771229e+00 1.267269779443915922e+01
1.927529930926794810e+00 1.226026753707093420e+01
1.868359329948211522e+00 1.184801427187464107e+01
1.809334702952830165e+00 1.143596283911009159e+01
1.750470571362339189e+00 1.102408586429097781e+01
1.691775809720434509e+00 1.061237513188132731e+01
1.633253674614825623e+00 1.020083979236534688e+01
1.574914169352378712e+00 9.789491437189386858e+00
1.516774604667404436e+00 9.378342424762621476e+00
1.458778303505434915e+00 8.967505898343372195e+00
1.400810043594997500e+00 8.557193081702875403e+00
1.342868741405979893e+00 8.147486892717408224e+00
1.284999739687827214e+00 7.738443684498317765e+00
1.227258960398114107e+00 7.330139565350449971e+00
1.169705335459851669e+00 6.922682635865580636e+00
1.112404148725871567e+00 6.516217412363945805e+00
1.055388656455347851e+00 6.110951676392105902e+00
9.986923440259625195e-01 5.707139832161724158e+00
9.423250051291317542e-01 5.305103089406053130e+00
8.863089145097695631e-01 4.905233567928723559e+00
8.306670000142173382e-01 4.508016211187011457e+00
7.754496693569561394e-01 4.114048239684572117e+00
7.206174847595966382e-01 3.724077895778449054e+00
6.660981797839655716e-01 3.339037337321171695e+00
6.118750643839909742e-01 2.960080349260909571e+00
5.571409120705159701e-01 2.588638626985284130e+00
5.020073616088530644e-01 2.226491174530991657e+00
4.466018529565443096e-01 1.875846913087114265e+00
3.910074129088725869e-01 1.539443225130208370e+00
3.352888143391423714e-01 1.220672122780102953e+00
2.794965038668227875e-01 9.237378245678027344e-01
2.235321567455124392e-01 6.538254698863407155e-01
1.675097460066067023e-01 4.174273034594996878e-01
1.115254852550961601e-01 2.225963759425731714e-01
5.566729486445097519e-02 7.932315916907638209e-02
4.886747878895275110e-11 3.180657564795239158e-09
