-1.069801884379734069e+01 3.711134443877858846e+00
-1.764893916047628153e+01 3.673355165496681174e+00
-2.212970402905879297e+01 3.635558233321053212e+00
-2.497887624033141662e+01 3.597449591016449233e+00
-2.675135585239811320e+01 3.558989269881783102e+00
-2.781416502409557623e+01 3.520141890034829135e+00
-2.840894201607214242e+01 3.480898184058168976e+00
-2.869491552194713435e+01 3.441268999089308167e+00
-2.877708105667857197e+01 3.401267765496239104e+00
-2.872434555541510548e+01 3.360989133102905146e+00
-2.858218569581265101e+01 3.320530733602366169e+00
-2.838045270288666444e+01 3.280066740260477953e+00
-2.813933311407886961e+01 3.239536114023668478e+00
-2.787227101638907811e+01 3.198820404899347825e+00
-2.758816193299422181e+01 3.157798434082299543e+00
-2.729277140409960367e+01 3.116434209514733933e+00
-2.698948255744094737e+01 3.075067095290119568e+00
-2.668092658144690077e+01 3.033594999816839444e+00
-2.636883921781211981e+01 2.991930184297849404e+00
-2.605437192226918697e+01 2.949982662844182535e+00
-2.573818951177515757e+01 2.907806019041564660e+00
-2.542072005300201809e+01 2.865452847897544064e+00
-2.510224220492387204e+01 2.822973885736919986e+00
-2.478293769006305780e+01 2.780420847589799127e+00
-2.446292637371256973e+01 2.737854272159037983e+00
-2.414231267418479021e+01 2.695159781865537507e+00
-2.382114863015613082e+01 2.652399874531215840e+00
-2.349947725815769672e+01 2.609630592586351217e+00
-2.317733359911519386e+01 2.566911625637855021e+00
-2.285470810220069282e+01 2.524115244279075299e+00
-2.253162958715312314e+01 2.481288725890902658e+00
-2.220805508925811367e+01 2.438282490882013320e+00
-2.188400080877429588e+01 2.395116487338275313e+00
-2.155948300684338292e+01 2.351801256166112353e+00
-2.123451630064312212e+01 2.308348372204775067e+00
-2.090910603767456877e+01 2.264772356799364950e+00
-2.058324392979958617e+01 2.221079625325442120e+00
-2.025708913284220358e+01 2.177485763402300378e+00
-1.993066067514762096e+01 2.134021937186220352e+00
-1.960399591008018305e+01 2.090747840888208753e+00
-1.927715074761827196e+01 2.047744618147689710e+00
-1.895021780576711379e+01 2.005122901094991583e+00
-1.862310041546639994e+01 1.962823290447081703e+00
-1.829571353933845757e+01 1.920810946053108648e+00
-1.796796560768061468e+01 1.879058379159138203e+00
-1.763974664997806485e+01 1.837537984611396613e+00
-1.731090583403716820e+01 1.796220488140695792e+00
-1.698122093836627755e+01 1.755066960113926156e+00
-1.665036388120326549e+01 1.714023402775866067e+00
-1.631783907613110074e+01 1.673010435456436573e+00
-1.598288330780969169e+01 1.631907964923865029e+00
-1.564568303776424152e+01 1.590913518133987736e+00
-1.530577585323877798e+01 1.550022115905617559e+00
-1.496297401986151776e+01 1.509276104401468865e+00
-1.461659333669815197e+01 1.468630367192978570e+00
-1.426560210879272184e+01 1.427983644288304710e+00
-1.391385584981237855e+01 1.387644646803849469e+00
-1.356230805517889237e+01 1.347678820771861075e+00
-1.321404841005254305e+01 1.308490043411528303e+00
-1.286881877898455429e+01 1.270106140691048546e+00
-1.252611543460160703e+01 1.232497336530049337e+00
-1.218562817842988011e+01 1.195604422268944589e+00
-1.184725188901473381e+01 1.159349433080808955e+00
-1.151068338815091252e+01 1.123670314247396051e+00
-1.117596268394724035e+01 1.088444452625409120e+00
-1.084319367472775753e+01 1.053499389118227159e+00
-1.051170221631945090e+01 1.018916418441797367e+00
-1.018074645198513117e+01 9.848837588700805057e-01
-9.850768847807099604e+00 9.511542812400071156e-01
-9.521504153267180470e+00 9.178022463650838958e-01
-9.192499603968114386e+00 8.850687555671397089e-01
-8.863993589588675448e+00 8.528153779109297616e-01
-8.536156093668063605e+00 8.209253402011584821e-01
-8.209104986402236293e+00 7.893042967508742125e-01
-7.882931677659710701e+00 7.578627611493710114e-01
-7.557568726525728309e+00 7.266920644035234078e-01
-7.233039593854978300e+00 6.957568520270563939e-01
-6.909406510922097233e+00 6.649129224955785400e-01
-6.586685885321828415e+00 6.340810886690935178e-01
-6.264870986913946282e+00 6.032139901346774691e-01
-5.943926302161953501e+00 5.724372363725124258e-01
-5.623798783870864071e+00 5.417231642210601494e-01
-5.304425146459601947e+00 5.110699316338249698e-01
-4.985647728815473911e+00 4.801574395455823763e-01
-4.667270232128941210e+00 4.486414217745327004e-01
-4.349052280073475885e+00 4.161795016632099387e-01
-4.031128950479753392e+00 3.830750347635762942e-01
-3.713670288250303653e+00 3.495769384274132752e-01
-3.396721138316940891e+00 3.157221336293504765e-01
-3.080464958291665223e+00 2.816701504276970525e-01
-2.765157608363141950e+00 2.476128423055088401e-01
-2.451058888360225119e+00 2.137288765913115118e-01
-2.138352247190725919e+00 1.801645260811765847e-01
-1.827295552588069416e+00 1.471386903776043809e-01
-1.518435647868081828e+00 1.150397870067412648e-01
-1.212849614933893427e+00 8.455420789160787709e-02
-9.117385994286446582e-01 5.666597893237008271e-02
-6.101524189604761172e-01 3.195689694163028616e-02
-3.062644237181589846e-01 1.215808827390395253e-02
-1.433856387866734994e-13 7.761259144258452030e-14
