1.003383559016973336e+01 1.793449353565832993e+01
1.655650021524420978e+01 1.775203337482535559e+01
2.075757425281704016e+01 1.756974972714792926e+01
2.342518519757920714e+01 1.738720630932268207e+01
2.507908198438229164e+01 1.720427547921654465e+01
2.606324284869041819e+01 1.702080107316936264e+01
2.660494161490148457e+01 1.683668698961389509e+01
2.685426366994573755e+01 1.665191057824871379e+01
2.691130924203047314e+01 1.646653436413955518e+01
2.684166427599669547e+01 1.628057095473514337e+01
2.668903896178710866e+01 1.609409294818872738e+01
2.648186062511704719e+01 1.590705039855376057e+01
2.623876195534688449e+01 1.571936895767425391e+01
2.597210669782877446e+01 1.553102598246832144e+01
2.569017525313341466e+01 1.534208924967039955e+01
2.539845747058648229e+01 1.515265404151497108e+01
2.510039913909499276e+01 1.496270026530109121e+01
2.479849683495239177e+01 1.477244921846363646e+01
2.449451855489036234e+01 1.458227895914946259e+01
2.418934551876047223e+01 1.439214924577502508e+01
2.388345458898631790e+01 1.420188849071492854e+01
2.357713843344612670e+01 1.401133130871034993e+01
2.327066253850334121e+01 1.382047845115954843e+01
2.296426879376123864e+01 1.362947570188052104e+01
2.265809153913590634e+01 1.343838012602170373e+01
2.235218138493664952e+01 1.324711896018347090e+01
2.204656102890048786e+01 1.305561186341983593e+01
2.174127328161448247e+01 1.286397895969368577e+01
2.143633071111354482e+01 1.267223604596071773e+01
2.113171419909547666e+01 1.248021806551036406e+01
2.082742861576562277e+01 1.228805596946061129e+01
2.052347636987425261e+01 1.209606504129581950e+01
2.021985254231572071e+01 1.190426821819848158e+01
1.991654340706208615e+01 1.171280658424762855e+01
1.961352366715330930e+01 1.152189784045477694e+01
1.931080015053452570e+01 1.133144172602702149e+01
1.900838548725393196e+01 1.114138120617199235e+01
1.870628966094423262e+01 1.095167103299142575e+01
1.840451690980666655e+01 1.076228327692214570e+01
1.810306278587368212e+01 1.057320017846307891e+01
1.780199118098106226e+01 1.038426407646343108e+01
1.750127682999410084e+01 1.019550508582790016e+01
1.720098198979085780e+01 1.000681908010224497e+01
1.690105714436022666e+01 9.818276490844164428e+00
1.660157111672956631e+01 9.629806393411648457e+00
1.630246894009368575e+01 9.441489956826231378e+00
1.600370840387470039e+01 9.253385929386773512e+00
1.570525063420480016e+01 9.065535057890819814e+00
1.540707544183793409e+01 8.877966708125773820e+00
1.510919468293063339e+01 8.690695029439861941e+00
1.481163962117982180e+01 8.503723848085972037e+00
1.451448326873104122e+01 8.317041006328452113e+00
1.421804694937915592e+01 8.130527063423848233e+00
1.392159180062177448e+01 7.944459448826236780e+00
1.362509313566377678e+01 7.758822701697032365e+00
1.332868464256528362e+01 7.573570546335938403e+00
1.303248350945117906e+01 7.388675786878860841e+00
1.273665139466110396e+01 7.204119811892465641e+00
1.244121130431891409e+01 7.019917727485241343e+00
1.214627032780966864e+01 6.836093259014361934e+00
1.185088927037106465e+01 6.652700591126399665e+00
1.155511057324816448e+01 6.469738911378855484e+00
1.125913849615322881e+01 6.287239001783285985e+00
1.096299614351740992e+01 6.105244294386038106e+00
1.066687861295913642e+01 5.923850658324999685e+00
1.037030088072030942e+01 5.742989431359236896e+00
1.007355704604255564e+01 5.562806330882978045e+00
9.777092245110642565e+00 5.383575213021130068e+00
9.480699502678064050e+00 5.205298038359620350e+00
9.184199066872565709e+00 5.027917627630588804e+00
8.887435311766855861e+00 4.851312836545226936e+00
8.590302508943828741e+00 4.675327170546717426e+00
8.292602299792807941e+00 4.499635762629664804e+00
7.994067381588262577e+00 4.323754423252849755e+00
7.694487431027986268e+00 4.147196981532606408e+00
7.394020151238588134e+00 3.970060433869310401e+00
7.092829540236333941e+00 3.792526400098219508e+00
6.791024096039546265e+00 3.614724516919881392e+00
6.488678538224066372e+00 3.436760558052629477e+00
6.185840702316871109e+00 3.258726776379537782e+00
5.882536211729326503e+00 3.080706348520493965e+00
5.578751101733490536e+00 2.902636776623208625e+00
5.274467197761258497e+00 2.724465583897623944e+00
4.969661810597837182e+00 2.546163641061413685e+00
4.664300426433880098e+00 2.367604121242766979e+00
4.358322250027862665e+00 2.188712125338963421e+00
4.051626809738743340e+00 2.009482527694959053e+00
3.744028672137012848e+00 1.830098668471766166e+00
3.435246988927288303e+00 1.650840873456294489e+00
3.125119586150148621e+00 1.471885887231614509e+00
2.813312543151222922e+00 1.293635169665041884e+00
2.499487782251746726e+00 1.116661443279942878e+00
2.183041792985082719e+00 9.418617883922718592e-01
1.867015917458642482e+00 7.699770400629264433e-01
1.551225488327360624e+00 6.028509615368322638e-01
1.236109031235702149e+00 4.432333497593743399e-01
9.244492678899787208e-01 2.952634105357034300e-01
6.150913345926070086e-01 1.651166713695370880e-01
3.071841560539438354e-01 6.205302809185928720e-02
2.967102607993951428e-12 5.700759537134152284e-13
