-3.234607474297909846e+01 2.066084355317266130e+01
-5.330132607846283577e+01 2.045840403814069219e+01
-6.675716204394191777e+01 2.025681901528271212e+01
-7.527790187014655032e+01 2.005449815943354608e+01
-8.055000269848046912e+01 1.985136697939708128e+01
-8.368300763447524560e+01 1.964765573278921451e+01
-8.540651989292113910e+01 1.944382270521276368e+01
-8.620076130140999737e+01 1.924011082755853153e+01
-8.638605870972145340e+01 1.903499402646897920e+01
-8.616953055868016520e+01 1.882880723096413433e+01
-8.568713391352741837e+01 1.862176991683586635e+01
-8.503015415029291546e+01 1.841367249914614135e+01
-8.425954168847633241e+01 1.820447044799939107e+01
-8.341592968661487362e+01 1.799419837552006740e+01
-8.252410584346718281e+01 1.778297224573899982e+01
-8.160072381477090175e+01 1.757091496500436634e+01
-8.065666528804210600e+01 1.735810316335060932e+01
-7.969938884119520139e+01 1.714464569870160204e+01
-7.873361932764815663e+01 1.693058697880802299e+01
-7.776237029572277493e+01 1.671594280875871874e+01
-7.678796163639931649e+01 1.650084625509300551e+01
-7.581181051823908490e+01 1.628535538050108400e+01
-7.483477175261795367e+01 1.606947993875444425e+01
-7.385749458396679756e+01 1.585328659164927245e+01
-7.288069425106989740e+01 1.563698445806361015e+01
-7.190461661364952306e+01 1.542055105361036915e+01
-7.092946122853260249e+01 1.520401855814185765e+01
-6.995561384643241354e+01 1.498771267068867097e+01
-6.898364499501845160e+01 1.477218755098723335e+01
-6.801397688465608837e+01 1.455775023679633939e+01
-6.704690585409387893e+01 1.434395145539602900e+01
-6.608306596949320522e+01 1.413038651306543869e+01
-6.512352078229604047e+01 1.391662797781016181e+01
-6.416998973514910176e+01 1.370216088957907630e+01
-6.321834002821577059e+01 1.348720576819741623e+01
-6.226774201112726104e+01 1.327162967620649425e+01
-6.131732139545214011e+01 1.305535880635564538e+01
-6.036643088885670494e+01 1.283837239805238006e+01
-5.941493897902830668e+01 1.262059901136017359e+01
-5.846310430752763665e+01 1.240185117240263679e+01
-5.751140934202668831e+01 1.218184589131864115e+01
-5.655987106042088186e+01 1.196049366193702390e+01
-5.560810928051569135e+01 1.173793535103880004e+01
-5.465534640285352452e+01 1.151460326298445658e+01
-5.370125389660029924e+01 1.129071839128928900e+01
-5.274556012349844991e+01 1.106649852774722653e+01
-5.178802657447651825e+01 1.084218591195702963e+01
-5.082866813766349168e+01 1.061782960242966922e+01
-4.986742268306591797e+01 1.039361352619009615e+01
-4.890419883563061632e+01 1.016981073710601713e+01
-4.793943168040983949e+01 9.945710956732911612e+00
-4.697358086981621739e+01 9.720203313846662141e+00
-4.600647438142500789e+01 9.493395824740533229e+00
-4.503804779260450886e+01 9.265283151085204949e+00
-4.406824980524419288e+01 9.036198466874074242e+00
-4.309710902497597118e+01 8.806901045426629437e+00
-4.212474609499087563e+01 8.578792957145816800e+00
-4.115134943932499567e+01 8.353038924178138203e+00
-4.017686067768872249e+01 8.128928611602015408e+00
-3.920104212105054131e+01 7.905572198755113078e+00
-3.822378700760421566e+01 7.682877102784620327e+00
-3.724497164570230723e+01 7.460716569104048013e+00
-3.626442928160412293e+01 7.238887676215311373e+00
-3.528219782177426822e+01 7.017410586958421348e+00
-3.429832419828272094e+01 6.796248475428464886e+00
-3.331319438099451702e+01 6.575615720409516918e+00
-3.232725432764284079e+01 6.355735544737020071e+00
-3.134102387014021573e+01 6.136843894312301373e+00
-3.035467911924860829e+01 5.918975781872359399e+00
-2.936841538638014271e+01 5.702187872548829972e+00
-2.838206105641464561e+01 5.486376862226372886e+00
-2.739549857542519362e+01 5.271483728139982894e+00
-2.640865031631763316e+01 5.057473431155559140e+00
-2.542195459402219626e+01 4.844436862179107628e+00
-2.443543523709680798e+01 4.632376461728893169e+00
-2.344910969060885364e+01 4.421310292080112170e+00
-2.246343909905199965e+01 4.211279445640387031e+00
-2.147846393151793976e+01 4.002311621378345841e+00
-2.049420468359542724e+01 3.794455252444446813e+00
-1.951063477947580438e+01 3.587770980578247393e+00
-1.852763471704461296e+01 3.382354625570527240e+00
-1.754494662774690994e+01 3.178367414866327234e+00
-1.656244962380709040e+01 2.975940865189007134e+00
-1.557984895882429477e+01 2.775356899130745347e+00
-1.459733346606291526e+01 2.576571183059982673e+00
-1.361540608720298096e+01 2.379179582546499194e+00
-1.263432965361600324e+01 2.182980459049047806e+00
-1.165439187295748091e+01 1.987677638272040914e+00
-1.067580042166230569e+01 1.793144339242727536e+00
-9.698764273370631628e+00 1.599253845305240729e+00
-8.723202366954703635e+00 1.406523331314872394e+00
-7.749139716745533590e+00 1.215294338440801925e+00
-6.776596879439960475e+00 1.026188358009414214e+00
-5.805548820897056927e+00 8.402748014469926252e-01
-4.835904718470515284e+00 6.593842874994449987e-01
-3.867480437052331244e+00 4.861647012129809431e-01
-2.900050544842073474e+00 3.249532425823327686e-01
-1.933372435461884642e+00 1.825955804968256435e-01
-9.668254520933328156e-01 6.905398923606888284e-02
-1.614789258300528034e-12 1.013597926710056629e-13
