1.044603732902528037e+01 2.226655325404282948e+01
1.726182217481247605e+01 2.203894196092837277e+01
2.166985107343727179e+01 2.181126917603415549e+01
2.448309096202155644e+01 2.158349145231698785e+01
2.624035995771776086e+01 2.135557075733990118e+01
2.729851360371769431e+01 2.112747342868448897e+01
2.789372388312584761e+01 2.089919072543571232e+01
2.818236582382561650e+01 2.067071788549933942e+01
2.826828126602235969e+01 2.044198669332328677e+01
2.822025707648109005e+01 2.021293226757547501e+01
2.808250155682280180e+01 1.998387937382622681e+01
2.788503274345102767e+01 1.975485744589528281e+01
2.764756473503843637e+01 1.952599565279218297e+01
2.738353203577550943e+01 1.929719922210750482e+01
2.710185465893543011e+01 1.906837413014853055e+01
2.680847388853446844e+01 1.883941416721019024e+01
2.650731975943954666e+01 1.861022897357329597e+01
2.620099156008783226e+01 1.838073329161498748e+01
2.589120922767897781e+01 1.815083302233794882e+01
2.557911276762638408e+01 1.792040844712041903e+01
2.526550038019555089e+01 1.768918730776140791e+01
2.495081886711963648e+01 1.745710516281470603e+01
2.463537399547289652e+01 1.722401131548849662e+01
2.431938233429925589e+01 1.698964285860856904e+01
2.400299771561241258e+01 1.675372327817911611e+01
2.368635617481868394e+01 1.651560996510038493e+01
2.336957297146875590e+01 1.627422061520256591e+01
2.305275059966809792e+01 1.603354935979312401e+01
2.273594994830885696e+01 1.579293344417458833e+01
2.241922325579823294e+01 1.555099717427183492e+01
2.210260287963705039e+01 1.530624315462450369e+01
2.178571825081303004e+01 1.506033989469751511e+01
2.146860409968234862e+01 1.481097436884148699e+01
2.115128922890153618e+01 1.455520227435364156e+01
2.083378873191771063e+01 1.430714734736539739e+01
2.051611255048223015e+01 1.406464078202325929e+01
2.019827081176234174e+01 1.382594211905177772e+01
1.988026358656045289e+01 1.358980588062569161e+01
1.956209534510300330e+01 1.335544444937798936e+01
1.924374126150315334e+01 1.312219123926969289e+01
1.892516849207001073e+01 1.288957036954311164e+01
1.860638588035846297e+01 1.265740068109591299e+01
1.828740053521463693e+01 1.242556948728582888e+01
1.796814204807271764e+01 1.219382352582839069e+01
1.764858713699114645e+01 1.196208636167411932e+01
1.732877297660368043e+01 1.173041701701058059e+01
1.700872338706344777e+01 1.149883959087948071e+01
1.668854165775927001e+01 1.126751169740284375e+01
1.636823434422173307e+01 1.103643990270657405e+01
1.604780693465168184e+01 1.080562832265579942e+01
1.572725615497089713e+01 1.057507168108228157e+01
1.540655760990373402e+01 1.034475043861232457e+01
1.508566075003781393e+01 1.011462494009658108e+01
1.476458936394968546e+01 9.884722359703619787e+00
1.444334323016208899e+01 9.655055610014702694e+00
1.412190658573759627e+01 9.425630865815847415e+00
1.380023745176080219e+01 9.196441237419147541e+00
1.347824242909787706e+01 8.967457272150230807e+00
1.315574842115122678e+01 8.738625923840688259e+00
1.283267264727582813e+01 8.509941131419976657e+00
1.250913376243850195e+01 8.281457303171812612e+00
1.218509472768345603e+01 8.053178539845637474e+00
1.186082467452614431e+01 7.825144263373005948e+00
1.153642328116317373e+01 7.597368164603368612e+00
1.121164840840732957e+01 7.369826941746834059e+00
1.088619726733787729e+01 7.142499832538187654e+00
1.056154603580338680e+01 6.915378461795964604e+00
1.023746019609790814e+01 6.688469303919640119e+00
9.913799403267576693e+00 6.461778191873612798e+00
9.590607508290450056e+00 6.235294266174363997e+00
9.267868957669078256e+00 6.009015141831137718e+00
8.945519758137843169e+00 5.782944086744294943e+00
8.623439116543439198e+00 5.557092157508258801e+00
8.301552203536370911e+00 5.331456239223554050e+00
7.979934058649662099e+00 5.105982687097694317e+00
7.658677142009644889e+00 4.880616745652228694e+00
7.338004456386429730e+00 4.655218146055448258e+00
7.017760118822117477e+00 4.429849369850197505e+00
6.697842695788151168e+00 4.204554992690050064e+00
6.378180915267837037e+00 3.979373963799487601e+00
6.058721183221432938e+00 3.754347712592954078e+00
5.739420431847280568e+00 3.529522359856187119e+00
5.420241595912057342e+00 3.304952042962718828e+00
5.101151389098238731e+00 3.080705784061965158e+00
4.782119659967358771e+00 2.856875232064529868e+00
4.463117528380021959e+00 2.633586372635664308e+00
4.144113083250214657e+00 2.411022559129262888e+00
3.825124283451351470e+00 2.189324272274794758e+00
3.506155342391576113e+00 1.968752705261773039e+00
3.187142300924765248e+00 1.749890987984641821e+00
2.868043809362976759e+00 1.533459394032107737e+00
2.548948892045704628e+00 1.319979591468683155e+00
2.229890951594856396e+00 1.110524379587843002e+00
1.910842135304330558e+00 9.069138636318705426e-01
1.591684185079565550e+00 7.121762299091290993e-01
1.272753578483663439e+00 5.263955519121376048e-01
9.542104939421951482e-01 3.524839188342470675e-01
6.359776023916791088e-01 1.980894090923328021e-01
3.179426400783380569e-01 7.497402003433176199e-02
5.118956947853039883e-13 5.381550097660113127e-13
