2.433862433854686458e+01 2.592592592592597356e+01
4.012543541497243638e+01 2.564962647130881379e+01
5.027790269486869335e+01 2.537218896927751288e+01
5.671807154403749252e+01 2.509195199980733193e+01
6.071223296239903533e+01 2.480873253787062538e+01
6.309476662435947247e+01 2.452193183047067748e+01
6.441513460833310489e+01 2.423329937596206918e+01
6.503545639320076077e+01 2.394326568315349490e+01
6.519448169851762032e+01 2.364947994087455996e+01
6.504958533201335058e+01 2.334868752354332955e+01
6.470450745438920137e+01 2.305674935627932243e+01
6.422761000383309238e+01 2.276964964242802125e+01
6.366394823414961479e+01 2.248439017086121794e+01
6.304276434507853821e+01 2.220305619043414325e+01
6.238362577780895890e+01 2.192359087125879569e+01
6.169941096367033850e+01 2.164451700570111825e+01
6.099860138837068035e+01 2.136479778167414878e+01
6.028678087641713290e+01 2.108713775585854933e+01
5.956761659775730777e+01 2.081070153643935683e+01
5.884351155935961231e+01 2.053466539040210748e+01
5.811602975633541490e+01 2.025822592146162648e+01
5.738621326153766944e+01 1.998100781817618810e+01
5.665498347775240262e+01 1.970554591912357978e+01
5.592274899929631005e+01 1.943152172097111929e+01
5.518972757116929273e+01 1.915835459508597438e+01
5.445604799586206468e+01 1.888564407726394023e+01
5.372177108842922166e+01 1.861309188863842934e+01
5.298684559457441168e+01 1.834021388113722750e+01
5.225129793178130910e+01 1.806692868195191792e+01
5.151520826522535401e+01 1.779333897135736109e+01
5.077906249802604322e+01 1.752062071047532754e+01
5.004297942919703956e+01 1.724905536036948916e+01
4.930688439701856396e+01 1.697843069174950159e+01
4.857065965621014669e+01 1.670846372443446981e+01
4.783433351963426361e+01 1.643912861365503986e+01
4.709796776857686496e+01 1.617043602882454323e+01
4.636151916667378714e+01 1.590227110287682422e+01
4.562495443498288239e+01 1.563454850839297627e+01
4.488824208882554956e+01 1.536720028854665188e+01
4.415134887298318489e+01 1.510017401353072231e+01
4.341422784566832860e+01 1.483342372590350422e+01
4.267695199924179406e+01 1.456699173540419423e+01
4.193956462209889935e+01 1.430089606079735098e+01
4.120193872551350012e+01 1.403506978006635286e+01
4.046407194669097862e+01 1.376950261793264474e+01
3.972594193251883610e+01 1.350417756636057121e+01
3.898751729750861728e+01 1.323908500687612921e+01
3.824875083622550420e+01 1.297421542984636211e+01
3.750955813870364608e+01 1.270955177324835894e+01
3.676998535170228877e+01 1.244509775497448523e+01
3.603003453886449847e+01 1.218085004686790995e+01
3.528963849148718168e+01 1.191679927846777787e+01
3.454845828191836432e+01 1.165293013494965813e+01
3.380615272013848482e+01 1.138923646580735927e+01
3.306531426399564566e+01 1.112571937176515036e+01
3.232574252681667559e+01 1.086239352444441408e+01
3.158697512092693671e+01 1.059928790057931458e+01
3.084868977704740800e+01 1.033643396850272467e+01
3.011048406464450267e+01 1.007388785597227887e+01
2.937213312967032053e+01 9.811692161894367104e+00
2.863371782970571644e+01 9.549816239049755850e+00
2.789547455915121077e+01 9.288169728876269460e+00
2.715748834929680555e+01 9.026697650771970061e+00
2.641970507454604800e+01 8.765387778510676853e+00
2.568192156489471856e+01 8.504302503225751764e+00
2.494495596353474198e+01 8.243011888047954372e+00
2.420881453843733411e+01 7.981510094499702390e+00
2.347321825044098631e+01 7.719955780144615254e+00
2.273796856037103353e+01 7.458481305312497867e+00
2.200290877692760105e+01 7.197214963315634151e+00
2.126789851549403565e+01 6.936301356784630556e+00
2.053279209418083084e+01 6.675925752731235008e+00
1.979741168696537201e+01 6.416353950586632493e+00
1.906201304334627267e+01 6.157376518565565782e+00
1.832671459484885190e+01 5.898955364369801835e+00
1.759142433758106350e+01 5.641350215678164304e+00
1.685593535808048671e+01 5.385059524068065429e+00
1.612003727916712137e+01 5.130647923915497621e+00
1.538444470610982862e+01 4.876292334993549638e+00
1.464893618796988051e+01 4.622677278514066401e+00
1.391326757163413674e+01 4.370607989514579295e+00
1.317827301639700366e+01 4.117014743674008770e+00
1.244378415335115307e+01 3.862486665889179882e+00
1.170974245026581961e+01 3.607225672680562933e+00
1.097605609446981667e+01 3.351655800277316910e+00
1.024269467207480666e+01 3.095940068684618574e+00
9.509686587768140242e+00 2.839825670403953062e+00
8.777007289350869712e+00 2.583348888760822692e+00
8.044620590029019525e+00 2.327036155386945637e+00
7.312519658839229386e+00 2.071622997358320006e+00
6.580727734746822044e+00 1.817993993801904296e+00
5.849300264987373765e+00 1.567341638888868793e+00
5.118267430080627456e+00 1.320960552597523652e+00
4.387595220831928877e+00 1.080458791391317064e+00
3.656943579582992765e+00 8.470774912014231717e-01
2.926016269204021913e+00 6.236667345479638414e-01
2.194797795030209997e+00 4.159296859335666618e-01
1.463391820416545031e+00 2.330401205029774825e-01
7.317545479505087602e-01 8.759163102681057078e-02
1.287702507762520438e-12 2.810011884619845397e-13
