-4.650677789355266611e+01 -2.351407716371218015e+01
-7.662651123354415006e+01 -2.327703725208540320e+01
-9.596551988625549257e+01 -2.304022052584392455e+01
-1.082117154222243300e+02 -2.280378653315582582e+01
-1.157913573115538810e+02 -2.256799236206474291e+01
-1.203006633691268377e+02 -2.233320148567425889e+01
-1.227897514000971171e+02 -2.209991204693153577e+01
-1.239494377214607397e+02 -2.186880188870365771e+01
-1.242343213862171325e+02 -2.164028139230615722e+01
-1.239434170424283508e+02 -2.141484151487135179e+01
-1.232732172642509028e+02 -2.119364050654443332e+01
-1.223540853091369627e+02 -2.097047750013606660e+01
-1.212709670249332987e+02 -2.074585240438482714e+01
-1.200795544669131658e+02 -2.052082062733213164e+01
-1.188164197287676132e+02 -2.029633188255794707e+01
-1.175076906574528266e+02 -2.006797811171986723e+01
-1.161688149757502373e+02 -1.983707195956978353e+01
-1.148099521702718420e+02 -1.960442951738666650e+01
-1.134377706905061558e+02 -1.937058364643112895e+01
-1.120565309049040223e+02 -1.913600161217657103e+01
-1.106691672751323381e+02 -1.890082301101659823e+01
-1.092776159742432185e+02 -1.866513177179863803e+01
-1.078832953568397528e+02 -1.842889124420108260e+01
-1.064870366343494368e+02 -1.819214336487809547e+01
-1.050893485253210855e+02 -1.795492947953629326e+01
-1.036904957788066639e+02 -1.771729404793963880e+01
-1.022907216733127456e+02 -1.747924451484521313e+01
-1.008901751694259161e+02 -1.724078177741575502e+01
-9.948914728478642644e+01 -1.700188317303241803e+01
-9.808812785904203224e+01 -1.676251910918809784e+01
-9.668723397887066540e+01 -1.652267793642508664e+01
-9.528641529001140498e+01 -1.628233149605366137e+01
-9.388586637558398706e+01 -1.604148086825331987e+01
-9.248561626445911088e+01 -1.580010013404562841e+01
-9.108569297930174002e+01 -1.555815688273655795e+01
-8.968591760985985673e+01 -1.531552554661272403e+01
-8.828606421797944392e+01 -1.507203353611587460e+01
-8.688597487377504081e+01 -1.482755408187232860e+01
-8.548568151357088141e+01 -1.458213990479418065e+01
-8.408513406484189545e+01 -1.433575155066227147e+01
-8.268392061778537538e+01 -1.408792839573528255e+01
-8.128158873411355501e+01 -1.383812109449382177e+01
-7.988008169486242593e+01 -1.358889792362582050e+01
-7.847895659478527364e+01 -1.333967985910691390e+01
-7.707779103917839336e+01 -1.308996654416399252e+01
-7.567595318965803131e+01 -1.283897753157019039e+01
-7.427358956229940645e+01 -1.258742524039369926e+01
-7.287135324063179098e+01 -1.233661397374724089e+01
-7.146948684937414953e+01 -1.208696300854368388e+01
-7.006737370640856000e+01 -1.183763125826116180e+01
-6.866439905164871504e+01 -1.158782547008729757e+01
-6.726230772676809977e+01 -1.133955877579907501e+01
-6.586096551911080610e+01 -1.109262581524552616e+01
-6.446019370093716816e+01 -1.084680562593872111e+01
-6.305972648058396857e+01 -1.060180797898936866e+01
-6.165953921760360856e+01 -1.035758054505172332e+01
-6.025960605076160448e+01 -1.011408333470388143e+01
-5.885989071160702935e+01 -9.871270933705787343e+00
-5.746018031066581955e+01 -9.628992278465691612e+00
-5.606023218285999832e+01 -9.387107542110351588e+00
-5.465990373259023727e+01 -9.145547217841462739e+00
-5.325899232328314525e+01 -8.904228235539410008e+00
-5.185721349201732266e+01 -8.663054403339813803e+00
-5.045450044624420372e+01 -8.422004273989410095e+00
-4.905084361926429892e+01 -8.181079536537234631e+00
-4.764594171735378580e+01 -7.940231841045857664e+00
-4.623929763548410676e+01 -7.699384304941321311e+00
-4.483002849753416541e+01 -7.458407778395985233e+00
-4.342198795657744625e+01 -7.217700521519973655e+00
-4.201474366206041111e+01 -6.977110304751086289e+00
-4.060918237950183141e+01 -6.736453552088449648e+00
-3.920470624339433385e+01 -6.495565214150009758e+00
-3.780116369085359196e+01 -6.254381531748867573e+00
-3.639872616643827286e+01 -6.012954376929935840e+00
-3.499713101243801106e+01 -5.771235899165184868e+00
-3.359623290340375235e+01 -5.529201866224986439e+00
-3.219595253822865999e+01 -5.286843155843651054e+00
-3.079608554394390296e+01 -5.044065672265910294e+00
-2.939642070455679246e+01 -4.800735102478624228e+00
-2.799682080526712724e+01 -4.556737125700931479e+00
-2.659731781537738371e+01 -4.312076947091256329e+00
-2.519779118721795186e+01 -4.066592366963319272e+00
-2.379786648913356473e+01 -3.819811491833451811e+00
-2.239707174881213447e+01 -3.571064774402587627e+00
-2.099572091084027292e+01 -3.320666048850266172e+00
-1.959371583741329914e+01 -3.068365797543010753e+00
-1.819088262210692974e+01 -2.813867854914922528e+00
-1.678704739495539400e+01 -2.556954922843328593e+00
-1.538448325391223825e+01 -2.302203367867185158e+00
-1.398296193004555121e+01 -2.049398439180852627e+00
-1.258212976519522996e+01 -1.798184586176031274e+00
-1.118182326521803738e+01 -1.548879777918751310e+00
-9.781926581878700233e+00 -1.302415322225824346e+00
-8.382340853297957750e+00 -1.060263145688164599e+00
-6.984009143201237002e+00 -8.278952489831823414e-01
-5.586420881779869063e+00 -6.073791327225765979e-01
-4.189174445971799443e+00 -4.029403344057962966e-01
-2.792493032678798670e+00 -2.245618336359785638e-01
-1.396189668854524113e+00 -8.424263157803162094e-02
-1.171051025605261877e-12 5.249709834218093429e-14
