-1.225554089294727156e+01 3.085512648352259468e+00
-2.020402917339020021e+01 3.056333379427493835e+00
-2.531543617767743370e+01 3.027502791633075674e+00
-2.855793694763031354e+01 2.999202111147044825e+00
-3.056930917436056205e+01 2.971557621360860768e+00
-3.176965389772363935e+01 2.944642655260163000e+00
-3.243580670046335968e+01 2.918670412220840227e+00
-3.275024721880366485e+01 2.894029201395861950e+00
-3.283279127574895284e+01 2.870441182585320217e+00
-3.276240251622854771e+01 2.847744358503423445e+00
-3.259108904933774653e+01 2.825796523669608540e+00
-3.235311646877499214e+01 2.804484138152577799e+00
-3.207106818275538984e+01 2.783746772472320163e+00
-3.175983001860413069e+01 2.763604166067346490e+00
-3.142917864624635271e+01 2.743945312510255086e+00
-3.108558340951399046e+01 2.724925499899404358e+00
-3.073328721284533316e+01 2.706508650538840488e+00
-3.037504951034400591e+01 2.687911179264421246e+00
-3.001269687251353346e+01 2.668734216024061023e+00
-2.964743595892787198e+01 2.648960069599052947e+00
-2.928007551333612213e+01 2.628517291963297975e+00
-2.891117319734442148e+01 2.607312433781667771e+00
-2.854114580421007119e+01 2.585216921256253464e+00
-2.817002509689209333e+01 2.563090542600947597e+00
-2.779775920641381148e+01 2.541588493759031397e+00
-2.742450643528897913e+01 2.520652971181525981e+00
-2.705027989335253480e+01 2.500562363176811242e+00
-2.667521420349546091e+01 2.481333632465440253e+00
-2.629921457454628708e+01 2.463416607969747929e+00
-2.592385803520404863e+01 2.444439451928897000e+00
-2.554922842821529727e+01 2.424437680064029266e+00
-2.517516368448537989e+01 2.403859757549760889e+00
-2.480156937670348682e+01 2.383041779398461291e+00
-2.442836166923648022e+01 2.362281964212316065e+00
-2.405552284120454232e+01 2.341693220647072859e+00
-2.368284816733894260e+01 2.321873239626865093e+00
-2.331044618707935712e+01 2.302382469136780685e+00
-2.293867835001868016e+01 2.281770327142432997e+00
-2.256746018918068231e+01 2.260292039575612755e+00
-2.219673545921248703e+01 2.238023715546745951e+00
-2.182641057455242262e+01 2.215199936986731899e+00
-2.145635877358707688e+01 2.192172108398767083e+00
-2.108641855858967062e+01 2.169572023343909972e+00
-2.071646631826665441e+01 2.146122442346128256e+00
-2.034655337155421506e+01 2.120480087725783225e+00
-1.997661481575788400e+01 2.092893927246743058e+00
-1.960656966647886534e+01 2.063668029220356193e+00
-1.923633968111182924e+01 2.033054274637670300e+00
-1.886590738777354659e+01 2.001190184950083495e+00
-1.849526046404896462e+01 1.968096792210944912e+00
-1.812430506696757604e+01 1.933636291104021687e+00
-1.775287831333738353e+01 1.897503092047608586e+00
-1.738075288493742576e+01 1.859197934435427912e+00
-1.700804711591107932e+01 1.818769328204829838e+00
-1.663468523639080487e+01 1.775995021070699176e+00
-1.626057395883091772e+01 1.730722548937960292e+00
-1.588555275983753567e+01 1.682735789681812921e+00
-1.551044556272309016e+01 1.635193105853035345e+00
-1.513521441642378207e+01 1.588430291691712348e+00
-1.475977364264645253e+01 1.542425877131466727e+00
-1.438415298211884341e+01 1.497236210156628999e+00
-1.400819009905472967e+01 1.452399308534666478e+00
-1.363189213901960528e+01 1.407664802604625454e+00
-1.325530747815228416e+01 1.362800473303751092e+00
-1.287983220524636963e+01 1.319518214090098063e+00
-1.250528990272681007e+01 1.277309689436139317e+00
-1.213162476423346803e+01 1.235956183688421861e+00
-1.175884107373841836e+01 1.195482521134627607e+00
-1.138671836523354308e+01 1.155452371260026867e+00
-1.101511799413599313e+01 1.115552386795072515e+00
-1.064395678940856627e+01 1.075546529585127420e+00
-1.027311826620809398e+01 1.034968934753822234e+00
-9.902580340342872489e+00 9.935521037485968154e-01
-9.532325852679942813e+00 9.509048072989757516e-01
-9.162496554855293240e+00 9.075931138948236665e-01
-8.793181308511247352e+00 8.641081369395262612e-01
-8.424418370138738510e+00 8.206920006467536277e-01
-8.056225988332588628e+00 7.773427154877525780e-01
-7.688604838281970721e+00 7.340657818084956876e-01
-7.321552173067606972e+00 6.908539066196957013e-01
-6.955008869919987902e+00 6.479550756446249560e-01
-6.588882239531488771e+00 6.056097653728997887e-01
-6.223037653326661811e+00 5.640661569901436190e-01
-5.857583265958131058e+00 5.228202377241584209e-01
-5.492585123793499946e+00 4.815933174050421872e-01
-5.128187844982776689e+00 4.400154692249335642e-01
-4.764639181632102982e+00 3.975529943489108375e-01
-4.401393955320147100e+00 3.552980156634502062e-01
-4.037600196478816628e+00 3.147673138760537226e-01
-3.673317582595950537e+00 2.757734344917926461e-01
-3.308536206940503099e+00 2.382732178030427528e-01
-2.943211555236185273e+00 2.022841189093523007e-01
-2.577185744934885836e+00 1.680022389987931575e-01
-2.210327916098828283e+00 1.355805824503722168e-01
-1.842842096447549372e+00 1.050014760755900861e-01
-1.474868071877361908e+00 7.648394791227293432e-02
-1.106525920387150919e+00 5.055302972352916646e-02
-7.378819525754345410e-01 2.808692556491412112e-02
-3.690116370180723249e-01 1.050061074129810673e-02
-4.348394555030266568e-13 1.805325166148097368e-14
