-2.631446980604183850e+01 -2.239276464206881201e+00
-4.336484038201639635e+01 -2.198270784926468657e+00
-5.432159161123107083e+01 -2.155595898946173872e+00
-6.126435898662172974e+01 -2.115789292276236466e+00
-6.556481937470354637e+01 -2.078682582468635687e+00
-6.812629027335054843e+01 -2.043347256286823566e+00
-6.954326024367045989e+01 -2.008945134224661810e+00
-7.020694582832705066e+01 -1.974714445704297106e+00
-7.037473221727286443e+01 -1.940037144922899914e+00
-7.021577594531864008e+01 -1.904897949389576128e+00
-6.984136788311238320e+01 -1.869378772996465710e+00
-6.932465938911626324e+01 -1.833953664550173279e+00
-6.871378610354916816e+01 -1.798863625498257068e+00
-6.804039727047359065e+01 -1.764329509658055795e+00
-6.732526753713497669e+01 -1.730486531433926167e+00
-6.658205770942639390e+01 -1.697594059748840589e+00
-6.581958516089778755e+01 -1.665574650360926556e+00
-6.504362283170944181e+01 -1.634458664047193421e+00
-6.425785974185554039e+01 -1.604137141553463763e+00
-6.346457771688191229e+01 -1.574392978480698035e+00
-6.266532278560094227e+01 -1.545055217814812476e+00
-6.186070777408968269e+01 -1.515779561250522267e+00
-6.105067105220572188e+01 -1.486114031254799350e+00
-6.024278049146489877e+01 -1.456988771816523531e+00
-5.943867174408033804e+01 -1.428439578555644296e+00
-5.863730356678089350e+01 -1.399978522124203373e+00
-5.783799814816858031e+01 -1.371242350544813471e+00
-5.704004733005467642e+01 -1.341806840951032198e+00
-5.624310817555915776e+01 -1.311392016621593992e+00
-5.544707410206291343e+01 -1.279874976597534353e+00
-5.465162354271311074e+01 -1.246893275225882114e+00
-5.385657397643581845e+01 -1.212206244420302337e+00
-5.306165388129868177e+01 -1.175443393661524505e+00
-5.226647605370932581e+01 -1.136028026858985518e+00
-5.147047473102824000e+01 -1.092942875135185510e+00
-5.067475571065895679e+01 -1.051889367089158700e+00
-4.987925831114635145e+01 -1.013394482772477678e+00
-4.908367522674524963e+01 -9.769493146030464592e-01
-4.828782704605109899e+01 -9.423216001780538864e-01
-4.749149708073277054e+01 -9.092475533223512985e-01
-4.669439752140942801e+01 -8.774119966553386440e-01
-4.589649705718104400e+01 -8.468122681898981874e-01
-4.509764113496926541e+01 -8.173324565265565056e-01
-4.429770803395084044e+01 -7.889007191240202665e-01
-4.349658484334992181e+01 -7.614557766428093899e-01
-4.269443741842166418e+01 -7.350483125610547397e-01
-4.189138099753919420e+01 -7.096943093031807814e-01
-4.108745293044228220e+01 -6.854137184930458870e-01
-4.028293216229007356e+01 -6.622726484880958608e-01
-3.947848954595765036e+01 -6.403221162940870848e-01
-3.867454938795656716e+01 -6.195734261167848977e-01
-3.787170538926012142e+01 -5.999995627251346608e-01
-3.707027036499786732e+01 -5.815833321843179027e-01
-3.627058167067883687e+01 -5.642525558434675625e-01
-3.547265601931362511e+01 -5.480211065001532322e-01
-3.467647168964645488e+01 -5.329157062053015981e-01
-3.388213854776492440e+01 -5.188178039089836879e-01
-3.308951444571048484e+01 -5.058326545789973983e-01
-3.229851097717565978e+01 -4.939164978001333584e-01
-3.150899428826143733e+01 -4.831143373692591281e-01
-3.072080223237640340e+01 -4.735499088921414357e-01
-2.993375511122013322e+01 -4.654580005310096080e-01
-2.914761605512687126e+01 -4.589284423872595498e-01
-2.836207038174153539e+01 -4.539616082985734047e-01
-2.757573060554815925e+01 -4.468965693465520306e-01
-2.678845197337295048e+01 -4.382238847911225088e-01
-2.600010356982844684e+01 -4.284091100859740431e-01
-2.521052266566963240e+01 -4.174445601701325947e-01
-2.441957986491267718e+01 -4.054580347265445139e-01
-2.362718643721135692e+01 -3.924754643573569179e-01
-2.283330888876977482e+01 -3.784725621746680702e-01
-2.203780578990311056e+01 -3.636187601750813791e-01
-2.124028124145604579e+01 -3.482855416020086969e-01
-2.044040211867334733e+01 -3.327192232879521705e-01
-1.963761775337394155e+01 -3.173093772504224086e-01
-1.883259238014583303e+01 -3.021100703849774471e-01
-1.802876796971123241e+01 -2.866804967796006687e-01
-1.722636871732402852e+01 -2.713584638343307098e-01
-1.642572173545602254e+01 -2.562832869117769863e-01
-1.562690810184498957e+01 -2.415478802344211695e-01
-1.483004648674220327e+01 -2.270552357133963084e-01
-1.403525528437099368e+01 -2.125081067645792909e-01
-1.324257954553974237e+01 -1.973965061407240706e-01
-1.245163336512682584e+01 -1.820402691207188006e-01
-1.166220795625237550e+01 -1.666727030230775730e-01
-1.087422183088331984e+01 -1.512260707983458796e-01
-1.008764533436899136e+01 -1.358794958603992964e-01
-9.302463731477269349e+00 -1.205377633315328906e-01
-8.518799552929834817e+00 -1.054038606400247852e-01
-7.736901380820531138e+00 -9.074053183334672423e-02
-6.957000439255312862e+00 -7.667278920475227577e-02
-6.179503390345158387e+00 -6.350397415431932591e-02
-5.405110475725055430e+00 -5.178328576120602017e-02
-4.634116230627777888e+00 -4.175800446627599138e-02
-3.867052059847645662e+00 -3.400520144668173206e-02
-3.098710244324309748e+00 -2.614747704806303502e-02
-2.328856278682723158e+00 -1.848692720645897514e-02
-1.557740311102741471e+00 -1.163683407362685329e-02
-7.836277556146380441e-01 -4.943018586835271760e-03
-7.606567570752046162e-03 -1.176978898406141926e-04
