2.700156985866614079e+01 4.497645211930925768e+01
4.452938929030370474e+01 4.452097335728580418e+01
5.581049278169564332e+01 4.406505769380513016e+01
6.297235098445840862e+01 4.360855857344892428e+01
6.741780416788340347e+01 4.315138909142928725e+01
7.007183082196728208e+01 4.269343282344195956e+01
7.154425437622292350e+01 4.223447501857997111e+01
7.223705431957687040e+01 4.177416182083192808e+01
7.241508612466758166e+01 4.131193971587969571e+01
7.225341610905232415e+01 4.084798017300111184e+01
7.186773433299543967e+01 4.038280353824698921e+01
7.133377455875604767e+01 3.991595550693918426e+01
7.070319738519197017e+01 3.944995490886842759e+01
7.000855415018453698e+01 3.898406371711364926e+01
6.927132862302717342e+01 3.851783236221713480e+01
6.850623409935165853e+01 3.805175436992530535e+01
6.772244182656243083e+01 3.758538822370474719e+01
6.692567118598473996e+01 3.711797149622321257e+01
6.612063487247834814e+01 3.665020662164470622e+01
6.531064309261618916e+01 3.618276145421580736e+01
6.449684490330918152e+01 3.571471861558776340e+01
6.368052641615307152e+01 3.524618426533717042e+01
6.286300585015400344e+01 3.477786431039926640e+01
6.204436647870445398e+01 3.430913771144416557e+01
6.122586963898316270e+01 3.384139736602104165e+01
6.040717105090978123e+01 3.337381593383012302e+01
5.958861432985310103e+01 3.290673482945241801e+01
5.877051451538020643e+01 3.244046079914780023e+01
5.795235013242980671e+01 3.197407647584117640e+01
5.713356414263651573e+01 3.150662739459926343e+01
5.631482176559743635e+01 3.103922165646465459e+01
5.549570002672690094e+01 3.057117026915722846e+01
5.467681667085868469e+01 3.010362641649933835e+01
5.385859567264739667e+01 2.963736746908766406e+01
5.304064683966343807e+01 2.917176014428843089e+01
5.222251016618505304e+01 2.870605341135429001e+01
5.140432706599117552e+01 2.824042963548161467e+01
5.058650919909936050e+01 2.777546956177441828e+01
4.976875291444582672e+01 2.731067509201980670e+01
4.895165062226887898e+01 2.684679693654482691e+01
4.813477780988947785e+01 2.638317252430880444e+01
4.731773595012752054e+01 2.591918153296297689e+01
4.650100845716597320e+01 2.545562686942011865e+01
4.568458669761840696e+01 2.499247933526468657e+01
4.486813776901364292e+01 2.452921068859680886e+01
4.405140514678549124e+01 2.406543297111452517e+01
4.323472220966039714e+01 2.360178815209774328e+01
4.241798440339871235e+01 2.313812651859621639e+01
4.160099919053275386e+01 2.267410939984707596e+01
4.078420489946841343e+01 2.221030493309025289e+01
3.996725206645503192e+01 2.174612833154985125e+01
3.914982000743275847e+01 2.128103947661647766e+01
3.833167362670687339e+01 2.081465221035152524e+01
3.751302604620381942e+01 2.034737655151719338e+01
3.669475246208175889e+01 1.988077986838395717e+01
3.587719144016804051e+01 1.941552889883573130e+01
3.505977310048812967e+01 1.895069551088528925e+01
3.424190884120876177e+01 1.848533254402622816e+01
3.342318621896681208e+01 1.801877122889577976e+01
3.260398459866465970e+01 1.755148940233643984e+01
3.178470516043800842e+01 1.708403846021261785e+01
3.096660434010753349e+01 1.661839158407543948e+01
3.014959213812132788e+01 1.615448090594140851e+01
2.933322606140918154e+01 1.569162968156610916e+01
2.851716802528497396e+01 1.522929711316871604e+01
2.770145382434252923e+01 1.476746257332355583e+01
2.688586538532136316e+01 1.430577871279507107e+01
2.607029601900812921e+01 1.384410937001281816e+01
2.525514859401420864e+01 1.338321902315274414e+01
2.444026319340473918e+01 1.292289035560806099e+01
2.362550050159472192e+01 1.246291454720512704e+01
2.281076065173785850e+01 1.200311701780568718e+01
2.199595819833077925e+01 1.154332535424231132e+01
2.118139437332723318e+01 1.108376289872511045e+01
2.036705194116284190e+01 1.062435112734755016e+01
1.955293164991680399e+01 1.016506592574323165e+01
1.873900356363296638e+01 9.705871383304033984e+00
1.792512763547226484e+01 9.246554371692633723e+00
1.711120978739655030e+01 8.786965633691391275e+00
1.629714041691362425e+01 8.326920510207044046e+00
1.548277597904584191e+01 7.866163504196839185e+00
1.466801921642401219e+01 7.404568462401506679e+00
1.385320969695048277e+01 6.943122968394347616e+00
1.303832662108151119e+01 6.481910835765919643e+00
1.222328842889649003e+01 6.020862221982064000e+00
1.140806549494668332e+01 5.560008166154776887e+00
1.059266422577930022e+01 5.099484813468627031e+00
9.777667166496954110e+00 4.640486882999741880e+00
8.962950476768110519e+00 4.183164452596277449e+00
8.148383957854512971e+00 3.727846770591375147e+00
7.333822475943516217e+00 3.275120511070523044e+00
6.519121021164232310e+00 2.825996661733380932e+00
5.704566389249312586e+00 2.382612542966466851e+00
4.889995725920242897e+00 1.947583691785017113e+00
4.075200452247624838e+00 1.524963973521212157e+00
3.259939486749960924e+00 1.121026535539609847e+00
2.444568740954542463e+00 7.465201264250940216e-01
1.629548759157394722e+00 4.175037759777478485e-01
8.147297943440713341e-01 1.569680476161655347e-01
8.512828145472930102e-13 2.387591409402974638e-15
