-3.206686930084560316e+01 4.411094224924017482e+01
-5.286974108820034246e+01 4.366173526201608013e+01
-6.624995164585959628e+01 4.321232888914886416e+01
-7.473854033510743022e+01 4.276252535294585755e+01
-8.000347778569536672e+01 4.231207103820442228e+01
-8.314396570795192076e+01 4.186061971771485446e+01
-8.488431444988796670e+01 4.140763938060002403e+01
-8.570179475073209119e+01 4.095236147148236938e+01
-8.591087503967366956e+01 4.049379956635151245e+01
-8.571884283681745842e+01 4.003201828922308181e+01
-8.526226543039936701e+01 3.956655667142845090e+01
-8.463150885419877056e+01 3.909880901396433472e+01
-8.388574840049636805e+01 3.862724993437858956e+01
-8.306495650698079203e+01 3.815776831087022458e+01
-8.219473712782009045e+01 3.768866731310339446e+01
-8.129196206402484393e+01 3.721850443558626154e+01
-8.036780421653192263e+01 3.674682378296606799e+01
-7.942965440932668741e+01 3.627387239038870348e+01
-7.848239362865970747e+01 3.580015676647108336e+01
-7.752935114570084352e+01 3.532881748289528900e+01
-7.657262663079235665e+01 3.485965340280534264e+01
-7.561358687767629760e+01 3.439287715577543736e+01
-7.465314633982660553e+01 3.392766960048110292e+01
-7.369190667404252792e+01 3.346323739563482036e+01
-7.273023320446438333e+01 3.299915069633691900e+01
-7.176829482052191622e+01 3.253547185985998169e+01
-7.080622675869688010e+01 3.207169961018113469e+01
-6.984393277039808368e+01 3.160840531763514250e+01
-6.888159614453022073e+01 3.114439719411603136e+01
-6.791910863499597895e+01 3.068245320826014932e+01
-6.695657233498181427e+01 3.022219332644957390e+01
-6.599410342346453717e+01 2.976296138601954411e+01
-6.503178023775268457e+01 2.930429424341301115e+01
-6.406958097182902634e+01 2.884623794092373572e+01
-6.310747492941677450e+01 2.838890331424887847e+01
-6.214555828503161194e+01 2.793187493150868406e+01
-6.118388655471053283e+01 2.747495668101170807e+01
-6.022228499866503171e+01 2.701870936053674654e+01
-5.926085410042527002e+01 2.656280070284196171e+01
-5.829976186936047355e+01 2.610677201040467921e+01
-5.733920870896086086e+01 2.565014309225507105e+01
-5.637938494291539371e+01 2.519250210733234852e+01
-5.541984413995191261e+01 2.473477510023585424e+01
-5.446033453995716656e+01 2.427741022828877959e+01
-5.350083692789794299e+01 2.382030436473173296e+01
-5.254062923002553021e+01 2.336433542457253409e+01
-5.157960373132084442e+01 2.290950750300046224e+01
-5.061774575529676667e+01 2.245578390812015712e+01
-4.965523637065050622e+01 2.200276071020348567e+01
-4.869221636349486459e+01 2.155005661830022490e+01
-4.772869478691354317e+01 2.109765891453823983e+01
-4.676470279296808741e+01 2.064550481464893394e+01
-4.580026047648870247e+01 2.019358450298646090e+01
-4.483538974809470545e+01 1.974192515159043992e+01
-4.387009680523094346e+01 1.929044307534513436e+01
-4.290442160764847301e+01 1.883920962681575517e+01
-4.193842799984274450e+01 1.838830798773931008e+01
-4.097213467736571602e+01 1.793772365270401892e+01
-4.000547751931743790e+01 1.748735849490226713e+01
-3.903825713520644314e+01 1.703702213322305425e+01
-3.807043612145704969e+01 1.658674511152670661e+01
-3.710193217108014352e+01 1.613652527032686379e+01
-3.613274909690516523e+01 1.568640417223001471e+01
-3.516283708080541714e+01 1.523637213887131736e+01
-3.419206677562743835e+01 1.478638741470971674e+01
-3.322037064752321811e+01 1.433643393254832965e+01
-3.224796996241056490e+01 1.388658878262172003e+01
-3.127488241129312030e+01 1.343688120300575761e+01
-3.030133329400701570e+01 1.298738221708491736e+01
-2.932759012502032192e+01 1.253816971075956488e+01
-2.835373617835383797e+01 1.208929533132197598e+01
-2.737965435436676387e+01 1.164078285960407122e+01
-2.640498465948676809e+01 1.119264262180015379e+01
-2.542901461149422815e+01 1.074488845404447623e+01
-2.445111215639150615e+01 1.029755525647495773e+01
-2.347031552856533310e+01 9.850698292442340076e+00
-2.248566971265838887e+01 9.404380378724104261e+00
-2.150198985011930475e+01 8.958068863493190648e+00
-2.051776939800878097e+01 8.511903265369445748e+00
-1.953353079422827676e+01 8.065917561349964515e+00
-1.854798314880662602e+01 7.620260025861631092e+00
-1.756402883998266873e+01 7.174522384846365952e+00
-1.657969405665480167e+01 6.728948193671210554e+00
-1.559544929284213666e+01 6.283594053409585989e+00
-1.461077929158458311e+01 5.838593728036582498e+00
-1.362833063978568937e+01 5.393634097514006243e+00
-1.264925645621275940e+01 4.948615586246463138e+00
-1.167258035478512390e+01 4.503868739327859139e+00
-1.069699460666474522e+01 4.059890345540677181e+00
-9.721514596564629684e+00 3.617329543311653683e+00
-8.747894889709298738e+00 3.177096117012856435e+00
-7.775325114406477667e+00 2.740517432570685585e+00
-6.803035575281002778e+00 2.309544752201770024e+00
-5.830707052607939644e+00 1.887024900166033525e+00
-4.858174453871528797e+00 1.477202114727062865e+00
-3.885416961806686498e+00 1.086463675860067202e+00
-2.913399844227145596e+00 7.242408790470539204e-01
-1.942196225747315541e+00 4.053597728680906065e-01
-9.712453007303851749e-01 1.524942840809718481e-01
-1.600875252969384554e-12 3.967288461828747045e-13
