-4.522167487672540176e+01 -4.399014778325121711e+01
-7.453822861606981576e+01 -4.352054968614942254e+01
-9.337968336607491437e+01 -4.304795643803787897e+01
-1.053215511166082194e+02 -4.257050844689781854e+01
-1.127188244764347047e+02 -4.208777975596519383e+01
-1.171230098522572121e+02 -4.160126233930433415e+01
-1.195566956787008763e+02 -4.111449514638226077e+01
-1.206925246388515518e+02 -4.062641590335709196e+01
-1.209741038623756282e+02 -4.013903635300547279e+01
-1.206935776636373134e+02 -3.965392162708103996e+01
-1.200429447000351075e+02 -3.917021985569805764e+01
-1.191483748169725203e+02 -3.868610957609401879e+01
-1.180933724510661449e+02 -3.820347175693200370e+01
-1.169334746248812706e+02 -3.772826493179222496e+01
-1.157043482161619892e+02 -3.725800506123389511e+01
-1.144297031847532224e+02 -3.679215424214869046e+01
-1.131249297444016122e+02 -3.632927890201359844e+01
-1.118002514087395696e+02 -3.586877417931215462e+01
-1.104623446779520606e+02 -3.541009577210542147e+01
-1.091156133661184526e+02 -3.495293663174875576e+01
-1.077628550131767042e+02 -3.449687404300485127e+01
-1.064060237203151900e+02 -3.404186089662384518e+01
-1.050462941571821887e+02 -3.358768410132862670e+01
-1.036844348814226890e+02 -3.313419286984794354e+01
-1.023211610369697837e+02 -3.268147744516119246e+01
-1.009568256754971571e+02 -3.222946449815067638e+01
-9.959168607823622210e+01 -3.177810199802864233e+01
-9.822620173408246558e+01 -3.132747948430732521e+01
-9.686082427283916729e+01 -3.087767610782197636e+01
-9.549603881004678385e+01 -3.042875616802408345e+01
-9.413160190368310509e+01 -2.998059062435788746e+01
-9.276732795070449811e+01 -2.953313161506989104e+01
-9.140304566795640540e+01 -2.908640132867993700e+01
-9.003855844205423864e+01 -2.864049499647279617e+01
-8.867408564860176057e+01 -2.819553521483745229e+01
-8.730976178894773909e+01 -2.775163580452697687e+01
-8.594565365145321323e+01 -2.730893936193128013e+01
-8.458176354468328384e+01 -2.686765412518353457e+01
-8.321802675118323123e+01 -2.642807202644650388e+01
-8.185432386911396918e+01 -2.599062255313303993e+01
-8.049047984208846174e+01 -2.555596280007374332e+01
-7.912635423600681861e+01 -2.512485675131079788e+01
-7.776176886587252568e+01 -2.469826349246550379e+01
-7.639635478546618685e+01 -2.427778819777498853e+01
-7.502968920293443489e+01 -2.386532008306268793e+01
-7.366159814513348181e+01 -2.346192364716880974e+01
-7.229470321377876019e+01 -2.305483387903079517e+01
-7.092928469022523075e+01 -2.264259164118046286e+01
-6.956496453849908335e+01 -2.222720014501474139e+01
-6.820144499243045288e+01 -2.181024070419251615e+01
-6.683834798016972911e+01 -2.139362736380221719e+01
-6.547553974628326046e+01 -2.097702894410480923e+01
-6.411315584786498789e+01 -2.055652832021318588e+01
-6.275082149577703916e+01 -2.013463781264343666e+01
-6.138891057059846901e+01 -1.970864822409427219e+01
-6.002746136447288450e+01 -1.927733833533085317e+01
-5.866622281678144901e+01 -1.884222638439113240e+01
-5.730498942565275655e+01 -1.840445649530933991e+01
-5.594367812113484462e+01 -1.796459575427527255e+01
-5.458230706375859143e+01 -1.752295111324679766e+01
-5.322071399572459427e+01 -1.708006534787623565e+01
-5.185873758842789272e+01 -1.663630076260642454e+01
-5.049645752173800162e+01 -1.619170354653497412e+01
-4.913370736916938597e+01 -1.574646121058530923e+01
-4.777027749295799453e+01 -1.530069107603981315e+01
-4.640642438388695723e+01 -1.485431827222777557e+01
-4.504242837802898691e+01 -1.440731551915741271e+01
-4.367860751947682019e+01 -1.395971421461443285e+01
-4.231490962259463373e+01 -1.351153806158957238e+01
-4.095130035657919620e+01 -1.306279671283068566e+01
-3.958775093739770057e+01 -1.261349132993638023e+01
-3.822423087028325028e+01 -1.216361077947261826e+01
-3.686069434852412741e+01 -1.171311740133337409e+01
-3.549725477126489182e+01 -1.126206734422847155e+01
-3.413400056457768983e+01 -1.081051193937694954e+01
-3.277083764058666304e+01 -1.035833322879344287e+01
-3.140765360477865542e+01 -9.905363748295865634e+00
-3.004445213300611428e+01 -9.451554531188092412e+00
-2.868119862038228263e+01 -8.996775114736871970e+00
-2.731796893972862605e+01 -8.541032138871393897e+00
-2.595481621722988308e+01 -8.084255946323827047e+00
-2.459163302117680061e+01 -7.626010718170816105e+00
-2.322827052519296842e+01 -7.165685220611941020e+00
-2.186439058453973061e+01 -6.702078393308397608e+00
-2.050002255349602720e+01 -6.235045197853615662e+00
-1.913507325390187219e+01 -5.764407298952360925e+00
-1.776939740567932091e+01 -5.290347632907041131e+00
-1.640324676481469979e+01 -4.815774971234318969e+00
-1.503620496354800373e+01 -4.340072822799693419e+00
-1.366775715225839072e+01 -3.862047030980376050e+00
-1.229809012597543827e+01 -3.383313280712478832e+00
-1.092856975834957645e+01 -2.909667919026170058e+00
-9.558848837156553202e+00 -2.441883863430356350e+00
-8.189693914355078874e+00 -1.985389907217260497e+00
-6.821757318724314345e+00 -1.546407698967894540e+00
-5.455075873178138579e+00 -1.131360844484973649e+00
-4.089707296430462158e+00 -7.500576704368254743e-01
-2.725527965988031820e+00 -4.172215357008954295e-01
-1.362453144379429659e+00 -1.558666241997167801e-01
-2.297947837059711997e-12 -6.656693428161546441e-14
