-2.108010178893418640e+01 -1.854775189879727648e+01
-3.475370356005291228e+01 -1.830000546059103073e+01
-4.354699621494425088e+01 -1.806411040908761834e+01
-4.912435830178987572e+01 -1.783583654105424898e+01
-5.258256930029794063e+01 -1.761239691003926566e+01
-5.464457454042484130e+01 -1.739437282363796200e+01
-5.578659957327194974e+01 -1.718025940524447037e+01
-5.632238053926860033e+01 -1.696866712570394498e+01
-5.645861103998864650e+01 -1.676077012280894607e+01
-5.633144285458527634e+01 -1.655522814810111853e+01
-5.603061870821706236e+01 -1.635141211193789346e+01
-5.561530036500154495e+01 -1.614898795160847200e+01
-5.512446741116676208e+01 -1.594761068112560665e+01
-5.458377312585063379e+01 -1.574683667576858248e+01
-5.401010767254953038e+01 -1.554627855924240620e+01
-5.341461564898682468e+01 -1.534578316428672373e+01
-5.280477129809051462e+01 -1.514586267489310778e+01
-5.218543477887904913e+01 -1.494654168754429335e+01
-5.155981501347229568e+01 -1.474786901914936266e+01
-5.093011349113590569e+01 -1.455016672168602376e+01
-5.029766766021783297e+01 -1.435328681883576429e+01
-4.966337587691309352e+01 -1.415721864735187729e+01
-4.902778535295450268e+01 -1.396185396332211681e+01
-4.839118074298885830e+01 -1.376698276922280861e+01
-4.775371252909957320e+01 -1.357244984334750448e+01
-4.711543040914627767e+01 -1.337812682114714136e+01
-4.647630304775857013e+01 -1.318389238289062071e+01
-4.583620592154152718e+01 -1.298960238779576493e+01
-4.519521084852183179e+01 -1.279537572519226352e+01
-4.455333498369532919e+01 -1.260125089372651530e+01
-4.391072092198636767e+01 -1.240735216357435711e+01
-4.326748389229246783e+01 -1.221375781114470094e+01
-4.262353398367087465e+01 -1.202042671199948387e+01
-4.197873743113662925e+01 -1.182729410832457617e+01
-4.133338294484234154e+01 -1.163448944038411170e+01
-4.068750225421710809e+01 -1.144202567771929147e+01
-4.004108123386934892e+01 -1.124990363902456991e+01
-3.939432432649962124e+01 -1.105819083223066990e+01
-3.874740187370611721e+01 -1.086692856235772986e+01
-3.810070488541445144e+01 -1.067621702314971621e+01
-3.745409758450785631e+01 -1.048602302091073923e+01
-3.680746400823367992e+01 -1.029631442289517196e+01
-3.616070791203599555e+01 -1.010707288586318775e+01
-3.551424514111623409e+01 -9.918314995884790264e+00
-3.486802140145498186e+01 -9.730040118732421917e+00
-3.422202872585125277e+01 -9.542248643931996455e+00
-3.357639578743996367e+01 -9.354926222683243253e+00
-3.293106944008472681e+01 -9.168075929111298095e+00
-3.228604748819244463e+01 -8.981693815172958395e+00
-3.164133774205661709e+01 -8.795770596477863634e+00
-3.099690395288872224e+01 -8.610306080400842887e+00
-3.035292304382686979e+01 -8.425229270178816066e+00
-2.970951501691916619e+01 -8.240489733312829301e+00
-2.906670464728851400e+01 -8.056055319545793125e+00
-2.842462986885855258e+01 -7.871828754438479514e+00
-2.778338375151201944e+01 -7.687701846129492367e+00
-2.714295537190289664e+01 -7.503634297075771009e+00
-2.650339438183278418e+01 -7.319511454732785971e+00
-2.586431774614752399e+01 -7.135643987991565851e+00
-2.522551238342119007e+01 -6.952243324134501634e+00
-2.458705566525233621e+01 -6.769175306937433412e+00
-2.394871666758260886e+01 -6.586737762187825140e+00
-2.331033458924214941e+01 -6.405183571801872588e+00
-2.267197997843394219e+01 -6.224418305134347129e+00
-2.203363134002243129e+01 -6.044591146819683125e+00
-2.139550583055194366e+01 -5.865367577988385150e+00
-2.075787962263602182e+01 -5.686123220942780776e+00
-2.012085119389918120e+01 -5.506607324091238986e+00
-1.948443895870295961e+01 -5.326653042626379175e+00
-1.884868566688350455e+01 -5.145755533327717401e+00
-1.821351219099951635e+01 -4.964337538886065104e+00
-1.757889738323996554e+01 -4.782698955225561654e+00
-1.694483823045216297e+01 -4.600680440456179632e+00
-1.631137297102438666e+01 -4.418652902493824364e+00
-1.567862950656326859e+01 -4.237187412841640466e+00
-1.504662638584208523e+01 -4.056126143094306968e+00
-1.441537396664304715e+01 -3.875387366332011752e+00
-1.378487753336185051e+01 -3.694934856234252774e+00
-1.315505760271573976e+01 -3.514566971914491411e+00
-1.252571790325889189e+01 -3.333918137541893145e+00
-1.189679097224770565e+01 -3.152872254383122907e+00
-1.126820655623391332e+01 -2.971326812004370321e+00
-1.064001223284054021e+01 -2.789333851972824352e+00
-1.001223724045318342e+01 -2.606930946671974336e+00
-9.384919770013876672e+00 -2.424182984083890435e+00
-8.757972641916039080e+00 -2.241078012124587904e+00
-8.131355551144981320e+00 -2.057662692053572329e+00
-7.505043038622335239e+00 -1.874034872981660937e+00
-6.878996509394666781e+00 -1.690351010290894074e+00
-6.253369413236800511e+00 -1.506944528122894367e+00
-5.628158880915105300e+00 -1.324190702068085423e+00
-5.003813962668158588e+00 -1.142767199334734585e+00
-4.380887004668474027e+00 -9.636282656323265083e-01
-3.759669435299358486e+00 -7.880612280219592147e-01
-3.140481871923716639e+00 -6.179756460583818445e-01
-2.517601219307734173e+00 -4.551587125259587419e-01
-1.891036113960283149e+00 -3.037109529198339097e-01
-1.262004844841380535e+00 -1.701194304148303804e-01
-6.314122565226162331e-01 -6.403737183249748333e-02
-1.352078205415511284e-12 -2.423115442806549291e-13
