4.062789773706209218e+01 4.767053854697682169e+01
6.696887022516274612e+01 4.718070994381024974e+01
8.390042009548298552e+01 4.669002189288822535e+01
9.463420944757942266e+01 4.619756263388958928e+01
1.012854314257369452e+02 4.570243090139072706e+01
1.052476420130186767e+02 4.520578230543335962e+01
1.074389823353576645e+02 4.470934423918420464e+01
1.084637756257252192e+02 4.421308821883049234e+01
1.087199548184457143e+02 4.371678689277128171e+01
1.084697942470784824e+02 4.322064406148630411e+01
1.078862457598987419e+02 4.272523247718331874e+01
1.070830915399355661e+02 4.223065795598634509e+01
1.061350915991983328e+02 4.173667186927463746e+01
1.050917675634830033e+02 4.124345050820053160e+01
1.039859409154380785e+02 4.075133246083061067e+01
1.028392301277100387e+02 4.026044464689286428e+01
1.016658970563856030e+02 3.977078672971605755e+01
1.004750602392462042e+02 3.928208053308990344e+01
9.927273433588540286e+01 3.879415766467554505e+01
9.806289770299264319e+01 3.830693519804654557e+01
9.684805061888766886e+01 3.782029895192429336e+01
9.562966751337391713e+01 3.733410428876004516e+01
9.440878243947996395e+01 3.684830950845334030e+01
9.318603010370054562e+01 3.636289369878183209e+01
9.196175653811091877e+01 3.587785722700067481e+01
9.073646095919031040e+01 3.539327839442082535e+01
8.951050670753761551e+01 3.490921937674479381e+01
8.828416060956092792e+01 3.442572827180037365e+01
8.705744456100995876e+01 3.394284251828306509e+01
8.583054645280978434e+01 3.346056555244847885e+01
8.460342228840785594e+01 3.297893151821040192e+01
8.337599432857520299e+01 3.249797447987891985e+01
8.214811837014559615e+01 3.201774618441539388e+01
8.091934182218821547e+01 3.153846432094021424e+01
7.968923904165529848e+01 3.106035712455098619e+01
7.845713772943835806e+01 3.058380272499074692e+01
7.722255769076782883e+01 3.010906276533981796e+01
7.598594341223146387e+01 2.963571025506350765e+01
7.474961436228905143e+01 2.916188147949770837e+01
7.351322288992197684e+01 2.868769860322986176e+01
7.227690453831105799e+01 2.821307326616375022e+01
7.104297334291744903e+01 2.773666624271696790e+01
6.981152600663412500e+01 2.725845462499603400e+01
6.858164182141301524e+01 2.677896359737653498e+01
6.735312064634332785e+01 2.629835253935082306e+01
6.612542903221698509e+01 2.581688024345893240e+01
6.489800045812319240e+01 2.533476893087937754e+01
6.367055426492638048e+01 2.485211566986604126e+01
6.244283009932006223e+01 2.436897291251962727e+01
6.121500154304522567e+01 2.388530533047119420e+01
5.998724681743433962e+01 2.340108372101983036e+01
5.875953151822627518e+01 2.291628935752066809e+01
5.753183355676764421e+01 2.243090966193753388e+01
5.630413426548825129e+01 2.194493730096005990e+01
5.507639707136673479e+01 2.145836273926694560e+01
5.384879287284216076e+01 2.097123790952916522e+01
5.262126861868863870e+01 2.048354044284759468e+01
5.139377852819238512e+01 1.999523565047693552e+01
5.016625752608161548e+01 1.950627522409854464e+01
4.893881007618333712e+01 1.901673305459788921e+01
4.771152028550620372e+01 1.852666599726036267e+01
4.648425636465815103e+01 1.803594833624097404e+01
4.525704910809368897e+01 1.754457029274706414e+01
4.402987759967194847e+01 1.705247527434445942e+01
4.280263670057580327e+01 1.655951136012858527e+01
4.157590622832847771e+01 1.606631322927010075e+01
4.034973074531860959e+01 1.557288796409423348e+01
3.912439685261749389e+01 1.507961578753993770e+01
3.789991894015354745e+01 1.458653397640686933e+01
3.667597246785429377e+01 1.409299048520514397e+01
3.545229318928707585e+01 1.359827730450214567e+01
3.422896098774749163e+01 1.310239751498536620e+01
3.300601438749633587e+01 1.260530579184404232e+01
3.178337173470046650e+01 1.210666512350866419e+01
3.056088736535839345e+01 1.160575331518462328e+01
2.933836337012705187e+01 1.110128083580372582e+01
2.811585962554955387e+01 1.059404766171898871e+01
2.689307160081478187e+01 1.008182622254174454e+01
2.567004483990003649e+01 9.567600890599786467e+00
2.444698791656026771e+01 9.055530238306763735e+00
2.322379194299722016e+01 8.545081800104005865e+00
2.200065145345080353e+01 8.037636524257329995e+00
2.077729345317824894e+01 7.531119112630998202e+00
1.955344453392809712e+01 7.023548313829340195e+00
1.832934998213768552e+01 6.515306319785629796e+00
1.710458258450711355e+01 6.003804545469846765e+00
1.588040675587755857e+01 5.497328948297990792e+00
1.465640398599149563e+01 4.993785628289662881e+00
1.343223356964247550e+01 4.491624207006005953e+00
1.220825540562436373e+01 3.992626285415501020e+00
1.098488042578351020e+01 3.498653940111492222e+00
9.762123648048893543e+00 3.010707251102544113e+00
8.540118977349621332e+00 2.531294064103636998e+00
7.318855300060874036e+00 2.063824959409803483e+00
6.098164948708197919e+00 1.612340882600106884e+00
4.877914643172910125e+00 1.183499149171443943e+00
3.657999661405693992e+00 7.874979671678987714e-01
2.438384276835297459e+00 4.400120678039261546e-01
1.219076469008109731e+00 1.652315967327041835e-01
9.455858584048517860e-13 -9.383251044646215787e-15
