3.039083557944615777e+01 4.595687331536378650e+01
5.011203452142375880e+01 4.548588309607945490e+01
6.279936505191827223e+01 4.501432542519707880e+01
7.084876410191287732e+01 4.454158416853719871e+01
7.583940496704776990e+01 4.406710715319967164e+01
7.881308325759664513e+01 4.359130556478236684e+01
8.045650060632216594e+01 4.311437190109160866e+01
8.122131848439128987e+01 4.263562494532064306e+01
8.140623619192218996e+01 4.215539781372621775e+01
8.120751032923583068e+01 4.167341456507805475e+01
8.075408871788457077e+01 4.118912718210886226e+01
8.013634168429207705e+01 4.070549620885285691e+01
7.941485825089128525e+01 4.022517728109976076e+01
7.862562328342751528e+01 3.974730861634419199e+01
7.779216668611559271e+01 3.927120789226049169e+01
7.692971943405638058e+01 3.879623113368386811e+01
7.604839887578521029e+01 3.832202246421010727e+01
7.515474844103549401e+01 3.784823224045150880e+01
7.425334527921924632e+01 3.737494367799971684e+01
7.334692760816543000e+01 3.690187411703723797e+01
7.243736173432698422e+01 3.642896513786178758e+01
7.152581738386005838e+01 3.595608140020164001e+01
7.061310567985675846e+01 3.548328394961281873e+01
6.969982497069818805e+01 3.501099543013079085e+01
6.878625537220891317e+01 3.453913550238206653e+01
6.787256675246118220e+01 3.406755790438993614e+01
6.695888408576472273e+01 3.359633163342552820e+01
6.604528507574954688e+01 3.312541145432930989e+01
6.513182682600518092e+01 3.265477931073471751e+01
6.421855207436512103e+01 3.218443222613821320e+01
6.330552575779345403e+01 3.171425045141237931e+01
6.239279074430952221e+01 3.124423986023982280e+01
6.148039707068389248e+01 3.077439692633379664e+01
6.056840958615124748e+01 3.030471202775127182e+01
5.965691749495179863e+01 2.983517118528133949e+01
5.874604825959997356e+01 2.936575183230046093e+01
5.783609293107324589e+01 2.889634120984212728e+01
5.692736920852001958e+01 2.842686905877637926e+01
5.602011657866029992e+01 2.795731779951193019e+01
5.511446098279411387e+01 2.748768204965971051e+01
5.420988247533732363e+01 2.701812517919047707e+01
5.330655112614363844e+01 2.654861232873463095e+01
5.240493635763309044e+01 2.607901909067014401e+01
5.150453887392509245e+01 2.560933664499910023e+01
5.060191374614716864e+01 2.513983435853477388e+01
4.969738716005090851e+01 2.467043955081577167e+01
4.879094492209164002e+01 2.420118648292112340e+01
4.788312582020598285e+01 2.373198367578270407e+01
4.697425457249435965e+01 2.326277944957984900e+01
4.606451906550108077e+01 2.279355441978274754e+01
4.515417954142233725e+01 2.232423380077000630e+01
4.424326913673944262e+01 2.185483442272466448e+01
4.333192721671407099e+01 2.138529729767554244e+01
4.242025757227285965e+01 2.091555883734124066e+01
4.150823657894608942e+01 2.044564690459735345e+01
4.059584537448939301e+01 1.997558361972936325e+01
3.968306863937127815e+01 1.950538768510533671e+01
3.876989744813304384e+01 1.903508953775686408e+01
3.785636503683769405e+01 1.856460240130129691e+01
3.694248389752697648e+01 1.809383031162599664e+01
3.602824393805947523e+01 1.762280754723260756e+01
3.511364543792152659e+01 1.715155446543833762e+01
3.419868913001088373e+01 1.668007322131713011e+01
3.328336466174264530e+01 1.620833762000898304e+01
3.236768933404729154e+01 1.573644123682642260e+01
3.145172798804940228e+01 1.526458927036078350e+01
3.053548094032489146e+01 1.479280160062620730e+01
2.961894407747944413e+01 1.432109061208227985e+01
2.870210091106278583e+01 1.384945910466083419e+01
2.778490422919224656e+01 1.337787480647099514e+01
2.686735478613195838e+01 1.290637885469124591e+01
2.594930772349941961e+01 1.243483807728979151e+01
2.503054330825074913e+01 1.196307316499909668e+01
2.411074383560290002e+01 1.149084288028714695e+01
2.318944756805306184e+01 1.101781620889814306e+01
2.226693959145690727e+01 1.054429951316940794e+01
2.134336761102366253e+01 1.007041832068128784e+01
2.041801603251962405e+01 9.595679196543741796e+00
1.949004901963197156e+01 9.119511114669972329e+00
1.856241152958467211e+01 8.643431206740666894e+00
1.763489126658245709e+01 8.167249390913688956e+00
1.670635412962720778e+01 7.690254386580148704e+00
1.577697932661906322e+01 7.212660322283247716e+00
1.484599361159968467e+01 6.733977092602534853e+00
1.391610039333849436e+01 6.255911744221105408e+00
1.298592149017707698e+01 5.777598062536161372e+00
1.205497444565770770e+01 5.298860491166173858e+00
1.112250394228249917e+01 4.819416841821441366e+00
1.019047671835864044e+01 4.341334162529853380e+00
9.260955851462503219e+00 3.866669156744066527e+00
8.332318700450215943e+00 3.395010394211051441e+00
7.404180369699772335e+00 2.927387428038692896e+00
6.476790698850558137e+00 2.466142644473266365e+00
5.549956761303348252e+00 2.014173169916258388e+00
4.623075476326581779e+00 1.575497101589595772e+00
3.696945940044697121e+00 1.157497213783943657e+00
2.771762592766533029e+00 7.707444177865947488e-01
1.847724843100001069e+00 4.312379736748044867e-01
9.241137334398157321e-01 1.624228395725818008e-01
1.484215227240753500e-12 9.331735252614314740e-14
