1.276935297207526743e+00 4.393455706273017825e+01
2.290564272360915865e+00 4.347268833307879277e+01
3.092317020356181612e+00 4.301082317550955025e+01
3.723559421677468784e+00 4.254896388578324462e+01
4.217559367842611984e+00 4.208711316916360801e+01
4.601066583354144868e+00 4.162527251440395304e+01
4.895593990256042360e+00 4.116344502277519268e+01
5.118444904987661914e+00 4.070163340947983244e+01
5.283533805626532853e+00 4.023983950451007274e+01
5.402046218860904858e+00 3.977806457192658485e+01
5.483173324077983857e+00 3.931630969130461040e+01
5.534149008397878156e+00 3.885457386005392522e+01
5.560774567163799809e+00 3.839285398966972451e+01
5.567766968780536452e+00 3.793114040651811081e+01
5.558972395831624169e+00 3.746941249950280195e+01
5.537345669834203399e+00 3.700766500251134516e+01
5.505320624383179151e+00 3.654588872117096088e+01
5.464792864423987595e+00 3.608407864810801868e+01
5.417327715767590313e+00 3.562223091133669328e+01
5.365399657956849033e+00 3.516034374020695452e+01
5.309905235529331691e+00 3.469841598970324981e+01
5.251580042741990084e+00 3.423644761110662671e+01
5.191006509514949130e+00 3.377443873394780383e+01
5.128644164828255470e+00 3.331238897742907312e+01
5.064866092009608245e+00 3.285029921316412072e+01
4.999963710793654315e+00 3.238816899913980052e+01
4.934161676644110983e+00 3.192599495266602716e+01
4.867629264083118912e+00 3.146376848573646257e+01
4.800523271607707976e+00 3.100149157074748629e+01
4.732960116157570951e+00 3.053916038705492397e+01
4.665033087521852195e+00 3.007677040620833608e+01
4.596816461222564598e+00 2.961431581162761617e+01
4.528377908500791804e+00 2.915179751823266585e+01
4.459771668041303982e+00 2.868921535249305776e+01
4.391033639124689358e+00 2.822655851785378900e+01
4.322191637503815187e+00 2.776381374782544853e+01
4.253266677247096617e+00 2.730096458595565068e+01
4.184274030105846975e+00 2.683799051852110651e+01
4.115229105580805680e+00 2.637487688207250969e+01
4.046137959890615754e+00 2.591159262624028869e+01
3.977007335712570590e+00 2.544811026039867485e+01
3.907840084324622154e+00 2.498439297142120807e+01
3.838635158100967892e+00 2.452039162552611984e+01
3.769405941969244278e+00 2.405611701957498738e+01
3.700148417357023600e+00 2.359151085005869319e+01
3.630899028353167246e+00 2.312673984895378965e+01
3.561677427781804628e+00 2.266185211584788561e+01
3.492493386224769125e+00 2.219684635371655190e+01
3.423353708802709949e+00 2.173170470097487339e+01
3.354264738326826922e+00 2.126641859399206069e+01
3.285228022561159644e+00 2.080095825038270974e+01
3.216242642673817986e+00 2.033530876388874731e+01
3.147305867828637638e+00 1.986945329370623270e+01
3.078415209220576099e+00 1.940359104556533509e+01
3.009567287223956722e+00 1.893772543431659372e+01
2.940754804802273803e+00 1.847186627645394452e+01
2.871971932003760219e+00 1.800596113141931198e+01
2.803205437258049493e+00 1.754005211056967894e+01
2.734429426652462247e+00 1.707430952032641613e+01
2.665637806127667542e+00 1.660869347309719402e+01
2.596824619883334240e+00 1.614321788950416448e+01
2.527987623706463349e+00 1.567792094859803242e+01
2.459129900449901207e+00 1.521278375728392618e+01
2.390258029164240128e+00 1.474781066851093669e+01
2.321382987120227614e+00 1.428300591362222960e+01
2.252531289433489015e+00 1.381852964000872319e+01
2.183716087723118537e+00 1.335442703681704124e+01
2.114948244655001197e+00 1.289075102755802149e+01
2.046234397143051442e+00 1.242746451395946572e+01
1.977582105279929170e+00 1.196454635054146465e+01
1.908999667979474291e+00 1.150198877354204186e+01
1.840497497600577459e+00 1.103978899231121069e+01
1.772087629169354805e+00 1.057795878644246557e+01
1.703783553769423031e+00 1.011652496277403657e+01
1.635600453993490966e+00 9.655530431835046556e+00
1.567555827557208792e+00 9.195036147211324007e+00
1.499675489321443678e+00 8.735119110708451373e+00
1.431984548819272174e+00 8.275886790389895609e+00
1.364513019038101627e+00 7.817476775597414829e+00
1.297288767277058552e+00 7.360066840092988727e+00
1.230345360921878406e+00 6.903879282538873063e+00
1.163723239982730862e+00 6.449192135506621071e+00
1.097459519181837928e+00 5.996354888679388040e+00
1.031601246013532203e+00 5.545803182702226941e+00
9.662081354967704261e-01 5.098079516112743903e+00
9.013563864130630376e-01 4.653858702845123041e+00
8.371284627024886404e-01 4.213980280311329096e+00
7.736251144577031003e-01 3.779487349880689351e+00
7.100702406656643761e-01 3.351676520255785885e+00
6.465899872832325812e-01 2.932159830655709509e+00
5.832930712552406582e-01 2.522940851509927196e+00
5.199933377988693595e-01 2.126496041242059931e+00
4.561775089209730294e-01 1.745896178690533151e+00
3.918792059756937007e-01 1.384987536443960776e+00
3.271866687246632321e-01 1.048553836632083902e+00
2.621595904606197625e-01 7.425369333643071501e-01
1.968727201096103496e-01 4.743228237889151044e-01
1.313563229568689705e-01 2.530856412898784824e-01
6.570404485480947632e-02 9.024580443078765446e-02
5.786296172712808369e-10 3.015141213286037565e-08
