-4.620130750340261017e+01 1.441985005883041460e+00
-7.611545666901071172e+01 1.446611064314271555e+00
-9.531656779265084367e+01 1.451791457262882945e+00
-1.074705399554415806e+02 1.458121782073596551e+00
-1.149887967087128970e+02 1.465181154200111857e+00
-1.194574496650273261e+02 1.473121444436395810e+00
-1.219206393032058031e+02 1.479351796916337891e+00
-1.230649195737520216e+02 1.483098484566721664e+00
-1.233419748917220033e+02 1.483778497312005173e+00
-1.230486215605828448e+02 1.481764330072803615e+00
-1.223797331568965490e+02 1.477941636772930556e+00
-1.214637308584654392e+02 1.472425845454218729e+00
-1.203850921891460928e+02 1.465364334217226450e+00
-1.191995740042231517e+02 1.456753069113702059e+00
-1.179438475910200452e+02 1.446698451936601737e+00
-1.166415381036723176e+02 1.435614306067248158e+00
-1.153080228852508498e+02 1.423789310262956631e+00
-1.139543484738906045e+02 1.411028440913345783e+00
-1.125878433550126658e+02 1.397298040577392708e+00
-1.112134280672588886e+02 1.382691638649873322e+00
-1.098338134311911602e+02 1.367326234137921537e+00
-1.084507999269304008e+02 1.351271307972388813e+00
-1.070655821864817057e+02 1.334557909711228563e+00
-1.056789641024544721e+02 1.317192266796986200e+00
-1.042912838194196041e+02 1.299079330894368001e+00
-1.029029086722693194e+02 1.280168088245039915e+00
-1.015138644052610886e+02 1.260247242949132263e+00
-1.001242722776050869e+02 1.239142026912712469e+00
-9.873412789916095278e+01 1.216552193039676322e+00
-9.734307467157141502e+01 1.191808501137539666e+00
-9.595148524751115815e+01 1.164875224883791693e+00
-9.455959528777465550e+01 1.135711429407977979e+00
-9.316736282596859553e+01 1.104005896993747626e+00
-9.177498471633319355e+01 1.069960364162801270e+00
-9.038333677354161466e+01 1.035362416093283500e+00
-8.899283612843289859e+01 1.001194368620446529e+00
-8.760347241597629875e+01 9.675984271580960749e-01
-8.621492499597731296e+01 9.340180899763180777e-01
-8.482695866835291554e+01 9.004973601350363399e-01
-8.343921504632170638e+01 8.664488373268925958e-01
-8.205175064380343031e+01 8.348133863740870853e-01
-8.066430479956137845e+01 8.052283918002869356e-01
-7.927684659661230171e+01 7.780292208846917301e-01
-7.788939090843275892e+01 7.531390452962577475e-01
-7.650177517814080375e+01 7.299612410554155995e-01
-7.511380104199795937e+01 7.079470408795688341e-01
-7.372542019243844891e+01 6.868657008010045084e-01
-7.233662637912159710e+01 6.665866878638684323e-01
-7.094745234486266838e+01 6.470410076509545139e-01
-6.955797231373752254e+01 6.281986558300679535e-01
-6.816810122900885460e+01 6.099468434936219374e-01
-6.677795283616772792e+01 5.922890876236890367e-01
-6.538743881593379115e+01 5.751546549512187578e-01
-6.399668532411242694e+01 5.585554651059575493e-01
-6.260583479311602417e+01 5.425156630335304930e-01
-6.121480764514807049e+01 5.270444087658370247e-01
-5.982351586852177405e+01 5.121747741108984009e-01
-5.843183007666772966e+01 4.979695584534272190e-01
-5.704058441724222916e+01 4.843974498863465872e-01
-5.564941873574506559e+01 4.715489303421296907e-01
-5.425824845683809627e+01 4.595019582965250704e-01
-5.286697721098521185e+01 4.483753812298646446e-01
-5.147521948032508021e+01 4.384682205415733613e-01
-5.008346384738038637e+01 4.296423142356103342e-01
-4.869119516112320412e+01 4.223872934284562675e-01
-4.729801314835371073e+01 4.172196605077350129e-01
-4.590417621012442595e+01 4.140799459832801843e-01
-4.450990162617845414e+01 4.127970439659490731e-01
-4.311540620114030276e+01 4.130693012131465558e-01
-4.172092794421773476e+01 4.144347438660010985e-01
-4.032672081957374388e+01 4.163027116814481121e-01
-3.893274218929735753e+01 4.184878658124378537e-01
-3.753906260598098044e+01 4.204891809393273561e-01
-3.614699418736695691e+01 4.190633417137887839e-01
-3.475609400601207000e+01 4.148134128164180368e-01
-3.336605591302458151e+01 4.082401029070748533e-01
-3.197654196923941683e+01 3.999035315197020934e-01
-3.058721600298205701e+01 3.902954750261045658e-01
-2.919792261425947899e+01 3.796759665703610676e-01
-2.780850582025659179e+01 3.682486028595736705e-01
-2.641889266382425916e+01 3.561200206708037275e-01
-2.502908302422168418e+01 3.433186387677854001e-01
-2.363905464077112129e+01 3.298418880268790820e-01
-2.224887934733700590e+01 3.156214708663824808e-01
-2.085882189423794131e+01 3.005420112096442997e-01
-1.946893917883808811e+01 2.845060882378549483e-01
-1.807910585835202255e+01 2.674308318238145521e-01
-1.668920757737403449e+01 2.492410307624716437e-01
-1.529910579665198611e+01 2.298881840875482141e-01
-1.390898415107093555e+01 2.095499712999401021e-01
-1.251901464566177324e+01 1.884144760090498139e-01
-1.112918875509964245e+01 1.665086534091498038e-01
-9.739300880189990295e+00 1.436765205793655853e-01
-8.349241408460281733e+00 1.198697468340743505e-01
-6.958623454502503414e+00 9.468423136497595982e-02
-5.566823559329162840e+00 6.739365306602168593e-02
-4.175337308107547329e+00 4.167036195723190783e-02
-2.785372164024761066e+00 2.182858004738024577e-02
-1.396423538749607340e+00 7.836943417791626676e-03
-7.831892358860914963e-03 6.372132872975310336e-05
