3.544125336314281327e+01 2.592402709844130015e+01
5.840309217949111797e+01 2.565389792850697859e+01
7.314741670542383645e+01 2.538309827028657750e+01
8.247798179355396542e+01 2.511055968231817204e+01
8.824012068092187633e+01 2.483542294880092882e+01
9.166402912138400438e+01 2.456121988803366207e+01
9.354895301533535701e+01 2.428718621699131930e+01
9.442219878292124235e+01 2.401328880685561629e+01
9.463089402017833152e+01 2.373972071100783054e+01
9.440252221280101708e+01 2.346607988527205890e+01
9.388683933585558350e+01 2.319210100096082172e+01
9.318257980682334107e+01 2.291783239241231485e+01
9.235474184964296285e+01 2.264338043952371748e+01
9.144612445225885722e+01 2.236893042005504384e+01
9.048490148889155194e+01 2.209473481054421029e+01
8.948958390238924210e+01 2.182109059744096413e+01
8.847227908987434830e+01 2.154835317754006141e+01
8.744095107232432440e+01 2.127643780332522994e+01
8.640086453630513574e+01 2.100533426398487435e+01
8.535551553945475689e+01 2.073507050373383720e+01
8.430725756945314231e+01 2.046567943385202071e+01
8.325775712299198972e+01 2.019718885204350300e+01
8.220830655683255372e+01 1.992960603877540748e+01
8.115982265782875515e+01 1.966302802898733759e+01
8.011358221182995010e+01 1.939742561170088209e+01
7.906986467650607153e+01 1.913292614558971749e+01
7.802871951543238538e+01 1.886942479980547560e+01
7.698926555739684829e+01 1.860652605907185375e+01
7.594740987885516859e+01 1.834315066524180438e+01
7.490406145986467834e+01 1.807906235928880889e+01
7.385916211138406595e+01 1.781408868824671998e+01
7.281248599413345346e+01 1.754824632580549704e+01
7.176458446628534205e+01 1.728154312681418148e+01
7.071572796007922079e+01 1.701399111531207353e+01
6.966560754449542969e+01 1.674573410127123196e+01
6.861425143447523567e+01 1.647680863757488368e+01
6.756167120012159444e+01 1.620724050126773363e+01
6.650789070160055871e+01 1.593702478328657612e+01
6.545296354818862028e+01 1.566609015881958378e+01
6.439675419263596723e+01 1.539447007865314632e+01
6.333924787644151166e+01 1.512210335154172292e+01
6.228037841196677959e+01 1.484902215743477250e+01
6.122019122661767199e+01 1.457519178844855112e+01
6.015867389996113701e+01 1.430072973219188626e+01
5.909572248060594291e+01 1.402616058554621858e+01
5.803131169707610582e+01 1.375178428024156396e+01
5.696546587124045402e+01 1.347771884240547813e+01
5.589824432793935927e+01 1.320412505931828306e+01
5.482965653655612925e+01 1.293097738912389616e+01
5.375961141874063998e+01 1.265807801373988717e+01
5.268783577303618415e+01 1.238503293329888244e+01
5.161411896708497693e+01 1.211161879245924311e+01
5.053854340951861701e+01 1.183795890706690557e+01
4.946109288953989136e+01 1.156411105169562781e+01
4.838166097852339220e+01 1.129008628325822627e+01
4.730000291522012645e+01 1.101583505135191210e+01
4.621815674078241187e+01 1.074274656291992969e+01
4.513729328251172035e+01 1.047136625703102375e+01
4.405719077156601315e+01 1.020150831495344690e+01
4.297741139951614286e+01 9.932971714491497295e+00
4.189724376231735903e+01 9.665534393831006099e+00
4.081591380685103587e+01 9.399019765893681821e+00
3.973373715796115846e+01 9.133448499241913154e+00
3.865092993332544324e+01 8.868833847561170103e+00
3.756794981385562693e+01 8.605195861777827915e+00
3.648611658715407913e+01 8.342571381309687339e+00
3.540574257702494521e+01 8.081053972814823183e+00
3.432667258444448066e+01 7.820808829918966865e+00
3.324860755615616625e+01 7.562069483259895364e+00
3.217103720437888370e+01 7.305177649964824660e+00
3.109405648947265988e+01 7.050234195044516206e+00
3.001760881650078616e+01 6.797343449537786242e+00
2.894168032932921619e+01 6.546466205307464037e+00
2.786590064311768344e+01 6.297777509789541206e+00
2.678960069147733236e+01 6.051836492022286684e+00
2.571187172631758600e+01 5.809577880771051639e+00
2.463472708549102919e+01 5.565592306609386419e+00
2.355826207141863904e+01 5.318832344509734078e+00
2.248218082854986477e+01 5.069285173471357986e+00
2.140623639861954786e+01 4.817075484838835742e+00
2.033029047213414486e+01 4.562350593126425657e+00
1.925437385667821033e+01 4.305236982707658200e+00
1.817869195370562352e+01 4.045914221195276106e+00
1.710354993397163170e+01 3.784670983510624698e+00
1.602879910100839922e+01 3.521872490943656508e+00
1.495446469527047739e+01 3.257820042769203006e+00
1.388070475888512867e+01 2.992802697695067682e+00
1.280753034893350772e+01 2.727077612981974042e+00
1.173502026953424071e+01 2.460943500002021889e+00
1.066328803211949428e+01 2.194803415213363529e+00
9.592464264659032125e+00 1.929250691883491964e+00
8.522671600138206571e+00 1.665140115162831558e+00
7.453982373865139621e+00 1.403722656949401237e+00
6.386413549192063499e+00 1.146824248847674088e+00
5.319934881741759547e+00 8.971261169099929988e-01
4.254518330914124569e+00 6.587834483375628603e-01
3.190072045515127908e+00 4.380794382753180893e-01
2.126396057226990877e+00 2.444016585702646904e-01
1.063071416410158898e+00 9.171034601241660755e-02
2.513251080482655118e-12 2.963666380889176651e-13
