-4.809846179490355667e+01 1.748251774881098841e-01
-7.923752050472894837e+01 1.723941274492748199e-01
-9.922212901727553458e+01 1.699810510371408123e-01
-1.118690366654928425e+02 1.675755611529629596e-01
-1.196882315092305760e+02 1.651950563598067190e-01
-1.243298830239746593e+02 1.628284456997356744e-01
-1.268784846908119164e+02 1.604400324373296549e-01
-1.280496520086389580e+02 1.580416447827142912e-01
-1.283202155888235723e+02 1.559221484336274777e-01
-1.279973272292833428e+02 1.540659732775239432e-01
-1.272877939859599792e+02 1.524786705524642239e-01
-1.263234896550912936e+02 1.511671647986799760e-01
-1.251911652033291205e+02 1.500965426494008659e-01
-1.239484690394732240e+02 1.491351847704722178e-01
-1.226345300990944480e+02 1.479735627636850626e-01
-1.212735971103737427e+02 1.465753063459067917e-01
-1.198830597615101397e+02 1.448357498070068083e-01
-1.184735674946166597e+02 1.427620164430975225e-01
-1.170515037608093536e+02 1.403596941233373474e-01
-1.156211807547650352e+02 1.376319671853148963e-01
-1.141855862886248332e+02 1.345907990003639421e-01
-1.127464563374697946e+02 1.311997298084955910e-01
-1.113050784317318715e+02 1.274542804533129736e-01
-1.098622009597313962e+02 1.233031804980679325e-01
-1.084181416463893868e+02 1.186243228798712912e-01
-1.069729966442918538e+02 1.132469348174022228e-01
-1.055272888233539135e+02 1.072348758097871196e-01
-1.040812689611295667e+02 1.005660223378819912e-01
-1.026352620722197173e+02 9.332361691473982368e-02
-1.011893896296137427e+02 8.548549519530612706e-02
-9.974371070822958529e+01 7.702033043522246714e-02
-9.829821438129361866e+01 6.782842833657502790e-02
-9.685281358950761899e+01 5.774247052297017124e-02
-9.540742831665522772e+01 4.662587454962036082e-02
-9.396222068941597172e+01 3.481758317752356446e-02
-9.251749597486767129e+01 2.298151960560409005e-02
-9.107316828047886759e+01 1.095988321389769309e-02
-8.962936545292416213e+01 -8.677331653419823824e-04
-8.818582050623436430e+01 -1.310760855788949131e-02
-8.674224691356934613e+01 -2.643143720839473756e-02
-8.529892221024510945e+01 -3.845738473116804695e-02
-8.385564953817308265e+01 -4.943765396768724091e-02
-8.241229706428165969e+01 -5.957921143091626098e-02
-8.096877990928352631e+01 -6.910261555698610225e-02
-7.952533790993732055e+01 -7.759972115297605888e-02
-7.808191553949704655e+01 -8.528811298510841077e-02
-7.663841774872105361e+01 -9.240225762432997814e-02
-7.519478147764408504e+01 -9.908368483269028304e-02
-7.375096703511417218e+01 -1.054095522040916777e-01
-7.230695595135794917e+01 -1.114119006224059405e-01
-7.086260809034556019e+01 -1.172392116068313866e-01
-6.941791460048627016e+01 -1.228827844288854776e-01
-6.797286186240525296e+01 -1.283329235047605543e-01
-6.652742980874450041e+01 -1.335870434941085760e-01
-6.508159359327981974e+01 -1.386476878290401893e-01
-6.363531800724283727e+01 -1.435278164992864758e-01
-6.218874453165572902e+01 -1.481528353877612503e-01
-6.074200098254387115e+01 -1.524642774768426579e-01
-5.929499958417076044e+01 -1.564917855028342408e-01
-5.784784882478927415e+01 -1.601964976908941962e-01
-5.640040925269696714e+01 -1.636071052231537759e-01
-5.495272206166939810e+01 -1.667095378714325282e-01
-5.350477205761605148e+01 -1.694953315948769246e-01
-5.205668203338044719e+01 -1.719352952637649978e-01
-5.060830116321566408e+01 -1.740212995527119222e-01
-4.915941279689140231e+01 -1.757362574889676510e-01
-4.770990240281184214e+01 -1.770565581410464273e-01
-4.625971371655874265e+01 -1.779615100819332552e-01
-4.480918088047617687e+01 -1.784669700893633804e-01
-4.335864860991701875e+01 -1.786044296699599299e-01
-4.190841576304260485e+01 -1.784096593111580975e-01
-4.045897577508542753e+01 -1.779405150622180576e-01
-3.901024306145423992e+01 -1.771451520768422272e-01
-3.756211950815929157e+01 -1.759632315876326070e-01
-3.611444334189361882e+01 -1.743250781981186548e-01
-3.466710479493098518e+01 -1.721791073065534472e-01
-3.322003074744848305e+01 -1.694894860991835728e-01
-3.177316054864004613e+01 -1.662376345748277362e-01
-3.032645140980918086e+01 -1.624041035653981946e-01
-2.887986528115308360e+01 -1.579524780859958843e-01
-2.743331830980534036e+01 -1.527970871250310669e-01
-2.598696829735513703e+01 -1.470950885848170409e-01
-2.454078620524457222e+01 -1.407930465322747016e-01
-2.309483213399187918e+01 -1.339436117149403194e-01
-2.164909491501737193e+01 -1.265305154442685209e-01
-2.020362954195282157e+01 -1.186606172262484465e-01
-1.875856512236068241e+01 -1.105725855911007527e-01
-1.731401877984395199e+01 -1.024985273216107440e-01
-1.586992340180183092e+01 -9.429013100579985984e-02
-1.442621533407142387e+01 -8.574683466245507091e-02
-1.298291036969948209e+01 -7.690288727674243763e-02
-1.153980132964621141e+01 -6.701178480697500550e-02
-1.009665812128765694e+01 -5.510850604914119266e-02
-8.653569156645845695e+00 -4.175384732024287060e-02
-7.210713297076776662e+00 -2.876455901101093032e-02
-5.768373758396970530e+00 -1.805428302781583727e-02
-4.326429815281474411e+00 -9.597815992712772221e-03
-2.884805124421030875e+00 -4.212226502824632964e-03
-1.443388565112276645e+00 -1.259896395903583504e-03
-2.039150459921426455e-03 -7.099545740643577189e-07
