3.578947542555406613e+01 4.483968760235348583e+01
5.900149259069857521e+01 4.438343295705182356e+01
7.392370300053387666e+01 4.392730526456745821e+01
8.338078881730146463e+01 4.347132291747373500e+01
8.923394389655972248e+01 4.301539645385383182e+01
9.271369743482522097e+01 4.255895268409598486e+01
9.462602555353220168e+01 4.210195464248899100e+01
9.550113932665141192e+01 4.164431168605096190e+01
9.570397796605779206e+01 4.118591190427547133e+01
9.546460525422104126e+01 4.072666873844034541e+01
9.493423003144245342e+01 4.026647957598221694e+01
9.421234955310973191e+01 3.980525657778605364e+01
9.336468056153188400e+01 3.934299656483312191e+01
9.243436331400937434e+01 3.887968307522553602e+01
9.144989100500211521e+01 3.841535696215125029e+01
9.043013554397744258e+01 3.795012350083264607e+01
8.938730922753954644e+01 3.748394957678718242e+01
8.832976567840739790e+01 3.701711574383246273e+01
8.726312079963386736e+01 3.655000050320145988e+01
8.619091883519779174e+01 3.608274344745979789e+01
8.511530145801440028e+01 3.561518138339851447e+01
8.403786921773838969e+01 3.514746668306224819e+01
8.295969039428953806e+01 3.467972694943707523e+01
8.188146589876117787e+01 3.421207624331314889e+01
8.080364917283660020e+01 3.374458678601911288e+01
7.972653265639273457e+01 3.327727157732843466e+01
7.865029814830731425e+01 3.281007326567839755e+01
7.757503147778457731e+01 3.234314238323168667e+01
7.650077965561484916e+01 3.187657350096107933e+01
7.542754878085396797e+01 3.141043377037072304e+01
7.435531878565672059e+01 3.094479664111531747e+01
7.328406939656419183e+01 3.047969954937581605e+01
7.221376050399716462e+01 3.001516594481996236e+01
7.114414236677443171e+01 2.955140318744718897e+01
7.007513201836455607e+01 2.908843478813825456e+01
6.900684306928074818e+01 2.862616895486630497e+01
6.793967007681649761e+01 2.816440123418010089e+01
6.687384415881503230e+01 2.770306220753569448e+01
6.580971325588986076e+01 2.724207256059018434e+01
6.474780556329881165e+01 2.678133642484313981e+01
6.368858856511089783e+01 2.632081323201328260e+01
6.263284663151174669e+01 2.586042234565805487e+01
6.158224418854916848e+01 2.539996553524592571e+01
6.053501865251546121e+01 2.493970806795805828e+01
5.948967962897959438e+01 2.447971637615099283e+01
5.844594038095547006e+01 2.401980159906395329e+01
5.739699362297415774e+01 2.355996343608446253e+01
5.634312682987955156e+01 2.310006426990414496e+01
5.528546713441932781e+01 2.263998023564578332e+01
5.422463295708427466e+01 2.217967988505628085e+01
5.316119687191719123e+01 2.171913847258931085e+01
5.209542298291456319e+01 2.125842285274669408e+01
5.102796796393327838e+01 2.079745332942177427e+01
4.995929051144779720e+01 2.033615960699917125e+01
4.888949661082311593e+01 1.987460315871627969e+01
4.781887558746840483e+01 1.941269953909323220e+01
4.674747276192071865e+01 1.895048958288926499e+01
4.567532256925692025e+01 1.848799660295732394e+01
4.460261205952130581e+01 1.802506683658018716e+01
4.352937641374099087e+01 1.756167442869822892e+01
4.245566513598492264e+01 1.709775737441807664e+01
4.138143063298092983e+01 1.663342360132084607e+01
4.030663677716672311e+01 1.616877394295484649e+01
3.923114658582560565e+01 1.570411756089328215e+01
3.815496310563025162e+01 1.523938338200330911e+01
3.707806492725185876e+01 1.477453649131152069e+01
3.600041066988453053e+01 1.430956931172351609e+01
3.492195497595613318e+01 1.384448044082151519e+01
3.384265099416602141e+01 1.337923715977552419e+01
3.276247930321760293e+01 1.291399467469154416e+01
3.168145546399115275e+01 1.244888778130414941e+01
3.059961926498243301e+01 1.198406045949922571e+01
2.951701053782214501e+01 1.151965287168066077e+01
2.843354859546879254e+01 1.105558319600442907e+01
2.734927480119020160e+01 1.059192259792617641e+01
2.626419974833136806e+01 1.012869359746446207e+01
2.517829432176425897e+01 9.665881775738242254e+00
2.409164863213764818e+01 9.203564516627906755e+00
2.300410144714194871e+01 8.741666943512461430e+00
2.191562999140635881e+01 8.280206956121963557e+00
2.082587424037700430e+01 7.819064062314878605e+00
1.973448792594706802e+01 7.358170467371949464e+00
1.864208041714789843e+01 6.897809731281292933e+00
1.754831164948439692e+01 6.438031035313614758e+00
1.645220798068795176e+01 5.978786134776238548e+00
1.535246331240872131e+01 5.520055040982859929e+00
1.425113234291906750e+01 5.062418341426906387e+00
1.314787406627215738e+01 4.606123438716787533e+00
1.204468495592065125e+01 4.151632353865565506e+00
1.093940336188388152e+01 3.699425262832791717e+00
9.829626609916713775e+00 3.250291597924267251e+00
8.723366661370240749e+00 2.804669162301450136e+00
7.619381189903430496e+00 2.364389485743720432e+00
6.517246422968137054e+00 1.932301701368233759e+00
5.420742252713949050e+00 1.512774436125155164e+00
4.330284356428400372e+00 1.112474558178811135e+00
3.244190206182190117e+00 7.414762760673292430e-01
2.161085194804058585e+00 4.149891452669473013e-01
1.080044097934173442e+00 1.560886535795488472e-01
2.959702908476207441e-12 2.133672060758687940e-13
