-4.619718224183249333e+01 -1.530087419079105837e+00
-7.610916434648416384e+01 -1.513293871663302870e+00
-9.531001639001253523e+01 -1.496223323872867050e+00
-1.074654690714749279e+02 -1.478683751503615307e+00
-1.149866812269283827e+02 -1.460487104131530156e+00
-1.194596110786890932e+02 -1.441468906429686836e+00
-1.219274274995046454e+02 -1.421480262530552929e+00
-1.230763235948368362e+02 -1.400465688722574376e+00
-1.233575683625969504e+02 -1.378101907488330946e+00
-1.230679478212510389e+02 -1.353963710557293920e+00
-1.224026538240379409e+02 -1.327646676122625546e+00
-1.214899551337644539e+02 -1.298484559780560321e+00
-1.204142845216811111e+02 -1.266641051839602072e+00
-1.192317452040429657e+02 -1.235628185439441307e+00
-1.179785451581016673e+02 -1.204213528103245778e+00
-1.166783836888210288e+02 -1.171118637116328021e+00
-1.153468100345274507e+02 -1.135259972542946860e+00
-1.139954359676835054e+02 -1.100066298397290421e+00
-1.126309178843994516e+02 -1.064792913435857136e+00
-1.112577574328441443e+02 -1.029436336691015530e+00
-1.098795904903118554e+02 -9.966606477717957491e-01
-1.084984384789653404e+02 -9.668319767850707125e-01
-1.071153836547733391e+02 -9.393619544216248451e-01
-1.057311193339385937e+02 -9.138165939473811283e-01
-1.043463266903391258e+02 -8.906316289385740603e-01
-1.029612437448486446e+02 -8.694386998940939471e-01
-1.015758651413695475e+02 -8.495961021031396276e-01
-1.001901626914923185e+02 -8.306801658881303174e-01
-9.880408300655849985e+01 -8.124031939445912620e-01
-9.741746086029681351e+01 -7.944759851299411091e-01
-9.603014683407782570e+01 -7.767412199232089920e-01
-9.464181022728621429e+01 -7.589745140349410946e-01
-9.325230953408632217e+01 -7.411534646398767467e-01
-9.186155666229838346e+01 -7.232807183790508354e-01
-9.046923242781389263e+01 -7.052534184359465774e-01
-8.907521086394706344e+01 -6.870389054272825202e-01
-8.767959120576389864e+01 -6.686710233211710097e-01
-8.628219749568251018e+01 -6.501080579732476661e-01
-8.488269697265907610e+01 -6.312607526118250156e-01
-8.348268570311672931e+01 -6.124663402333548889e-01
-8.208382830791397566e+01 -5.941535966915595379e-01
-8.068564942630729320e+01 -5.762281085623880417e-01
-7.928761017468156069e+01 -5.585316373483855124e-01
-7.789052757331675991e+01 -5.410348230293242633e-01
-7.649384882070869196e+01 -5.236040441791169897e-01
-7.509657031678540307e+01 -5.060814514381066775e-01
-7.370030982542205322e+01 -4.889142161270784159e-01
-7.230455848548679398e+01 -4.720582197554544779e-01
-7.090941832942040435e+01 -4.555262109116628433e-01
-6.951506634219539649e+01 -4.393067225149898114e-01
-6.812086234110324767e+01 -4.232977886221301889e-01
-6.672630085373073427e+01 -4.074129794679597349e-01
-6.533278500519763554e+01 -3.915596227010368358e-01
-6.393977245429980627e+01 -3.756657768820873544e-01
-6.254661000673566917e+01 -3.596958157121979971e-01
-6.115382603426373720e+01 -3.437934829712444573e-01
-5.976175729548827320e+01 -3.280532036336125667e-01
-5.837012996974893042e+01 -3.124897702623781748e-01
-5.697878228892584218e+01 -2.971185450410998019e-01
-5.558759578352628949e+01 -2.819525989294882073e-01
-5.419674356083870492e+01 -2.670107865592192264e-01
-5.280655127586742026e+01 -2.523263221896536734e-01
-5.141700489881034741e+01 -2.379431798692262789e-01
-5.002790435300303074e+01 -2.239225940491844646e-01
-4.863910663755664388e+01 -2.103277659796870536e-01
-4.725050668769732454e+01 -1.972168453240697172e-01
-4.586191488007357009e+01 -1.846938113983267737e-01
-4.447313758728887478e+01 -1.728969730635312729e-01
-4.308404836176193697e+01 -1.619533015217865246e-01
-4.169445440046835927e+01 -1.520620799995448247e-01
-4.030406569437531772e+01 -1.435389281723928323e-01
-3.891276235830665087e+01 -1.365549539206652452e-01
-3.752021978508706468e+01 -1.314847243841901492e-01
-3.612809339447524337e+01 -1.263443692893682080e-01
-3.473595434612931854e+01 -1.216316231944512272e-01
-3.334308741619713601e+01 -1.182156518231856773e-01
-3.195034049396484477e+01 -1.148543190321168889e-01
-3.055831891719150306e+01 -1.105869595255717236e-01
-2.916634644148078692e+01 -1.063598162146566495e-01
-2.777462755987888698e+01 -1.020665235788320857e-01
-2.638268275361048154e+01 -9.843196261304414107e-02
-2.499210588355653684e+01 -9.323832208000128186e-02
-2.360240415646753931e+01 -8.724598708829724159e-02
-2.221309647807219889e+01 -8.124325243734714652e-02
-2.082401366758276851e+01 -7.554470076208927298e-02
-1.943483996889078114e+01 -7.073110442710721368e-02
-1.804541468147629502e+01 -6.708645975584462406e-02
-1.665567856756994658e+01 -6.467826088370844106e-02
-1.526564795371572281e+01 -6.335167893400249495e-02
-1.387576072371703262e+01 -6.170142803801534348e-02
-1.248546384432517442e+01 -6.089730446269486092e-02
-1.109599555784428304e+01 -5.823719211049789568e-02
-9.707611722210597094e+00 -5.304254253691671056e-02
-8.319986606591063705e+00 -4.606463987550379197e-02
-6.933016495962538883e+00 -3.769956912155850853e-02
-5.546448765069984965e+00 -2.868152073793199877e-02
-4.160059426831452356e+00 -1.974574430140051129e-02
-2.773960894568372471e+00 -1.130547372491350414e-02
-1.387980308219440184e+00 -4.318148481035368608e-03
-1.996815512438156887e-03 -5.654915145415136823e-06
