-4.799604813765566291e+01 -1.889534831752567534e+00
-7.907097040753814099e+01 -1.870689348148823150e+00
-9.901563075149267945e+01 -1.851875181611528864e+00
-1.116394078713024953e+02 -1.832920904832572528e+00
-1.194472267083694561e+02 -1.813766867716514186e+00
-1.240867131310865545e+02 -1.794374277248977467e+00
-1.266420410566182113e+02 -1.774706953450304159e+00
-1.278260916137158603e+02 -1.754723640839372933e+00
-1.281074189427066017e+02 -1.734372698901611720e+00
-1.277975583447966699e+02 -1.713935501104758563e+00
-1.270993220378867363e+02 -1.693407624511489962e+00
-1.261457628163394276e+02 -1.672735588433771792e+00
-1.250245113978561875e+02 -1.651892390828353818e+00
-1.237931183156771198e+02 -1.630836353554814933e+00
-1.224894612863931229e+02 -1.609553248119393487e+00
-1.211382916147653788e+02 -1.587978193356919698e+00
-1.197560081882899823e+02 -1.566118402801064402e+00
-1.183533982795209880e+02 -1.543992948377246544e+00
-1.169374133030826783e+02 -1.521528347046021468e+00
-1.155127039452023041e+02 -1.498728733697648696e+00
-1.140821874023914120e+02 -1.475467379943137036e+00
-1.126478189707732014e+02 -1.451677817375858215e+00
-1.112109246432074343e+02 -1.427355008361239408e+00
-1.097724468328255085e+02 -1.402571670220201128e+00
-1.083329064453453157e+02 -1.377225988445777816e+00
-1.068925861622096107e+02 -1.351146552042864490e+00
-1.054515004190917864e+02 -1.323909648159816932e+00
-1.040095716770435672e+02 -1.295037727320510701e+00
-1.025669512463442601e+02 -1.264681257042609586e+00
-1.011233067924738123e+02 -1.232081602917593832e+00
-9.968019916742535713e+01 -1.201328379627588649e+00
-9.823730109751882367e+01 -1.171744630076413607e+00
-9.679435888418687739e+01 -1.142799318010672360e+00
-9.535161285612934989e+01 -1.114884024706818577e+00
-9.390945753109369321e+01 -1.088573458383616632e+00
-9.246770469838304507e+01 -1.063462838987048853e+00
-9.102616280987668063e+01 -1.039194765858865166e+00
-8.958481176812985325e+01 -1.015670702304973583e+00
-8.814357049400263122e+01 -9.927436432676675082e-01
-8.670240123550101430e+01 -9.703332720776925990e-01
-8.526117831623628263e+01 -9.482952568454581233e-01
-8.381992515838602742e+01 -9.266253396476008541e-01
-8.237855588762178627e+01 -9.052454996353104244e-01
-8.093699065943620496e+01 -8.840962083675631966e-01
-7.949513922238625696e+01 -8.631266711376428535e-01
-7.805305435097793065e+01 -8.423624841122101525e-01
-7.661062950955817996e+01 -8.217664774755927271e-01
-7.516772585506549831e+01 -8.013062563735428023e-01
-7.372432934768843893e+01 -7.809985828452551404e-01
-7.228038839554777439e+01 -7.608549554477395116e-01
-7.083558359367411583e+01 -7.408431649007123365e-01
-6.939077371639199043e+01 -7.211001439708940586e-01
-6.794582252544849155e+01 -7.016170890384428871e-01
-6.650062594291790674e+01 -6.824004862816439587e-01
-6.505531691949117601e+01 -6.634690122898414533e-01
-6.361004558484491866e+01 -6.448289797385253763e-01
-6.216472305674717802e+01 -6.264908310949557357e-01
-6.071951000732626369e+01 -6.084447186946490005e-01
-5.927457160380907908e+01 -5.906722700024553685e-01
-5.782984210226289434e+01 -5.731910885768874975e-01
-5.638549057241406359e+01 -5.559666832505905099e-01
-5.494144703120144868e+01 -5.390173897312245943e-01
-5.349764054988666828e+01 -5.223681713115824188e-01
-5.205399230630378327e+01 -5.060506742987701534e-01
-5.061039725644992160e+01 -4.901117797873290050e-01
-4.916690424233107848e+01 -4.745228774900121516e-01
-4.772335392194927550e+01 -4.593877508049628022e-01
-4.627969909380087898e+01 -4.447497193946520211e-01
-4.483598115055818312e+01 -4.306055486067455473e-01
-4.339217221514712008e+01 -4.170259359859496140e-01
-4.194874165393813570e+01 -4.036517310114830503e-01
-4.050590316820217396e+01 -3.902945933156449776e-01
-3.906378389484275715e+01 -3.767985919474156065e-01
-3.762205054359860412e+01 -3.635813786627582478e-01
-3.618040347831878734e+01 -3.510989715988305782e-01
-3.473879975293312583e+01 -3.394084610672790103e-01
-3.329709445372694177e+01 -3.286767354344624636e-01
-3.185499295102478712e+01 -3.193705783314529922e-01
-3.041279058689122294e+01 -3.102811840138298138e-01
-2.897085033744376759e+01 -3.002395476329551838e-01
-2.752941714180336774e+01 -2.885230155434776456e-01
-2.608849528033048060e+01 -2.751204581851263153e-01
-2.464785639537555539e+01 -2.605049431753285738e-01
-2.320729669458038913e+01 -2.450461481366666694e-01
-2.176665382166094886e+01 -2.289939606871107536e-01
-2.032578038160574607e+01 -2.125313672537472720e-01
-1.888452088608977775e+01 -1.958022492430104011e-01
-1.744277652768287012e+01 -1.788711028689968230e-01
-1.600031940679996723e+01 -1.618516861145595509e-01
-1.455695645849554154e+01 -1.448070278705708980e-01
-1.311252284409844115e+01 -1.277791233837036466e-01
-1.166675263263192797e+01 -1.108575184221867460e-01
-1.021997415929407893e+01 -9.398365149084408898e-02
-8.771995391496295369e+00 -7.724329073701166615e-02
-7.322304802427296977e+00 -6.081946538149865522e-02
-5.870075929302083217e+00 -4.499718314534644631e-02
-4.414323839637000368e+00 -3.017042317275438895e-02
-2.953253129242358721e+00 -1.698248755356842818e-02
-1.484146088220490878e+00 -6.429258698813417050e-03
-3.022994066179348228e-03 -1.385900248095059913e-05
