-4.517067156041341036e+01 2.353426840231378492e+00
-7.442360744646947524e+01 2.322600460517385113e+00
-9.320518315051339187e+01 2.290610079334113536e+00
-1.050978137538147337e+02 2.256213266614852220e+00
-1.124581827291345064e+02 2.218073566337348090e+00
-1.168366685462235779e+02 2.174603120765068009e+00
-1.192531565515868692e+02 2.123910853769667373e+00
-1.203785204612365334e+02 2.070067333462237258e+00
-1.206542758319330062e+02 2.015846617736166024e+00
-1.203707082811905877e+02 1.959348308785759496e+00
-1.197192063675234834e+02 1.902772245872254686e+00
-1.188262473109398911e+02 1.849930187434379869e+00
-1.177745500149446229e+02 1.800840361234327336e+00
-1.166182405007587732e+02 1.754424421648171695e+00
-1.153928346629680703e+02 1.712029176356789195e+00
-1.141216108287508462e+02 1.673027748503243872e+00
-1.128198592179835060e+02 1.636706659334420166e+00
-1.114976797248596228e+02 1.602639166555029471e+00
-1.101618056520916582e+02 1.570572283131273839e+00
-1.088167458831145069e+02 1.540380975697792865e+00
-1.074653825221167978e+02 1.511914829124358040e+00
-1.061098284663637230e+02 1.485176337696328730e+00
-1.047516186373309921e+02 1.460195092070117440e+00
-1.033916952342424054e+02 1.436973465267884720e+00
-1.020307192573194612e+02 1.415522246677546780e+00
-1.006689301159667451e+02 1.395903121404248326e+00
-9.930662717848660748e+01 1.378130400129794042e+00
-9.794396401624565840e+01 1.362220509618460973e+00
-9.658101531625719360e+01 1.348193028687419970e+00
-9.521797743001152980e+01 1.335933448145032676e+00
-9.385516246915605620e+01 1.325144910350491090e+00
-9.249263848387788300e+01 1.315854021504695437e+00
-9.113038983659600945e+01 1.308196153227887182e+00
-8.976801508871245971e+01 1.303052581663616927e+00
-8.840510613153254837e+01 1.301326524476158042e+00
-8.704122894554316758e+01 1.304040037511103645e+00
-8.567724246234841701e+01 1.308194881458467185e+00
-8.431512073470105406e+01 1.305935530868140182e+00
-8.295419658419159248e+01 1.298868601347876739e+00
-8.159411413344820119e+01 1.287918960748209329e+00
-8.023447603232278880e+01 1.274123286252120568e+00
-7.887502060479975796e+01 1.258158638135987717e+00
-7.751556634594511763e+01 1.240472472960454597e+00
-7.615598421085100256e+01 1.221361187311325258e+00
-7.479617061845061698e+01 1.201009359416812972e+00
-7.343621530120402952e+01 1.179430140357563994e+00
-7.207600830237592504e+01 1.156693540461950942e+00
-7.071559648798729825e+01 1.132774208450703979e+00
-6.935515957932922504e+01 1.107618711778979970e+00
-6.799481755600038468e+01 1.081176377844990766e+00
-6.663465859794814605e+01 1.053403421889730573e+00
-6.527475266837979007e+01 1.024277444284925398e+00
-6.391499303799177767e+01 9.936610869615825070e-01
-6.255540410575607524e+01 9.615482600179725559e-01
-6.119597538190181041e+01 9.279316919246767270e-01
-5.983667942519868888e+01 8.927849215798443483e-01
-5.847747120775354546e+01 8.560325343211521165e-01
-5.711827353674905794e+01 8.175010903369258619e-01
-5.575895136557269183e+01 7.768321603052619206e-01
-5.439936684731576833e+01 7.336945376093095827e-01
-5.303950932575266108e+01 6.886453354930037740e-01
-5.168020544594547516e+01 6.471018673893039752e-01
-5.032105455718115650e+01 6.080728596335146507e-01
-4.896171852935058411e+01 5.707334344474519483e-01
-4.760206384413493197e+01 5.348067262510139974e-01
-4.624222067421888482e+01 5.004321577107395669e-01
-4.488229403867560308e+01 4.675831683731550559e-01
-4.352248258516197410e+01 4.363065943301931426e-01
-4.216269266084059808e+01 4.063221098102331452e-01
-4.080268877642203762e+01 3.772913847299848022e-01
-3.944223081004241749e+01 3.489659546096682829e-01
-3.808124446814365172e+01 3.212794160282660960e-01
-3.672059193028805169e+01 2.946070338126050570e-01
-3.536029366654237549e+01 2.688710006230313199e-01
-3.400020932089513792e+01 2.439739557137743098e-01
-3.264024863829961021e+01 2.198656723640536326e-01
-3.128035108233758876e+01 1.965290982987488444e-01
-2.992047614452080495e+01 1.739745886715388934e-01
-2.856059236811205082e+01 1.522359165260489255e-01
-2.720065871139581759e+01 1.313749039220617199e-01
-2.584061157627566985e+01 1.115019733228705262e-01
-2.448035182652730057e+01 9.280329868637890445e-02
-2.311972466376684565e+01 7.557225830049377202e-02
-2.175849584860734609e+01 6.023874839234716339e-02
-2.039629472646660702e+01 4.746298232998602540e-02
-1.903343474735464014e+01 3.720531032450585113e-02
-1.767045553948630143e+01 2.896838189379787390e-02
-1.630751522919002738e+01 2.271164712954739165e-02
-1.494484710550515061e+01 1.826517030623724808e-02
-1.358236934359446835e+01 1.602934090928633329e-02
-1.222027992831168675e+01 1.577595696123577917e-02
-1.085857854320334859e+01 1.775690100192900064e-02
-9.497388109877642037e+00 2.172751878242021317e-02
-8.137072841301248971e+00 2.606974271181165814e-02
-6.777710746516687479e+00 2.965814125456705391e-02
-5.419880222683522319e+00 2.872693085138864483e-02
-4.063881004151626009e+00 2.277650335476915852e-02
-2.709379230525293725e+00 1.434656036449120757e-02
-1.356093336486020373e+00 5.875338533920811991e-03
-3.714379938747484552e-03 2.125096193940477715e-05
