-4.014125179074491712e+01 4.241339811937300652e+01
-6.617234725563852749e+01 4.197951469646973521e+01
-8.292657700801191822e+01 4.154559229240874174e+01
-9.356209523054447175e+01 4.111159210844077450e+01
-1.001621176727774696e+02 4.067748040624510253e+01
-1.041007343622902397e+02 4.024323610853787869e+01
-1.062841307577706402e+02 3.980884112704533351e+01
-1.073100211348935034e+02 3.937429314807014435e+01
-1.075726701776901848e+02 3.893961015688810079e+01
-1.073321613709245241e+02 3.850484197484780680e+01
-1.067599579030803909e+02 3.807002363041182491e+01
-1.059690690587399047e+02 3.763515335317115529e+01
-1.050339344671624957e+02 3.720016506643418808e+01
-1.040038370364692497e+02 3.676516134381513012e+01
-1.029111363136101858e+02 3.633008798415740159e+01
-1.017771742457614579e+02 3.589489015893611423e+01
-1.006160866121699087e+02 3.545961073514739326e+01
-9.943719589922824298e+01 3.502430213669271097e+01
-9.824661803801019744e+01 3.458890978594192234e+01
-9.704839577636646197e+01 3.415337320901733875e+01
-9.584522009478773441e+01 3.371774822873611299e+01
-9.463886880484579933e+01 3.328195287974883598e+01
-9.343054163022482328e+01 3.284588162840824310e+01
-9.222104637064317956e+01 3.240952831031717096e+01
-9.101089568941257824e+01 3.197299719693953435e+01
-8.980040953436953544e+01 3.153638133601933191e+01
-8.858985686700171414e+01 3.109961874732699272e+01
-8.737945188675013242e+01 3.066263138991851633e+01
-8.616927526808147775e+01 3.022547638644925883e+01
-8.495950803475101054e+01 2.978802485783755216e+01
-8.375022220158554376e+01 2.935027435643495508e+01
-8.254152215680619520e+01 2.891217603944507530e+01
-8.133357232011931615e+01 2.847362088050762452e+01
-8.012663217225420453e+01 2.803441469457871449e+01
-7.892111724460718847e+01 2.759423694742263677e+01
-7.771690869941457436e+01 2.715325844326075710e+01
-7.651381159574366109e+01 2.671167200645440332e+01
-7.531151328756048713e+01 2.626972167476872855e+01
-7.411090254916284437e+01 2.582672093450779727e+01
-7.291319231969650616e+01 2.538175357350748484e+01
-7.171544383840674186e+01 2.493682361010325721e+01
-7.051754708959039419e+01 2.449191674813565101e+01
-6.932035919322510154e+01 2.404638683325440951e+01
-6.812412730100531633e+01 2.360005637863382688e+01
-6.692682989196892152e+01 2.315446589071425265e+01
-6.572633016585288601e+01 2.271111398547188642e+01
-6.452353635262836917e+01 2.226928659581062320e+01
-6.331881432500857443e+01 2.182869959899489132e+01
-6.211288113707573189e+01 2.138879126834217814e+01
-6.090641222122321352e+01 2.094900167897778687e+01
-5.969939681196418491e+01 2.050935875134529240e+01
-5.849207253384702909e+01 2.006964460129383099e+01
-5.728450475678606324e+01 1.962980647694784864e+01
-5.607676871362302506e+01 1.918978224539718980e+01
-5.486896032561863734e+01 1.874949947995893140e+01
-5.366109004518732206e+01 1.830898741908420035e+01
-5.245285812251568558e+01 1.786865971916352791e+01
-5.124385556235087336e+01 1.742907541055498655e+01
-5.003406816788071865e+01 1.699026601272193560e+01
-4.882360302547617437e+01 1.655208431405395686e+01
-4.761258963460878846e+01 1.611433914646730514e+01
-4.640105744620031203e+01 1.567701348773467984e+01
-4.518903064523924940e+01 1.524013217940783171e+01
-4.397656902071133800e+01 1.480366023022053312e+01
-4.276372580935277057e+01 1.436761413206707161e+01
-4.155055911000442848e+01 1.393186645642601640e+01
-4.033709176459649370e+01 1.349624016973618978e+01
-3.912330754596401761e+01 1.306057667789794507e+01
-3.790917084200027176e+01 1.262480090256473986e+01
-3.669468980406968939e+01 1.218900108706432306e+01
-3.547989067291776877e+01 1.175325424012400433e+01
-3.426468080509184233e+01 1.131745561074417417e+01
-3.304891880419877737e+01 1.088148448500134791e+01
-3.183264464012101413e+01 1.044543765924431611e+01
-3.061589442149630713e+01 1.000937926954409996e+01
-2.939870169371038600e+01 9.573351301583276296e+00
-2.818109324944262184e+01 9.137385118291410535e+00
-2.696333442124051771e+01 8.701656090329921156e+00
-2.574541465889961600e+01 8.266193063673927810e+00
-2.452732317392963424e+01 7.831023920766700286e+00
-2.330890451566941124e+01 7.396129670889055596e+00
-2.208996771932133640e+01 6.961500919087582062e+00
-2.087041671953504718e+01 6.527168101593468386e+00
-1.965024820749156120e+01 6.093191273150586618e+00
-1.842921529418703841e+01 5.659620004852998321e+00
-1.720661031623846426e+01 5.226516034982575221e+00
-1.598164595859081061e+01 4.794014048037967157e+00
-1.475424047365907398e+01 4.362342940827184989e+00
-1.352818437095554849e+01 3.931846879052065979e+00
-1.230277679235473975e+01 3.503051980172173341e+00
-1.107747811370946067e+01 3.076754130642442409e+00
-9.852172812344816677e+00 2.654110914132518317e+00
-8.626367881337232646e+00 2.236906523762209886e+00
-7.399284264822790114e+00 1.827861457047707416e+00
-6.171846473854508019e+00 1.430856076263526289e+00
-4.943401957507406408e+00 1.052121435298868368e+00
-3.713560519006038341e+00 7.011216013780147138e-01
-2.481206274312285576e+00 3.922885176571908050e-01
-1.244331438626939956e+00 1.475220697421186500e-01
-1.017658540509960778e-11 6.707767362919273836e-13
