-4.371630505174497472e+01 -3.086704645992716767e+00
-6.617105569264072074e+01 -2.745914035955006938e+00
-7.577954420580918793e+01 -2.394381972395976721e+00
-7.765947777011392361e+01 -2.018609713202437650e+00
-7.494467532549083444e+01 -1.598876154012477180e+00
-6.958950500835373987e+01 -1.104175498804605526e+00
-6.287056282996886836e+01 -4.842581948157131388e-01
-5.571436989625925662e+01 3.432679287076121355e-01
-4.893520676796835289e+01 1.514087404538402959e+00
-4.344413579679302728e+01 3.252006838414048584e+00
-4.048286747871404145e+01 5.926405155964324933e+00
-3.888965225434789375e+01 8.746957595909009342e+00
-3.789735543957637276e+01 1.138730994287839415e+01
-3.713515805444524887e+01 1.376610994404111210e+01
-3.645210768614436603e+01 1.588221713726391116e+01
-3.580441956866305020e+01 1.776955981851292066e+01
-3.518751041291807269e+01 1.946250125797148200e+01
-3.461092620115447716e+01 2.098793950555300469e+01
-3.408506385055306964e+01 2.236288335588381671e+01
-3.361091127957197244e+01 2.360684995419509136e+01
-3.318260499154310850e+01 2.473924530903962449e+01
-3.279109172955791962e+01 2.577650691246385506e+01
-3.242731556465132314e+01 2.672948549120973283e+01
-3.208294084914170696e+01 2.760570041711830314e+01
-3.175003017265274607e+01 2.841600983004117253e+01
-3.142262225798758379e+01 2.916657561341054716e+01
-3.109663501631883520e+01 2.986341761175059517e+01
-3.076908806035356392e+01 3.051081914055310307e+01
-3.043823407367844425e+01 3.111165949491452665e+01
-3.010333092064660576e+01 3.166840037865308233e+01
-2.976402738582181229e+01 3.218459192494749033e+01
-2.942014156337679154e+01 3.266115526064882602e+01
-2.907234085899930776e+01 3.309907814290105676e+01
-2.872119758462093131e+01 3.350102140773793025e+01
-2.836728519715999752e+01 3.386814516677703324e+01
-2.801153964721435230e+01 3.420349123045242834e+01
-2.765456330563029752e+01 3.450943729983537622e+01
-2.729695983674752924e+01 3.478738056236559117e+01
-2.693963726930137170e+01 3.503728570552003418e+01
-2.658302646027295069e+01 3.526033794992823545e+01
-2.622677236423873381e+01 3.545677071328653085e+01
-2.587047803158442250e+01 3.562533258569256134e+01
-2.551358129818625642e+01 3.576539310855378773e+01
-2.515554151135584604e+01 3.587439505166666009e+01
-2.479680135277824959e+01 3.594934157591762158e+01
-2.443808822839349659e+01 3.598943737973745982e+01
-2.408019054198030062e+01 3.599320152483578283e+01
-2.372403069975949563e+01 3.596121845827243391e+01
-2.337066039097647518e+01 3.589347444840285561e+01
-2.302056732993401056e+01 3.579247604011008121e+01
-2.267299518484852783e+01 3.566053633957710645e+01
-2.232717635001455747e+01 3.549795068032694445e+01
-2.198272556035700731e+01 3.530580471080104132e+01
-2.163891980696432071e+01 3.508564924943052432e+01
-2.129396823569166841e+01 3.483893396047670166e+01
-2.094563003977239291e+01 3.456500657925838027e+01
-2.059174614465679554e+01 3.426277713053078600e+01
-2.022971397720699471e+01 3.392952282923602070e+01
-1.985627171200367513e+01 3.356004435649270334e+01
-1.946788525493795419e+01 3.314641236147670611e+01
-1.906180251317563901e+01 3.268143089218300190e+01
-1.863417118829681840e+01 3.215603543446479762e+01
-1.818054837104965316e+01 3.156085752194232086e+01
-1.769633255292472640e+01 3.088802063198653158e+01
-1.717756853658007543e+01 3.013360719531660692e+01
-1.662228534974436656e+01 2.930053093654901986e+01
-1.603116102192012704e+01 2.839929984474305513e+01
-1.540669347820249691e+01 2.744423264247729577e+01
-1.475290613808742357e+01 2.645080119351459658e+01
-1.407514547285304474e+01 2.543493947785587395e+01
-1.337925465487810328e+01 2.441238364913495928e+01
-1.267011942803446800e+01 2.339623341124805478e+01
-1.195341641493966911e+01 2.239502882232055114e+01
-1.123610470040339493e+01 2.141029720892206711e+01
-1.052665895307580790e+01 2.043364030367414230e+01
-9.833706538473897751e+00 1.945380467784847411e+01
-9.161694340425812655e+00 1.846146113173977099e+01
-8.510390292016287717e+00 1.745107929905012867e+01
-7.875321263939211391e+00 1.642285276125643989e+01
-7.250425045839048011e+00 1.537556666127136396e+01
-6.632892891885440179e+00 1.430982392868632047e+01
-6.027742624466542409e+00 1.323292748453213008e+01
-5.440336543725186935e+00 1.215459514967605337e+01
-4.876407073997063080e+00 1.108655260047693503e+01
-4.344421794518998681e+00 1.003998771246252097e+01
-3.853166722131777799e+00 9.021239178514452561e+00
-3.407531304849220177e+00 8.031812086902737846e+00
-3.008066061663822843e+00 7.073482881835475133e+00
-2.650418713060365583e+00 6.152148395248378421e+00
-2.329348773486848323e+00 5.278363575317648326e+00
-2.037187315066452786e+00 4.460104494503998040e+00
-1.766058205584377649e+00 3.702613940539972059e+00
-1.510496667241453483e+00 3.009433362537112355e+00
-1.268832272663038996e+00 2.379120170209757301e+00
-1.040655383204939444e+00 1.807946520132721391e+00
-8.253719828862594587e-01 1.295507011369094297e+00
-6.199009979250120761e-01 8.462241388415585597e-01
-4.169193398579797427e-01 4.687487346333352178e-01
-2.102123970787705687e-01 1.765536416028185285e-01
-2.815906057075492112e-16 5.378876903931692332e-15
