-1.090130344691346309e+01 -2.020225702031494652e+00
-1.790646653074889016e+01 -2.023275771551712232e+00
-2.271551124378279951e+01 -2.028590866450063590e+00
-2.610190057146834874e+01 -2.036623900861802561e+00
-2.854391561052916160e+01 -2.045571990804379681e+00
-3.034488141984981979e+01 -2.051123208978715695e+00
-3.170707032780903845e+01 -2.046568544286424096e+00
-3.276772521525663961e+01 -2.026934234400239010e+00
-3.362056909440953234e+01 -1.989967894948354354e+00
-3.432962361456664269e+01 -1.934962060345316370e+00
-3.493817629356657761e+01 -1.861408934932141879e+00
-3.547520199231602334e+01 -1.768856140736026816e+00
-3.595976193598654902e+01 -1.656678383638148899e+00
-3.640438813431070741e+01 -1.524527734780366073e+00
-3.681698794314723244e+01 -1.371805903237507396e+00
-3.720235520942647867e+01 -1.197944256797640383e+00
-3.756326867306570705e+01 -1.002626741657510978e+00
-3.790038621093793836e+01 -7.848784355372228072e-01
-3.821326942789183079e+01 -5.442710916799869958e-01
-3.850070608827037688e+01 -2.808511140691904440e-01
-3.876086739691574223e+01 4.970795059047128372e-03
-3.899132742683121933e+01 3.125424432248209428e-01
-3.919048161073407499e+01 6.400511839189808594e-01
-3.935617985224551774e+01 9.858157637785692762e-01
-3.948732005361513586e+01 1.347466764785786086e+00
-3.958230681126009642e+01 1.722837023364201414e+00
-3.964088958571662147e+01 2.109258336982626769e+00
-3.966258477967635798e+01 2.504193324607190352e+00
-3.964887421193693484e+01 2.904864837867549898e+00
-3.960158778241509481e+01 3.308802059176276344e+00
-3.952324664451970904e+01 3.713926830867806395e+00
-3.941565917983036371e+01 4.118489445967740359e+00
-3.928018003246553747e+01 4.520920908919634940e+00
-3.911788735248311610e+01 4.919764030536387445e+00
-3.892968672236099081e+01 5.313640784585740739e+00
-3.871635256459621388e+01 5.701241337247938468e+00
-3.847853272807729752e+01 6.081313732669240579e+00
-3.821672605323617233e+01 6.452631109338832438e+00
-3.793123076172193464e+01 6.813922710093031299e+00
-3.762207378459758189e+01 7.163769387603351468e+00
-3.728893071156925032e+01 7.500460963438725592e+00
-3.693226087238689104e+01 7.822680214219249528e+00
-3.655186673256704211e+01 8.128747627475968685e+00
-3.614802030967818069e+01 8.417388237571779896e+00
-3.572022824459337187e+01 8.686757204066978488e+00
-3.526844488479623152e+01 8.935150464004697923e+00
-3.479410397082986606e+01 9.162265672986494636e+00
-3.429864954229593366e+01 9.368151597987713686e+00
-3.378360374593570725e+01 9.553241234204724819e+00
-3.325059406537604190e+01 9.718377962972050810e+00
-3.270134480940090782e+01 9.864835532227891335e+00
-3.213702026394151545e+01 9.993320696117516277e+00
-3.155908887663610685e+01 1.010496605036070328e+01
-3.096858933231011335e+01 1.020048513615991403e+01
-3.036629735013450571e+01 1.028023806797628659e+01
-2.975282266579553792e+01 1.034427653066743424e+01
-2.912869417726002652e+01 1.039236034803352382e+01
-2.849484187791327727e+01 1.042492164573058666e+01
-2.785189610189099696e+01 1.044222257237883866e+01
-2.720030036935756712e+01 1.044440651944434606e+01
-2.654039283905714086e+01 1.043152016136742688e+01
-2.587246539405578361e+01 1.040350078792298838e+01
-2.519681790872276395e+01 1.036013070630477628e+01
-2.451402526314830510e+01 1.030186512551013145e+01
-2.382440156408620879e+01 1.022890191149630468e+01
-2.312817152836731793e+01 1.014115556934224571e+01
-2.242577446632179772e+01 1.003898842578609774e+01
-2.171749490422086737e+01 9.922362194906881427e+00
-2.100383765896832955e+01 9.791554985153075208e+00
-2.028527837253855992e+01 9.647099508207721996e+00
-1.956213858684921192e+01 9.489103764902143467e+00
-1.883495032252027812e+01 9.317957817528109032e+00
-1.810419792687849139e+01 9.134247386525064627e+00
-1.737024406969862866e+01 8.938117510874866056e+00
-1.663362956793720215e+01 8.729879532594029712e+00
-1.589490231797873498e+01 8.509889263730540776e+00
-1.515449719650532323e+01 8.278440130585192236e+00
-1.441287105304067140e+01 8.035267764609846708e+00
-1.367071926120020819e+01 7.780518457356039086e+00
-1.292862587193535795e+01 7.514025622719980646e+00
-1.218727928055879595e+01 7.235339115083206707e+00
-1.144745622924485495e+01 6.944225643432790918e+00
-1.071005894907073319e+01 6.640154900122519521e+00
-9.976103097489769311e+00 6.322920587323921815e+00
-9.246851508744320824e+00 5.992060784631164871e+00
-8.523831263838529182e+00 5.647434254469491322e+00
-7.808622961074637381e+00 5.289011731991405618e+00
-7.102765918962864689e+00 4.916671272049073949e+00
-6.407835099519899380e+00 4.530025126824198445e+00
-5.725775608020381213e+00 4.128331446151713102e+00
-5.058846874442464170e+00 3.710885441319249356e+00
-4.409197824867272075e+00 3.277393554313410284e+00
-3.779198348608884928e+00 2.828135824691979661e+00
-3.170698802953471951e+00 2.365764388238722038e+00
-2.585103085980811954e+00 1.895602105780810787e+00
-2.023512910210390370e+00 1.426551637078652179e+00
-1.486678522685076276e+00 9.727322493597485575e-01
-9.735498011490871795e-01 5.569126627138385466e-01
-4.804464694614992148e-01 2.143796566738866427e-01
-3.399164572260334961e-07 5.226092569513303269e-05
