2.818944141496583011e+00 3.030429454197414429e+01
4.409632502724358361e+00 3.043280167756305943e+01
5.102026404425314077e+00 3.057202528271147202e+01
5.150523912348983657e+00 3.073358315264883345e+01
4.755390177047186917e+00 3.093097154212970423e+01
4.079577748467584364e+00 3.118070029168553603e+01
3.262433032798794486e+00 3.150368135378968049e+01
2.431407532443885966e+00 3.192698775830456270e+01
1.563232533524632206e+00 3.237295749962707703e+01
6.525654441410378981e-01 3.279953036014347845e+01
-3.000307383553880158e-01 3.318463646344332574e+01
-1.289960117733783829e+00 3.351858320087549004e+01
-2.311078337019731421e+00 3.380005761490636473e+01
-3.357732701638714623e+00 3.403320220262428819e+01
-4.424956113357893628e+00 3.422379671318537220e+01
-5.508409265263286336e+00 3.437772250165241417e+01
-6.605230827613160827e+00 3.450086383883761698e+01
-7.713120505482573108e+00 3.459758825538344951e+01
-8.828739415978914096e+00 3.467021239519235110e+01
-9.948367395125796264e+00 3.471873891761210018e+01
-1.106920387070787370e+01 3.474096506912476912e+01
-1.218852313098697770e+01 3.473270289352382179e+01
-1.330274002760275387e+01 3.468881650058800403e+01
-1.440751233732037484e+01 3.460480126087753661e+01
-1.549883226322294938e+01 3.447931653378665828e+01
-1.657369521794909772e+01 3.431335915068577691e+01
-1.763041015514530940e+01 3.411004243357572818e+01
-1.866772482931166977e+01 3.387340385918757590e+01
-1.968413341648667014e+01 3.360818011885929479e+01
-2.067867551024162864e+01 3.331911843420138553e+01
-2.165068260744446960e+01 3.300984047855018844e+01
-2.259978995604715379e+01 3.268257922051373754e+01
-2.352495772890452841e+01 3.233834445374827737e+01
-2.442514547768745103e+01 3.197703241809447050e+01
-2.529930484914119759e+01 3.159730340381135250e+01
-2.614585780175007557e+01 3.119698908575886520e+01
-2.696211404890334862e+01 3.077350133861873260e+01
-2.774496295538234847e+01 3.032457912519831567e+01
-2.849173337984225896e+01 2.984836773674354760e+01
-2.920019944631246034e+01 2.934356895661452924e+01
-2.987001054881493189e+01 2.881005932042567963e+01
-3.050117578571554944e+01 2.824818376981750490e+01
-3.109445717126641640e+01 2.765975043568920810e+01
-3.165180581159588868e+01 2.704725456359945213e+01
-3.217505069833723752e+01 2.641318616071633585e+01
-3.266669807897149269e+01 2.576008339932095126e+01
-3.312930698018799802e+01 2.508938909736275491e+01
-3.356425841613940264e+01 2.440187907660112288e+01
-3.397178180557250471e+01 2.369846301974966707e+01
-3.435131390803108786e+01 2.297963220162780473e+01
-3.470177117405899736e+01 2.224509789729957632e+01
-3.502163383074963576e+01 2.149389036640103257e+01
-3.530885526113647188e+01 2.072474491669984786e+01
-3.556082268355936549e+01 1.993676663644517788e+01
-3.577527477708645165e+01 1.913018099652625637e+01
-3.595045041976828770e+01 1.830612583415771510e+01
-3.608601252938913007e+01 1.746636843522378513e+01
-3.618189435431249734e+01 1.661252240149893922e+01
-3.623881341467994588e+01 1.574674265509365156e+01
-3.625817562915077730e+01 1.487078154185020651e+01
-3.624012330360132239e+01 1.398591875859305844e+01
-3.618290798350138715e+01 1.309413252226802804e+01
-3.608332742056909836e+01 1.219810644410375389e+01
-3.593721891146834935e+01 1.130113736439567518e+01
-3.574052559624016823e+01 1.040754181905001374e+01
-3.549016813919957514e+01 9.522036521760604444e+00
-3.518435917546972291e+01 8.648262742134074088e+00
-3.482160417622041848e+01 7.789085921753962971e+00
-3.440235054207591503e+01 6.946390723520039501e+00
-3.392856088510794166e+01 6.121363341380316569e+00
-3.340399884018789578e+01 5.314757377658034798e+00
-3.283238412344233126e+01 4.527649404036946379e+00
-3.221608961135694926e+01 3.762347681627693952e+00
-3.155365321083947805e+01 3.023941950618260766e+00
-3.083916191072113833e+01 2.321639611787702950e+00
-3.006371977680601049e+01 1.668893070611552121e+00
-2.921856844350092430e+01 1.080837057314114391e+00
-2.829728126313991865e+01 5.701811462049352075e-01
-2.729828291919147887e+01 1.437868191794589856e-01
-2.622594039743973937e+01 -2.000542937531294418e-01
-2.508772239715541019e+01 -4.695289067997017174e-01
-2.389131765784608774e+01 -6.744103911649680372e-01
-2.264567070387235859e+01 -8.253147571539377614e-01
-2.135986107164229253e+01 -9.329242277923702753e-01
-2.004224310417644972e+01 -1.006254443272798893e+00
-1.870082165848510769e+01 -1.052455362919397341e+00
-1.734178839559348972e+01 -1.076745439549448680e+00
-1.596968335871603450e+01 -1.082338820950643044e+00
-1.458858849139160085e+01 -1.070195610064997416e+00
-1.320285573092891873e+01 -1.038713080777399655e+00
-1.181725182471094193e+01 -9.841067407208908824e-01
-1.043669936074470606e+01 -9.015937263510208632e-01
-9.066913957875247121e+00 -7.877715478086724232e-01
-7.712350148361742264e+00 -6.461846292518321766e-01
-6.375968861784912178e+00 -4.875065231862406034e-01
-5.059919502614277143e+00 -3.302851977594457034e-01
-3.763704605533580327e+00 -1.937247611257912339e-01
-2.487016714515445148e+00 -9.112571288651657997e-02
-1.232281176264218514e+00 -2.755186044835746667e-02
-3.485838512862567031e-05 -8.799993227516801609e-06
