-1.058406626940002404e+01 2.757486710624312387e+00
-1.676539102919569757e+01 2.766179063852194808e+00
-2.065906430477187072e+01 2.675719659768715619e+00
-2.316022495633833245e+01 2.493422520804900344e+00
-2.478199556787344804e+01 2.254188070149640399e+00
-2.584257985030780347e+01 1.986678343909200617e+00
-2.654227362090907150e+01 1.706902732958340163e+00
-2.700927781252510229e+01 1.422033332996988531e+00
-2.732594613393419536e+01 1.134464143953771709e+00
-2.754628298620919225e+01 8.450481529097774169e-01
-2.770517565219198630e+01 5.536858141425149427e-01
-2.782466114077677233e+01 2.596890260136949791e-01
-2.791884010952712813e+01 -3.797713981665187116e-02
-2.799592133102970593e+01 -3.403721374551933465e-01
-2.806021412105792123e+01 -6.485206806168122284e-01
-2.811344294229139607e+01 -9.633920153518995555e-01
-2.815559542664753323e+01 -1.285903457660771076e+00
-2.818543619273086875e+01 -1.616936521735142573e+00
-2.820076204586489155e+01 -1.957356316489748727e+00
-2.819844163413231186e+01 -2.308017901998947519e+00
-2.817545459876940583e+01 -2.669018477683958945e+00
-2.812900740742830763e+01 -3.040000943147385115e+00
-2.805655413404839038e+01 -3.420354846777821756e+00
-2.795574700825151382e+01 -3.809332924248273855e+00
-2.782434215176555981e+01 -4.206098101796085231e+00
-2.766007035539553627e+01 -4.609688362035149645e+00
-2.746273637142951785e+01 -5.018662881933662057e+00
-2.723179971616214701e+01 -5.431635366990647640e+00
-2.696855698130249834e+01 -5.847042701080401805e+00
-2.667385828502099088e+01 -6.263467906651150940e+00
-2.634824057080205506e+01 -6.679495868822797888e+00
-2.599201617890541982e+01 -7.093639512525701463e+00
-2.560533182430637211e+01 -7.504304255774840726e+00
-2.518819149239834232e+01 -7.909790217261028822e+00
-2.474045046355234234e+01 -8.308334550681459874e+00
-2.426179862002205567e+01 -8.698188785207747742e+00
-2.375007205324375903e+01 -9.076920067636118361e+00
-2.320541871994792160e+01 -9.442611815215949278e+00
-2.262759216208765167e+01 -9.793441857985884624e+00
-2.201602898339608672e+01 -1.012762798131370445e+01
-2.136989686449091508e+01 -1.044326880711388661e+01
-2.069006193434310958e+01 -1.073965449264709449e+01
-1.997663474969698072e+01 -1.101595139228508025e+01
-1.923090046992230739e+01 -1.127253231746450446e+01
-1.845315969058017913e+01 -1.150952839927797910e+01
-1.764452582738238462e+01 -1.172801063999442128e+01
-1.680499575662862455e+01 -1.192859571974797461e+01
-1.593523606483723221e+01 -1.211233193629086458e+01
-1.503605780670057435e+01 -1.228051731880409925e+01
-1.410817768037344067e+01 -1.243451667056102394e+01
-1.315224740087951005e+01 -1.257553641850582160e+01
-1.217005441559373935e+01 -1.270506841519418373e+01
-1.116360231458198093e+01 -1.282458192911393979e+01
-1.013480543048488869e+01 -1.293523708930380245e+01
-9.085734269172935029e+00 -1.303763041749295226e+01
-8.019535797263902310e+00 -1.313186194791684436e+01
-6.939689846791617711e+00 -1.321731756268489555e+01
-5.849853240922320730e+00 -1.329245652934594624e+01
-4.754020186259669600e+00 -1.335477883857723036e+01
-3.656704538625937140e+00 -1.340099872681267712e+01
-2.563089882500938721e+00 -1.342728391953889222e+01
-1.479220469768864232e+00 -1.342938291907522519e+01
-4.105853563636085446e-01 -1.340377876850458172e+01
6.381109238331456046e-01 -1.334677974614656648e+01
1.662095988563715876e+00 -1.325445043306951476e+01
2.657200315181829087e+00 -1.312396714978735091e+01
3.620605537227189252e+00 -1.295374177028567253e+01
4.549222317455618558e+00 -1.274213364719457964e+01
5.441702221868683687e+00 -1.248964110190527421e+01
6.295497690291128379e+00 -1.219573242252576328e+01
7.108098881811123704e+00 -1.186117732982005890e+01
7.875575039348667872e+00 -1.148640388798000522e+01
8.594898643222139256e+00 -1.107350150144366197e+01
9.262556088180177838e+00 -1.062411827272464393e+01
9.874214663143183301e+00 -1.013959316728227655e+01
1.042415141105475129e+01 -9.621068521696392040e+00
1.090426394541149513e+01 -9.069689631759148440e+00
1.130566035775595246e+01 -8.488261996805535503e+00
1.162162727080420233e+01 -7.881818477143640145e+00
1.184343043540440732e+01 -7.255865255685288950e+00
1.196600994454687950e+01 -6.618436652243473439e+00
1.199156205088026006e+01 -5.978606295674125271e+00
1.192471676332941399e+01 -5.345009848006276876e+00
1.177124871496240921e+01 -4.725933328432625480e+00
1.153664292292544857e+01 -4.129247185719697733e+00
1.122284053804938431e+01 -3.563531803609615078e+00
1.083008219576800002e+01 -3.037595128124561672e+00
1.035657312182788026e+01 -2.560528025198624213e+00
9.803135652612798623e+00 -2.138693390159780439e+00
9.174288090970168952e+00 -1.773534005264943980e+00
8.475570780201110210e+00 -1.462677112387284373e+00
7.711641140854620602e+00 -1.201395868273441803e+00
6.887005062314861981e+00 -9.817864017531414689e-01
6.007398981523436099e+00 -7.928264203281227829e-01
5.079743087908137333e+00 -6.240167865276953219e-01
4.111428391379136293e+00 -4.682179924902573620e-01
3.110781046650899384e+00 -3.225881651414915785e-01
2.085970879991049909e+00 -1.888785457595701378e-01
1.045733412014034691e+00 -7.520550255183791610e-02
1.977872087972159422e-05 -5.189569715542616528e-05
