1.187541954502933628e+01 1.410275085701017161e+01
1.600120069142887047e+01 1.423023818188686818e+01
1.570210282040593164e+01 1.436412977159392845e+01
1.309033818274657612e+01 1.451258484843560304e+01
9.644380368271693982e+00 1.468775345903558538e+01
6.326813321217805708e+00 1.488608314822447376e+01
3.322822512960730279e+00 1.500185507412885144e+01
6.482860942698239759e-01 1.498887552135456502e+01
-1.735750650078536017e+00 1.485544806844517396e+01
-3.870758794542720871e+00 1.461929564356775835e+01
-5.782850085170860410e+00 1.429324669193330877e+01
-7.494932708535075427e+00 1.388120212211192772e+01
-9.023153680121541953e+00 1.337968156972555001e+01
-1.038838604560888079e+01 1.279150567001383898e+01
-1.161132354021011892e+01 1.212310760163422785e+01
-1.270936686689246642e+01 1.138457417447466824e+01
-1.370190033396270124e+01 1.058550632753875931e+01
-1.460165942072607237e+01 9.733076853119666083e+00
-1.541488400629629929e+01 8.836873160490243961e+00
-1.614883840634382750e+01 7.906152736019174121e+00
-1.681168494962739146e+01 6.945067676375076715e+00
-1.740634344934957056e+01 5.955824915598275204e+00
-1.793385604920794663e+01 4.944312062330618929e+00
-1.839427175107003620e+01 3.917729004335086085e+00
-1.878565306683092473e+01 2.884123123274712874e+00
-1.910781528953655695e+01 1.850421499314370610e+00
-1.936004390618354165e+01 8.222638300751000662e-01
-1.954535866750471129e+01 -1.961247817515872627e-01
-1.966966222023943445e+01 -1.205539703197958890e+00
-1.974176845361417065e+01 -2.209469451200317458e+00
-1.976933229961273852e+01 -3.206690755756790523e+00
-1.975809456134297903e+01 -4.193762007856188134e+00
-1.971067864421023685e+01 -5.169153458027366810e+00
-1.962678453765901665e+01 -6.131260565997507683e+00
-1.950445071326424795e+01 -7.079075920864067228e+00
-1.933870275701037400e+01 -8.009523209769231045e+00
-1.912512620161844978e+01 -8.917209224720654248e+00
-1.885991941190215826e+01 -9.799703415675695695e+00
-1.853716878306775229e+01 -1.065366091768086676e+01
-1.815430065224996525e+01 -1.147305133636837660e+01
-1.771532009342297442e+01 -1.225812098451438459e+01
-1.722161832820942351e+01 -1.300920858405019942e+01
-1.667745099640874429e+01 -1.372804780806829683e+01
-1.608540899982819994e+01 -1.441595086157862582e+01
-1.544770178845756270e+01 -1.507287381284994687e+01
-1.476634186635536672e+01 -1.569767438721136621e+01
-1.404319434808065736e+01 -1.628848308087973606e+01
-1.328008228170056704e+01 -1.684242814441034497e+01
-1.247927849932650801e+01 -1.735466956664550153e+01
-1.164460854640822873e+01 -1.782295153085913597e+01
-1.077773001035063771e+01 -1.824459333938269268e+01
-9.880267558134177008e+00 -1.862050076615289029e+01
-8.952618039771429892e+00 -1.895044148242737947e+01
-7.998039305246551045e+00 -1.923515537676804144e+01
-7.018367951246954561e+00 -1.947705830514604841e+01
-6.014245529209878427e+00 -1.967622262368022845e+01
-4.989363465491552851e+00 -1.983266567419930126e+01
-3.947496037693610127e+00 -1.994626785755824727e+01
-2.892173372146632282e+00 -2.001589177089128668e+01
-1.827502279120909900e+00 -2.003828534454156340e+01
-7.559130248087971848e-01 -2.001042382583302626e+01
3.212391236919784343e-01 -1.992578967457514949e+01
1.398239947609440703e+00 -1.977614035924142399e+01
2.468283079556508497e+00 -1.955414333890550438e+01
3.523014688446788334e+00 -1.925031474750779736e+01
4.549940256768651992e+00 -1.886016780941785242e+01
5.539244528613515683e+00 -1.838508285126163599e+01
6.482825643242223990e+00 -1.782869332035455301e+01
7.373020374349644079e+00 -1.720004810669587769e+01
8.207208059719148352e+00 -1.651223313238325119e+01
8.985793675398399571e+00 -1.577676135958048320e+01
9.712560599219925095e+00 -1.500344661407894975e+01
1.038810147502070969e+01 -1.419989287951369761e+01
1.101102505474199589e+01 -1.337565044356526478e+01
1.158006043586715883e+01 -1.253842221219159114e+01
1.209582852112220230e+01 -1.169103036360981740e+01
1.255524697192310057e+01 -1.083445533012487161e+01
1.295226867171363594e+01 -9.972695536797461457e+00
1.328384793306017464e+01 -9.109707566095488929e+00
1.354590483431854331e+01 -8.248406750976542412e+00
1.373698149239549338e+01 -7.391930859683278676e+00
1.385783845215657095e+01 -6.540969109146425708e+00
1.390471734376564150e+01 -5.697180171702499685e+00
1.387060395564043347e+01 -4.866529005401884156e+00
1.374172235993755997e+01 -4.059189445300915189e+00
1.349317179636374497e+01 -3.294213174859507820e+00
1.309344008003112414e+01 -2.600017819787441287e+00
1.250493425436278905e+01 -2.013961027633289991e+00
1.172426685731032592e+01 -1.559753586382855994e+00
1.077751712160920761e+01 -1.230234512498711519e+00
9.710744431570079271e+00 -9.906094303037460413e-01
8.569817027545587607e+00 -8.017127663103814639e-01
7.393594467885290733e+00 -6.429037687304470783e-01
6.216242322506826845e+00 -5.113070118770979278e-01
5.062824885965269139e+00 -4.071002589787252046e-01
3.950240101957836814e+00 -3.253012641041145847e-01
2.887663505392897179e+00 -2.540663616977844597e-01
1.879525788842194123e+00 -1.787615202405877790e-01
9.219279805655330451e-01 -9.007032408199483475e-02
1.321772546436743499e-05 -8.261208498577020734e-04
