-3.137768506881661068e+01 1.807980132524146910e+01
-4.401234841737982606e+01 1.827627478833141339e+01
-4.602988212330782858e+01 1.850730977621710949e+01
-4.234272580529561480e+01 1.881792843879523858e+01
-3.613669977084082063e+01 1.927724025978323041e+01
-2.983524590253167119e+01 1.999935920737497952e+01
-2.583292292332688689e+01 2.117794223620462546e+01
-2.308823839559640945e+01 2.218634816050531455e+01
-2.105787234593009671e+01 2.286192031745419229e+01
-1.941714311663238846e+01 2.326876158021086738e+01
-1.798915729161926436e+01 2.349670569921796570e+01
-1.667374475798325406e+01 2.361214322255257869e+01
-1.541351382927896019e+01 2.365167150492051817e+01
-1.418483746339908080e+01 2.362700068080914306e+01
-1.298218385214292248e+01 2.353831734285871136e+01
-1.181224398940161358e+01 2.338872599395975271e+01
-1.068502665722168210e+01 2.318443662484454748e+01
-9.610336674089772657e+00 2.293107858942933674e+01
-8.591057417888476877e+00 2.263290742301337843e+01
-7.627545743719211124e+00 2.229142847952217465e+01
-6.718893922672650731e+00 2.190819238993670481e+01
-5.863465811314442888e+00 2.148369020258200379e+01
-5.061885894979263334e+00 2.101949503729865398e+01
-4.316137298836127734e+00 2.051920786496875593e+01
-3.635156313876036993e+00 1.998745544642138938e+01
-3.029833299321186946e+00 1.943175287204287116e+01
-2.517045638972129407e+00 1.886264229696602968e+01
-2.135116137262061287e+00 1.829995945967842985e+01
-1.962607554850749780e+00 1.777573075865795360e+01
-2.141574866922916875e+00 1.734311840785248293e+01
-2.802649744788728192e+00 1.706922243893821189e+01
-3.759244148333271696e+00 1.687543173630528415e+01
-4.908378419791691094e+00 1.670101899678260438e+01
-6.189022538605857271e+00 1.650511478166136214e+01
-7.565683166095876544e+00 1.626324120970701870e+01
-9.021582234570077574e+00 1.595544503157565153e+01
-1.053841266161662915e+01 1.556675784381300254e+01
-1.208952999928669847e+01 1.508900136016139726e+01
-1.365008161101089001e+01 1.452266159550825364e+01
-1.519919245840142175e+01 1.386900000501376695e+01
-1.671270547246708205e+01 1.313639139992737626e+01
-1.817590155945159225e+01 1.233613148047835573e+01
-1.958665746527172047e+01 1.147339562070666119e+01
-2.093934776262640796e+01 1.054928020774433683e+01
-2.222083991082982735e+01 9.569317523897977296e+00
-2.341682557075514026e+01 8.539163854323550851e+00
-2.451517960545636043e+01 7.461677944745459534e+00
-2.550540436487701612e+01 6.337869441943729143e+00
-2.637760674832906460e+01 5.168979664275338948e+00
-2.712281474101608580e+01 3.956174475521776923e+00
-2.773364494453757345e+01 2.699613215735320537e+00
-2.820304944503601874e+01 1.402589795925243799e+00
-2.853659988694188954e+01 7.539326116203133588e-02
-2.874201330245070807e+01 -1.267805039500670361e+00
-2.883776375058366881e+01 -2.613562313467225451e+00
-2.883440922357270964e+01 -3.950034598386059415e+00
-2.873902166213117226e+01 -5.263334883987216273e+00
-2.854942345809290316e+01 -6.541461196187615457e+00
-2.825613783780674737e+01 -7.772904813509384780e+00
-2.784600625234915583e+01 -8.946431692195135454e+00
-2.730673984285363431e+01 -1.004879325326413131e+01
-2.664050830050526031e+01 -1.107461788244750167e+01
-2.585344074615735011e+01 -1.202082280323252839e+01
-2.496569487510542018e+01 -1.289211566525162667e+01
-2.399715112484414092e+01 -1.369445945661270514e+01
-2.296764187939964685e+01 -1.443212767430555310e+01
-2.189325298451614898e+01 -1.510975090719763791e+01
-2.078546354512939942e+01 -1.572705964113567312e+01
-1.965327057289939816e+01 -1.628472132176862175e+01
-1.850000411085252949e+01 -1.678189305697061329e+01
-1.732959804357610167e+01 -1.721452160637241491e+01
-1.614682557522283446e+01 -1.758266613096298414e+01
-1.495353957558813995e+01 -1.788633600429391635e+01
-1.375215403344921050e+01 -1.812454542958301928e+01
-1.254690452275453083e+01 -1.829456065702010648e+01
-1.134396394177642975e+01 -1.839143747799478135e+01
-1.015322407752988809e+01 -1.840714489280851396e+01
-8.982097727349762195e+00 -1.833643210581912086e+01
-7.833148063321259791e+00 -1.816931446859535271e+01
-6.711050901922040346e+00 -1.789022175062319775e+01
-5.626431231912856212e+00 -1.748519304294240229e+01
-4.592196824174056502e+00 -1.694932760735354904e+01
-3.615567139748661507e+00 -1.629026026879571987e+01
-2.700804237056869006e+00 -1.552082172924474435e+01
-1.851854729968040791e+00 -1.466213245095855378e+01
-1.068480672730143022e+00 -1.373196308794921094e+01
-3.516614369368755155e-01 -1.274175522932660876e+01
2.920823285420127147e-01 -1.170305165088546673e+01
8.510879085721375636e-01 -1.062889787875491621e+01
1.316041109458584435e+00 -9.528414989589792938e+00
1.676038690519198182e+00 -8.408514359818259010e+00
1.925345435551099715e+00 -7.278315068570372581e+00
2.054860236602245482e+00 -6.148352127325887650e+00
2.058869717492950890e+00 -5.034661499227371273e+00
1.937133814014590172e+00 -3.952579008829938179e+00
1.694571576144874081e+00 -2.921935436769977912e+00
1.348185721819485483e+00 -1.970262548531936941e+00
9.286645072425091518e-01 -1.127341149845782597e+00
4.705326405293921432e-01 -4.390439798320935338e-01
7.332565613394665248e-16 -4.865246774449564223e-11
