1.956039073306394727e+01 2.442008867114260084e+01
2.923949938871506404e+01 2.362596156385180279e+01
3.297315858946902267e+01 2.281459449249826221e+01
3.317681408291438316e+01 2.196433884296203587e+01
3.136321085846989121e+01 2.104360130913842397e+01
2.852923478842937044e+01 2.000276476758360644e+01
2.541083911915051985e+01 1.876150005303120238e+01
2.267124429167699873e+01 1.718822391878568467e+01
2.107053854962271444e+01 1.506645025267591542e+01
2.035776062891138594e+01 1.269814543525550299e+01
2.013859708047284158e+01 1.033684342606675344e+01
2.014882908844374398e+01 8.121527680202644817e+00
2.024382451091027590e+01 6.117760549740298259e+00
2.035886251865762375e+01 4.339750130342117096e+00
2.046777865815445452e+01 2.764718630730636395e+00
2.055534681460759927e+01 1.358087172142608434e+00
2.061463731249095943e+01 8.656913526278384174e-02
2.064506299415330304e+01 -1.076231838624514880e+00
2.065008341872757214e+01 -2.153241555480721825e+00
2.063245606786423281e+01 -3.160580573484934153e+00
2.059462495959129313e+01 -4.111070078600735478e+00
2.053798732870804855e+01 -5.012788148882762584e+00
2.046397842410829782e+01 -5.872299389556065563e+00
2.037304674190414744e+01 -6.693918978147038956e+00
2.026522867789617521e+01 -7.482616277793566084e+00
2.013938826328450560e+01 -8.241534260964543890e+00
1.999508671517853031e+01 -8.974067795053649377e+00
1.983163729945997744e+01 -9.682368911325404781e+00
1.964886779397273031e+01 -1.036776578363111945e+01
1.944751697862130158e+01 -1.103211390334785769e+01
1.922822359005547099e+01 -1.167729404942181226e+01
1.899066982999344688e+01 -1.230364523304245949e+01
1.873480028956510068e+01 -1.291111558939616621e+01
1.845946797383256310e+01 -1.349833379555504642e+01
1.816363109642292173e+01 -1.406400787407609521e+01
1.784522525630178080e+01 -1.460549900076188656e+01
1.750305090339052327e+01 -1.511989768188154670e+01
1.713671735695156784e+01 -1.560430970118749627e+01
1.674645038413466125e+01 -1.605601550035483172e+01
1.633290036105147891e+01 -1.647241465027569518e+01
1.589707646786489725e+01 -1.685059348298340254e+01
1.544149244152667677e+01 -1.718976895814176942e+01
1.496832427777061980e+01 -1.748843605844687588e+01
1.448051357586935950e+01 -1.774665188728805987e+01
1.398118888385397618e+01 -1.796598979995738432e+01
1.347340714596853672e+01 -1.814939042274312087e+01
1.295978387464288772e+01 -1.830115554578744153e+01
1.244225371123688006e+01 -1.842492488036155507e+01
1.192247666723384292e+01 -1.852386112132573004e+01
1.140195906173227947e+01 -1.860075408585948509e+01
1.088190133313299235e+01 -1.865811074345164755e+01
1.036287708251068196e+01 -1.869823434250690042e+01
9.845352682303438741e+00 -1.872214316327688266e+01
9.329986943799347898e+00 -1.873049892221304447e+01
8.817473782682611727e+00 -1.872341418574688277e+01
8.308483780276487707e+00 -1.870031722851370759e+01
7.803599100779702091e+00 -1.865995183661010870e+01
7.303337471998200492e+00 -1.860052867684577294e+01
6.808339550460019041e+00 -1.852001723064891436e+01
6.319698914857957206e+00 -1.841646267269782200e+01
5.838286455106184825e+00 -1.828984527388694303e+01
5.364732084537164880e+00 -1.814028499597043975e+01
4.899385042866410522e+00 -1.796796293345432360e+01
4.443260915997397476e+00 -1.777165876232026775e+01
3.998078506427697576e+00 -1.755016612604618587e+01
3.566352933846121509e+00 -1.730184814360408296e+01
3.151760357280245728e+00 -1.702419821254066790e+01
2.758179032768724337e+00 -1.671524539288960653e+01
2.388948465118486908e+00 -1.637375939648897472e+01
2.046824489444452944e+00 -1.599972135353610092e+01
1.732007083284860860e+00 -1.559618562617079540e+01
1.443654130835050564e+00 -1.516641932965933748e+01
1.179481734941582705e+00 -1.471403119912447188e+01
9.375345851759954163e-01 -1.424193192384223039e+01
7.149161068189584523e-01 -1.375347049474937577e+01
5.093682885936879901e-01 -1.325091951547608637e+01
3.193594959138164047e-01 -1.273581154196730125e+01
1.440539033434601879e-01 -1.220941057149190989e+01
-1.770494189395670215e-02 -1.167318542081907395e+01
-1.664650752046410442e-01 -1.112784165682954374e+01
-3.019427696750579537e-01 -1.057373181042130916e+01
-4.229115624139576646e-01 -1.001120853110994524e+01
-5.282594242676262875e-01 -9.440823647384572581e+00
-6.163094298464697474e-01 -8.862635425064077310e+00
-6.847324011611495287e-01 -8.276894440981841683e+00
-7.318230295752887749e-01 -7.684741951133440274e+00
-7.569279470066565541e-01 -7.087301319995332527e+00
-7.593489112511905281e-01 -6.485432519781632266e+00
-7.405111446303931366e-01 -5.880091424158918834e+00
-7.026393520302633977e-01 -5.272057480985181677e+00
-6.489581638288942633e-01 -4.662494418762546111e+00
-5.834659863622675413e-01 -4.053110702903834017e+00
-5.104438554801902228e-01 -3.446000045356285124e+00
-4.335800062904910379e-01 -2.844039162848312596e+00
-3.559635996100634636e-01 -2.252033069743552218e+00
-2.798583209996469146e-01 -1.678158293636981213e+00
-2.063118209336345654e-01 -1.135860026673140899e+00
-1.355863808170561513e-01 -6.471564368488669228e-01
-6.721499810266963471e-02 -2.485424524282600633e-01
-2.267693032570388107e-16 -2.478429166101742858e-14
