8.655906316929822708e+00 2.212910808544664221e+01
1.376603117875685278e+01 2.197027418608961824e+01
1.688757262929242842e+01 2.171342499883489907e+01
1.882276899581514229e+01 2.136703667001494367e+01
2.001832535970726212e+01 2.098007257893597455e+01
2.075391777938191851e+01 2.058157327136749970e+01
2.120221854582419851e+01 2.018029037714710228e+01
2.146897308605103660e+01 1.977750375438825614e+01
2.162114741905368831e+01 1.937217507697890539e+01
2.170206481417648448e+01 1.896242103977834148e+01
2.173987737666919173e+01 1.854604309720527411e+01
2.175254250068198303e+01 1.812086269147450679e+01
2.175129941296921032e+01 1.768486230024099726e+01
2.174306810783568267e+01 1.723617718872742444e+01
2.173207448749181125e+01 1.677295843383132024e+01
2.172093022491872816e+01 1.629314239299991840e+01
2.171134231416952787e+01 1.579423736547999368e+01
2.170458139859733393e+01 1.527323746802143489e+01
2.170154958044621196e+01 1.472754896351465526e+01
2.170302663342418015e+01 1.415451329453874507e+01
2.170984265724897710e+01 1.355114354525538545e+01
2.172299911595262856e+01 1.291394800345875993e+01
2.174344978999591405e+01 1.223998506854225887e+01
2.177202368178756231e+01 1.152613294112682141e+01
2.180922044451366304e+01 1.076891166233805741e+01
2.185440019769672659e+01 9.965660758521609708e+00
2.190565554447746166e+01 9.113400259473722897e+00
2.195939665927193474e+01 8.209822760810912001e+00
2.201057600789845736e+01 7.254474899493938089e+00
2.205388425077675052e+01 6.250703252901939067e+00
2.208628220363514316e+01 5.204881374235543312e+00
2.210862553911618278e+01 4.128150863367346268e+00
2.212274797218320899e+01 3.032960915009775604e+00
2.213037244996706931e+01 1.932275645760290317e+00
2.213251853560073101e+01 8.372345847435619381e-01
2.212920935816334378e+01 -2.424231882072049038e-01
2.211932934694209862e+01 -1.298879096513855691e+00
2.210064337126454959e+01 -2.326898520337664422e+00
2.206986183876126262e+01 -3.322590260045645838e+00
2.202292111341635561e+01 -4.284074789724344079e+00
2.195521405032677720e+01 -5.211558278558483082e+00
2.186180108457042337e+01 -6.106412642916025035e+00
2.173750909829773903e+01 -6.969420105304993562e+00
2.157812106802077778e+01 -7.800530421012193294e+00
2.138157123102930512e+01 -8.599698398076650818e+00
2.114675596902703703e+01 -9.366261823138653853e+00
2.087384440411019071e+01 -1.009928017121847965e+01
2.056412850859516439e+01 -1.079826238219128065e+01
2.021810826669108252e+01 -1.146144406836925000e+01
1.983719871634679777e+01 -1.208688383498142294e+01
1.942313895281662894e+01 -1.267261628817822405e+01
1.897760380427590476e+01 -1.321671153810205723e+01
1.850197101436479485e+01 -1.371708982649651354e+01
1.799735935978484846e+01 -1.417085610993868094e+01
1.746596116665428156e+01 -1.457542148816006922e+01
1.691136907208926132e+01 -1.493047219446560980e+01
1.633699587246179874e+01 -1.523552245108841419e+01
1.574685449004716808e+01 -1.549123498230024509e+01
1.514509927118573174e+01 -1.570076037049774875e+01
1.453522391051580165e+01 -1.586877062927420390e+01
1.391971743689691898e+01 -1.600087499415623071e+01
1.330033714230810560e+01 -1.610200264965422079e+01
1.267874301666505232e+01 -1.617626708324900875e+01
1.205622733339552433e+01 -1.622721899580393057e+01
1.143367303524125944e+01 -1.625741121073518869e+01
1.081195115688953123e+01 -1.626852203281862685e+01
1.019202286066695962e+01 -1.626128181093094227e+01
9.574661725831139947e+00 -1.623539107569610351e+01
8.960828997995299972e+00 -1.618911399096896631e+01
8.351808592230367978e+00 -1.612007326574965660e+01
7.748636817018513590e+00 -1.602553753234145617e+01
7.152764317411690165e+00 -1.590170128420160545e+01
6.566507331008633486e+00 -1.574485262118767537e+01
5.992885858856213943e+00 -1.555160965509203130e+01
5.435419128524735299e+00 -1.531909025726201712e+01
4.897718983108368285e+00 -1.504472609139887140e+01
4.384419967319713507e+00 -1.472453069952119264e+01
3.900757577875892501e+00 -1.435497532477765326e+01
3.452269681879141849e+00 -1.393322407744496516e+01
3.042672268725608031e+00 -1.345954479287565775e+01
2.672966088309824961e+00 -1.293701445301962316e+01
2.341187990350526160e+00 -1.237113160542481261e+01
2.044512048421175621e+00 -1.176752205716622690e+01
1.779325975404939308e+00 -1.113151007366091783e+01
1.542707893772642391e+00 -1.046684842709234253e+01
1.332655307416447110e+00 -9.776426303729540024e+00
1.147143333421795752e+00 -9.063174155425214096e+00
9.840349487323143407e-01 -8.329285705451654920e+00
8.410991308802991950e-01 -7.576451869878240153e+00
7.152288470842391721e-01 -6.806829003671787781e+00
6.036873441783900951e-01 -6.022978072323907028e+00
5.041505916795511189e-01 -5.229386068420504685e+00
4.147940512158673765e-01 -4.431947650938337091e+00
3.344199586967095961e-01 -3.638087708518481289e+00
2.622698582562285052e-01 -2.858296294975014362e+00
1.978376841381283280e-01 -2.107576340692086880e+00
1.406289359664336658e-01 -1.407398845286183198e+00
8.975869781114612089e-02 -7.887650028631550958e-01
4.357777662991589585e-02 -2.970520918168888524e-01
2.347126309168323531e-07 -4.996568765696441831e-05
