-4.298647126725650480e+01 -2.191098339309927567e+01
-6.620923040255786418e+01 -2.208449699995230731e+01
-7.729810557501249946e+01 -2.226049495016330937e+01
-8.094929281120701603e+01 -2.244206223142432322e+01
-8.006076527243419605e+01 -2.263363033899825894e+01
-7.643292061621775701e+01 -2.284204868660611609e+01
-7.120386657426493571e+01 -2.307824060197621208e+01
-6.512458343147442008e+01 -2.335984428019263959e+01
-5.874048996385145927e+01 -2.371547720306692142e+01
-5.252331037894411736e+01 -2.419165504116977061e+01
-4.698512398115014577e+01 -2.486403783439106974e+01
-4.280217136277930479e+01 -2.585572247370708610e+01
-4.097835054467519456e+01 -2.736700405586489637e+01
-4.029086683619169662e+01 -2.880554849853317023e+01
-4.000872653755708086e+01 -2.999199753484282738e+01
-3.982578895200814628e+01 -3.092828084036845127e+01
-3.963375190338364717e+01 -3.166033357706198359e+01
-3.940052410362613955e+01 -3.223680667929839672e+01
-3.911989303157093900e+01 -3.269680535072197358e+01
-3.879527325862414244e+01 -3.306619521245525561e+01
-3.843623730040518893e+01 -3.336481754540372435e+01
-3.805074470144816701e+01 -3.360675163163163148e+01
-3.764510089153164074e+01 -3.379992265605942947e+01
-3.722451722617083192e+01 -3.395103509514641615e+01
-3.679142923032109280e+01 -3.406537914780057008e+01
-3.634697049229475141e+01 -3.414712339432145427e+01
-3.589243070570059757e+01 -3.419918214885534269e+01
-3.542979701002956716e+01 -3.422318067948365439e+01
-3.496049246220470508e+01 -3.421961870917616011e+01
-3.448508505034966731e+01 -3.418665147309135222e+01
-3.400497079900054587e+01 -3.412033891875209690e+01
-3.352268677427999677e+01 -3.401674518768943045e+01
-3.304132923869867966e+01 -3.386993034733669816e+01
-3.256437364838907911e+01 -3.367462457135461307e+01
-3.209569949249290488e+01 -3.342344983920124690e+01
-3.163748050981670801e+01 -3.311443330506811833e+01
-3.119048597331066475e+01 -3.274641147066925839e+01
-3.075237060432834824e+01 -3.232424388366685264e+01
-3.031797962613985575e+01 -3.185039563071100943e+01
-2.988191498560985337e+01 -3.132586345224468616e+01
-2.944102304894113331e+01 -3.075396997576480373e+01
-2.899578516796008998e+01 -3.013918209550447713e+01
-2.855069406174858315e+01 -2.948700639406026980e+01
-2.810894785888262604e+01 -2.880464829824550677e+01
-2.766924077004023275e+01 -2.810054504081843518e+01
-2.722727821873770182e+01 -2.738894073557190012e+01
-2.677896736247232212e+01 -2.668475307037993360e+01
-2.632217224604864469e+01 -2.599980770444986433e+01
-2.585627547453373154e+01 -2.533945383339120383e+01
-2.538146535305174467e+01 -2.470611043734276535e+01
-2.490083585288094525e+01 -2.410203210030109489e+01
-2.441825530535776423e+01 -2.352826147772497123e+01
-2.393617536364926579e+01 -2.298618569253758182e+01
-2.345566951389358934e+01 -2.247770935973833772e+01
-2.297527410646168633e+01 -2.200336084350845312e+01
-2.249210843597216680e+01 -2.156490919365458936e+01
-2.200173028278296883e+01 -2.116297846114535375e+01
-2.149821961089503475e+01 -2.079995790012684509e+01
-2.097596263696924268e+01 -2.047962253167723645e+01
-2.043060779056281717e+01 -2.020498466794239434e+01
-1.985981181652120497e+01 -1.997554702701310347e+01
-1.926232772032278717e+01 -1.978496321914737877e+01
-1.863667858451645998e+01 -1.962627897695449875e+01
-1.798246668785497349e+01 -1.949255798018691266e+01
-1.729932387962064766e+01 -1.937875677135999197e+01
-1.658979273743744898e+01 -1.928088395482177120e+01
-1.585979276609821476e+01 -1.919613787436289698e+01
-1.511882896412321031e+01 -1.912247294231992356e+01
-1.437475252960858008e+01 -1.905792479370142800e+01
-1.363578784094635843e+01 -1.899844701822415516e+01
-1.291337379713911204e+01 -1.893534189176373772e+01
-1.221613555003875362e+01 -1.885632749205582925e+01
-1.154964958511001960e+01 -1.875092076928169149e+01
-1.091727894627582707e+01 -1.861337073015982213e+01
-1.032003064980795770e+01 -1.844007241652920470e+01
-9.755266675287716183e+00 -1.822817597564476344e+01
-9.220316113705548489e+00 -1.797330475318349130e+01
-8.710698108098483772e+00 -1.767070102133439846e+01
-8.222239177705645830e+00 -1.731263694447123669e+01
-7.749582298933779256e+00 -1.689219999942853434e+01
-7.287491816602505779e+00 -1.640185462004102490e+01
-6.829253404137623384e+00 -1.583733178192738578e+01
-6.367442717570239274e+00 -1.519345432137555640e+01
-5.897367867426176247e+00 -1.446886327274434514e+01
-5.415909458558741285e+00 -1.366340151993216168e+01
-4.920389461117590457e+00 -1.277930967655673378e+01
-4.409530700165377404e+00 -1.182182011214609751e+01
-3.888519747882123845e+00 -1.080510104922374914e+01
-3.368889905911536253e+00 -9.746379457414812819e+00
-2.864998983639193586e+00 -8.660834126802054556e+00
-2.391019022864131482e+00 -7.563381330214332010e+00
-1.956824938478071152e+00 -6.468595764409595716e+00
-1.566042881947345089e+00 -5.393420975697614139e+00
-1.220153819563521314e+00 -4.359125230653852157e+00
-9.192511062982924308e-01 -3.381842633681482635e+00
-6.657738489753031175e-01 -2.474539416366291267e+00
-4.609742016364875572e-01 -1.653415718189924721e+00
-2.917716875381556885e-01 -9.349244051380245502e-01
-1.420203374123871765e-01 -3.576057918767249766e-01
-4.873680302713755755e-16 -9.568338239745653803e-15
