-9.686903926113028973e+00 6.058338759478665292e-01
-1.557650726978896216e+01 1.043662591717276822e+00
-1.894872012791135063e+01 1.482766649054345853e+00
-2.065395619969353902e+01 1.924638928834642382e+00
-2.125850326429219450e+01 2.371244496631391030e+00
-2.114088102009051795e+01 2.825355789778083881e+00
-2.055641247469449340e+01 3.291025520438187968e+00
-1.968077953005887437e+01 3.774277960624680350e+00
-1.863999278559237638e+01 4.284136526898136843e+00
-1.753188803274154850e+01 4.834162948976626240e+00
-1.644281648128491113e+01 5.444770573371751077e+00
-1.546236666042374708e+01 6.146707247437879218e+00
-1.469864512563271397e+01 6.986299451266483551e+00
-1.419602408452557185e+01 7.974462244838649738e+00
-1.388460971341493000e+01 9.060961669203942748e+00
-1.369618767859494390e+01 1.020743471453593898e+01
-1.357721917397267575e+01 1.138740345194643311e+01
-1.348705964931080814e+01 1.258218612325054941e+01
-1.339572013469815026e+01 1.377842877899545648e+01
-1.328198892761457905e+01 1.496730649689095216e+01
-1.313003861883642642e+01 1.614261665781017285e+01
-1.292814497714576305e+01 1.729913448768617101e+01
-1.267024913167878530e+01 1.843273781940927236e+01
-1.235532205255220539e+01 1.954036439097846056e+01
-1.198931893626949652e+01 2.062169706420033322e+01
-1.158115458828523181e+01 2.167838717878919397e+01
-1.114142186347201324e+01 2.271385879906456040e+01
-1.068039986880021353e+01 2.373174702387997925e+01
-1.020842038120505180e+01 2.473623698751929822e+01
-9.734910595217238338e+00 2.573118439135802404e+01
-9.268610562999825220e+00 2.671927089378178266e+01
-8.816756673082428719e+00 2.770256607922507541e+01
-8.385264652736314162e+00 2.868298502431930785e+01
-7.978876707266374879e+00 2.966200203734215890e+01
-7.601297576425848135e+00 3.064036337071006599e+01
-7.255600968091487246e+00 3.161764686606193564e+01
-6.943393436273411545e+00 3.259204128432089220e+01
-6.665378916278295485e+00 3.356092919302469824e+01
-6.421956695595229192e+00 3.452114635814748311e+01
-6.213540894320387586e+00 3.546868755782745808e+01
-6.039105877056771376e+00 3.639839753851368442e+01
-5.895989384169705971e+00 3.730260150490659043e+01
-5.776955982164690973e+00 3.816944711002511070e+01
-5.670645727276557579e+00 3.898132226612857210e+01
-5.563092395222835052e+00 3.971182895546501612e+01
-5.438318031296378585e+00 4.032163548319841340e+01
-5.278162589824644257e+00 4.075130240618950239e+01
-5.062332832904157698e+00 4.091138307061247303e+01
-4.778284534320327737e+00 4.068257427513909619e+01
-4.458103963937412040e+00 4.018877780601219030e+01
-4.119409369452809777e+00 3.951559124063787465e+01
-3.771311401317474221e+00 3.872101795818731773e+01
-3.417750267044779466e+00 3.784441250181425431e+01
-3.059231850517213136e+00 3.691302361904469365e+01
-2.693937628998179790e+00 3.594622674089131209e+01
-2.318494056128615366e+00 3.495791205930015622e+01
-1.928941981760669666e+00 3.395806056689447416e+01
-1.521494568650396007e+00 3.295364109703092481e+01
-1.092861162573588230e+00 3.195005028255809520e+01
-6.419107236803580641e-01 3.095152950141543613e+01
-1.692135486924772059e-01 2.996157489947443509e+01
3.215614475434463437e-01 2.898262086221559031e+01
8.239204256082329758e-01 2.801535703484731243e+01
1.329269985408864096e+00 2.705851840893142324e+01
1.828073210503398771e+00 2.610992744995832737e+01
2.310335141677384740e+00 2.516727021503507444e+01
2.766850216165896548e+00 2.422826701879176881e+01
3.189502150912447931e+00 2.329109081267641912e+01
3.572296925280673552e+00 2.235467747304164021e+01
3.910168624765517631e+00 2.141899302570042352e+01
4.201744141135444366e+00 2.048503351316882970e+01
4.447749284699444416e+00 1.955387446901274018e+01
4.649027207130234096e+00 1.862684262178491679e+01
4.806716297619561651e+00 1.770574997153858732e+01
4.922470952037564906e+00 1.679271899958283853e+01
4.998721577611396683e+00 1.588962460923308839e+01
5.036933037773461130e+00 1.499855903088062448e+01
5.039907522126428674e+00 1.412098623361730887e+01
5.010177988735931010e+00 1.325792449397962081e+01
4.950356903356566640e+00 1.240977011739455094e+01
4.861763090792200259e+00 1.157743189144352414e+01
4.746166558193135820e+00 1.076169025442215244e+01
4.605795002934244486e+00 9.962807544962362982e+00
4.441990375110915323e+00 9.181645460312697793e+00
4.256601235864209798e+00 8.418866088188503127e+00
4.051784275150780879e+00 7.674558604376548132e+00
3.828891746746005964e+00 6.949539468157105659e+00
3.589440253723822583e+00 6.244839620647541167e+00
3.335677631449334601e+00 5.560323095470217858e+00
3.069483896724204186e+00 4.895827570078595592e+00
2.792414663520795148e+00 4.251671017462662405e+00
2.506117724444734574e+00 3.628007801907760843e+00
2.211824165080359617e+00 3.026142328227229950e+00
1.910737512644418157e+00 2.448397856476648204e+00
1.603821388314055074e+00 1.898448922130172134e+00
1.291639803984765411e+00 1.382884603307513061e+00
9.745689999371389689e-01 9.128484567185232157e-01
6.531151159064283451e-01 5.057366340247255732e-01
3.279105005156497943e-01 1.880761750063999205e-01
2.314517077740545699e-07 9.132050686236305501e-06
