-2.569353286577266005e+01 -2.287474468494130608e+00
-3.945615790950025570e+01 -1.959354504613101566e+00
-4.588724702646386078e+01 -1.626667599575016832e+00
-4.783382934471794812e+01 -1.283755521252214038e+00
-4.707240042254601775e+01 -9.225166843243994830e-01
-4.473219833506070131e+01 -5.304702300316462837e-01
-4.156510699014748411e+01 -8.777363827349345116e-02
-3.812536886478323339e+01 4.375188100715984851e-01
-3.490206004512356941e+01 1.097089785331536449e+00
-3.243581692327205701e+01 1.974718721779125552e+00
-3.144813712150087071e+01 3.206293449388261330e+00
-3.129727426736837259e+01 4.627784592626905891e+00
-3.149954067335002250e+01 6.134359962733007876e+00
-3.173087890260618948e+01 7.653193090318152869e+00
-3.180179503069087588e+01 9.114584762103172366e+00
-3.161284621858259669e+01 1.044633844194102679e+01
-3.113635011561981258e+01 1.158526855735875216e+01
-3.040357819445995347e+01 1.249817572451998338e+01
-2.948849241834150803e+01 1.320745152666815336e+01
-2.845923909421258458e+01 1.375879878854229688e+01
-2.736511579310576181e+01 1.420197829994326710e+01
-2.623970952124082245e+01 1.457707733303339914e+01
-2.510751864577128600e+01 1.491711975570632198e+01
-2.398592599001033676e+01 1.525036261130932047e+01
-2.288880942819547570e+01 1.560206319206675651e+01
-2.182986857764030475e+01 1.599618975500995433e+01
-2.082564606958564468e+01 1.645675814597361963e+01
-1.989571384278590926e+01 1.700501628196946768e+01
-1.905915424483107756e+01 1.765388710914702841e+01
-1.832674183056554895e+01 1.840180233304006663e+01
-1.769740834391322437e+01 1.923529272946890956e+01
-1.715686737377205517e+01 2.013341678460415096e+01
-1.668374615334602851e+01 2.107554241815399720e+01
-1.625529178100518735e+01 2.204389985194446666e+01
-1.584849129450054939e+01 2.302230805587372231e+01
-1.544117697272774237e+01 2.399484039572417515e+01
-1.501274613200329888e+01 2.494657468286284185e+01
-1.454432929587329681e+01 2.586259140876800089e+01
-1.402137852928902895e+01 2.672793511686334966e+01
-1.343369079328810933e+01 2.752845359167154626e+01
-1.277593502364732281e+01 2.825195256097603647e+01
-1.204873726526112243e+01 2.889030307797380459e+01
-1.125602047266093919e+01 2.943597034336829310e+01
-1.040898922173095009e+01 2.988883370081734014e+01
-9.519949505489803343e+00 3.025340767118622409e+01
-8.599817726199670886e+00 3.053405961646643973e+01
-7.658806829344087852e+00 3.073494661753784385e+01
-6.706397398703800583e+00 3.086005390096441303e+01
-5.750831377265510191e+00 3.091357395616259041e+01
-4.800135779736510955e+00 3.089629582877145708e+01
-3.862394307730400378e+00 3.080998120024551667e+01
-2.945630370815153665e+00 3.065398876938317940e+01
-2.060925387911133111e+00 3.042201814845320129e+01
-1.224080869682806938e+00 3.010592370211531588e+01
-4.570996037114787303e-01 2.969525216433614290e+01
2.127284692335370264e-01 2.918171273544191990e+01
7.578191688855091535e-01 2.856378434345803186e+01
1.158710776291273170e+00 2.785029514249536220e+01
1.414344103286546694e+00 2.706109054456154794e+01
1.540878365064080713e+00 2.621981362776855207e+01
1.568587254138978704e+00 2.534723740661429048e+01
1.527260064358201719e+00 2.445789511709511999e+01
1.445929159645447104e+00 2.356129157300577148e+01
1.350986860941199907e+00 2.266344042789027924e+01
1.267415349407844394e+00 2.176888353987826008e+01
1.219439352642365026e+00 2.088214413363520094e+01
1.231031214810478946e+00 2.000933604924059139e+01
1.326566846853857173e+00 1.916016826685244467e+01
1.526201915093007733e+00 1.834819648156501160e+01
1.844050267396895926e+00 1.758908115608399214e+01
2.286482105707862367e+00 1.689902664442494640e+01
2.843530469197129928e+00 1.628728628783506593e+01
3.491810826780810562e+00 1.574968577242040979e+01
4.205140419407680241e+00 1.527200102071127041e+01
4.960336993826434338e+00 1.483561893578911395e+01
5.738323089423605694e+00 1.442195196682894398e+01
6.522264201349494250e+00 1.401300083792243356e+01
7.296563680520560702e+00 1.359171456364061115e+01
8.044360921232531325e+00 1.314141435243905143e+01
8.745453817680107989e+00 1.264743776431797251e+01
9.374480030410724751e+00 1.209723292404670225e+01
9.902231741902946638e+00 1.148450801603068250e+01
1.029544163360264619e+01 1.080916827678179892e+01
1.051501469911037745e+01 1.007763649377475268e+01
1.053334002397222235e+01 9.310871885247864910e+00
1.035208935582521583e+01 8.537672525199731410e+00
9.991003113435869665e+00 7.782636590929119080e+00
9.484854093326294588e+00 7.058678885814118509e+00
8.863573498970817255e+00 6.371968506954144296e+00
8.157205502914415263e+00 5.718927245695735628e+00
7.387290893787873181e+00 5.094159757419801871e+00
6.572110076487716945e+00 4.490208941899751061e+00
5.727750835985515820e+00 3.896902018550540081e+00
4.867439767527939942e+00 3.304277947265540138e+00
4.004250549300451212e+00 2.704441193228281914e+00
3.150668464979622385e+00 2.093556216226273303e+00
2.319010321589511037e+00 1.477733940261792167e+00
1.517495791614157818e+00 8.805741126292534471e-01
7.474958175982844288e-01 3.540406446378502325e-01
4.125564214502269400e-07 9.220310145628614644e-05
