2.743531237599085060e+01 4.258121753024808243e+01
3.954386234723603621e+01 4.273044200465511722e+01
4.283275905927403215e+01 4.287020644006556580e+01
4.119860991882927692e+01 4.298825075011953345e+01
3.708086594881887521e+01 4.306588597646653938e+01
3.218386661608086285e+01 4.307246260241934976e+01
2.798130187251760503e+01 4.295629869566131731e+01
2.615240506813593413e+01 4.262938273654613397e+01
2.562660541771970202e+01 4.217607978683840031e+01
2.571903180631083430e+01 4.164334601724237217e+01
2.592779979687937697e+01 4.105462711623659544e+01
2.584913459668435820e+01 4.041577914491086432e+01
2.557787959867894756e+01 3.976439871275022142e+01
2.519219946917107222e+01 3.910909491497710633e+01
2.474504229225442842e+01 3.845265748540616357e+01
2.426432536150420205e+01 3.779358529035759773e+01
2.375919791296943728e+01 3.712346985385609344e+01
2.323418666850449199e+01 3.643517276488326928e+01
2.269642218399213718e+01 3.572811351998089435e+01
2.215395590827460026e+01 3.500418613176540816e+01
2.161512106361206875e+01 3.426959470466712787e+01
2.108437811306135501e+01 3.352921516028550286e+01
2.056373086209621093e+01 3.278498455254075594e+01
2.005585895982621736e+01 3.204183546474804700e+01
1.956347791079391740e+01 3.130628499667845688e+01
1.908896765741615908e+01 3.058388385739806736e+01
1.863351937875404474e+01 2.987761238628138827e+01
1.819681928779368363e+01 2.918482089764138010e+01
1.777492692239740535e+01 2.849737654811723786e+01
1.736087172366755382e+01 2.780615235366850868e+01
1.695088157850960542e+01 2.710956212021315892e+01
1.654637287950551894e+01 2.641858326218233799e+01
1.614922429286805539e+01 2.574648387039037090e+01
1.575991971695207639e+01 2.510237210471876068e+01
1.537761825014928796e+01 2.449043502925116655e+01
1.500345039530927416e+01 2.391121150978691645e+01
1.463888623663068778e+01 2.336262854910875930e+01
1.428424899978650409e+01 2.284035828335511908e+01
1.394141728047601170e+01 2.234107619071185624e+01
1.361316382614183063e+01 2.185942662097891898e+01
1.330235833306908866e+01 2.139180890855136852e+01
1.300730232770720640e+01 2.093525627228548558e+01
1.272248772099578673e+01 2.048460659032114251e+01
1.244593716162930797e+01 2.003859121018478717e+01
1.217401825965321116e+01 1.959434647751482572e+01
1.190049562656305682e+01 1.914821129543386391e+01
1.162068297627774172e+01 1.870037308984871061e+01
1.133131050455612154e+01 1.824781227933048555e+01
1.103030248265041458e+01 1.778075670898993366e+01
1.071696655723262381e+01 1.728663761773540131e+01
1.039332129423881312e+01 1.675882022840553986e+01
1.006367896605735801e+01 1.620278524848988511e+01
9.729072558041249152e+00 1.562663838741870848e+01
9.385522165261773964e+00 1.503034904195473587e+01
9.029558180368129072e+00 1.441547570728185335e+01
8.659795058112965904e+00 1.379324238727095420e+01
8.266566669796336697e+00 1.316402379938710965e+01
7.849019666295458109e+00 1.252495626484829927e+01
7.422585814435719520e+00 1.188135430927279579e+01
7.004931966316913616e+00 1.124585198725634250e+01
6.610521591936879382e+00 1.063584554627568046e+01
6.246897764979299161e+00 1.006637917004285043e+01
5.919325487029073685e+00 9.550297374859647803e+00
5.629246304211569907e+00 9.100567302412581938e+00
5.374605738953726508e+00 8.715466841179384971e+00
5.153733006761922475e+00 8.378051625221795362e+00
4.961921680076699204e+00 8.074472360303673213e+00
4.790724853990579568e+00 7.798087278313250437e+00
4.632387716792345955e+00 7.548063519230826302e+00
4.479209400851670964e+00 7.322163199222604391e+00
4.325297513377521774e+00 7.116802430456610651e+00
4.170221651148971809e+00 6.929641650995391089e+00
4.016755646248201472e+00 6.753967606060229834e+00
3.868248268532462841e+00 6.582216319459536891e+00
3.728993352618706236e+00 6.408645576405461064e+00
3.600123955365492456e+00 6.227435752914511902e+00
3.480445877074390459e+00 6.032529651244719737e+00
3.368240142603375453e+00 5.820076664507785935e+00
3.259838580690017640e+00 5.588670445524543950e+00
3.150566751979732238e+00 5.336938583123805202e+00
3.035715034447704408e+00 5.066149009592666452e+00
2.910916779159392398e+00 4.779302953554616096e+00
2.772739122675362822e+00 4.481057154409050725e+00
2.619879241796484681e+00 4.177960334206746396e+00
2.455686176028727186e+00 3.875939650605774389e+00
2.284847525925966405e+00 3.577600771344811470e+00
2.114612220748661731e+00 3.289522854721720346e+00
1.949856628912802536e+00 3.018312604927706033e+00
1.789760010766209497e+00 2.766264317226416303e+00
1.631282912669284713e+00 2.535704087035033805e+00
1.470086910752803178e+00 2.323109664403089525e+00
1.304011739509453482e+00 2.116532220958499355e+00
1.136947505806595204e+00 1.900153480553062435e+00
9.728699102105667906e-01 1.660224469657200830e+00
8.062878734690975824e-01 1.392505289140325342e+00
6.305721318752220972e-01 1.100518634398291340e+00
4.491746218405239244e-01 7.936383170667353770e-01
2.757820586104337557e-01 4.876839472776268725e-01
1.252349363859144860e-01 2.059576326737934393e-01
4.460330867817630665e-11 2.428833624722020137e-06
