-2.996585126713493707e+01 4.333293922501261619e+01
-4.623507426637838336e+01 4.316002314989204081e+01
-5.405557908177018334e+01 4.298414332140025351e+01
-5.667288841604334237e+01 4.280163356231268068e+01
-5.609934361848669937e+01 4.260725636985470999e+01
-5.359103799878010221e+01 4.239296160226560772e+01
-4.994551708745003538e+01 4.214597855634785617e+01
-4.569080082958075906e+01 4.184578924917239107e+01
-4.121052689671487457e+01 4.145926555709593941e+01
-3.683487469450071927e+01 4.093281769056698494e+01
-3.291881944077645272e+01 4.017969315006424580e+01
-2.992626293201205812e+01 3.905941595898778473e+01
-2.849778365809351754e+01 3.735460481498117957e+01
-2.792035163376564100e+01 3.546899463779058692e+01
-2.773415175601825666e+01 3.357904373083012928e+01
-2.770056783761491204e+01 3.174487912069051987e+01
-2.770877680300209178e+01 2.998259923030461138e+01
-2.771524898153672112e+01 2.829924121705530737e+01
-2.771169552204343134e+01 2.669515260963136782e+01
-2.770333119234739527e+01 2.516441301854555590e+01
-2.770097780488207206e+01 2.370214051113726228e+01
-2.771600265884272574e+01 2.230804124689223045e+01
-2.775614877956714110e+01 2.097978286641644985e+01
-2.782484766918022601e+01 1.971671971283295832e+01
-2.791887975047983161e+01 1.852162696512578677e+01
-2.802969753751457915e+01 1.739235765577344139e+01
-2.814743544329561686e+01 1.632354642778804177e+01
-2.826341971974765599e+01 1.530970374722619276e+01
-2.837401502396414799e+01 1.434853246104959368e+01
-2.848300713551005003e+01 1.343776569333443938e+01
-2.859691014587876268e+01 1.257363496672789793e+01
-2.872129337450927622e+01 1.175085512062570281e+01
-2.885968103593461365e+01 1.096317024061159984e+01
-2.901412667802181389e+01 1.020549900629081463e+01
-2.918566729126848358e+01 9.474771858674580827e+00
-2.937472580180746817e+01 8.769902082596741977e+00
-2.958117141931713689e+01 8.090829579505196989e+00
-2.980448344618203649e+01 7.437188083759392221e+00
-3.004348526509017603e+01 6.807368186640641028e+00
-3.029638208373849295e+01 6.201246494234126772e+00
-3.055961398106337157e+01 5.619117682734128039e+00
-3.082966818992596814e+01 5.061090661765418552e+00
-3.110333414247014616e+01 4.526659646408121240e+00
-3.137712819205728110e+01 4.016668851098092574e+00
-3.164605536226022409e+01 3.532233595549499672e+00
-3.190331209203904805e+01 3.074166307266886999e+00
-3.214093015629865135e+01 2.641320735028472200e+00
-3.235196274533795702e+01 2.230070708531464607e+00
-3.252941135846897680e+01 1.837040081139638570e+00
-3.266870440642698981e+01 1.458761199436056755e+00
-3.276702729249061719e+01 1.092127875110488588e+00
-3.282159114505316211e+01 7.356563232094638360e-01
-3.283064951764362860e+01 3.896222839264090188e-01
-3.279117238124891998e+01 5.618447307557940251e-02
-3.270293454993380067e+01 -2.618241680459501008e-01
-3.256547946203353661e+01 -5.611604110453368710e-01
-3.237859076702158490e+01 -8.378999141837847331e-01
-3.214627685594361850e+01 -1.090218211874710130e+00
-3.187265253955024846e+01 -1.317752640113598384e+00
-3.156187486767290551e+01 -1.522201236456247386e+00
-3.121580274529497601e+01 -1.704932577044094399e+00
-3.083674952326715868e+01 -1.868436008087508204e+00
-3.042622840119569716e+01 -2.016043418974482915e+00
-2.998332282882239852e+01 -2.149986494641366264e+00
-2.950760508797899462e+01 -2.271663945724522460e+00
-2.899863909324460209e+01 -2.381534382399309813e+00
-2.845551944174667014e+01 -2.479170142531406107e+00
-2.787652247252590243e+01 -2.563268463833838773e+00
-2.725888643245812304e+01 -2.631704425413876614e+00
-2.659880751546630506e+01 -2.681671080869463264e+00
-2.589190680381380716e+01 -2.709908654661231875e+00
-2.513525733257796446e+01 -2.714803605993258095e+00
-2.432386298716417627e+01 -2.694873224036156589e+00
-2.345564286699386614e+01 -2.652358013554340310e+00
-2.252529440631035129e+01 -2.590085661619046853e+00
-2.152911074097086797e+01 -2.511711247239090117e+00
-2.046858812598761546e+01 -2.421227190856000799e+00
-1.934526827081256428e+01 -2.320522322832569539e+00
-1.816505927065232484e+01 -2.208699802455884598e+00
-1.694270456141875769e+01 -2.084349161879918810e+00
-1.569645692183374663e+01 -1.950377223676679428e+00
-1.444574783397453821e+01 -1.812438281539707541e+00
-1.320857848194311401e+01 -1.673411849438118715e+00
-1.199975435838834059e+01 -1.533530965406050939e+00
-1.083204057320364022e+01 -1.394102551354017061e+00
-9.717399249450643595e+00 -1.258791084759309120e+00
-8.662825324534583871e+00 -1.132504142262803271e+00
-7.671395167467824905e+00 -1.020108133008374773e+00
-6.745526139492755036e+00 -9.254961589322366899e-01
-5.885976594925727667e+00 -8.476643080104605543e-01
-5.094568961770973736e+00 -7.793457168635927745e-01
-4.369084202181307219e+00 -7.072118346636691033e-01
-3.703304861805267745e+00 -6.200722892241661288e-01
-3.085715512248093706e+00 -5.163079760716527966e-01
-2.506721586794535384e+00 -4.007781065102214435e-01
-1.959597808775557448e+00 -2.829903547399373887e-01
-1.438978200975172816e+00 -1.738676270221767017e-01
-9.409105034819886804e-01 -8.432422584910145846e-02
-4.632181071013473095e-01 -2.479423844915671846e-02
-1.598597114937707904e-15 -2.402567795201483213e-10
