-4.062322391579813541e+01 -4.481681428719875271e+01
-6.105450902486487053e+01 -4.372274289433556049e+01
-6.931311930588935866e+01 -4.261215840394082477e+01
-7.028366850819426759e+01 -4.146429674438852686e+01
-6.697721638766631713e+01 -4.024879754311150037e+01
-6.130333940468660359e+01 -3.891788835626429943e+01
-5.456191844250681555e+01 -3.739408635331890451e+01
-4.777791583458169100e+01 -3.555025132771623220e+01
-4.196488927993653562e+01 -3.317681210626282962e+01
-3.838615619308105664e+01 -2.992785036911140395e+01
-3.637641882305804586e+01 -2.648190605219928173e+01
-3.529226706400502422e+01 -2.319866235870159343e+01
-3.470851366294037632e+01 -2.023710155004558686e+01
-3.437364955185849169e+01 -1.763369326545343796e+01
-3.414378443929378903e+01 -1.538435052721730401e+01
-3.394661375239141421e+01 -1.344450878559370288e+01
-3.374386262233718980e+01 -1.176641071785217818e+01
-3.351727286744820589e+01 -1.030250788841791731e+01
-3.325855237957419064e+01 -9.011021610612337085e+00
-3.296390813164094169e+01 -7.856301671622942351e+00
-3.262923436237841912e+01 -6.816656018883417545e+00
-3.225281964756985786e+01 -5.874326015732047601e+00
-3.183098524363122905e+01 -5.020976217613030812e+00
-3.136190838777961076e+01 -4.250568825134762641e+00
-3.084348953907869628e+01 -3.561648798762698132e+00
-3.027476120019767336e+01 -2.957297266893727627e+00
-2.966023850206130419e+01 -2.438842557517867160e+00
-2.900564414526018098e+01 -2.009922235148430048e+00
-2.831841924981349123e+01 -1.676540718633166893e+00
-2.760766178134863935e+01 -1.447526631661915530e+00
-2.688319451677961425e+01 -1.342055077234622917e+00
-2.616028483193879239e+01 -1.378877175508812281e+00
-2.545812571743280017e+01 -1.585633576243068221e+00
-2.480084132402547681e+01 -1.983223368200648595e+00
-2.420491026498600817e+01 -2.564535849498841280e+00
-2.367606548073453610e+01 -3.310790673816722318e+00
-2.320884041576278989e+01 -4.195942740821111627e+00
-2.279219708293461366e+01 -5.198041332338084075e+00
-2.241511623816201038e+01 -6.303156926050018427e+00
-2.206582627835301125e+01 -7.498894577726012756e+00
-2.173478334660986633e+01 -8.778282445281067936e+00
-2.141398028696969646e+01 -1.013483683983785077e+01
-2.109743517712485783e+01 -1.156536710276538926e+01
-2.078199704102018330e+01 -1.306284433052942795e+01
-2.046758217614429043e+01 -1.461659628889099061e+01
-2.015647850662942631e+01 -1.621282778272446023e+01
-1.985226926704411099e+01 -1.783732856948484624e+01
-1.955951613426262981e+01 -1.947662349351857713e+01
-1.928299946642839302e+01 -2.111672256474041731e+01
-1.902778730137458751e+01 -2.274293532335129697e+01
-1.879765581389285245e+01 -2.433748412492762725e+01
-1.859180363601390340e+01 -2.588576139763947381e+01
-1.840702154779626554e+01 -2.737680021138059772e+01
-1.823884792065044991e+01 -2.880103683394159830e+01
-1.808233945792126462e+01 -3.014859826129694653e+01
-1.793178529948749045e+01 -3.141514107030451086e+01
-1.778182515040760237e+01 -3.259921240455436475e+01
-1.762721788015591073e+01 -3.370140788328929204e+01
-1.746138935464303543e+01 -3.472438918390612628e+01
-1.727515407233710221e+01 -3.566586744283748089e+01
-1.705619363813465839e+01 -3.652059617036037054e+01
-1.678867316570806167e+01 -3.727588775955935319e+01
-1.645634569475286924e+01 -3.791336433788953997e+01
-1.604527893888186796e+01 -3.840663648333229219e+01
-1.555748504691297640e+01 -3.873444105204954724e+01
-1.501531090987512052e+01 -3.889991344344206681e+01
-1.444433552683884514e+01 -3.891537313714624702e+01
-1.386729499904762442e+01 -3.879521318164714927e+01
-1.330059721325179467e+01 -3.855799517266400045e+01
-1.275398937807497646e+01 -3.822069531065273651e+01
-1.223383317398631753e+01 -3.779462718502583130e+01
-1.174479852919894007e+01 -3.728735433692332180e+01
-1.128748642338904062e+01 -3.670816101846342150e+01
-1.086114959421209214e+01 -3.606315698890502830e+01
-1.046437664732274087e+01 -3.535617927287291451e+01
-1.009525122535839436e+01 -3.458934928074445736e+01
-9.750989957927670204e+00 -3.376345870705783625e+01
-9.427372542812456402e+00 -3.287823462446766598e+01
-9.120536457067725422e+00 -3.192968248156829958e+01
-8.825702737222384187e+00 -3.091493950342592356e+01
-8.537230308484279107e+00 -2.983155789096174715e+01
-8.248763310612948985e+00 -2.867694787837203663e+01
-7.953554393764241226e+00 -2.744835981552489201e+01
-7.644793301551314535e+00 -2.614617953564494712e+01
-7.315397825803448661e+00 -2.476809245448334806e+01
-6.959741630674634472e+00 -2.331374445603649903e+01
-6.573900638150648845e+00 -2.178270619681781639e+01
-6.155592669805794337e+00 -2.017462369409865630e+01
-5.705503282065743420e+00 -1.849321389147694106e+01
-5.225972890707901719e+00 -1.674357760255605498e+01
-4.720287977977656091e+00 -1.493282115595387083e+01
-4.193504065535078595e+00 -1.307370803162812223e+01
-3.651036560210579207e+00 -1.118206993128758420e+01
-3.098950049767521531e+00 -9.275871993786889647e+00
-2.544537726654014342e+00 -7.378127669101879782e+00
-1.996724290163185422e+00 -5.521727719236515952e+00
-1.464793712069945464e+00 -3.754536500610946792e+00
-9.560699242295845890e-01 -2.151338662231765841e+00
-4.708428670596096488e-01 -8.325187676685432692e-01
-4.340481355044889116e-05 -6.360012330992324868e-04
