4.131528254946368151e+01 4.607079074005204689e+01
6.226109010864750104e+01 4.572639120984881345e+01
7.096666687334983692e+01 4.537647242169229145e+01
7.235743858134895845e+01 4.501407047999401101e+01
6.944421896057667709e+01 4.462895408735801084e+01
6.411127372119854329e+01 4.420494655464084133e+01
5.760951760351560580e+01 4.371569163502797295e+01
5.088393500562281702e+01 4.311775491077916911e+01
4.482092473549670331e+01 4.233925504565996789e+01
4.048031047905251967e+01 4.126104922004503095e+01
3.833641073838329305e+01 3.993600130770854406e+01
3.732002464168244416e+01 3.877685272970411035e+01
3.681426517302738688e+01 3.783748453627657682e+01
3.649041112711609003e+01 3.710123099593656093e+01
3.621465207132133202e+01 3.652125756580329607e+01
3.593349738676462124e+01 3.605387661616937578e+01
3.562744135373714016e+01 3.566696403645991609e+01
3.529332167213006244e+01 3.533862514101209484e+01
3.493332769335762578e+01 3.505415013016614267e+01
3.454896592792854904e+01 3.480646462468783398e+01
3.414261049898105682e+01 3.459426558976403498e+01
3.371698842123814899e+01 3.441964837296582402e+01
3.327512735019054446e+01 3.428269532768876360e+01
3.281752945839512137e+01 3.418260476025864847e+01
3.234392933145682747e+01 3.412099359272908572e+01
3.185569376436953348e+01 3.409996936373432419e+01
3.135254226449070458e+01 3.412170542643028881e+01
3.083272422438431448e+01 3.419096403815768070e+01
3.029544304626455542e+01 3.431185475015225705e+01
2.973891756505028283e+01 3.448800830363840220e+01
2.915945812459938935e+01 3.472271141667130223e+01
2.855203476340633983e+01 3.501916663123914475e+01
2.791104170182290645e+01 3.537786043923578916e+01
2.723045220513002462e+01 3.579793867145694719e+01
2.650719651354971518e+01 3.627457039133972927e+01
2.574137900701172299e+01 3.679835606382045654e+01
2.493510218893911556e+01 3.735592763131449345e+01
2.409333889470848789e+01 3.792998639402593852e+01
2.322692251247547546e+01 3.850101053604178958e+01
2.235250614189328999e+01 3.905288976461608996e+01
2.148641336662783274e+01 3.957595407706649127e+01
2.064457919647970030e+01 4.006245739191929545e+01
1.983692765846285511e+01 4.050409847047081513e+01
1.906778403342777040e+01 4.089059736288568558e+01
1.833950810357164585e+01 4.121275491857917217e+01
1.764743765213808757e+01 4.147009599408492875e+01
1.698230237251162578e+01 4.166589453802777143e+01
1.633724206549371871e+01 4.180354054921237150e+01
1.571014418951487990e+01 4.188654708215732114e+01
1.509976598847976526e+01 4.191924384507618839e+01
1.450408995523425126e+01 4.190439149827649601e+01
1.391954610424533456e+01 4.184441360423197409e+01
1.334361827299122005e+01 4.173947190338042645e+01
1.277490763503158533e+01 4.159126287620225781e+01
1.221358857774267292e+01 4.139995460355102352e+01
1.166200380331195063e+01 4.116754116017335718e+01
1.112097945691564682e+01 4.089674883765349023e+01
1.059128327942592840e+01 4.058878788715504271e+01
1.007264822047814157e+01 4.024638258914408340e+01
9.564912494701344414e+00 3.987072931105988260e+01
9.067383539988346897e+00 3.946341831542897438e+01
8.579959279982253051e+00 3.902437241956651093e+01
8.103609934868883258e+00 3.855476733203263962e+01
7.638676609086180846e+00 3.805478494967996994e+01
7.185002950606706129e+00 3.752218282450849784e+01
6.744437694907966296e+00 3.695262141535167189e+01
6.322357246297947597e+00 3.634168022377669161e+01
5.924254303871460792e+00 3.568220498158447640e+01
5.557344105361052833e+00 3.496244462088579041e+01
5.229104627065275679e+00 3.417306365074794883e+01
4.944133116167719777e+00 3.330401773473368365e+01
4.703231304638738841e+00 3.234490859985030653e+01
4.502573607453633109e+00 3.128546467096711936e+01
4.335396445479854144e+00 3.011763979387390222e+01
4.193536121977584408e+00 2.883757298493191357e+01
4.067739894137602619e+00 2.744708433490258770e+01
3.946094839371901752e+00 2.595713485145427057e+01
3.817508082531956504e+00 2.438503894678141748e+01
3.672307661907093124e+00 2.274579258891810341e+01
3.499592099313975080e+00 2.104833951204775744e+01
3.290792355423556526e+00 1.931131148468439562e+01
3.042133769171114555e+00 1.755909801644212820e+01
2.757433092211373893e+00 1.581075937142146515e+01
2.454513349108134790e+00 1.407790785805835476e+01
2.156150823688495421e+00 1.236902677384968285e+01
1.866197231000870760e+00 1.070622119482667323e+01
1.578895015764795406e+00 9.112319115610404197e+00
1.285108632902955517e+00 7.607749193421222245e+00
9.863545823484793917e-01 6.210696190229108460e+00
6.962839883537056407e-01 4.942157013230597862e+00
4.334916402162043991e-01 3.823831245547125057e+00
2.141970736023826871e-01 2.860943224880970970e+00
4.217689498074424226e-02 2.039469875803809451e+00
-8.363603244641194812e-02 1.348056747082505780e+00
-1.678183701506035241e-01 7.765250583574430099e-01
-2.143428740712907676e-01 3.194781583493528365e-01
-2.235017003873878416e-01 -1.174163256516044807e-02
-1.912295654546090073e-01 -1.821790205732194134e-01
-1.070410157922051103e-01 -1.172875467896735968e-01
-7.449572074033639375e-16 -4.670320271592923183e-11
