3.300817244676425588e+01 4.221679972153230409e+01
4.863439726530383211e+01 4.218437484432789830e+01
5.396780841325317368e+01 4.213393458575001205e+01
5.328433004713242127e+01 4.204253996158039541e+01
4.921609537830363479e+01 4.187605915806146584e+01
4.347011122348396128e+01 4.157983929536270296e+01
3.729482474179398821e+01 4.106376976050249539e+01
3.182121512117614515e+01 4.017765345904788177e+01
2.837195235970581919e+01 3.867015879190225291e+01
2.593254764100227305e+01 3.712586733567765407e+01
2.407352134017131107e+01 3.581593230483558443e+01
2.259559881049492702e+01 3.477150489197395444e+01
2.138463952126921086e+01 3.393353353077534251e+01
2.037076809038306280e+01 3.323672405594624024e+01
1.952263779432779955e+01 3.263584623198756418e+01
1.882432096910088504e+01 3.210260811524652524e+01
1.825797323175086362e+01 3.161815521194769119e+01
1.780162806710401568e+01 3.116862015152271326e+01
1.743902543779259773e+01 3.074701704220613507e+01
1.715293800161228788e+01 3.034864275322079763e+01
1.692983546867649380e+01 2.996999930883901087e+01
1.675738767626045700e+01 2.960908060735171787e+01
1.662480283620975996e+01 2.926312421483131487e+01
1.652434081301511881e+01 2.892969303834493644e+01
1.645008525533024724e+01 2.860576520682633017e+01
1.639890083895876316e+01 2.828855941432284027e+01
1.636997612666563029e+01 2.797649204354475927e+01
1.636448544980803277e+01 2.766939083479368833e+01
1.638549563305173251e+01 2.736825036864379612e+01
1.643811022433772706e+01 2.707506379300593125e+01
1.652975198843602556e+01 2.679356818206355939e+01
1.666749312172145636e+01 2.652889894581391061e+01
1.685818342559136340e+01 2.628720147263818063e+01
1.710429394114931867e+01 2.607325346141464806e+01
1.740507284477324745e+01 2.588827037488011129e+01
1.775736727720048691e+01 2.572949608867706672e+01
1.815640813746351512e+01 2.559187124277510250e+01
1.859655725596699227e+01 2.547079260548164825e+01
1.907089188303822169e+01 2.536400993798936554e+01
1.957149000181773246e+01 2.526977369062522882e+01
2.009334862374293706e+01 2.518582465248418956e+01
2.063162473999339142e+01 2.510949506918042218e+01
2.118011250292157754e+01 2.503833270705969838e+01
2.173059901947469896e+01 2.497003507376369669e+01
2.227359524196199203e+01 2.490197661454500278e+01
2.280215534416366197e+01 2.483085792178472317e+01
2.331138004148613163e+01 2.475304173332005675e+01
2.379728888198651049e+01 2.466537748234453531e+01
2.425805252018043490e+01 2.456543372795692548e+01
2.469032191997245818e+01 2.445054045681251154e+01
2.509195873437268887e+01 2.431908977546000372e+01
2.546105827654663045e+01 2.416887091868701987e+01
2.579522145158867019e+01 2.399754535146497147e+01
2.609096034280070597e+01 2.380302415916576919e+01
2.634270621636365561e+01 2.358402446166738997e+01
2.654764657023157071e+01 2.334226476731787514e+01
2.670158786830600661e+01 2.307950542642536718e+01
2.680382069985891746e+01 2.280028790267526162e+01
2.685919079429831413e+01 2.250976025577267237e+01
2.687310154057163913e+01 2.221198687314686993e+01
2.685150516284205580e+01 2.191039058470686740e+01
2.680061010903854068e+01 2.160685200879398238e+01
2.672390046256845153e+01 2.130250339412028282e+01
2.662455332891795834e+01 2.099774358368411953e+01
2.650328754730163183e+01 2.069263545741266341e+01
2.636034008568943676e+01 2.038765921091661326e+01
2.619480808477122480e+01 2.008271549295445269e+01
2.600400198304296495e+01 1.977667987844738562e+01
2.578283951535386009e+01 1.946742245515344294e+01
2.552379880195176654e+01 1.915308591024975016e+01
2.522088415250393822e+01 1.883266801699511461e+01
2.486740074832136926e+01 1.850437663492596485e+01
2.445894025818365947e+01 1.816666592022319549e+01
2.399131837098179076e+01 1.781772665050857896e+01
2.345873970091540883e+01 1.745447598838768855e+01
2.285474762576006569e+01 1.707233274209975704e+01
2.217647960896663406e+01 1.666419544132786612e+01
2.142376826126358580e+01 1.621966830933765991e+01
2.060307872601048373e+01 1.572820849708779889e+01
1.972420453306398613e+01 1.518194026814045472e+01
1.878957737475116829e+01 1.457853666867515230e+01
1.779395944040726363e+01 1.392250279814266456e+01
1.673858704523469143e+01 1.322344607109923409e+01
1.563678517312543548e+01 1.248218339743376326e+01
1.449705933000896607e+01 1.168403503164746482e+01
1.332633470630029571e+01 1.082194803488745016e+01
1.213944307595630967e+01 9.912217082687766023e+00
1.095408866384508961e+01 8.989012431553856430e+00
9.783811695923194662e+00 8.079245232359349771e+00
8.642287236072746737e+00 7.188413744761564139e+00
7.548803336002977815e+00 6.316748738982965961e+00
6.514095275513641425e+00 5.472424211276472938e+00
5.522616938920029028e+00 4.662870282298951174e+00
4.558366753410035166e+00 3.892319888058037414e+00
3.623462148114843906e+00 3.156842492080531137e+00
2.729667797869709922e+00 2.444345319902369695e+00
1.893870782152808241e+00 1.749646332697721407e+00
1.144867914625870231e+00 1.081222162033807388e+00
5.220006974751151274e-01 4.734808486627442026e-01
1.262706750061937848e-03 4.088122192717138711e-03
