-2.793365396979937687e-01 4.134078210741485293e+01
-6.685938190652581659e-01 4.126874556284792561e+01
-1.155892849599400751e+00 4.120783900425127655e+01
-1.730702260799354963e+00 4.116246189234755093e+01
-2.384512659822635605e+00 4.113425158122633007e+01
-3.110601346786692645e+00 4.112374034137330625e+01
-3.903559999682320925e+00 4.113077579666020966e+01
-4.758953341693334060e+00 4.115467716060156533e+01
-5.672769908422487184e+00 4.119388341829726841e+01
-6.640896603414974564e+00 4.124555931016666221e+01
-7.658976034699836788e+00 4.130553948966306166e+01
-8.722301946233278258e+00 4.136891393723745125e+01
-9.824738972731054787e+00 4.143068440301786381e+01
-1.095936991393156568e+01 4.148702345286543647e+01
-1.211867789430775666e+01 4.153557588588636662e+01
-1.329374736075462948e+01 4.157555274646477983e+01
-1.447536653140176810e+01 4.160758623101353493e+01
-1.565475133556151377e+01 4.163280023388514195e+01
-1.682319434530903735e+01 4.165232774527590465e+01
-1.797232564929154108e+01 4.166691958343043467e+01
-1.909436544620128018e+01 4.167663761875851236e+01
-2.018320328479105896e+01 4.168042576516250364e+01
-2.123401374276322073e+01 4.167609996282603646e+01
-2.224267198113664534e+01 4.166021967872183751e+01
-2.320585984017520076e+01 4.162805890798429687e+01
-2.412031944599099376e+01 4.157387561143180932e+01
-2.498341980904082860e+01 4.149113711159760953e+01
-2.579335908105478481e+01 4.137296653040699113e+01
-2.654819831581915324e+01 4.121236762324117109e+01
-2.724589907917548004e+01 4.100312522113794955e+01
-2.788470871370936877e+01 4.074042950651890038e+01
-2.846380164707532856e+01 4.042140365999642171e+01
-2.898285294981669580e+01 4.004449653366193473e+01
-2.944309509758916832e+01 3.961012421561292030e+01
-2.984677086385688938e+01 3.911940696969728748e+01
-3.019803773484069254e+01 3.857437232334302735e+01
-3.050199343935533847e+01 3.797708690704628509e+01
-3.076485879530078194e+01 3.732989709523545940e+01
-3.099342103476227805e+01 3.663490815963326241e+01
-3.119465454743480493e+01 3.589380911633559634e+01
-3.137491529215286334e+01 3.510787838811400263e+01
-3.153904966574299351e+01 3.427803142255815771e+01
-3.169011338370621900e+01 3.340427333984213476e+01
-3.182943519215211836e+01 3.248621795482404906e+01
-3.195640121667286593e+01 3.152405626863254895e+01
-3.206910378006899265e+01 3.051839472200510883e+01
-3.216506042770465967e+01 2.947000349987503753e+01
-3.224190681951437654e+01 2.837984846627195168e+01
-3.229786405428495755e+01 2.724976771621378546e+01
-3.233233798442137896e+01 2.608339262509219125e+01
-3.234584559336651921e+01 2.488523753537031524e+01
-3.233942390355361596e+01 2.366021376077693006e+01
-3.231446984481598150e+01 2.241401759166756236e+01
-3.227288679370990820e+01 2.115291177652418853e+01
-3.221742412246704390e+01 1.988284205811082472e+01
-3.215160633881956898e+01 1.860948402825781400e+01
-3.207999619489193321e+01 1.733810808527063685e+01
-3.200774353467454603e+01 1.607365053506919494e+01
-3.194051654290651854e+01 1.482106840112602875e+01
-3.188411842972317700e+01 1.358539699810049051e+01
-3.184372567495200812e+01 1.237170241140139382e+01
-3.182312135258749564e+01 1.118474902922941361e+01
-3.182413284761259220e+01 1.002902101261763868e+01
-3.184616839932033372e+01 8.908288258004686710e+00
-3.188645499833756958e+01 7.825935201393148688e+00
-3.193983441175976878e+01 6.785277239737897759e+00
-3.199865967700037928e+01 5.789623666623453957e+00
-3.205289566879666552e+01 4.842290431158600583e+00
-3.209028510627435793e+01 3.946690133213522689e+00
-3.209640301349777047e+01 3.106663831484928640e+00
-3.205463589016232362e+01 2.327156175158673790e+00
-3.194643387419094438e+01 1.614817672382983682e+00
-3.175207840464340592e+01 9.782162400740459507e-01
-3.145282081847274114e+01 4.271005844452035460e-01
-3.103488712847192232e+01 -2.974324085122777989e-02
-3.049824799203452841e+01 -3.919382994681556709e-01
-2.985199045294667286e+01 -6.684580271500684123e-01
-2.910656716588599480e+01 -8.715299275211177976e-01
-2.827151393635321597e+01 -1.014022343185818409e+00
-2.735461629933930894e+01 -1.108035912504353071e+00
-2.636204749022367366e+01 -1.164458401487772798e+00
-2.529863450028144811e+01 -1.192763048337489806e+00
-2.416858756673875419e+01 -1.200885053331428809e+00
-2.297639597068069151e+01 -1.194888324164106841e+00
-2.172661176266727878e+01 -1.178680443659514410e+00
-2.042354763687585617e+01 -1.154559682982691848e+00
-1.907281240115463561e+01 -1.123313627154736372e+00
-1.768130463940789454e+01 -1.084581548888411184e+00
-1.625602073077051912e+01 -1.037605899383146069e+00
-1.480384898885286127e+01 -9.817688923422125402e-01
-1.333148137172688763e+01 -9.166668231110366438e-01
-1.184520437221943112e+01 -8.417637183634366638e-01
-1.035045206937745021e+01 -7.561980540792491157e-01
-8.852010898196642330e+00 -6.590222089023496377e-01
-7.355070504040506663e+00 -5.498675277167321962e-01
-5.864512894470670368e+00 -4.298433658124615753e-01
-4.383342674227671765e+00 -3.027628930449402511e-01
-2.913371356983664118e+00 -1.765320883992532175e-01
-1.453777766365422552e+00 -6.755527653458753834e-02
-3.234148674900743740e-09 -6.759235757796238521e-06
