-4.498581314756955862e+01 -9.209130047253395457e-01
-6.744844192449805576e+01 -3.672390641861029148e-01
-7.643894761772446600e+01 1.970561972616796942e-01
-7.743000927314372461e+01 7.854152697916385595e-01
-7.376954447979214535e+01 1.417672323558683667e+00
-6.756996095720072049e+01 2.125321437737700325e+00
-6.026924131910122640e+01 2.959881862148345810e+00
-5.301289118704610814e+01 4.006582240281930218e+00
-4.695820106842882780e+01 5.406998540877614445e+00
-4.358163888804499209e+01 7.396658564483583831e+00
-4.188778108097454123e+01 9.304598959857091955e+00
-4.102644272124720004e+01 1.091097579799658668e+01
-4.049089840725957146e+01 1.216538279945924650e+01
-4.002093153333284903e+01 1.308205127381605237e+01
-3.953020728343182100e+01 1.371853992362636987e+01
-3.900790974137100164e+01 1.414799156289142346e+01
-3.845969984633234162e+01 1.442754599540815796e+01
-3.789347924869377948e+01 1.459641730102183921e+01
-3.731431088430353782e+01 1.467831011981440348e+01
-3.672569140997777737e+01 1.468387542797177048e+01
-3.613160886225239210e+01 1.461805928120013398e+01
-3.553667041545015337e+01 1.447997736342941977e+01
-3.494677538661179028e+01 1.426923666222738341e+01
-3.436596777894065013e+01 1.398741665852370453e+01
-3.379688933984139965e+01 1.363450240750067088e+01
-3.324215730137138536e+01 1.320984906889966659e+01
-3.270508067812760089e+01 1.271229100044604365e+01
-3.218698684745994854e+01 1.214354454134255690e+01
-3.168865092389123816e+01 1.150246157665387159e+01
-3.121080998385420102e+01 1.078992413660129834e+01
-3.075240691803946547e+01 1.000979762344415391e+01
-3.031117259481525039e+01 9.164890211960518229e+00
-2.988684149243348287e+01 8.258298959053506749e+00
-2.948329602318472098e+01 7.297477621435581874e+00
-2.910787227137148392e+01 6.292276186401092097e+00
-2.877053470106623223e+01 5.255897305555109256e+00
-2.847756685620942463e+01 4.203719297647535491e+00
-2.822980360206205930e+01 3.149273460502261646e+00
-2.802305076390056371e+01 2.108758658140936770e+00
-2.784622309545833829e+01 1.097737145861732877e+00
-2.768506505633035530e+01 1.281110965854060368e-01
-2.752401505072125687e+01 -7.910585850292813914e-01
-2.734769061570217374e+01 -1.655068942295667478e+00
-2.714132312265969205e+01 -2.458192363795223212e+00
-2.689319896343179650e+01 -3.194905245717827746e+00
-2.659371673691339311e+01 -3.856930138654979245e+00
-2.624021394359714776e+01 -4.439320770591998588e+00
-2.583413213610589310e+01 -4.940302156142788448e+00
-2.538149164287732162e+01 -5.362907745071801457e+00
-2.488901843402310732e+01 -5.711138561656859736e+00
-2.436368705457758566e+01 -5.991345260940353690e+00
-2.381069062301877182e+01 -6.208311517587982387e+00
-2.323473319085492861e+01 -6.365225774117649671e+00
-2.264050465594451467e+01 -6.463638123879178465e+00
-2.203240837392291240e+01 -6.503678541066183705e+00
-2.141364053530604394e+01 -6.484854365948040211e+00
-2.078686408324186630e+01 -6.402727683930849345e+00
-2.015640332854470174e+01 -6.253395717427969736e+00
-1.952716687608386792e+01 -6.033984170323497764e+00
-1.890391564323658002e+01 -5.742948837732273049e+00
-1.829073918055755499e+01 -5.380344579094146873e+00
-1.769070803090678368e+01 -4.948012400604054228e+00
-1.710559025412948131e+01 -4.449419165752225958e+00
-1.653576890592210802e+01 -3.889048571765024498e+00
-1.598053446225309138e+01 -3.271830880637575767e+00
-1.543889086944484390e+01 -2.602896919889370331e+00
-1.491084769713087255e+01 -1.887956603619012297e+00
-1.439620798694199344e+01 -1.135116856723204171e+00
-1.389535705712341773e+01 -3.511858903249324149e-01
-1.340936841358430698e+01 4.551854199861537498e-01
-1.293924034599232264e+01 1.274796255454760496e+00
-1.248583563481382441e+01 2.097377781745952241e+00
-1.204714862548985188e+01 2.912737151036234984e+00
-1.161910785914872868e+01 3.710262417251061429e+00
-1.119562293198378100e+01 4.476299782551027562e+00
-1.076957818270633105e+01 5.194071378323330102e+00
-1.033399150490157581e+01 5.847631579626860088e+00
-9.882412093102836081e+00 6.425401550118030158e+00
-9.411316396944368279e+00 6.918669278269668155e+00
-8.921813653095417962e+00 7.324937904378142406e+00
-8.416875088613387845e+00 7.646714820240079646e+00
-7.900313032000713775e+00 7.886824413124599253e+00
-7.377192163335601016e+00 8.046655034336918533e+00
-6.851255406378661483e+00 8.124329519083257622e+00
-6.325938745057325896e+00 8.111905849164198656e+00
-5.807276577032024711e+00 8.001142405086556053e+00
-5.302066693479811299e+00 7.791297692922642959e+00
-4.812623599726094881e+00 7.492355096941414772e+00
-4.339766634255555644e+00 7.112347598896462841e+00
-3.883472596073951788e+00 6.657753006798861506e+00
-3.443412157687032682e+00 6.128871855743790675e+00
-3.020236945630778713e+00 5.525249894850368548e+00
-2.613802990040315244e+00 4.851512610191391239e+00
-2.221697624708011798e+00 4.117712191888654338e+00
-1.841506990106981601e+00 3.340714167144926083e+00
-1.471911608445942266e+00 2.540990994691093352e+00
-1.110819032479368973e+00 1.747197649710506617e+00
-7.521985233744817867e-01 1.006061088896617051e+00
-3.849648083615195837e-01 3.884865985174369429e-01
-1.589474563956047251e-15 5.789584998078770955e-12
