3.609870997034306583e+01 2.377675393214023103e+01
5.020674969337846250e+01 2.356837915302106623e+01
5.207255614534255272e+01 2.333735837461955143e+01
4.746558369308483805e+01 2.305368551246231590e+01
4.005246713753341936e+01 2.267024221908848958e+01
3.258759100226198058e+01 2.210748049287129291e+01
2.780815514973342673e+01 2.122757160915291763e+01
2.475296773392108562e+01 2.028570961565546682e+01
2.271353629604042013e+01 1.934306622801571507e+01
2.129207467462013526e+01 1.840325924700599103e+01
2.027264780691555401e+01 1.745948563078356841e+01
1.953515459168316681e+01 1.650949868401842835e+01
1.901179138602477181e+01 1.555646822650755645e+01
1.866847479601465665e+01 1.460739512533660722e+01
1.848832478039007654e+01 1.367060240898311640e+01
1.846888651134769077e+01 1.275507352814360296e+01
1.861657141175578900e+01 1.187488500594904117e+01
1.894102582657716383e+01 1.105358991624937381e+01
1.943946923490369016e+01 1.031577676324348047e+01
2.010874134457953133e+01 9.688178742245916908e+00
2.093177635692119054e+01 9.192202794599548810e+00
2.188495487307160658e+01 8.838725589306161368e+00
2.294306166407191583e+01 8.629489551888150700e+00
2.408466964022185408e+01 8.546901917503179291e+00
2.529727186555220086e+01 8.569547292964502461e+00
2.656512915261905050e+01 8.669690329450993715e+00
2.787195793753837592e+01 8.817220445380659299e+00
2.920248423077542910e+01 8.980656954441631257e+00
3.054318117721420833e+01 9.127366520156448004e+00
3.188448514426132618e+01 9.227770554155908300e+00
3.321548634997613192e+01 9.258626073983471372e+00
3.452448500415597010e+01 9.209491146344893409e+00
3.580497420542842235e+01 9.079445643828963242e+00
3.704923830909596916e+01 8.870520285333402200e+00
3.824581815232281201e+01 8.587638282423291969e+00
3.938865660018274184e+01 8.236452490324492004e+00
4.047308036252108820e+01 7.816739109322488055e+00
4.148804410766125983e+01 7.324142483110874124e+00
4.241740219624968233e+01 6.755565200039688634e+00
4.323861215271745095e+01 6.107053840492209673e+00
4.392682615684750402e+01 5.379278769080732658e+00
4.446897434819898365e+01 4.577934661702866670e+00
4.486057715586448325e+01 3.712314727737534348e+00
4.510545643739291677e+01 2.800634049165939388e+00
4.520550220382672535e+01 1.863214952161985405e+00
4.515677057602066213e+01 9.185709433274216185e-01
4.495291451116600001e+01 -1.685187279059545407e-02
4.458962394612953517e+01 -9.271157443031894374e-01
4.406957266305174414e+01 -1.795502536139832905e+00
4.341458714850769240e+01 -2.620470816723840635e+00
4.264474628182371418e+01 -3.408603003206663651e+00
4.177973241012240635e+01 -4.165784480773052856e+00
4.083406770335141545e+01 -4.898156076574629481e+00
3.981719103218544120e+01 -5.607130465769231797e+00
3.873905824291104238e+01 -6.289680363158520748e+00
3.760175525146928521e+01 -6.939778468244440113e+00
3.640581035773477225e+01 -7.544963624464986474e+00
3.515496938729064880e+01 -8.090639922194137412e+00
3.385112962221990784e+01 -8.563470228874898282e+00
3.250245021218972141e+01 -8.946497380773811514e+00
3.112353836862224199e+01 -9.235075278041907865e+00
2.972669711753398403e+01 -9.434336019131551510e+00
2.832231935859765315e+01 -9.558552948522766712e+00
2.691228495641007257e+01 -9.619798473257830551e+00
2.549947833323584945e+01 -9.623175758266773627e+00
2.409553285649058907e+01 -9.561485063045466859e+00
2.271544141814695905e+01 -9.411662311606519893e+00
2.136912564874884524e+01 -9.135521496931318097e+00
2.007408391969845241e+01 -8.686414678695994596e+00
1.886141152588411884e+01 -8.029809826048376564e+00
1.775504834619540873e+01 -7.157398054166558943e+00
1.676143019770763232e+01 -6.077830450257794226e+00
1.587621310268823116e+01 -4.819777201940076417e+00
1.508044411931704865e+01 -3.436877244492284600e+00
1.433965901707121482e+01 -1.984401535338848666e+00
1.361949674694787404e+01 -5.160289881063995221e-01
1.289425102723704875e+01 9.111807027711643636e-01
1.214256725458921160e+01 2.249740536334359664e+00
1.134650336905205315e+01 3.451102759805385833e+00
1.050000042036045755e+01 4.472420037910823432e+00
9.607848913675601565e+00 5.287965819726126782e+00
8.678557943632256411e+00 5.895219965796081318e+00
7.725900052192525180e+00 6.303294053982873457e+00
6.771755487686743180e+00 6.530674159399316281e+00
5.838087381443520130e+00 6.603983731943203317e+00
4.940382394187630588e+00 6.551451312233697699e+00
4.087960306193794580e+00 6.396138978384207086e+00
3.288525201722739766e+00 6.152764206908036826e+00
2.546572026640125941e+00 5.831465506522210518e+00
1.867497147880189834e+00 5.436639921968363431e+00
1.260873804273457965e+00 4.972063334906408727e+00
7.420056300599056076e-01 4.444433525787597539e+00
3.187658653278550580e-01 3.867286394627706514e+00
-5.383041646834602241e-03 3.252564087210993993e+00
-2.292318989826110931e-01 2.613380163367738707e+00
-3.508725709304819085e-01 1.967938482982314552e+00
-3.747198174492718525e-01 1.342836006450066400e+00
-3.108989274819484727e-01 7.713479231188653529e-01
-1.767717317381225228e-01 2.991756653536723487e-01
-4.001701915241572696e-08 1.861149622789003215e-05
