-4.786804929874196546e+01 -1.398767816357458837e+00
-6.883942979766638359e+01 -1.418066402970560524e+00
-7.434722438313067983e+01 -1.438635303467554305e+00
-7.121505744357736489e+01 -1.462123492833456107e+00
-6.369111420135508439e+01 -1.491050141326756062e+00
-5.471445844691086080e+01 -1.529555540526984059e+00
-4.679112225901884159e+01 -1.584635261812493034e+00
-4.274111592716851504e+01 -1.668225428277282818e+00
-4.007362729167036974e+01 -1.732289111894450562e+00
-3.815078551749551394e+01 -1.749044797224148962e+00
-3.666611554028381192e+01 -1.727390784491790843e+00
-3.543908603398338641e+01 -1.661701999922360562e+00
-3.437212730363133062e+01 -1.565104491069708947e+00
-3.342780104490054072e+01 -1.461570299926747918e+00
-3.257385003576033000e+01 -1.369943825510369306e+00
-3.179988901345709351e+01 -1.303532802540547264e+00
-3.110021602289624809e+01 -1.264785015544049651e+00
-3.046552680249893896e+01 -1.255907247160747975e+00
-2.988301017335819765e+01 -1.278107359864774084e+00
-2.934328652600564880e+01 -1.331258671947488370e+00
-2.884001227484768037e+01 -1.413497581402931580e+00
-2.836309475574197236e+01 -1.524387512152440394e+00
-2.790384819837496622e+01 -1.664883459470060778e+00
-2.745516457815344680e+01 -1.836653805820399832e+00
-2.701308211691920036e+01 -2.042025633439563670e+00
-2.657588685209535129e+01 -2.282113079160998481e+00
-2.614357193327544948e+01 -2.560042796891418337e+00
-2.571748091967604921e+01 -2.878602854982085013e+00
-2.530021650997871774e+01 -3.242920600478625737e+00
-2.489784895747357751e+01 -3.654916513207612017e+00
-2.451736829615418856e+01 -4.114686110680558784e+00
-2.416119212069355981e+01 -4.621412490064837009e+00
-2.382319168214795013e+01 -5.178305038016970840e+00
-2.349569725111007656e+01 -5.788044730570659269e+00
-2.318007457955126682e+01 -6.440196377692883445e+00
-2.288397453160116157e+01 -7.122845697791867714e+00
-2.261892815836280235e+01 -7.827594633770330823e+00
-2.239933681762986950e+01 -8.536459461238846913e+00
-2.222666027222599539e+01 -9.229402754573312606e+00
-2.208141474610509292e+01 -9.898525805596696259e+00
-2.194090517898863979e+01 -1.054248872287962868e+01
-2.178843184479544703e+01 -1.115055004579693865e+01
-2.161536766204330462e+01 -1.171185749252967589e+01
-2.142013826161525714e+01 -1.222482346453310242e+01
-2.120513086246925383e+01 -1.269504556990671595e+01
-2.097216928483657838e+01 -1.313067535086757687e+01
-2.072195086967363409e+01 -1.353635316661372379e+01
-2.045604738606890294e+01 -1.391188274804189895e+01
-2.017542205025439728e+01 -1.425811360507483272e+01
-1.987914270843505093e+01 -1.457706838977813035e+01
-1.956510854720491466e+01 -1.487257068563587659e+01
-1.923110242394303526e+01 -1.514609503926793899e+01
-1.887785890948182654e+01 -1.539853388071253804e+01
-1.850656627042236835e+01 -1.562926530981112627e+01
-1.811983425733010122e+01 -1.583935360397054026e+01
-1.771710773287161089e+01 -1.603080253492803919e+01
-1.729609649158722462e+01 -1.620536876035480489e+01
-1.685415461894579181e+01 -1.636376110546136786e+01
-1.639096682965615059e+01 -1.650456705435158966e+01
-1.590993543123186882e+01 -1.662595715185247869e+01
-1.541069409607835539e+01 -1.672781782997324029e+01
-1.489222422340586327e+01 -1.680836877173279476e+01
-1.435620381432890902e+01 -1.686664238606180177e+01
-1.380088307649290869e+01 -1.690085033666082737e+01
-1.322583248657311117e+01 -1.690969620532841589e+01
-1.263307252051876972e+01 -1.689261816805097283e+01
-1.202649186961897243e+01 -1.685144488463171797e+01
-1.140462930003621445e+01 -1.678838089322704263e+01
-1.076573153044124176e+01 -1.670469784205988262e+01
-1.011815605871497858e+01 -1.660166091320616033e+01
-9.477214015268252467e+00 -1.647989905449444237e+01
-8.850118841707971029e+00 -1.633495015077496149e+01
-8.244492829277465518e+00 -1.615902926105463067e+01
-7.670063132879230139e+00 -1.594701477139387435e+01
-7.128337613542514717e+00 -1.569585272552906652e+01
-6.616501349094265017e+00 -1.540383351210603990e+01
-6.131663297471343199e+00 -1.507224116207629372e+01
-5.667756618685571013e+00 -1.470298252268026218e+01
-5.220958121877719904e+00 -1.429683285856891928e+01
-4.788098694234191655e+00 -1.385503903314203811e+01
-4.366412085015465294e+00 -1.337619934962162915e+01
-3.957240211984158762e+00 -1.286167342880448139e+01
-3.564494484551345543e+00 -1.231485682361975620e+01
-3.188188850240097238e+00 -1.173639614307988310e+01
-2.825880176729742121e+00 -1.112336270044857756e+01
-2.479991192785158560e+00 -1.048129454214510226e+01
-2.152502764223036102e+00 -9.812436808119340270e+00
-1.845208530030255867e+00 -9.111111495326269960e+00
-1.560895032331521382e+00 -8.368535825434637587e+00
-1.305514490248511406e+00 -7.577022259323951126e+00
-1.083154105905620446e+00 -6.730660428212287272e+00
-8.950391598050391195e-01 -5.833248832004182205e+00
-7.338769661947811551e-01 -4.906775258166153897e+00
-5.873767251153251268e-01 -3.979923910015800370e+00
-4.489813830612618406e-01 -3.080946676587539734e+00
-3.283779731444796957e-01 -2.233111359891543746e+00
-2.351620308737611964e-01 -1.469263833360114013e+00
-1.619604032222724255e-01 -8.208730358311259190e-01
-8.871587038342121367e-02 -3.149687826581140659e-01
-1.658040035362311007e-15 -2.131437599804268112e-06
