-4.279295782101674206e+01 -3.449353693138425214e+00
-6.621905920244140020e+01 -3.323625296119967487e+00
-7.769620158342613081e+01 -3.195863618160733832e+00
-8.181011675899497959e+01 -3.063553446140636183e+00
-8.140129094241335395e+01 -2.923101474084142115e+00
-7.823822139024809985e+01 -2.768984610831406901e+00
-7.343658909757178321e+01 -2.592440886294328894e+00
-6.772369970027537533e+01 -2.379392672367667050e+00
-6.161087088691088098e+01 -2.107109976300703735e+00
-5.551462592336547885e+01 -1.738822933873925614e+00
-4.985541881806106801e+01 -1.215006545098311630e+00
-4.515729102876158407e+01 -4.392719377783406154e-01
-4.217208091257419511e+01 7.444799037745840620e-01
-4.086209456885190860e+01 2.312086750293897985e+00
-4.032039934140284032e+01 3.919488175690377663e+00
-4.001713812860796082e+01 5.447046326282126039e+00
-3.973618397624176879e+01 6.869130427951152917e+00
-3.943094044244435281e+01 8.194990122475882544e+00
-3.910993088500322301e+01 9.437298895852515912e+00
-3.879370580871452034e+01 1.059400885625912281e+01
-3.849585469180477304e+01 1.165704690050590386e+01
-3.822271291763705392e+01 1.261694251288183644e+01
-3.797760463964056044e+01 1.346312765527275879e+01
-3.775827049062232277e+01 1.419529685081153936e+01
-3.755801041506023097e+01 1.482027587530340185e+01
-3.736567389480541834e+01 1.534819373308839729e+01
-3.716559662119573204e+01 1.578960383856692573e+01
-3.694082923491375681e+01 1.615380737094816865e+01
-3.667847005260799165e+01 1.645282728346444401e+01
-3.636971611134595861e+01 1.670166896250729849e+01
-3.600866905675307805e+01 1.691439409676743111e+01
-3.559249154263905979e+01 1.710359774521337428e+01
-3.511820738511303830e+01 1.727897264064359106e+01
-3.458419706922087755e+01 1.744852171714499889e+01
-3.398441757904670624e+01 1.761902617627644574e+01
-3.331292116731648889e+01 1.779502592331905220e+01
-3.257197031439704205e+01 1.797795701182496231e+01
-3.176848396537571872e+01 1.816808351541482125e+01
-3.090684725931564714e+01 1.836516587531167488e+01
-2.999837637612107244e+01 1.856438473964299973e+01
-2.906126175340546780e+01 1.875532385737119156e+01
-2.811192358462804819e+01 1.892886632967495331e+01
-2.716729669327598984e+01 1.908639149282102565e+01
-2.624404182145794806e+01 1.924046485813790142e+01
-2.535253224505639480e+01 1.939833701924401765e+01
-2.449335437105546376e+01 1.955433698824911204e+01
-2.366445263690130929e+01 1.969639074370342868e+01
-2.286404314696716611e+01 1.981503734995348509e+01
-2.209022295679189796e+01 1.990682741782213583e+01
-2.134490665662288222e+01 1.997178231947711424e+01
-2.062990679595778687e+01 2.001575150614632292e+01
-1.994833381146461804e+01 2.004786202629373548e+01
-1.930287807696618430e+01 2.008099460829304306e+01
-1.869221090500978377e+01 2.012526781018908650e+01
-1.810931615820715379e+01 2.017936299299288194e+01
-1.755027967773594355e+01 2.023542320447033305e+01
-1.701429199241641399e+01 2.028648360727630617e+01
-1.649970229083866613e+01 2.032819749621781824e+01
-1.600573430301159306e+01 2.035820208040823687e+01
-1.553137981868781736e+01 2.037564982157302751e+01
-1.507680744174647280e+01 2.037909814266853914e+01
-1.464247680823326903e+01 2.036527428304621168e+01
-1.422777546695427375e+01 2.032776776620502801e+01
-1.382988318650644644e+01 2.025768512438264324e+01
-1.344405831372422533e+01 2.014530980201314492e+01
-1.306536238286595086e+01 1.998214577068578635e+01
-1.269051509673354161e+01 1.976247070308513898e+01
-1.231482660887766123e+01 1.948489707755090805e+01
-1.193015224501896476e+01 1.914645952767423509e+01
-1.152814809680024943e+01 1.874374762436445607e+01
-1.110277532771505093e+01 1.827646611537706178e+01
-1.064844539935748280e+01 1.774544557964065561e+01
-1.016194516606641862e+01 1.715070768700005033e+01
-9.648598051840286516e+00 1.649631275414194320e+01
-9.117531085437926563e+00 1.579323205560361032e+01
-8.576638011173779219e+00 1.506144159056684906e+01
-8.030970660623026447e+00 1.431901952831576352e+01
-7.484525658655825531e+00 1.358254142315702673e+01
-6.942873002824601514e+00 1.285847477530310989e+01
-6.412465554670689016e+00 1.214051313726754167e+01
-5.898336340634230623e+00 1.142217270260166906e+01
-5.406785645011827235e+00 1.070175759022258433e+01
-4.942785792720792770e+00 9.974968155490905986e+00
-4.505826773407784813e+00 9.230287385992456350e+00
-4.093906941810740108e+00 8.457063950337666114e+00
-3.704744746654382581e+00 7.654559520622846058e+00
-3.332725990745464273e+00 6.827085878100526806e+00
-2.973230945484772736e+00 5.984402129319884800e+00
-2.622052476821878919e+00 5.145659452549818269e+00
-2.277356851329250365e+00 4.331785623572383948e+00
-1.946179445162695698e+00 3.566748359178564698e+00
-1.640111035486219393e+00 2.870152117580106577e+00
-1.365344905532848596e+00 2.250898784252010731e+00
-1.122032444190052880e+00 1.715950297603953567e+00
-9.045427783762077789e-01 1.264454849245112422e+00
-7.048386822844129318e-01 8.854364155555061178e-01
-5.170961055626788205e-01 5.692751871153791665e-01
-3.386611902474941926e-01 3.113888949244403848e-01
-1.675597323340133893e-01 1.159548929244184901e-01
2.561467542096112916e-16 9.858114677462566095e-16
