-4.733203870274113712e+01 -2.180319392025930725e+00
-6.790713733352414749e+01 -2.212156226817029836e+00
-7.315288242839008603e+01 -2.242588321213240032e+00
-6.988520632142243016e+01 -2.269788335333376317e+00
-6.235888037101167924e+01 -2.290956596280627977e+00
-5.354751157851130472e+01 -2.301478849758234801e+00
-4.603811681316913962e+01 -2.293538116612364064e+00
-4.280939621888030899e+01 -2.253763047221358562e+00
-4.098821623298732675e+01 -2.137684741592305926e+00
-3.986993163546512875e+01 -2.015020400840062287e+00
-3.912814874456375236e+01 -1.898608360199745437e+00
-3.859255774810624473e+01 -1.785709798531260439e+00
-3.816646331923521274e+01 -1.669564935568214059e+00
-3.779389147732436527e+01 -1.543052155209119647e+00
-3.744672165699458333e+01 -1.400272805745996774e+00
-3.710902415364112272e+01 -1.234615625385546256e+00
-3.677318465886139620e+01 -1.039106532620241330e+00
-3.643803625156543546e+01 -8.087938252902621139e-01
-3.610526563620545204e+01 -5.395680079122977535e-01
-3.577760145977726580e+01 -2.301025962706770012e-01
-3.545767118938110229e+01 1.199206001166147340e-01
-3.514728781976050698e+01 5.088074261444366364e-01
-3.484707902312725736e+01 9.365871261449194574e-01
-3.455844852467172501e+01 1.403756348224556305e+00
-3.428221155085329741e+01 1.908551361890504117e+00
-3.401845713436567564e+01 2.447272319142110408e+00
-3.376597059157341363e+01 3.012942786541595197e+00
-3.351976860412867865e+01 3.602044789773002353e+00
-3.327286078529214564e+01 4.211153378888155885e+00
-3.302204030835773807e+01 4.828720092586093138e+00
-3.276722784044990533e+01 5.436822306038382457e+00
-3.250685990520892688e+01 6.023112704658576178e+00
-3.223960546423153772e+01 6.581950355536534403e+00
-3.196769774592043589e+01 7.107935491897907632e+00
-3.169232510385548807e+01 7.602249744731120806e+00
-3.141183496780188023e+01 8.068189541608617787e+00
-3.112439630854818873e+01 8.505686107560800124e+00
-3.082810016341852233e+01 8.913564797361379632e+00
-3.052196836622108833e+01 9.287461340080689354e+00
-3.020617489895967012e+01 9.623706516798522514e+00
-2.987915256833973743e+01 9.920587118982375330e+00
-2.953932467250766081e+01 1.017806573505340673e+01
-2.918494477921605679e+01 1.039931409242982419e+01
-2.881506029732829433e+01 1.058638188195717156e+01
-2.843162541838450963e+01 1.074315783344331621e+01
-2.803628268161653381e+01 1.087329078303665497e+01
-2.763111694419466602e+01 1.098004147556668997e+01
-2.721714277486973188e+01 1.106691513514740244e+01
-2.679543398279567157e+01 1.113573673659314345e+01
-2.636786374646233710e+01 1.118858057142493045e+01
-2.593487965469309131e+01 1.122668769212452133e+01
-2.549738249719683125e+01 1.125059985548600849e+01
-2.505648874259473047e+01 1.126049510585102986e+01
-2.461151418662964829e+01 1.125660490135242320e+01
-2.416164954479837590e+01 1.123792410150115906e+01
-2.370820387868939250e+01 1.120384588652358815e+01
-2.325066491049969031e+01 1.115396986198096485e+01
-2.278810489805929862e+01 1.108637880390460140e+01
-2.232195369819922703e+01 1.099932039955471019e+01
-2.185402956541838648e+01 1.089079159988859580e+01
-2.138617115372162303e+01 1.075832413944807620e+01
-2.092188746275387601e+01 1.059919806517191532e+01
-2.046589676757456999e+01 1.041293025164607400e+01
-2.002051202096551208e+01 1.019993958639306442e+01
-1.958500994319427235e+01 9.960776097035072496e+00
-1.915721624556641345e+01 9.695765307661995180e+00
-1.873659357945443560e+01 9.405810441623660978e+00
-1.832440191095299653e+01 9.093518460937691117e+00
-1.792142420687915561e+01 8.759560191698135156e+00
-1.752856771657335955e+01 8.401946860716982712e+00
-1.714977730059755601e+01 8.017405675108804530e+00
-1.679148182268511391e+01 7.602455859506205726e+00
-1.646332218763170374e+01 7.154520672433935857e+00
-1.617318107925575532e+01 6.677035715041825803e+00
-1.592028030921104609e+01 6.174002938667386253e+00
-1.569587954131505292e+01 5.650123020482076264e+00
-1.548884673148993585e+01 5.114836399388509314e+00
-1.528942153993609665e+01 4.580421881256850902e+00
-1.509340944980198884e+01 4.059877175064081634e+00
-1.490090299252605810e+01 3.563778457258365062e+00
-1.471024548763756812e+01 3.096453452989997412e+00
-1.451846007997557741e+01 2.662067614273498251e+00
-1.432035531392746819e+01 2.266117039991960347e+00
-1.410723095540677186e+01 1.910663991020341346e+00
-1.387061336178821946e+01 1.599300254930126952e+00
-1.360882203239940580e+01 1.336935437929226422e+00
-1.332381612264130055e+01 1.120828929721515488e+00
-1.301580277996026425e+01 9.420546120985885397e-01
-1.268295505742322682e+01 7.913325952291792031e-01
-1.232007409357985139e+01 6.592452149281520235e-01
-1.191618249635047100e+01 5.374130535665921915e-01
-1.145467508023803660e+01 4.199878470389553087e-01
-1.090916027169228819e+01 3.051205047784927848e-01
-1.023480915910798394e+01 1.950858487488859039e-01
-9.366250884535526566e+00 9.828625588642560251e-02
-8.219550377182823553e+00 3.055355701958380535e-02
-6.700123246575059532e+00 2.523794520537706899e-03
-4.751388643047804727e+00 -2.015505561477578308e-03
-2.448807314027474202e+00 -7.843845300219059796e-04
-2.250961679546211998e-04 -4.280455017939503023e-07
