-4.068057560165819098e+01 8.527361425048386456e-01
-6.138866631402912333e+01 2.665169680188391177e-01
-7.006374035578720338e+01 -3.308771191483431129e-01
-7.153500588050259523e+01 -9.535094908948072989e-01
-6.876965282955642067e+01 -1.621967038164576991e+00
-6.363980186270306660e+01 -2.368681411174861751e+00
-5.740640485914497049e+01 -3.246311858876462342e+00
-5.104517222869611714e+01 -4.341356439826651759e+00
-4.549877154752498143e+01 -5.796509817819781141e+00
-4.192048572483750490e+01 -7.847546545291073983e+00
-4.021404141369580998e+01 -1.028876674103867117e+01
-3.950783635740118171e+01 -1.272124455996257097e+01
-3.925876161512408657e+01 -1.497722425316537809e+01
-3.917044580161716993e+01 -1.698787282727801085e+01
-3.909786094457636096e+01 -1.874062376335207603e+01
-3.896355220008383213e+01 -2.024524179743960772e+01
-3.872233212185335560e+01 -2.152047979072833428e+01
-3.834864039961391313e+01 -2.257999100033280371e+01
-3.783774614307826312e+01 -2.342887660675568995e+01
-3.720520364799254054e+01 -2.406726555335423612e+01
-3.648022388636910307e+01 -2.449876030980313857e+01
-3.569423980645015604e+01 -2.472976250625593408e+01
-3.487720377102318281e+01 -2.476475542663889939e+01
-3.405664554820679513e+01 -2.461114394496117441e+01
-3.325301408039260309e+01 -2.428486312932323088e+01
-3.248018208310181620e+01 -2.380445597088303700e+01
-3.174677477629795419e+01 -2.319246989662799407e+01
-3.105558327195762303e+01 -2.247324625963087286e+01
-3.040575771551777251e+01 -2.166503566731999086e+01
-2.979806297547212068e+01 -2.077928184547752721e+01
-2.923382184709931408e+01 -1.982753408915333537e+01
-2.871343447339062038e+01 -1.882173306483392494e+01
-2.823520131500406549e+01 -1.777498095064490968e+01
-2.779520320367572594e+01 -1.670210910332571785e+01
-2.738711795275079552e+01 -1.561731807729879939e+01
-2.700429779967355870e+01 -1.453258728273894818e+01
-2.663926376533370544e+01 -1.345752596897398234e+01
-2.628416335470357623e+01 -1.240035333407453066e+01
-2.593048664399523062e+01 -1.136968109084710044e+01
-2.556865511882706699e+01 -1.037524937392065105e+01
-2.518790629463196851e+01 -9.428574613657778158e+00
-2.477678751302262583e+01 -8.544180314516424346e+00
-2.432382537233128517e+01 -7.741543224465841533e+00
-2.382094314477911823e+01 -7.041602080091826643e+00
-2.326412784666821665e+01 -6.466843275198932872e+00
-2.265486496490692403e+01 -6.045320488773782586e+00
-2.200892923176493809e+01 -5.797350722873344075e+00
-2.135006646297911814e+01 -5.734242484300764886e+00
-2.070572121483388628e+01 -5.860041993471870825e+00
-2.010134154785197680e+01 -6.162359734801279743e+00
-1.955192650029842127e+01 -6.613248607346656982e+00
-1.906114485578973472e+01 -7.179899047926036282e+00
-1.862488905557815855e+01 -7.832361706994511508e+00
-1.823580843811624064e+01 -8.547306972004603765e+00
-1.788728008215792897e+01 -9.308016296579568305e+00
-1.757333602234189840e+01 -1.010158914218638060e+01
-1.728771455584096728e+01 -1.091844275422886135e+01
-1.702546801840670554e+01 -1.175173625846929326e+01
-1.678045592603565339e+01 -1.259541564070495312e+01
-1.654659938856339352e+01 -1.344410245483917343e+01
-1.631674837262198352e+01 -1.429112832123018784e+01
-1.608283711134831506e+01 -1.512948700070993446e+01
-1.583650863547256549e+01 -1.595206427467241994e+01
-1.556986652773706759e+01 -1.675171534757853209e+01
-1.527612852017177758e+01 -1.752175043155709844e+01
-1.495026009384845445e+01 -1.825715577163054348e+01
-1.458708924160090348e+01 -1.895147993693317545e+01
-1.418438212027025358e+01 -1.959931055711822268e+01
-1.373944660293291520e+01 -2.019300552795733594e+01
-1.325207510135069100e+01 -2.072599539583227823e+01
-1.272104067873813804e+01 -2.118823238976606760e+01
-1.214813425632048549e+01 -2.156879956494521622e+01
-1.153779893582700922e+01 -2.185524678784422292e+01
-1.089869038493412212e+01 -2.204006819570074427e+01
-1.023954334440997016e+01 -2.211493135372516861e+01
-9.570208476242797246e+00 -2.207095613622947639e+01
-8.901604592984464048e+00 -2.190800597240399128e+01
-8.244136935130249810e+00 -2.162659008303740649e+01
-7.605168839095713729e+00 -2.123662447484856841e+01
-6.988612956022222100e+00 -2.074841615481744483e+01
-6.394664924432803765e+00 -2.017313100717476715e+01
-5.822966362308130250e+00 -1.951727132668242248e+01
-5.271336384281100962e+00 -1.878816774407872359e+01
-4.738027667311928148e+00 -1.798837886129302177e+01
-4.220602173688739356e+00 -1.711962303474049563e+01
-3.717864786590330262e+00 -1.617851126781843973e+01
-3.230479886877993145e+00 -1.516211509873394903e+01
-2.759574005030682287e+00 -1.407000442646054417e+01
-2.306379343558554229e+00 -1.290074262732999166e+01
-1.873918525826294479e+00 -1.165321366367359879e+01
-1.466450760064683223e+00 -1.033654448460651309e+01
-1.086455238716254934e+00 -8.967384966490621778e+00
-7.348013708004855760e-01 -7.565530625650477070e+00
-4.108924349726606473e-01 -6.155651533996619129e+00
-1.152840318293908428e-01 -4.767817026846006279e+00
1.446828038891309620e-01 -3.439938053550700481e+00
3.471970883519879258e-01 -2.216522552350761011e+00
4.474199454007167787e-01 -1.160163586207660025e+00
3.663342680721842215e-01 -3.686264414828085423e-01
5.817634922471568793e-15 -6.440243049518482597e-07
