-3.957808484736671062e+01 3.887894827609317616e+01
-5.290846873108731074e+01 3.887895004974680546e+01
-5.217401195276934089e+01 3.887895140265606386e+01
-4.476494176905313793e+01 3.887895177070589625e+01
-3.579758723019944711e+01 3.887895025418618644e+01
-2.985687934451845038e+01 3.887894531120902997e+01
-2.577109384882108145e+01 3.887891957596534809e+01
-2.284770345440573180e+01 3.887886095443927559e+01
-2.062368081795949237e+01 3.887879930855257982e+01
-1.879878801037786928e+01 3.887883866268484923e+01
-1.720034927303847638e+01 3.887919955450898613e+01
-1.573092247388943221e+01 3.888026284747255090e+01
-1.433844149834385284e+01 3.888255258453232699e+01
-1.299933083771875353e+01 3.888650762271010564e+01
-1.169497707528330643e+01 3.889175486411192395e+01
-1.040903786761209204e+01 3.889601815798474149e+01
-9.129529907576378278e+00 3.889271605858257175e+01
-7.855211077982390933e+00 3.886850813848807462e+01
-6.601635526826125755e+00 3.879865088278615559e+01
-5.389449565833351663e+00 3.864464123791588435e+01
-4.259815438836417556e+00 3.835105946683365374e+01
-3.294851973289478320e+00 3.785904206692317331e+01
-2.624522569457290011e+00 3.712114792208526382e+01
-2.372199938297940403e+00 3.618099172914664052e+01
-2.533582489872656662e+00 3.515419556443504945e+01
-3.005135762822906731e+00 3.412346257028923446e+01
-3.688413895962577627e+00 3.312689784565441187e+01
-4.503616559132676223e+00 3.218234549527592492e+01
-5.396981072969454729e+00 3.128646000483526279e+01
-6.338048736270118333e+00 3.043281211672430686e+01
-7.308844170842834664e+00 2.961316725745207634e+01
-8.301343810630683606e+00 2.881941866805530239e+01
-9.310768594177536883e+00 2.804586914058223002e+01
-1.033487612057099803e+01 2.728705720966113191e+01
-1.137330103628248246e+01 2.653630110789096719e+01
-1.242585496291737535e+01 2.578698220473157932e+01
-1.348908060737208814e+01 2.503617043406390508e+01
-1.456148967453847831e+01 2.428059619252983126e+01
-1.564504833165175057e+01 2.351468620691194999e+01
-1.673493018296998258e+01 2.273669858709863689e+01
-1.782577392962685892e+01 2.194758983395511720e+01
-1.891364086404925970e+01 2.115034830883918815e+01
-1.999416314508687975e+01 2.035122984634330479e+01
-2.106073815138110916e+01 1.955884644111631943e+01
-2.210582117892677445e+01 1.878253045319043224e+01
-2.313141486489885779e+01 1.802310166612798525e+01
-2.413912119603741502e+01 1.727937715198268975e+01
-2.512447751516736005e+01 1.655086577140234638e+01
-2.608074464819271299e+01 1.583597096016732841e+01
-2.699931081264081456e+01 1.513232836752586152e+01
-2.787091060045101187e+01 1.443805377644256716e+01
-2.868925608794598503e+01 1.375172762376008961e+01
-2.945692120541637138e+01 1.307005696782501225e+01
-3.017950381647273161e+01 1.238873107207078661e+01
-3.086160118424239585e+01 1.170497236764285631e+01
-3.150555163515097945e+01 1.101946458897943515e+01
-3.211249116102613499e+01 1.033590190059833880e+01
-3.268461346345400642e+01 9.659056572815584829e+00
-3.322789834665185538e+01 8.990352701325813101e+00
-3.374651889276958627e+01 8.330356542187990598e+00
-3.424316247064687246e+01 7.678204768229335286e+00
-3.471656853777587060e+01 7.032732946211296188e+00
-3.516248440621378535e+01 6.390156290780376835e+00
-3.557139562981809178e+01 5.744694804065638039e+00
-3.592599303562015933e+01 5.091047418817097991e+00
-3.619856755836219975e+01 4.426333489897843698e+00
-3.635077424883866115e+01 3.756342060268044847e+00
-3.634289633899338412e+01 3.097787071182936725e+00
-3.615424962024452071e+01 2.475005752748037136e+00
-3.580560902937055801e+01 1.906135477680993118e+00
-3.533410376243641338e+01 1.396319215372714639e+00
-3.477550784193663702e+01 9.442293657188552958e-01
-3.415714858501275586e+01 5.413375676209132292e-01
-3.349449497578978452e+01 1.837188945556470776e-01
-3.279682890143934060e+01 -1.288898854464621269e-01
-3.206782009884104667e+01 -3.924832763263044200e-01
-3.131243011724180647e+01 -6.042014061817226889e-01
-3.053108622360306867e+01 -7.674285761462079636e-01
-2.971999126110848977e+01 -8.869989670446928320e-01
-2.887746708209663282e+01 -9.676221786414128667e-01
-2.800386339787685941e+01 -1.017836505014546367e+00
-2.709599704314709712e+01 -1.046124106003473830e+00
-2.615067057697609343e+01 -1.059732547854833618e+00
-2.516767240743447687e+01 -1.063452101370593317e+00
-2.414691190612321492e+01 -1.058850895842729845e+00
-2.308408288228069338e+01 -1.044077160070493004e+00
-2.197701694313896326e+01 -1.014176196791515716e+00
-2.081815531929291296e+01 -9.625578769725515738e-01
-1.959333868921993371e+01 -8.823801255890003636e-01
-1.829058622697033343e+01 -7.684476770321504446e-01
-1.690453124838300170e+01 -6.247486434527405041e-01
-1.542185153029212330e+01 -4.622369392766272345e-01
-1.383421825839138997e+01 -3.011473090459885205e-01
-1.213266343350486132e+01 -1.639362783053785466e-01
-1.031250032082635215e+01 -6.825548186221810920e-02
-8.383808634800494985e+00 -1.768349963432102462e-02
-6.353893504525356839e+00 6.998581813432120735e-04
-4.245415749474663158e+00 3.570716342060886814e-03
-2.102308776022151271e+00 1.633548710658713158e-03
-3.792833999635543407e-03 5.115541255079547219e-06
