-4.576354663449713200e+01 -1.083743849423581151e+00
-4.500303226807523060e+01 -1.554407160607557126e+00
-4.421218807240580162e+01 -7.204958100212379701e-01
-4.406856372757397367e+01 2.223783060243148257e-01
-4.573804096618418669e+01 1.432525103449667325e+00
-4.599392726682900445e+01 2.440526354964543287e+00
-4.439368018737999222e+01 4.082159298467830766e+00
-4.332053291690080243e+01 4.595147059500267694e+00
-4.301360803493908946e+01 6.344989970205180185e+00
-4.265698436997897147e+01 8.076915978016902642e+00
-4.202432051308802130e+01 9.786772659848901768e+00
-4.137265961615928944e+01 1.150812835802448930e+01
-4.071720802274978723e+01 1.328651710635919692e+01
-4.003261664694188937e+01 1.502544052589199808e+01
-3.939172032386507283e+01 1.672559515412339692e+01
-3.875761885128615347e+01 1.829089310001815960e+01
-3.811462218957602488e+01 1.981130747203009435e+01
-3.749266372436471784e+01 2.125764375101798720e+01
-3.684578195782722787e+01 2.258732016081484062e+01
-3.618973411048669675e+01 2.399845763452549718e+01
-3.580368689230143531e+01 2.538036312285267115e+01
-3.463896528170766942e+01 2.633671442797975715e+01
-3.503119758042354448e+01 2.762416338733902421e+01
-3.474591246766184582e+01 2.896575116657407989e+01
-3.402948667578444031e+01 2.995064260614752172e+01
-3.297615763009694945e+01 3.045484244340098812e+01
-3.309878326514492386e+01 3.189330594820656728e+01
-3.282854917685673257e+01 3.261083583115545537e+01
-3.091416092002408078e+01 3.288661418013785465e+01
-3.034024891211095820e+01 3.364246068761971031e+01
-3.087206221857301003e+01 3.439117921046087645e+01
-3.155856464924384852e+01 3.520503114158502456e+01
-3.131590587809768067e+01 3.609118388476404249e+01
-3.063317773055889504e+01 3.677565178641607702e+01
-2.999324453101550247e+01 3.772375993913654213e+01
-2.941873814081452920e+01 3.824358236551112356e+01
-2.856472776537433944e+01 3.785023574593056139e+01
-2.742783903097638998e+01 3.642809645077757352e+01
-2.689241987517474541e+01 3.602162445187728679e+01
-2.571168465939297221e+01 3.629575487578124893e+01
-2.530775859826028196e+01 3.641919525307157812e+01
-2.670522987584175922e+01 3.941862368437649877e+01
-2.696485939395315867e+01 4.013459884946565381e+01
-2.629273859106830713e+01 4.059158074529001681e+01
-2.528817603303548012e+01 4.051119921056432815e+01
-2.447696029177380339e+01 4.071469648838779420e+01
-2.369114395475958545e+01 4.070545259591701637e+01
-2.289102331300345483e+01 4.069898275829228851e+01
-2.209346811377549713e+01 4.061969058332140747e+01
-2.125662984729120097e+01 4.039855717994067419e+01
-2.055240666943403127e+01 3.977276942504403934e+01
-1.999489680046796991e+01 3.900213965181694675e+01
-1.922896858618658555e+01 3.784076131606939697e+01
-1.884287555604642250e+01 3.704316578632109724e+01
-1.963527422609062967e+01 3.622869705871989510e+01
-2.162446042978650951e+01 3.505606770464423505e+01
-2.223858876857946498e+01 3.459222133415222089e+01
-2.153810572063607154e+01 3.260729398202288820e+01
-2.083156974605437384e+01 3.173491106548366503e+01
-1.906089613849940179e+01 3.274950636035583074e+01
-1.810682823515910300e+01 3.314200155637018241e+01
-1.686850820577323518e+01 3.288994327010017571e+01
-1.654029387091993186e+01 3.171880176575129795e+01
-1.577251639223704416e+01 3.020589099648544718e+01
-1.555320195002489214e+01 2.943188119581158091e+01
-1.740706685425680789e+01 2.712490883066057634e+01
-1.732994581527330880e+01 2.601001037778829073e+01
-1.479470237819676370e+01 2.622383354439022085e+01
-1.383167434692463615e+01 2.621776543362493328e+01
-1.269347570472063502e+01 2.549327907803566617e+01
-1.201753530884452026e+01 2.447469727353448832e+01
-1.271854558868721874e+01 2.261256645354086814e+01
-1.278248719284518309e+01 2.145616517693052216e+01
-1.125632685512383446e+01 2.108900156976345741e+01
-9.894162552478299233e+00 1.999342927555957061e+01
-9.013289343490077599e+00 1.927396897226303807e+01
-9.385016285147370851e+00 1.790062999897899942e+01
-8.896879837867148311e+00 1.659203218133400171e+01
-7.903898698390503519e+00 1.559777895772460887e+01
-6.533435635204237535e+00 1.560629410880521384e+01
-5.729319825397057642e+00 1.452315183225136508e+01
-6.019731160496648137e+00 1.301548689362303080e+01
-5.451896455315888623e+00 1.181686474358182437e+01
-4.617642909446626476e+00 1.095604386143397058e+01
-4.141883768010933053e+00 9.897971846417085828e+00
-3.731058659241687891e+00 8.831826592992429781e+00
-3.307598168425578855e+00 7.854012836653666341e+00
-2.833385215878273744e+00 6.968160090591782208e+00
-2.421262746320918868e+00 6.109980342763886796e+00
-2.062737461865517208e+00 5.215737700694144330e+00
-1.765706344766940550e+00 4.475997255264619668e+00
-1.489788173712289776e+00 3.827584851589873161e+00
-1.199598085405829684e+00 3.172351814490532274e+00
-9.433265316439450876e-01 2.586022981947927679e+00
-7.433322284871093366e-01 2.077269838408530411e+00
-5.642424591241624876e-01 1.594130914258989673e+00
-4.024289819861743278e-01 1.153105456942060236e+00
-2.666935081426561327e-01 7.561367370713374392e-01
-1.600868951381830274e-01 4.363397310590234612e-01
-4.544581832311086094e-09 1.475863392431084393e-08
