-1.063063363096623526e+01 -4.271323901926065147e+00
-1.290690484868636290e+01 -3.925676389206166572e+00
-1.545700241637649519e+01 -3.872748827895599710e+00
-1.801863792936405773e+01 -3.898300884160625479e+00
-2.070057601996409247e+01 -3.841335434325531040e+00
-2.317487076952467007e+01 -3.771537374416141564e+00
-2.551653035869552610e+01 -3.751535741830589021e+00
-2.765873439831839065e+01 -3.759914357885340230e+00
-2.953470268885776306e+01 -3.763870241973093833e+00
-3.126904804451320885e+01 -3.740190777738173988e+00
-3.289984049346878692e+01 -3.844862201947083502e+00
-3.421557551751145354e+01 -3.766357543823179554e+00
-3.598227732578388327e+01 -4.299555520782926799e+00
-3.702374010970973472e+01 -4.249658411638032263e+00
-3.721013367350769130e+01 -2.830400747310321652e+00
-3.791716711214601787e+01 -2.119048396585403893e+00
-3.911543620736419058e+01 -1.466979626109193191e+00
-3.977709421326761685e+01 -1.280550975212950693e+00
-4.025016708672876575e+01 -2.780590944557824962e+00
-4.040454474480894476e+01 -3.764987381907096697e+00
-4.112278401959431307e+01 -4.358024182646300204e+00
-4.222793615800711109e+01 -4.119000850901420208e+00
-4.304804950841603528e+01 -3.618741777469659748e+00
-4.450987954472029173e+01 -3.251331187297118230e+00
-4.503654227700641144e+01 -2.680564622688342169e+00
-4.433022609293684724e+01 -1.858504522153670235e+00
-4.240741789605556278e+01 1.358327590507877325e-01
-4.208674381573045054e+01 7.479497414448602610e-01
-4.370623280466600846e+01 8.606767932906960183e-01
-4.494011315934268680e+01 7.415709870777704715e-01
-4.624816920564511236e+01 2.123615358614900361e-01
-4.721933973311841015e+01 3.672010829069765614e-01
-4.766853215708800207e+01 1.590296042455967784e+00
-4.780536451966728606e+01 2.908378886713002931e+00
-4.769660598531159934e+01 4.324614350752459480e+00
-4.734597509174711405e+01 5.398108556328910623e+00
-4.626210846833348711e+01 5.696275409294210057e+00
-4.441221416274873235e+01 4.878358749021561636e+00
-4.230765884282229905e+01 4.340305595228901581e+00
-4.158851629322307986e+01 4.392572432334482357e+00
-4.136625757997671826e+01 5.479725969366592508e+00
-4.219034914473410680e+01 6.616474676856383574e+00
-4.472307146900317321e+01 8.804559086295064674e+00
-4.490357275354223532e+01 9.321013197938189165e+00
-4.384685607621275238e+01 1.031497859303739517e+01
-4.277787126527272221e+01 1.046941435258358410e+01
-4.052448199595215783e+01 9.012387712851946731e+00
-3.985970554233920637e+01 8.811954899967597399e+00
-4.023051303004176305e+01 1.121638344009772759e+01
-4.018206367508122412e+01 1.228165202823936930e+01
-3.942372592646892571e+01 1.254747934767627982e+01
-3.829070704314883500e+01 1.117925458031058561e+01
-3.739716647431789909e+01 1.042501068602106962e+01
-3.661456261370592813e+01 1.061178757433090425e+01
-3.649871926899411534e+01 1.173326936387387498e+01
-3.639512299247225258e+01 1.330014755350482325e+01
-3.590189455508097893e+01 1.403514475855307886e+01
-3.493826122929643674e+01 1.331383430983791705e+01
-3.406041137311770228e+01 1.226183168631053810e+01
-3.343225516467991554e+01 1.184497191803950678e+01
-3.262923265705632048e+01 1.266165306600620610e+01
-3.224074337367399323e+01 1.355362888532970445e+01
-3.114564352103917244e+01 1.357158605926187533e+01
-3.027099740258251614e+01 1.392339647633407118e+01
-2.954276414552543883e+01 1.327617658129614320e+01
-2.834733476316172940e+01 1.328626827257741283e+01
-2.745073031304037059e+01 1.287807140954256546e+01
-2.641057013326208747e+01 1.342391317207291301e+01
-2.512204814011457543e+01 1.346390255040167894e+01
-2.415872106238873940e+01 1.288724406140322820e+01
-2.285771801080021248e+01 1.303892340824095264e+01
-2.166263880382637907e+01 1.276375931178804990e+01
-2.045529946816764877e+01 1.242251499833945871e+01
-1.914910867443690279e+01 1.235326636155137336e+01
-1.782511067029058083e+01 1.203435796097365440e+01
-1.661571695500451895e+01 1.163455837621520139e+01
-1.539341811969224239e+01 1.128108362704521284e+01
-1.406299293983006926e+01 1.091407431742991996e+01
-1.279856793190744391e+01 1.060758262670318786e+01
-1.162424146405207992e+01 1.005644245259433234e+01
-1.051020416166827154e+01 9.458312003571098359e+00
-9.393064774977730735e+00 8.862202983476411333e+00
-8.358888172827121821e+00 8.198067771033120010e+00
-7.382689073526321089e+00 7.561483582750322618e+00
-6.503702123750557895e+00 6.906030702399913679e+00
-5.712941940687019660e+00 6.282247991357239769e+00
-4.939070586913196337e+00 5.666953657991235183e+00
-4.227199393214172041e+00 5.027418166319016279e+00
-3.551871886723784844e+00 4.383391377266547373e+00
-2.956644749869514754e+00 3.770123188654206370e+00
-2.429718404183166758e+00 3.178269214364726203e+00
-1.922008893038495314e+00 2.578345895319896997e+00
-1.485396041916394072e+00 2.050024608143718563e+00
-1.022452642372457587e+00 1.478418891827363524e+00
-7.445288600576910332e-01 1.156834478641343811e+00
1.450670921820258474e-01 6.404351561835117668e-01
2.878236757665408874e-01 4.897797182840163965e-01
-9.031370948682056199e-02 2.197182869707596242e-01
-1.429031958022944082e-01 1.148955981867514353e-01
-4.915513412791542532e-16 7.340437125060802581e-16
