1.107465879666775121e+00 3.896266440738067871e+01
1.842233066526305363e+00 3.468601116600413548e+01
2.124584097039315722e+00 3.327816402329062839e+01
3.901183729004264467e-01 3.409235458605281366e+01
-7.738893723760047472e-01 3.542559491307744679e+01
-2.308584406782947074e+00 3.608330947873302108e+01
-2.980058190372552485e+00 3.648894687081241983e+01
-1.696244055017622765e+00 3.974604870799323209e+01
-1.304071520952207131e+00 4.018279679427773488e+01
9.473651077799397635e-01 4.217368457872085941e+01
1.304687470438809838e+00 4.290323060045572845e+01
-9.415574407864730766e-01 4.366823298401106257e+01
-1.484176542685271327e+00 4.374214248392409132e+01
-2.918402831074241810e+00 4.393217456748050154e+01
-5.292854266895928639e+00 4.368774471839218165e+01
-6.537007480667481829e+00 4.317755213578893603e+01
-6.784970406297706091e+00 4.149068982042073372e+01
-8.611603869936276467e+00 3.859062517751525689e+01
-9.573738104712269603e+00 3.804910229390475962e+01
-1.082477189611879353e+01 4.067973171070201488e+01
-1.195283139149502816e+01 4.276890519856883088e+01
-1.323613795596387988e+01 4.288590319429062703e+01
-1.531560885467375144e+01 3.899116064962991857e+01
-1.620949903368385847e+01 3.794084953293748441e+01
-1.757235847080586666e+01 4.123072118722104307e+01
-1.827472598458452424e+01 4.301127796782122914e+01
-2.018577337979099084e+01 4.331892869139544189e+01
-2.257334059129523141e+01 4.280731091852551629e+01
-2.383717513948626276e+01 4.209746944274070302e+01
-2.371911488607731044e+01 3.928297824845933661e+01
-2.474647672981521751e+01 3.659606940111467566e+01
-2.609297792704649410e+01 3.640159215171710372e+01
-2.772368391855888703e+01 3.916499384173926757e+01
-2.986848116846032752e+01 4.005271782158564520e+01
-3.163298944505108423e+01 3.959051075312775225e+01
-3.293917523434464556e+01 3.864064899243619067e+01
-3.349983833486455609e+01 3.706145590833502723e+01
-3.208326630914609012e+01 3.417235785914147783e+01
-3.187988422206985106e+01 3.184599189201044211e+01
-3.423027131716538207e+01 3.264824673272888589e+01
-3.652507902334134826e+01 3.444466887990106585e+01
-3.886820121172892328e+01 3.433738390673966734e+01
-3.968612425125756005e+01 3.366862373143497678e+01
-3.914126846664127157e+01 3.021385797464751732e+01
-3.936063309494124951e+01 2.938054704505259807e+01
-4.141842101706129142e+01 2.955521707450994029e+01
-4.221294316871242813e+01 2.894437068524134560e+01
-4.170452006529026789e+01 2.710685372844423924e+01
-3.821311727922625323e+01 2.451904614545185268e+01
-3.685919460532780079e+01 2.303776498260157979e+01
-3.743253345102617402e+01 2.167296566761106646e+01
-4.289678026328620319e+01 2.314949642383537309e+01
-4.404053225313289488e+01 2.338513585264604089e+01
-4.496888737877988262e+01 2.160591593652542386e+01
-4.521371671671665382e+01 1.982261162321361425e+01
-4.533574666918984519e+01 1.769736346537666805e+01
-4.516668143508437794e+01 1.654794491572969051e+01
-4.052381316079524254e+01 1.530194447204786812e+01
-3.878768766204487406e+01 1.445851864601488579e+01
-3.853816547877794108e+01 1.318389841809114316e+01
-4.415044604838472964e+01 1.227274779963011397e+01
-4.484895106118658248e+01 1.199709423827781585e+01
-4.460103419702735295e+01 1.031440077444379355e+01
-4.398714101554684675e+01 8.729176103424164168e+00
-4.315800153763487401e+01 7.215745211252875713e+00
-4.231801027398819315e+01 5.985136502990211937e+00
-4.119021596183419831e+01 4.692356827434239541e+00
-4.022102798460474560e+01 4.127747758881318063e+00
-3.639916890405028482e+01 5.736084440107566351e+00
-3.550893932679893084e+01 5.676392686575572277e+00
-3.703093154762171935e+01 2.062739826180413960e+00
-3.721146136504268043e+01 1.363868965784318155e+00
-3.595258442620338002e+01 5.092386160893527247e-01
-3.440712610576488117e+01 3.051617745451696284e-01
-3.289463107869882919e+01 7.665949591376460814e-01
-3.186632165194521349e+01 1.806995950525077874e-02
-3.066849337270842568e+01 6.751244620998088086e-01
-2.950859407883814356e+01 3.860320817717876052e-01
-2.857536077514427930e+01 -6.026306644306153038e-01
-2.728827568547360372e+01 -6.041355516517036284e-01
-2.596655644372164318e+01 -7.185814983984634141e-01
-2.452435327746688998e+01 -7.899753425999087586e-01
-2.305566270451937072e+01 -8.312104491374388004e-01
-2.153852626672394877e+01 -8.536443661490243917e-01
-2.004650071133978884e+01 -8.659356492976639785e-01
-1.843325991751096282e+01 -8.357709606560014270e-01
-1.689076925902259418e+01 -7.998539834070593768e-01
-1.532634514442095686e+01 -7.296076531887999428e-01
-1.377749228301365392e+01 -6.277968476966664380e-01
-1.228850662819795581e+01 -5.370051459825360141e-01
-1.071540498328722180e+01 -4.621829147709278218e-01
-9.206638164751188569e+00 -3.918494091008006830e-01
-7.647878895846343283e+00 -2.981185521989218601e-01
-6.195917804494864178e+00 -1.909412888411614329e-01
-4.919111220394667860e+00 -8.897451981689565026e-02
-3.625407812232773974e+00 -5.257331487288089723e-03
-2.393744791908092751e+00 5.592106584826027349e-02
-1.332717637528340493e+00 7.721325470842425875e-02
-5.598585344561716193e-01 6.420345266098247128e-02
-4.555323866310223486e-06 1.287114859057606221e-06
