-1.069591843113009588e+01 3.711125817107945757e+00
-1.183645977111320313e+01 4.008077780602316231e+00
-1.309172176972433022e+01 3.913914297456685176e+00
-1.445946437877587876e+01 3.842102299717402136e+00
-1.586959679346650276e+01 3.792620007454329478e+00
-1.729896803461188881e+01 3.747798505733843655e+00
-1.867418318905225760e+01 3.709410809023535815e+00
-2.003249666703361953e+01 3.640325111041831097e+00
-2.131236684635610246e+01 3.540687165969206518e+00
-2.249088064850295510e+01 3.398063508783450093e+00
-2.359033039917497021e+01 3.287143579848368802e+00
-2.446373196160474350e+01 2.895481141717282103e+00
-2.542652252628011667e+01 2.756893806932441571e+00
-2.605792526995029945e+01 2.227043708198173988e+00
-2.705021724391373539e+01 2.337300457475981030e+00
-2.770902590263974830e+01 1.978174996012345810e+00
-2.783736246093067024e+01 1.125997543310255811e+00
-2.842491832370955507e+01 6.457859179528064875e-01
-2.927801810560152518e+01 8.316066346023789357e-01
-2.990740330557849447e+01 5.608526509022405682e-01
-2.955686408796494291e+01 -8.653759780204315355e-01
-2.957596008930888232e+01 -1.183167107990372724e+00
-3.133519832612083533e+01 -1.435224040452641958e+00
-3.159285006039745269e+01 -1.614124716049584851e+00
-3.065116397628699829e+01 -2.583678583424283914e+00
-2.999235581472855472e+01 -3.317566643969054319e+00
-2.983589250076624211e+01 -3.864499523608930787e+00
-3.134445656187805795e+01 -4.051180247926307487e+00
-3.201692151996250146e+01 -4.170059571739517246e+00
-3.207769368298929891e+01 -5.327728732284799484e+00
-3.187614360153465398e+01 -6.102986818469839925e+00
-3.135550867997870128e+01 -6.905378195824416032e+00
-3.061484549292985236e+01 -7.246173669511813742e+00
-2.908467723766811019e+01 -6.884613727712626030e+00
-2.847307470786943639e+01 -7.060183136985210162e+00
-2.910178816606812191e+01 -8.605712881858552876e+00
-2.941643558170783379e+01 -9.187017588308144411e+00
-2.886256157531273914e+01 -1.013979367569476508e+01
-2.815282756736263536e+01 -1.065138857047585397e+01
-2.689832033833074121e+01 -1.034415771897771741e+01
-2.610941332579976759e+01 -1.064879823780412060e+01
-2.603554563740166827e+01 -1.179530755435360057e+01
-2.528078037757142127e+01 -1.239394075416946883e+01
-2.418362692351957577e+01 -1.244933031625669528e+01
-2.362348823446521351e+01 -1.332222667681885042e+01
-2.251022361844318453e+01 -1.372869104666942164e+01
-2.147630838722973579e+01 -1.378333813529384066e+01
-2.024053532801796962e+01 -1.421193362999613719e+01
-1.902375219257080730e+01 -1.454688013068654939e+01
-1.769545652130519642e+01 -1.481976189074337569e+01
-1.637746522408576766e+01 -1.504060460442544489e+01
-1.496809924629668132e+01 -1.528820461259060437e+01
-1.349073920427446360e+01 -1.550373272609299491e+01
-1.201824253326721070e+01 -1.570525155680040896e+01
-1.050128896803165013e+01 -1.590697961714938202e+01
-8.903023599335819327e+00 -1.609918180822676703e+01
-7.357874730987385981e+00 -1.630741199514869066e+01
-5.746857768753049989e+00 -1.647602361071416865e+01
-4.148018697744598526e+00 -1.664649180540782325e+01
-2.592471473625066469e+00 -1.678434248564351705e+01
-1.056899599759743680e+00 -1.689616980076426955e+01
5.338367338495407788e-01 -1.692684983781576236e+01
1.994951117705972665e+00 -1.692761382113453195e+01
3.443922542568108813e+00 -1.677402676189569064e+01
4.902206015839203346e+00 -1.681578158169136117e+01
6.170575229217636348e+00 -1.618338454312673846e+01
7.536107774757485167e+00 -1.619416102243755162e+01
8.646222866774738947e+00 -1.559473270240657072e+01
9.722663431504441789e+00 -1.474719279434821928e+01
1.089684435612428182e+01 -1.465733014041868287e+01
1.201251067108283088e+01 -1.407415362060805997e+01
1.272253491562313776e+01 -1.324528401668275279e+01
1.298401815113333946e+01 -1.199832936135021555e+01
1.403069723619799092e+01 -1.174833946322124412e+01
1.476000874716926248e+01 -1.102974583049737056e+01
1.518794763164562589e+01 -1.013017802475903828e+01
1.543012638197498454e+01 -9.212271030803965033e+00
1.547112054041733842e+01 -8.240353846504477886e+00
1.528018387895037833e+01 -7.512986955743872208e+00
1.459835029487914859e+01 -6.827956684478459159e+00
1.474528837828896677e+01 -6.063552189429345596e+00
1.442905923008418867e+01 -5.266879776915871503e+00
1.399502136311359912e+01 -4.545691619387371318e+00
1.350328803827089885e+01 -3.895887921514040730e+00
1.292012593493332773e+01 -3.286275217290868245e+00
1.227768587268561795e+01 -2.754061053974179885e+00
1.158342073954121076e+01 -2.298713632950865726e+00
1.085837529705707105e+01 -1.911788114163156083e+00
1.010234010761913659e+01 -1.588837409114385757e+00
9.234437170523573712e+00 -1.293520215468578982e+00
8.272711922162248044e+00 -1.025002371545840951e+00
7.331305269022079685e+00 -8.062226853674218097e-01
6.325336469833530373e+00 -6.159836823269441153e-01
5.213047991804037551e+00 -4.478769535253239731e-01
4.076820094961589369e+00 -3.129204921809971007e-01
3.015274786490467651e+00 -2.094557235490561165e-01
2.054964401875066127e+00 -1.300177029052240474e-01
1.175263235206971846e+00 -6.598107940222050494e-02
5.393183272274245654e-01 -2.680223934286642129e-02
4.863258085389790144e-06 -2.562979157457863505e-07
