1.003383422776375866e+01 1.793449251508304698e+01
9.994162801452770140e+00 1.700040212210276636e+01
8.679695655519706676e+00 1.749407910709803815e+01
7.781053722219176016e+00 1.904997338560748332e+01
5.626181427695533976e+00 1.878724196039385319e+01
3.867138218628842328e+00 1.813694958804658697e+01
1.890217106686640225e+00 1.797029368138874617e+01
-2.415501207586351617e-01 1.779692379302636596e+01
-2.245142316135898763e+00 1.757852080030913200e+01
-4.215064179968846858e+00 1.741143249151528494e+01
-6.126160926871321522e+00 1.712358804310105498e+01
-7.942325955727611131e+00 1.673013679205463689e+01
-9.827303480744070896e+00 1.658173372136198509e+01
-1.131873701146859545e+01 1.564379943976812193e+01
-1.291219581342363476e+01 1.486159948785048890e+01
-1.469685258812664763e+01 1.530104044022927567e+01
-1.643443730952775184e+01 1.389560526132809670e+01
-1.709250855878252295e+01 1.257656136836125782e+01
-1.961576078895985020e+01 1.258802808702696474e+01
-2.098902110245618147e+01 1.164410506634517795e+01
-1.978533975433843040e+01 8.713300938638930404e+00
-1.966677741708216587e+01 7.473846085674878736e+00
-2.249276837428568498e+01 6.668785920197955797e+00
-2.404400681241560989e+01 6.005118528329506766e+00
-2.427262194946999685e+01 4.237569164858374648e+00
-2.229316964394380562e+01 2.437860395334423114e+00
-2.121582140017961393e+01 8.873782595451999988e-01
-2.139169636712787081e+01 -5.092301612012866130e-01
-2.414589352842174819e+01 -1.025001924985403212e+00
-2.551752893202784378e+01 -1.420590872272867511e+00
-2.553388183778375620e+01 -3.317814379219452103e+00
-2.546427930382018445e+01 -5.204231418570279821e+00
-2.494197703145604805e+01 -6.353688055692880532e+00
-2.238550491683123411e+01 -6.813725250561021518e+00
-2.157699021853570187e+01 -7.316765580935400415e+00
-2.309463375289186260e+01 -9.446984782828481642e+00
-2.371628483803317877e+01 -1.049489377919297795e+01
-2.293314670775335884e+01 -1.162293630630779973e+01
-2.120606576816176769e+01 -1.191001539639482765e+01
-2.045953733694948085e+01 -1.276215923914618777e+01
-2.117865970181244251e+01 -1.451534937294633565e+01
-2.080049313191526394e+01 -1.558044676615608459e+01
-1.859635237105805317e+01 -1.570385334375297504e+01
-1.760034369999959125e+01 -1.616290170159793504e+01
-1.830303560346364122e+01 -1.796758829979432548e+01
-1.848736236544193900e+01 -1.913560376450896072e+01
-1.727119560976356638e+01 -2.010724456874223165e+01
-1.611427740165321509e+01 -2.083483137857501077e+01
-1.475657496526680568e+01 -2.065643648282783573e+01
-1.351084544708531787e+01 -1.993583964755633886e+01
-1.231183231674280520e+01 -2.069459239594977262e+01
-1.175040741408121647e+01 -2.197251343209389773e+01
-1.049685466943261147e+01 -2.244714858526822354e+01
-9.029596983238075580e+00 -2.213716584969479939e+01
-7.836623379754358076e+00 -2.180482215258193435e+01
-6.709792076979441688e+00 -2.264123291401140037e+01
-5.369821823655010817e+00 -2.239112780336351349e+01
-4.074939595550882032e+00 -2.263039794746526567e+01
-2.756782482058147909e+00 -2.268254294036001895e+01
-1.402988790593045376e+00 -2.265980388317841232e+01
-1.083687076188283860e-01 -2.257545368533950736e+01
1.278153909816231115e+00 -2.253346029155113328e+01
2.622360776606166954e+00 -2.239425362673235043e+01
4.007971740150473750e+00 -2.219697602874507325e+01
5.324494877026647366e+00 -2.195932610525838413e+01
6.666430953117747471e+00 -2.169112967159804839e+01
8.044691123299131164e+00 -2.130532788641887976e+01
9.326534235951639218e+00 -2.077510819080079330e+01
1.067284660866865131e+01 -2.043073384475966137e+01
1.208950352113295068e+01 -1.985457729677366601e+01
1.360735556473743557e+01 -1.918687280555613128e+01
1.461963742708147862e+01 -1.804784071678531987e+01
1.501395134646724649e+01 -1.626389721036614944e+01
1.682870410517116966e+01 -1.573537301594630122e+01
1.807318846132066525e+01 -1.470226579937150468e+01
1.925246793330510542e+01 -1.296033065477365120e+01
1.979112979161150321e+01 -1.175381985404456309e+01
1.789342193429495609e+01 -9.597894518212370940e+00
1.698138732612154911e+01 -8.426466148873418049e+00
1.975319087593703316e+01 -7.164358246396503205e+00
2.086754727443365809e+01 -6.729513601837642689e+00
2.099258957565738015e+01 -4.903614888253865267e+00
2.050552673513016799e+01 -3.355373172176824070e+00
1.981878746105314448e+01 -1.992097302026590855e+00
1.897863865084249468e+01 -7.785914704690186650e-01
1.780185248392056607e+01 1.994097600441232243e-01
1.639025028819503760e+01 6.159012071356051443e-01
1.472604639692536566e+01 4.295833373352503370e-01
1.340073791767857969e+01 -1.797900162744072716e-01
1.210734921287880717e+01 6.755329908484560830e-01
1.076471181949978906e+01 1.169988940758054152e+00
9.307934205012141859e+00 1.199025817879462386e+00
7.948171864620098503e+00 1.192444854233860152e+00
6.582463585516372007e+00 1.114336683708334830e+00
5.254665979698335931e+00 9.830704361516977574e-01
3.985336710196460963e+00 8.213726569267116862e-01
2.781403368431429435e+00 6.236686504939249476e-01
1.670310825743960725e+00 4.157509541526074881e-01
7.274678162132053316e-01 2.035638707453693019e-01
7.255496481149139711e-07 2.621267172351712145e-07
