-3.234599697812848262e+01 2.066084383109349432e+01
-3.253642999272965852e+01 2.026258571566565436e+01
-3.134384158473158877e+01 2.049503382853069766e+01
-3.030462956568074517e+01 2.119470857349644177e+01
-2.884050367734776898e+01 2.172833152672809121e+01
-2.734329197057074268e+01 2.222687850050358094e+01
-2.584574939229588253e+01 2.267588689612649944e+01
-2.421436579666972122e+01 2.311502597665185021e+01
-2.266283163288430558e+01 2.344711759576474464e+01
-2.106202430615796217e+01 2.370742932725694985e+01
-1.937097710858907362e+01 2.391062420372872310e+01
-1.783321068749403437e+01 2.401567561752787583e+01
-1.632677242495195102e+01 2.407141063673970294e+01
-1.479202226104546369e+01 2.406038178902036151e+01
-1.330002467846385983e+01 2.402251243779666012e+01
-1.192323533136033653e+01 2.393105263937711769e+01
-1.054538671536828787e+01 2.378586491215350662e+01
-9.280620994945813607e+00 2.357784749207827701e+01
-8.026877535432118904e+00 2.330093166159721818e+01
-6.921228992427408855e+00 2.299310873781178799e+01
-5.900448935444359222e+00 2.260800197918888799e+01
-5.032585091229694996e+00 2.220056103530589908e+01
-4.289330548910164076e+00 2.168406617371963918e+01
-3.809791444876265754e+00 2.111131943574785197e+01
-3.145950031326221641e+00 2.071728465847097667e+01
-2.767990382065939059e+00 2.012883658756360461e+01
-2.674744253187866239e+00 1.946775091633003285e+01
-2.704514271958404770e+00 1.867346075483025913e+01
-2.765868521055026452e+00 1.807751465633328181e+01
-3.637843002157466366e+00 1.785273090457557288e+01
-4.617920450754652961e+00 1.761550769897164770e+01
-5.627777800529406349e+00 1.726358811501492951e+01
-6.687551687371387388e+00 1.690625579362245290e+01
-7.823513397596057573e+00 1.655771452266377963e+01
-9.093215960774312379e+00 1.618646916957886006e+01
-1.036300320342033210e+01 1.581590752556135548e+01
-1.173383839923592298e+01 1.540394546217873639e+01
-1.314238746893347987e+01 1.495442484098525249e+01
-1.456154170965541716e+01 1.446933342733797367e+01
-1.611106941216707256e+01 1.388587050110701959e+01
-1.761697862257242875e+01 1.326627865662543471e+01
-1.913314309576715999e+01 1.257930661665818484e+01
-2.065287332222068883e+01 1.183617438446385250e+01
-2.211720962253786027e+01 1.107618210649980384e+01
-2.350547095213428506e+01 1.026356713086953221e+01
-2.484544612479852077e+01 9.378540650319465044e+00
-2.608112143426825824e+01 8.442296011214484253e+00
-2.724409624749330661e+01 7.408337621848684051e+00
-2.835928735495167174e+01 6.155257718095152875e+00
-2.934210119183378396e+01 4.840473702197407135e+00
-3.017911562880098941e+01 3.521628635801020035e+00
-3.093483810387709809e+01 2.018990795132558524e+00
-3.155827451952587026e+01 4.499935525970285566e-01
-3.205727570419518457e+01 -1.112956447261166826e+00
-3.247875364825936373e+01 -2.761924103918404150e+00
-3.266678339907931417e+01 -4.372077782199649043e+00
-3.256020276528457913e+01 -6.081813185124945953e+00
-3.218648043128123959e+01 -7.703082871606570237e+00
-3.245300704382454882e+01 -9.317856777862401074e+00
-3.210979114494733722e+01 -1.098224933368582512e+01
-3.099946546272570203e+01 -1.214105532437977431e+01
-3.035601607351533104e+01 -1.362930254579641165e+01
-2.927426834231735953e+01 -1.484621073441651973e+01
-2.812752583979088072e+01 -1.590689542369937470e+01
-2.682592313921272265e+01 -1.701076529455334096e+01
-2.555166511139263363e+01 -1.797375058557207339e+01
-2.417994601726258352e+01 -1.886802212741999085e+01
-2.277000314700455164e+01 -1.961156598661687767e+01
-2.135298291509636925e+01 -2.038417540332739364e+01
-1.977020344078024650e+01 -2.065605558769991390e+01
-1.825531804871003416e+01 -2.106431980137022819e+01
-1.669648680506005789e+01 -2.148678776637372678e+01
-1.515759134362765259e+01 -2.156467376356855681e+01
-1.353191111223606846e+01 -2.169759046271840575e+01
-1.202264211476447819e+01 -2.183546706884219191e+01
-1.045545269490235718e+01 -2.186477883644707276e+01
-8.989191700922754436e+00 -2.176638253223318031e+01
-7.554491519767811525e+00 -2.163419730666656804e+01
-6.143449792177683833e+00 -2.130174743371388502e+01
-4.733867213998804502e+00 -2.079225220595357371e+01
-3.489363590009450178e+00 -2.019445452789690876e+01
-2.242447358507563937e+00 -1.949033106297598650e+01
-1.186601314661732021e+00 -1.868094607850403222e+01
-1.960989448422272852e-01 -1.764008290681582380e+01
6.274071980571744866e-01 -1.649924034394081573e+01
1.415649836653650295e+00 -1.521402734547975655e+01
2.085741702209493287e+00 -1.386920729997245871e+01
2.655013930572619252e+00 -1.246912442274410182e+01
3.116242111582863128e+00 -1.101650975293757995e+01
3.413596216864924759e+00 -9.631337744586746297e+00
3.555933065573166019e+00 -8.307789421463537494e+00
3.565838865197177299e+00 -7.062203925670317517e+00
3.411071996190722544e+00 -5.862568351425956337e+00
3.104724428798088631e+00 -4.757975163187823320e+00
2.669802334828759616e+00 -3.735750746320308568e+00
2.111883984156159411e+00 -2.715988182166762854e+00
1.524919079287464729e+00 -1.817427350986807522e+00
8.959138439385376795e-01 -1.023023047369443717e+00
3.828708628676952275e-01 -4.656082201220361205e-01
3.873032352764562175e-07 -9.029259807445563355e-07
