1.044602491440001302e+01 2.226655300225889178e+01
1.142306283043467197e+01 2.296059199347028823e+01
1.204834417924709911e+01 2.328065067887023432e+01
1.294847252905823431e+01 2.336987485239934514e+01
1.415779937219969398e+01 2.281462998873702475e+01
1.507813070784991716e+01 2.343458972645596461e+01
1.667675660802588666e+01 2.398781965662621829e+01
1.748473451870334117e+01 2.400953816864677393e+01
1.790667666235424704e+01 2.224376302358272994e+01
1.842123229189690647e+01 2.101990850631898766e+01
2.021947330381500763e+01 2.034464929973948344e+01
2.071842101098392419e+01 2.024523841078152486e+01
2.105692378937414588e+01 2.316278433048457686e+01
2.136613691992196351e+01 2.373638086988017193e+01
2.260684443393355991e+01 2.353381493223566068e+01
2.366593895473151576e+01 2.311134250456455419e+01
2.458756167056682429e+01 2.239694360037062637e+01
2.512425845638123434e+01 2.133581845720070902e+01
2.556435320285095969e+01 1.973050530201041752e+01
2.562993370071885479e+01 1.864445114293851802e+01
2.437881962745207787e+01 1.700016052903866637e+01
2.406032897778757373e+01 1.577346689199429619e+01
2.539241744429657999e+01 1.507009592926279318e+01
2.595721994558536849e+01 1.375779686170984384e+01
2.589668234206176933e+01 1.213694871183969681e+01
2.523210738646912787e+01 1.065441070602802753e+01
2.551720484855776405e+01 9.362522880585386176e+00
2.558626176906968652e+01 7.840417125456393244e+00
2.548135539682362349e+01 6.268065041255704628e+00
2.557259546980169063e+01 4.878314507037354808e+00
2.562233439075245656e+01 3.564458663355563495e+00
2.561360093067145272e+01 2.085522623762200656e+00
2.555469641741956721e+01 6.233307195373947174e-01
2.567478742418300186e+01 -7.322538186763032364e-01
2.598920402612643343e+01 -1.951167976923637193e+00
2.597586235985848191e+01 -3.279091279137956505e+00
2.625106948281423058e+01 -4.428334276683515647e+00
2.576234726823740928e+01 -5.588876327540277522e+00
2.636493078728970474e+01 -6.824365801133764897e+00
2.635980856141580375e+01 -8.166084177687373824e+00
2.526854858620223609e+01 -9.290257274999202508e+00
2.384748018437270645e+01 -1.042340279965232419e+01
2.483788022327657430e+01 -1.150758200224483296e+01
2.606791455131929425e+01 -1.233216689203917760e+01
2.667013628899144706e+01 -1.323312052916325321e+01
2.584832630467172265e+01 -1.458205737303499205e+01
2.504889867398498637e+01 -1.529413301628812327e+01
2.554580300266685811e+01 -1.652325768356884694e+01
2.527732319588447396e+01 -1.772010173993894355e+01
2.443353350283092240e+01 -1.879055307590912349e+01
2.337473256840184632e+01 -1.948697246196399746e+01
2.234180335950345864e+01 -1.953022644828694254e+01
2.154919138813128399e+01 -1.868229278791025294e+01
2.015485698500272704e+01 -2.029537757085430272e+01
1.987985067333190514e+01 -2.114317914102648999e+01
1.867228524621728170e+01 -2.160576255656261679e+01
1.750742293598644750e+01 -2.106023362608096150e+01
1.706986346517243547e+01 -1.925647051237197971e+01
1.649013385217268635e+01 -1.718368997180212432e+01
1.480443367879017202e+01 -1.734154125782962552e+01
1.399725678544022145e+01 -1.929777253467648634e+01
1.373240484716036924e+01 -2.070040560700290655e+01
1.341010016864496457e+01 -2.209178513370716246e+01
1.229169642976938626e+01 -2.285193305540264319e+01
1.083860127777296434e+01 -2.265421226505237229e+01
1.007274651978104174e+01 -2.208381183618872967e+01
9.234264156797985734e+00 -2.002562609249809356e+01
8.748742054919144806e+00 -1.857127977160020293e+01
7.697800002287031873e+00 -1.830354281619532131e+01
6.887430752424543279e+00 -2.017628819784824401e+01
6.231318059160099843e+00 -2.175872045412140565e+01
5.341088929290400245e+00 -2.241669782436990133e+01
4.272848918050685896e+00 -2.151516594302741225e+01
3.207127986759529037e+00 -2.093007694498345117e+01
1.977057448807318263e+00 -2.100528647268901850e+01
1.090741324338247997e+00 -2.028625513742363395e+01
9.352014586904450200e-01 -1.912959681124447187e+01
1.490677908424104192e+00 -1.844428590126027245e+01
2.665998435019413026e+00 -1.668966022286136308e+01
2.699620393321082279e+00 -1.566206964972578319e+01
1.619380413628253912e+00 -1.516862188803924205e+01
2.715588417710347313e-01 -1.586508170727149647e+01
-7.196149639955385924e-01 -1.598374231665786027e+01
-1.190488370184001221e+00 -1.502660708604477513e+01
-1.257201440367673007e+00 -1.393676187210808060e+01
-1.632110961908185276e+00 -1.300089511001162101e+01
-1.439102972837426719e+00 -1.196339554638104197e+01
-8.796609483597395140e-01 -1.117553135127270991e+01
-1.331156874987539318e+00 -1.019605007499196603e+01
-9.408249329684305051e-01 -9.138822926923280576e+00
-1.172558030060132594e+00 -8.173598927826319027e+00
-1.129050428825824293e+00 -7.187550195526586805e+00
-1.084641220772561754e+00 -6.102327213817160256e+00
-1.027100274333075935e+00 -5.099231872074882155e+00
-9.213559341297344885e-01 -4.053015252812782521e+00
-7.793133341807626513e-01 -3.049787456719952772e+00
-5.737709871513086979e-01 -2.033516000097708609e+00
-3.521528688811890184e-01 -1.171823158780865626e+00
-6.486970110576704973e-02 -1.914404705647482219e-01
-9.276716168041640608e-07 8.292378929433763365e-07
