2.411421980643833507e+01 2.592569741529974792e+01
4.822803459070641452e+01 2.522536615582786723e+01
2.814240376498424823e+01 2.466413508476091820e+01
2.808062647603363970e+01 2.452020457889755534e+01
2.581771015858385709e+01 2.119531157467243432e+01
2.403934294970961716e+01 1.979433802039123691e+01
2.435619791783187438e+01 1.692197625904979219e+01
2.459563732959939131e+01 1.468857547776687156e+01
2.526771093428011739e+01 1.220539711433325536e+01
2.574244155495359720e+01 1.021352402487531208e+01
2.375241199976474604e+01 8.287947090455702437e+00
2.337790725853960083e+01 6.461562673042259064e+00
2.556004824222483052e+01 5.029789520540367320e+00
2.632910532876589826e+01 3.288198463850283471e+00
2.554659735048180735e+01 1.416500905392656717e+00
2.368943099886960724e+01 5.589982944792347697e-01
2.345088337702259906e+01 -9.986455063229251472e-01
2.558932877260679106e+01 -2.646175324057880918e+00
2.605369240735240766e+01 -3.672492746182943080e+00
2.371246886162584389e+01 -4.941290944009375075e+00
2.248604540184775047e+01 -6.008037343083521442e+00
2.237559476404600645e+01 -7.260850905743861716e+00
2.516458533394277097e+01 -8.072479300900019084e+00
2.607431426416853526e+01 -8.600318362336862421e+00
2.611798017259253868e+01 -1.013413879308777865e+01
2.595406099836418790e+01 -1.203974149143890848e+01
2.557301039030299350e+01 -1.285688215891341812e+01
2.154649284417226340e+01 -1.209479669231775389e+01
2.120068678242294169e+01 -1.213440502985859837e+01
2.145926584965510386e+01 -1.384029945981740894e+01
2.268989344060724989e+01 -1.525752093543261090e+01
2.314061857502481345e+01 -1.631105312531989782e+01
2.240441577640886806e+01 -1.761507544879622600e+01
2.165886262703569187e+01 -1.800075171886096470e+01
1.932483781299478309e+01 -1.665414338596136190e+01
1.870819988534618972e+01 -1.637419096260503082e+01
1.810813138836047997e+01 -1.694688632427354236e+01
1.839391940800669190e+01 -1.839957922217158881e+01
1.871008917082181355e+01 -1.933538714918097412e+01
1.838908280084149993e+01 -2.034892193196649757e+01
1.741813401070494294e+01 -2.048986319728740568e+01
1.638784322704872665e+01 -1.966004623086110925e+01
1.574273790700385689e+01 -1.905261034848416912e+01
1.498355659554438901e+01 -1.916480671863999774e+01
1.462603568166817780e+01 -2.025740479377975589e+01
1.419684553691244844e+01 -2.108502228011462876e+01
1.349787657491238591e+01 -2.117720630035957186e+01
1.251920125288149244e+01 -2.017022770702690337e+01
1.195735635344432346e+01 -1.985379461955075087e+01
1.137898798737298378e+01 -2.079918065205414024e+01
1.071924970155831680e+01 -2.129973209029468606e+01
1.005437931463099588e+01 -2.116974559725419169e+01
9.564549319301505648e+00 -2.042643373346806968e+01
8.584851863292191965e+00 -2.043904152607627012e+01
8.102845953945340796e+00 -2.024998295639802137e+01
7.564370765756676107e+00 -2.092669499065165795e+01
6.765182083892699261e+00 -2.107916450374694506e+01
6.168947114750224614e+00 -2.083468183402287721e+01
6.004847572203142470e+00 -1.993089097825554035e+01
5.435313317415499057e+00 -1.957636748765056822e+01
4.648741804900718755e+00 -2.017641246336350846e+01
3.926008014262378776e+00 -2.032668319056425688e+01
3.386984898462110039e+00 -2.009081092036576521e+01
3.217944417087182707e+00 -1.883538337191304635e+01
2.995187702402545504e+00 -1.832700517235241833e+01
2.325667833645023830e+00 -1.863018973582786231e+01
1.603540632215601391e+00 -1.911093108853934197e+01
8.741858203756589507e-01 -1.873759698660717632e+01
5.415669748975843190e-01 -1.804144614778800104e+01
9.010444191199356023e-01 -1.748855013899168398e+01
1.080797683629881600e+00 -1.680086641181635443e+01
7.689969847502723388e-01 -1.624122421834401564e+01
1.072986021804740175e-01 -1.613982072379293697e+01
-9.595276641305101606e-01 -1.613382852362816067e+01
-1.391002607013499315e+00 -1.553619685002252915e+01
-7.204600554497655462e-01 -1.469960500725414931e+01
-4.657328714313565543e-01 -1.414294901221494527e+01
-9.139974591051572839e-01 -1.349034706074730927e+01
-1.499550106304500030e+00 -1.300180138357559301e+01
-1.437483086163459545e+00 -1.221779440008073792e+01
-1.562263671887977878e+00 -1.155152375101920725e+01
-1.664449830738492953e+00 -1.084755373310039772e+01
-1.732327984040624935e+00 -1.012810965258482909e+01
-1.783479616012970226e+00 -9.418633058888564946e+00
-1.786113373016946282e+00 -8.744864279834867915e+00
-1.754075218342047382e+00 -8.048040424686623950e+00
-1.685876895769568451e+00 -7.373051590047604797e+00
-1.594546104428784750e+00 -6.681815342333845997e+00
-1.486859425067984297e+00 -6.063053465532568076e+00
-1.341105948444549778e+00 -5.371535405337977132e+00
-1.193484507287235985e+00 -4.756314135087108319e+00
-1.037715430050970999e+00 -4.136573291467436242e+00
-8.826033859708883877e-01 -3.492810334397727257e+00
-7.456366435025657546e-01 -2.924939044120859588e+00
-6.191483860473050438e-01 -2.352935952292108279e+00
-5.093743460578918913e-01 -1.753327459864071125e+00
-4.267618271043412959e-01 -1.178267651954577389e+00
-3.537788890861329749e-01 -7.053812132309721372e-01
-1.860154650699621104e-01 -2.967443680614978985e-01
-1.176960076234440591e-16 -1.192469069105900710e-15
