-4.650677684332301709e+01 -2.351407781460096302e+01
-4.734766017545248928e+01 -2.409799391845828609e+01
-4.679142457738527128e+01 -2.451816438529843012e+01
-4.571652926206138545e+01 -2.391463527387967858e+01
-4.436800870864631463e+01 -2.347813561274149663e+01
-4.338015466552854349e+01 -2.354552272058875673e+01
-4.322512271659861227e+01 -2.537131022823852078e+01
-4.323300764526488393e+01 -2.640573457475764485e+01
-4.557664830241299114e+01 -2.791262401555033179e+01
-4.629532375723676552e+01 -2.862233430029813164e+01
-4.566144413630818377e+01 -2.978049196254299247e+01
-4.298072735836389313e+01 -3.020932020087454006e+01
-4.200128911551578170e+01 -3.057912051475551252e+01
-4.161555537120393211e+01 -3.193431723906999053e+01
-4.191505814276338526e+01 -3.280748147694473005e+01
-4.441860916955337757e+01 -3.365061819061701698e+01
-4.501720506860432636e+01 -3.426039986550411243e+01
-4.460716012141679698e+01 -3.546311669899347407e+01
-4.384119049424637637e+01 -3.649853562365198201e+01
-4.275821466917279423e+01 -3.729947960201597823e+01
-4.169487523501526738e+01 -3.757574742945047319e+01
-4.050276346679481776e+01 -3.701285100220113833e+01
-3.957913282650026332e+01 -3.684112034040323636e+01
-3.918116152294681598e+01 -3.563057857774732895e+01
-3.877890671792238919e+01 -3.487712558032427523e+01
-3.771776229966798866e+01 -3.509449136463898355e+01
-3.706496713914572183e+01 -3.530770085603554520e+01
-3.653435235983585727e+01 -3.637564932548551155e+01
-3.558249619652193729e+01 -3.649061243418318412e+01
-3.492133313193768629e+01 -3.586673626781970370e+01
-3.498203996023684681e+01 -3.487690959502384658e+01
-3.472575266111009995e+01 -3.410304557380592883e+01
-3.360798330100636377e+01 -3.428077077921151528e+01
-3.298751418859238527e+01 -3.435553702070468773e+01
-3.236398238153383744e+01 -3.380624043022945102e+01
-3.177654043201340528e+01 -3.316007614755475430e+01
-3.149629204760546841e+01 -3.245170908872099602e+01
-3.159107626181161876e+01 -3.149690181886213836e+01
-3.074063662359394655e+01 -3.115266051737485142e+01
-3.035567918992967051e+01 -3.048332314802064147e+01
-3.055744413847641283e+01 -2.948312783356255196e+01
-2.955373447558024225e+01 -2.907697543381431515e+01
-2.879239958486875395e+01 -2.875926004669710423e+01
-2.849249110800156970e+01 -2.793528787154079751e+01
-2.867750357890435353e+01 -2.699553806059561367e+01
-2.789922209200851810e+01 -2.626746957826296480e+01
-2.712113784237341818e+01 -2.612288777100463122e+01
-2.658287875307594561e+01 -2.510021592184448025e+01
-2.592932582707764766e+01 -2.469085657321500094e+01
-2.605095358202120437e+01 -2.358083315096428478e+01
-2.562697605623163710e+01 -2.285702231714465782e+01
-2.448540461996732986e+01 -2.281671274364750701e+01
-2.373779717366343789e+01 -2.248994042869741250e+01
-2.360059620024702909e+01 -2.163782668919309415e+01
-2.279640926748596286e+01 -2.102483156686423271e+01
-2.215569968308913218e+01 -2.094813934781761944e+01
-2.144039742401717419e+01 -2.163553672076624679e+01
-2.060730938104520149e+01 -2.043809973212664843e+01
-2.040372742584636612e+01 -2.003634140866409652e+01
-1.966148416201237481e+01 -1.963154125726308763e+01
-1.907715851372193683e+01 -1.963280592949800507e+01
-1.831462656472828243e+01 -2.065468021723415504e+01
-1.755098117080443387e+01 -2.089518796510433418e+01
-1.705393611047932012e+01 -1.961075831037874906e+01
-1.674952129131332157e+01 -1.912549920993980379e+01
-1.552974292874594830e+01 -2.003058633249689890e+01
-1.501598900860218322e+01 -2.036155638903127496e+01
-1.436285803087138113e+01 -1.938515097076860627e+01
-1.380059588106922952e+01 -1.911582259439342124e+01
-1.282650593925312066e+01 -2.033907015398020945e+01
-1.233585987217844426e+01 -2.064544153500045454e+01
-1.156024794504786257e+01 -1.928224841378379395e+01
-1.123776763722762340e+01 -1.891515663625095556e+01
-1.049268267284194955e+01 -1.945336607700244258e+01
-9.627595152529858424e+00 -1.920879683856241726e+01
-8.946952685925239734e+00 -1.914398312619996645e+01
-8.579935257037298868e+00 -1.843246037605166876e+01
-7.752074921912559091e+00 -1.816788143950909884e+01
-7.433228031748093656e+00 -1.747424897584895831e+01
-6.862579341148897782e+00 -1.696959768156781934e+01
-6.304644709710530925e+00 -1.639724066592064133e+01
-5.698830540887660945e+00 -1.571269027327909384e+01
-5.164817227404749467e+00 -1.502333272939252673e+01
-4.643512618930041747e+00 -1.423492742259024091e+01
-4.133919491583285755e+00 -1.336915995891180486e+01
-3.646754056403614275e+00 -1.243217980211458062e+01
-3.200626546210818546e+00 -1.149018577693121124e+01
-2.782033216679804077e+00 -1.053395481085617646e+01
-2.337015802153896704e+00 -9.470419494688812279e+00
-1.941257497649722108e+00 -8.466538022787442941e+00
-1.562612712570947471e+00 -7.398171381430990401e+00
-1.208444679870832372e+00 -6.325313860183733539e+00
-8.879039944465891843e-01 -5.301874856890195886e+00
-5.945859747786181870e-01 -4.275116135935011386e+00
-3.404269357094072412e-01 -3.241015885832306598e+00
-1.502725365261393109e-01 -2.299303345556355183e+00
-1.611764656628960832e-02 -1.476302816731280387e+00
8.653037517388070810e-02 -6.557012728225429798e-01
1.033855605908781811e-01 -1.852504621056530187e-01
6.041541488913432950e-06 1.186033156831943214e-06
