-2.707174135917084001e+01 -2.239275454939988919e+00
-2.838489080676114540e+01 -2.039114232162381413e+00
-2.915157470384039584e+01 -1.528475706095979936e+00
-3.001417731682858303e+01 -8.831923255528963956e-01
-3.089592473490763425e+01 -7.189247701622597519e-02
-3.168420887675390674e+01 8.199550322231674571e-01
-3.240126888813881578e+01 1.855686751891253428e+00
-3.299387025180431721e+01 3.010306070670948131e+00
-3.342701505774353166e+01 4.230318055673497391e+00
-3.363489290791245168e+01 5.460797214071528849e+00
-3.366421074283972814e+01 6.748241448332777281e+00
-3.348935389237328764e+01 7.958225051395700689e+00
-3.318232735469324979e+01 9.131118766309761270e+00
-3.274520813558262233e+01 1.011430144622632099e+01
-3.219153305423991185e+01 1.105040016320059948e+01
-3.157252911250287752e+01 1.188635031090195682e+01
-3.082130934319873461e+01 1.268032770562161282e+01
-2.992477670557309111e+01 1.314794157861466850e+01
-2.896842234634453561e+01 1.370815718600412580e+01
-2.797965062034239736e+01 1.415783706242143403e+01
-2.693958334997154580e+01 1.459306992063298303e+01
-2.589525801153851603e+01 1.499595659798280778e+01
-2.486664009326627323e+01 1.542259172191610617e+01
-2.387311995710805235e+01 1.584633079752591911e+01
-2.289469236787056516e+01 1.631215727921658498e+01
-2.198305004958496767e+01 1.686375668248599879e+01
-2.133120307853323894e+01 1.765269441720867860e+01
-2.026647795265755647e+01 1.792029610811555784e+01
-1.958102484587297809e+01 1.888939288703080166e+01
-1.950949618292969490e+01 1.991460826505146287e+01
-1.884190478600930163e+01 2.079887923899686086e+01
-1.841440993041326379e+01 2.183162982292944676e+01
-1.805208736210940756e+01 2.279430512606587200e+01
-1.757473422647603201e+01 2.377778749416203041e+01
-1.712870558320053149e+01 2.470584621587747520e+01
-1.665355577336978499e+01 2.562832423699511963e+01
-1.607271328423621526e+01 2.660210589728567498e+01
-1.547566638528435590e+01 2.750905314271122393e+01
-1.482170415684754516e+01 2.840222009885245313e+01
-1.415579955245489252e+01 2.923292039600126913e+01
-1.339340599368046902e+01 3.003382447707013014e+01
-1.255544155246806248e+01 3.075020326502157886e+01
-1.171715057282512618e+01 3.132155083282631480e+01
-1.079622542039193434e+01 3.183752326489130979e+01
-9.819254271510482468e+00 3.221853994544812849e+01
-8.765946812874483740e+00 3.247104589634675165e+01
-7.692182669991677990e+00 3.260581674306968125e+01
-6.582959075133538285e+00 3.262297318117964551e+01
-5.400811444492275903e+00 3.257676127657303056e+01
-4.249800823807131422e+00 3.246761135558119094e+01
-3.090582227222642420e+00 3.230733212562368095e+01
-1.960325066111025860e+00 3.209972220795511788e+01
-8.834102717125132953e-01 3.179820499272825884e+01
9.171588353492900192e-02 3.142046298285930916e+01
8.944462897510907506e-01 3.093887546049201376e+01
1.555973581770862424e+00 3.026513655078768750e+01
2.016411482889858497e+00 2.945895030991275831e+01
2.250637399568860886e+00 2.859560829297775797e+01
2.377791552917168261e+00 2.761957809184835000e+01
2.399522748151064810e+00 2.667827499676372227e+01
2.338348622836202040e+00 2.573087803456939326e+01
2.187693966236292198e+00 2.467463040351821135e+01
1.987568820207268105e+00 2.363509027576708377e+01
1.787470315761016781e+00 2.272596057195845631e+01
1.577796182959750437e+00 2.171861108311131616e+01
1.422555140183854983e+00 2.073680700433922652e+01
1.357979125542305265e+00 1.984160962864447342e+01
1.383537495233328585e+00 1.894453949190718234e+01
1.530623715856332279e+00 1.808679134223466889e+01
1.836189258514802081e+00 1.721489777008211775e+01
2.284868270072944796e+00 1.645923211054534008e+01
2.884011258024348212e+00 1.575812820142328974e+01
3.588909583730463648e+00 1.512041140894005764e+01
4.337936781648505935e+00 1.455636138935715884e+01
5.163737956225894266e+00 1.400578434442270215e+01
5.970724800597539073e+00 1.352728124145865607e+01
6.787927805214678756e+00 1.309259883957791892e+01
7.609263710374047029e+00 1.268701755715421520e+01
8.472749206024033697e+00 1.225010717862941867e+01
9.247982096876761204e+00 1.182451894448861296e+01
1.001507384520824218e+01 1.137105137972576863e+01
1.075363685433324967e+01 1.084630389732183353e+01
1.138680603480411690e+01 1.028276228810511483e+01
1.188691645660380480e+01 9.634937395424888251e+00
1.222110616727013088e+01 8.934026208297767724e+00
1.241643375939461613e+01 8.170825756006381724e+00
1.243739694159964948e+01 7.318382221918082742e+00
1.226168717559407817e+01 6.356200856077284911e+00
1.179558128143863094e+01 5.446305537336800562e+00
1.103403094114993266e+01 4.581067416895832523e+00
1.017150948648327002e+01 3.906831231716294539e+00
9.037488357340878409e+00 3.236766131870318919e+00
7.882213259443879849e+00 2.688881321603362906e+00
6.654066719875322278e+00 2.228581313952866072e+00
5.439569920326634112e+00 1.829050296233340367e+00
4.157259336843968534e+00 1.433897114615511725e+00
3.035912889109817936e+00 1.092100301850076116e+00
1.876826676738460931e+00 7.048519817949436828e-01
1.013876733612957270e+00 3.925040872487202126e-01
2.301423046077646301e-07 1.118261804542074446e-07
