-1.225554089123797041e+01 3.085512648263160962e+00
-1.147738875172109907e+01 2.312712427690262196e+00
-1.104591591771260894e+01 1.742089026963657084e+00
-1.236264147205886665e+01 2.233561563367403302e+00
-1.308462620857916470e+01 2.651405813564168490e+00
-1.378354226715608810e+01 3.198369064574531073e+00
-1.420409506421521328e+01 3.435345245956610061e+00
-1.349788337934526083e+01 4.632759279061981594e+00
-1.340738246157651048e+01 4.870662081203402494e+00
-1.392513969195722368e+01 5.311287000103220635e+00
-1.467175387697394306e+01 5.925681786894678282e+00
-1.553373563740500352e+01 6.344839626324536574e+00
-1.593601556326447799e+01 7.448347641694621935e+00
-1.610107452048664456e+01 8.564135366503133895e+00
-1.636479477012241190e+01 9.855763155967158795e+00
-1.660991886480168134e+01 1.113837427448284423e+01
-1.676100294262031909e+01 1.241978397402444223e+01
-1.689125369262414367e+01 1.369390580133324242e+01
-1.704064110039049140e+01 1.502705812555172926e+01
-1.701193851865479090e+01 1.635651815300494150e+01
-1.683288728317281624e+01 1.754170332956978839e+01
-1.693090891038568913e+01 1.882095147369948407e+01
-1.646011915836070472e+01 2.000334372941053118e+01
-1.603298045178750186e+01 2.129549836952985231e+01
-1.618704075152737332e+01 2.243924807863135484e+01
-1.537511964897443661e+01 2.361083072853766396e+01
-1.539220382950596289e+01 2.481535784207070705e+01
-1.459751320486569170e+01 2.577248199139016549e+01
-1.330992591563885696e+01 2.638598677724203867e+01
-1.351624681889713564e+01 2.780834122513178741e+01
-1.325354266671918957e+01 2.889644306753438130e+01
-1.231154535417447526e+01 2.999070989675939458e+01
-1.190612585555000358e+01 3.098128337769367491e+01
-1.064163851669158412e+01 3.159996412795242904e+01
-1.014201414633929055e+01 3.298535335056297413e+01
-1.040057576911670267e+01 3.417759876499146543e+01
-9.973476955345033090e+00 3.534691714929579121e+01
-8.883998004577206231e+00 3.623836504074396458e+01
-8.703130029562331060e+00 3.758317337847623207e+01
-8.002431469768445993e+00 3.854330771954720092e+01
-8.612037764157605579e+00 3.983747902320018852e+01
-8.734321770902806037e+00 4.127778907906304795e+01
-8.566945561568992673e+00 4.263991438646576171e+01
-8.272371593314534977e+00 4.396155661000711490e+01
-7.828908315526264872e+00 4.527242110433968492e+01
-7.327059298533024290e+00 4.624495688111608160e+01
-6.847530341412520372e+00 4.728307859338711694e+01
-5.649026287412790559e+00 4.686104365540862204e+01
-4.871175382858297986e+00 4.600315826924091311e+01
-4.105680358040958211e+00 4.485827286812902059e+01
-3.732077435782782171e+00 4.327365923864600461e+01
-4.010473635694911998e+00 4.202173352817612084e+01
-2.906650576310860323e+00 4.131695884067931956e+01
-2.086618257609508920e+00 4.033356348566974958e+01
-1.451596564720824434e+00 3.912920208687160795e+01
-8.791424186562388776e-01 3.792354762152724845e+01
-3.757850893062235076e-01 3.666696995385522939e+01
2.285672332568029208e-01 3.546246782122457830e+01
8.753014814104594921e-01 3.424349704627093161e+01
1.529619350738038008e+00 3.300310184912710554e+01
2.044262043734375478e+00 3.173793175590480686e+01
2.785115731873879952e+00 3.051122757292007392e+01
3.426748369588956677e+00 2.925002360300397086e+01
3.983626643982635773e+00 2.805826992828629329e+01
4.623598408864316056e+00 2.689360838302394541e+01
5.301771174305275558e+00 2.569595849564835888e+01
5.815401268423056713e+00 2.454251684182612081e+01
6.271182270620448307e+00 2.341165008359523014e+01
6.820460053971414638e+00 2.226459391897267537e+01
7.161245877335179699e+00 2.120635670980922072e+01
7.504482688772444732e+00 2.008680393233339245e+01
7.771692697336132660e+00 1.903298404280603151e+01
7.957692578170527220e+00 1.793649315535665068e+01
8.008123516632920769e+00 1.684659262532849056e+01
8.008016149063168498e+00 1.580765861555575569e+01
7.940844119073004137e+00 1.460593276177842625e+01
7.810567251635019304e+00 1.351763637419393227e+01
7.614105836649108561e+00 1.240822605488425801e+01
7.336060060958419449e+00 1.130590009810651253e+01
7.023622705071198347e+00 1.020192296689349476e+01
6.687286491165141733e+00 9.158368656071033342e+00
6.281986717503545314e+00 8.144590358850251732e+00
5.803774683033310566e+00 7.191959553029871444e+00
5.359229193926428714e+00 6.328058686883791140e+00
4.847562241586080845e+00 5.490069959805261135e+00
4.349645096386004717e+00 4.744572487951851159e+00
3.810382324220608297e+00 4.013475203833698934e+00
3.301731199417345941e+00 3.368952460884166555e+00
2.792507208689347209e+00 2.753349725776625956e+00
2.300923990727115065e+00 2.188742441380722159e+00
1.814184579187202440e+00 1.693194569703467600e+00
1.402353103872726825e+00 1.283792263444577975e+00
9.529590445245266217e-01 8.645836928365638885e-01
7.126148873850347565e-01 6.267575275243902899e-01
2.378522335452853409e-01 -2.134321743479530853e-02
1.968600840885148875e-02 -1.890423061577872488e-01
-5.792230920968519797e-02 -1.500469570564507693e-01
4.385527249761245888e-02 1.708818565200116157e-01
4.230233907753837286e-02 1.901447207517344973e-01
5.936201583617916376e-12 1.401888576099895976e-10
