2.700156985546886190e+01 4.497645212243701707e+01
2.601542510015175935e+01 4.589348685077315082e+01
2.528332713573569634e+01 4.601661415380037568e+01
2.864756517956990578e+01 4.449564468640713244e+01
3.143987486291126388e+01 4.266717820039472286e+01
3.175797345347451639e+01 4.209995789334275429e+01
2.941245402594713099e+01 4.218961477360829804e+01
2.750475015584432725e+01 4.211778237278578274e+01
2.529671687705320338e+01 4.277212828963693880e+01
1.682427775211494136e+01 4.409459470179260876e+01
1.684938291425526558e+01 4.400055877481172217e+01
1.952686894322167888e+01 4.214906677383550715e+01
2.237658119576065374e+01 3.999554091498042396e+01
2.461350389935085303e+01 3.850764507324807795e+01
2.642131491115813446e+01 3.715968218442689164e+01
2.596771453751609471e+01 3.531689273886785685e+01
2.460850796454300493e+01 3.431556491917141472e+01
2.299535687137873197e+01 3.482812948264453468e+01
1.989173613170714816e+01 3.615293738860520278e+01
1.793781752788940409e+01 3.625493167513979387e+01
1.615685001381191555e+01 3.613776679966991168e+01
1.618367467655488312e+01 3.455622827307379907e+01
1.859505741180530691e+01 3.248908356355665461e+01
2.067112551052174041e+01 3.080381764124101451e+01
2.153539151338057067e+01 2.987812633001364304e+01
2.082744871490680083e+01 2.880516176298838005e+01
1.852149589023744269e+01 2.912115431030956003e+01
1.513006168351832947e+01 3.004234724882270768e+01
1.380667296165714575e+01 3.005750817271004038e+01
1.448168470035668598e+01 2.840495076198537916e+01
1.552725477806282406e+01 2.715501821224062340e+01
1.748113685172927134e+01 2.529608457966742563e+01
1.793981374104225068e+01 2.469202904479711336e+01
1.690449509171043019e+01 2.373860527347017779e+01
1.579741158116900657e+01 2.376596552577189314e+01
1.393535481641956331e+01 2.438850706658064027e+01
1.160912408623956438e+01 2.468930378373683965e+01
1.072509351405955513e+01 2.433146374972148962e+01
1.047076880259875686e+01 2.332147233038820033e+01
1.205589498855635533e+01 2.227682222411011992e+01
1.381020350828090493e+01 2.099677336005643369e+01
1.429431778602381620e+01 2.039931483041464588e+01
1.332552607109761134e+01 1.969191493903441881e+01
1.241624950203769373e+01 1.907725994719190510e+01
1.216346420995910904e+01 1.806104841386432014e+01
1.172126673116023632e+01 1.758988274178152977e+01
1.045806650377657299e+01 1.796278971846713191e+01
8.236552501571734908e+00 1.864788036632672430e+01
7.822057954269723723e+00 1.841542654685252955e+01
9.494777157116555344e+00 1.660731819279081378e+01
9.993838733387734763e+00 1.586592993124657447e+01
9.014054774939275205e+00 1.537009391624495258e+01
8.421020868073751942e+00 1.486487258615606777e+01
8.924099430836328395e+00 1.403150522496786046e+01
9.238649895005361046e+00 1.348006387667078343e+01
8.623437236382301307e+00 1.277620840381031719e+01
8.088399996810373693e+00 1.254908698933651756e+01
6.047364979170239074e+00 1.364995836142123586e+01
5.552428988979181135e+00 1.376582262929744438e+01
5.477379253397907988e+00 1.262993760377355379e+01
6.241475738879283419e+00 1.152277215361168672e+01
6.792009671108391267e+00 1.054513541512445229e+01
6.817324672192244250e+00 9.924514554373679687e+00
5.939663401548016530e+00 9.869683422725534783e+00
4.592938602211213528e+00 1.004222101749442508e+01
4.149987662692668167e+00 9.912557868786565862e+00
4.770891052101338126e+00 8.863154632488594586e+00
5.133994065592272449e+00 8.458907155770328146e+00
5.492173032793609799e+00 7.991598019007679632e+00
5.100500461724347900e+00 7.425690272838613382e+00
4.723709293801537257e+00 6.969676012061063020e+00
4.266229669295364957e+00 7.033649330457425464e+00
3.564625452480996604e+00 7.430285003594683246e+00
3.126878701057383303e+00 7.377137099815924692e+00
2.892415473246082946e+00 6.660660796710914155e+00
2.863761874502229521e+00 6.211148194963846514e+00
3.449623021642177267e+00 5.864946486736483777e+00
3.700405921439758217e+00 5.569169738359804001e+00
3.512695914178222356e+00 5.150788417308952205e+00
3.080799763235227307e+00 4.764799480568689738e+00
2.830309022824859522e+00 4.613909582474146731e+00
2.336025783694323010e+00 4.743722429290027520e+00
2.075529421517388506e+00 4.526890565665729227e+00
2.032393489556879818e+00 4.118920026532999934e+00
2.166156787793144467e+00 3.807944072461734386e+00
1.939016009909019900e+00 3.501322361807332140e+00
1.730969373357560848e+00 3.264301320034196152e+00
1.581763859889788293e+00 2.981933773087102058e+00
1.435642446265944949e+00 2.710345942589730939e+00
1.269542096738537129e+00 2.444161300937705228e+00
1.113777176360102983e+00 2.184689805690799957e+00
9.760165035847417903e-01 1.932292193600145369e+00
8.264909784660848802e-01 1.653020146127915035e+00
6.792816995644016531e-01 1.366386213938224126e+00
5.325502073436674255e-01 1.055011581127455411e+00
4.047886572004736339e-01 7.767363957649797701e-01
2.755661412651423392e-01 4.946857969873098559e-01
1.721833673485076988e-01 2.831406509227341606e-01
1.186327451393515489e-02 1.478361502695335096e-02
1.733975063689111981e-05 -1.695713889104964788e-04
