-3.206690461410310178e+01 4.411094629277621237e+01
-3.333454377816605074e+01 4.419691667452666195e+01
-3.348242250760033301e+01 4.361429469629577937e+01
-2.988542089577617489e+01 4.318758557516338215e+01
-2.973829986962525851e+01 4.314421412790989763e+01
-2.998799163958435798e+01 4.245249456679137978e+01
-3.049443725947507744e+01 4.037537571159104743e+01
-3.103688114991291513e+01 3.927747406802330232e+01
-3.338115569298342677e+01 3.934212467639034116e+01
-3.455132005840531662e+01 3.867138411121594288e+01
-3.471914601562318836e+01 3.684004015504702068e+01
-3.402558478226670502e+01 3.549182896086923478e+01
-3.168543363628934983e+01 3.431997824256765028e+01
-3.111417437855949686e+01 3.323584591073660732e+01
-3.333167211639355543e+01 3.184047622576028758e+01
-3.426679102529654841e+01 3.069617327027662768e+01
-3.369942323060270439e+01 2.941072163295709174e+01
-3.121494175326687781e+01 2.780211917640974306e+01
-3.051500593596584920e+01 2.741352926355068576e+01
-3.167370874921200041e+01 2.596405286212461760e+01
-3.157658695823299766e+01 2.387748401186404124e+01
-3.166184322236205517e+01 2.291258071478622327e+01
-3.015595864335936938e+01 2.232285045515397925e+01
-2.983217844781254158e+01 2.040547616690368926e+01
-2.973601320345529686e+01 1.932572947962494325e+01
-3.140862979312846548e+01 1.842631660481782774e+01
-3.194320455626030864e+01 1.743115536517584019e+01
-3.054104538742756603e+01 1.608383304844916850e+01
-2.972681225369718305e+01 1.511433621237390490e+01
-2.979281822482935738e+01 1.405603762554385661e+01
-3.142677539769310613e+01 1.345826738364607955e+01
-3.238964248584900218e+01 1.300225057997442057e+01
-3.258361244858208750e+01 1.167580475184680466e+01
-3.230213882358655297e+01 1.071276560891548080e+01
-3.104352781933805261e+01 1.027593306794743633e+01
-3.006747576006485900e+01 9.937189610781350879e+00
-3.016611431816804867e+01 8.594447403630161020e+00
-3.066775815833424090e+01 7.709425573456733183e+00
-3.190370993519475107e+01 7.374098099934989214e+00
-3.293490164931822051e+01 7.010067247165800985e+00
-3.318111710013880611e+01 6.147674164988773171e+00
-3.172732730364032960e+01 5.227383388280194332e+00
-3.123287163237998598e+01 4.768873166526280016e+00
-3.127966421854145196e+01 3.845777873783924328e+00
-3.132514212455102864e+01 2.705212339925844311e+00
-3.133488796175044300e+01 2.197830403279728007e+00
-3.372740352492066762e+01 2.820737482971188204e+00
-3.404111341217211617e+01 2.762166603541403198e+00
-3.385053964260222870e+01 1.782097858226260545e+00
-3.283705567599308495e+01 8.087731061292260382e-01
-3.264180011349426280e+01 3.784189080295005114e-01
-3.416483764388270572e+01 4.434081309100817297e-02
-3.440331044433477103e+01 -1.312026462006797844e-01
-3.458760273993050305e+01 -8.131873075140376717e-01
-3.460122917552259736e+01 -1.606582246936976155e+00
-3.518187416574424020e+01 -2.589595589986622315e+00
-3.493695661689116605e+01 -3.323891148996742206e+00
-3.302946585070439056e+01 -2.716966463840361445e+00
-3.272108520130621656e+01 -2.424863624209784074e+00
-3.215506414460480045e+01 -1.967943645946634845e+00
-3.161073749408785716e+01 -2.326485373796812528e+00
-3.128462323233403453e+01 -2.850825523808683037e+00
-3.087423860029793943e+01 -3.701528715114435375e+00
-3.063834972191840222e+01 -4.082974668291250886e+00
-2.909664594676655014e+01 -2.287949266904150569e+00
-2.890892493146208864e+01 -2.215666160392294692e+00
-2.875876526416674750e+01 -3.416533788836685570e+00
-2.832468640199035548e+01 -3.938286068840257226e+00
-2.750181032497672717e+01 -4.067453668207428485e+00
-2.675825619099533625e+01 -3.903371363268573813e+00
-2.593323389612472951e+01 -4.010209440581960827e+00
-2.505603257566929543e+01 -4.036211220938318078e+00
-2.417021847092238573e+01 -4.008280065968872208e+00
-2.312729913869708653e+01 -3.916358004076932353e+00
-2.201763768951665057e+01 -3.796026009894599262e+00
-2.098943593697462262e+01 -3.661502740122575261e+00
-1.993543096296783901e+01 -3.520252410222306061e+00
-1.878915372096423653e+01 -3.347720750310052118e+00
-1.761892338415796999e+01 -3.187645491287788957e+00
-1.648378790041595110e+01 -3.020573230348423177e+00
-1.530628068574918110e+01 -2.839386477369027606e+00
-1.409160071782962476e+01 -2.652001623779649542e+00
-1.282702437657672334e+01 -2.455885751850925836e+00
-1.160913472849456340e+01 -2.281828442438203375e+00
-1.041481595013183359e+01 -2.119475563827026399e+00
-9.315152497067112236e+00 -1.951707630200035792e+00
-8.216020554237966067e+00 -1.778963891620136240e+00
-7.267789783548455063e+00 -1.604138342882204693e+00
-6.351219579426366835e+00 -1.408556538934455427e+00
-5.518242394223793035e+00 -1.238828956457032726e+00
-4.762398447632936183e+00 -1.092745683679527957e+00
-4.042896936050532908e+00 -9.425687835425875516e-01
-3.354016701922788890e+00 -7.725060208817576823e-01
-2.732547862622527024e+00 -5.717944690969778421e-01
-2.174675654145600046e+00 -3.942175841334357167e-01
-1.618977175244949551e+00 -2.411909225043020744e-01
-1.118617716191855793e+00 -1.276465845118842091e-01
-6.794448811186630799e-01 -5.195251867439205223e-02
-3.478994904561763524e-01 -1.379562244753721433e-02
-1.143420445671736121e-07 -3.215992930327523611e-09
