-4.521415878022592238e+01 -4.399012999586695116e+01
-4.871101907882804483e+01 -4.270995101571993757e+01
-4.590503443952459151e+01 -4.029796746835074828e+01
-4.367138204213998165e+01 -3.917247575929921766e+01
-4.282305520780468555e+01 -3.649605277589643038e+01
-4.251502523484995066e+01 -3.363891644984079221e+01
-4.188790662668779419e+01 -3.065745175936186229e+01
-4.134642581822591723e+01 -2.791712971440912128e+01
-4.074129890603734339e+01 -2.518447343139003891e+01
-4.014232208854855344e+01 -2.245138975233947676e+01
-3.959193560213611107e+01 -1.986284175359655890e+01
-3.893369711158219104e+01 -1.747879587015358993e+01
-3.840154888033858072e+01 -1.520045781025790710e+01
-3.747861476447133811e+01 -1.317748140660308032e+01
-3.710329476877127064e+01 -1.114444641871882524e+01
-3.724617258454724578e+01 -9.048192240682192633e+00
-3.601638489024293222e+01 -7.700902437224675268e+00
-3.593406336966086911e+01 -5.966222047790892269e+00
-3.455272522324166573e+01 -4.580639728711143555e+00
-3.407936725578607451e+01 -3.386338886252291847e+00
-3.532101815410164392e+01 -2.046635842790918591e+00
-3.606672737148942076e+01 -6.493316816146018633e-01
-3.548805347436642421e+01 1.000352486023114329e+00
-3.419135374399611749e+01 1.834967497707824524e+00
-3.301050455047097643e+01 1.859040781234384765e+00
-3.185947916951147008e+01 1.951583476933306249e+00
-3.096979745497612413e+01 2.230900296617521317e+00
-3.003657775073747160e+01 2.197596233628735352e+00
-2.922153880912630797e+01 2.009913759967463243e+00
-2.828103524064127328e+01 1.496616232888257070e+00
-2.786633097010996352e+01 9.666858132407718518e-01
-2.936258812521859340e+01 -1.174806138075251472e+00
-2.952914874368592635e+01 -1.468614177125318054e+00
-2.827826093177510458e+01 -1.902764358300782055e+00
-2.677195411146227855e+01 -1.389639219485058863e+00
-2.586869386929316050e+01 -1.645008454883478244e+00
-2.514553763074614423e+01 -2.726411254699449227e+00
-2.483802815977258405e+01 -4.155350964934629410e+00
-2.499279624626363727e+01 -5.508946709687338128e+00
-2.497829403517909697e+01 -6.901108231439706309e+00
-2.437872372531097653e+01 -8.337011584559286703e+00
-2.408357840888286461e+01 -9.948100433588820124e+00
-2.379116193086933606e+01 -1.162685961665363088e+01
-2.352789954597808730e+01 -1.345910971155235814e+01
-2.326713407907274345e+01 -1.522882306570515532e+01
-2.298644090459004374e+01 -1.709816295079986403e+01
-2.270542486387170911e+01 -1.906310667491348454e+01
-2.240142278203899906e+01 -2.098184994299215589e+01
-2.211545604007451971e+01 -2.293036855327591184e+01
-2.175761927696623488e+01 -2.487263792330264067e+01
-2.140350355384889269e+01 -2.675921675368715924e+01
-2.107212558591304230e+01 -2.869909140700585581e+01
-2.080180539173749921e+01 -3.043345059422205878e+01
-2.055903723663147886e+01 -3.217663200820942393e+01
-2.033742838726115210e+01 -3.373741122367697187e+01
-1.999190208802799162e+01 -3.514392324745833207e+01
-2.033945822501544853e+01 -3.641957396183795481e+01
-2.030928785972704276e+01 -3.764930737030937991e+01
-2.010839421188771681e+01 -3.874252958453602247e+01
-1.951856956048327874e+01 -3.969137778522946292e+01
-1.887529355215541571e+01 -4.011505807405641377e+01
-1.794588672735911317e+01 -3.961953259265714422e+01
-1.731136818414399769e+01 -3.939592271022964098e+01
-1.684093106968926890e+01 -4.024819605999042693e+01
-1.654757366079210001e+01 -4.084003335176706884e+01
-1.577096505888073175e+01 -4.091712719565401812e+01
-1.507939496051324824e+01 -4.067111759207362809e+01
-1.443329792383559429e+01 -4.090134031603206211e+01
-1.391371742706098225e+01 -4.036110033981054102e+01
-1.326375059768800924e+01 -4.000852019292568684e+01
-1.243505114648007570e+01 -4.023178593035368777e+01
-1.183207837035847021e+01 -3.989750452882276477e+01
-1.175651589223320137e+01 -3.869860084480585272e+01
-1.142488956623406970e+01 -3.804328224916464762e+01
-1.039469847922720014e+01 -3.831032878366808347e+01
-9.609027500203989547e+00 -3.783930366762122333e+01
-9.220341812386358527e+00 -3.683212460275659339e+01
-8.833504171347181355e+00 -3.589425914849447707e+01
-9.082129417734053689e+00 -3.472482743649108983e+01
-8.177190497085753407e+00 -3.381040785040040220e+01
-7.756130686522224593e+00 -3.263784690857912096e+01
-7.692449723251080229e+00 -3.120695832706088879e+01
-7.274711109287290256e+00 -2.978712781298624179e+01
-7.157496093427796247e+00 -2.823782441267722376e+01
-6.869520979275321793e+00 -2.653765248636875640e+01
-6.528896041018040108e+00 -2.480769487535085105e+01
-6.097061231703487572e+00 -2.294204353532747831e+01
-5.578143579874634383e+00 -2.098768601576444581e+01
-5.017085084060886047e+00 -1.890310100419233308e+01
-4.477651483971865964e+00 -1.695354858637322693e+01
-3.883193971525648269e+00 -1.482578041097636401e+01
-3.250845397976063644e+00 -1.262194689970557349e+01
-2.611982687849743634e+00 -1.040189550110161143e+01
-2.059489787754980039e+00 -8.383571865197710693e+00
-1.572649908900864979e+00 -6.455151859961014260e+00
-1.176815008400535767e+00 -4.719271196157146520e+00
-7.965545914344631662e-01 -3.040218762774817840e+00
-4.697295111895029573e-01 -1.632837410518670707e+00
-1.172040419278826545e-01 -3.123041350913025593e-01
-3.658074801159450284e-06 -5.003752992187165486e-06
