4.062586535179525526e+01 4.767054424252176403e+01
4.812050502581664801e+01 4.584037075677159834e+01
4.436326965553104174e+01 4.581551368687227921e+01
4.193628619065066232e+01 4.545288987408026316e+01
3.891389155628117180e+01 4.590960440846635038e+01
3.821128588294487827e+01 4.593556077641382984e+01
3.797370512947038179e+01 4.441341372893757011e+01
3.823857290660352959e+01 4.323051700879924653e+01
3.794885768615525734e+01 4.167804495299100864e+01
3.746461463447022311e+01 4.076143195989648405e+01
3.631624853477712378e+01 4.099939112979351563e+01
3.519260479266780095e+01 4.113108031761180428e+01
3.430596444133053780e+01 4.091298341301644825e+01
3.415939814688221077e+01 4.013354260898622528e+01
3.376916390286083214e+01 3.946689255872581725e+01
3.311974120264601851e+01 3.897924676708884562e+01
3.284469483303401915e+01 3.880083459873153373e+01
3.316880864136359008e+01 3.824411575307392042e+01
3.489065130451293584e+01 3.764413757742331512e+01
3.540416446665076933e+01 3.707787003476475718e+01
3.448962660270354519e+01 3.589968191330179081e+01
3.370183053804154127e+01 3.538826858371888306e+01
3.232530159601250119e+01 3.619685034838990134e+01
3.153936478472539662e+01 3.688739402261447964e+01
3.103887242347798292e+01 3.708044884595893365e+01
3.065892016902288120e+01 3.655748772050779394e+01
3.021984041241370278e+01 3.552344714439580997e+01
2.833116773365469854e+01 3.603458913675918041e+01
2.769393179339817834e+01 3.656348094193418063e+01
2.843267335744937796e+01 3.738116684766571751e+01
2.870901252582262586e+01 3.792609399855168562e+01
2.832860308665324212e+01 3.888724682444956926e+01
2.808719883076316748e+01 3.937275481064185101e+01
2.843625343496138669e+01 4.032754661056737433e+01
2.714029194986498794e+01 4.113179954870954447e+01
2.642637477956221659e+01 4.111792411621866705e+01
2.505984883923305162e+01 4.014152544576693060e+01
2.427189646846569815e+01 3.999250369955235840e+01
2.385074460249409256e+01 4.136227947679645212e+01
2.360847892438896167e+01 4.268951235743235628e+01
2.300703568083910966e+01 4.324467841251535560e+01
2.145577275029641839e+01 4.268527452459434812e+01
2.058414757921531901e+01 4.275507412324287060e+01
2.019541640412592898e+01 4.418645426654792630e+01
1.945879079981103033e+01 4.475872548714303178e+01
1.802397992720759490e+01 4.380588411964725282e+01
1.714659582364371815e+01 4.345545746579873025e+01
1.659937655705273585e+01 4.495214189711907693e+01
1.636811382314633434e+01 4.568392478187171690e+01
1.534720858564097767e+01 4.551304925733092688e+01
1.444855852791133621e+01 4.600885750237230098e+01
1.355400898575244817e+01 4.572616233952507514e+01
1.259210044060755074e+01 4.599155023186832381e+01
1.180365419089790002e+01 4.535048811536085367e+01
1.164424511193576173e+01 4.447758753928597031e+01
1.069754531174086232e+01 4.388998337213898537e+01
9.806059058765550063e+00 4.442007398418093800e+01
8.950709070242933052e+00 4.452411343540067179e+01
8.172259639313379509e+00 4.416464642257881934e+01
7.426138744536719294e+00 4.362019719345391877e+01
6.881588295062739391e+00 4.294519845762746257e+01
6.641214426010687788e+00 4.173895259643424538e+01
5.786848471860612797e+00 4.138795898072694257e+01
5.181241908984901556e+00 4.062193456350697573e+01
4.887369933403520328e+00 3.964107741492912140e+01
4.380817685590751687e+00 3.875425177571261770e+01
4.082747485131812404e+00 3.776330359287391758e+01
3.759621718582427885e+00 3.673588924572499792e+01
3.444633583550074540e+00 3.571664218103223476e+01
3.174079644678629020e+00 3.461103793156171093e+01
2.945732255611113182e+00 3.340808578830151987e+01
2.726671632433393722e+00 3.210485391099761898e+01
2.548287989358587691e+00 3.071319772277640325e+01
2.403381447265453552e+00 2.922426495062070728e+01
2.293952467779500459e+00 2.769547071609620303e+01
2.156330529333744916e+00 2.608513060180806775e+01
2.016739225605389763e+00 2.451139863278686093e+01
1.847781996872308374e+00 2.296081183728104591e+01
1.682972420071254804e+00 2.142037806201259542e+01
1.544994657226657742e+00 1.986545734495766169e+01
1.423932005369402010e+00 1.831514937355516182e+01
1.301836456557331712e+00 1.678201643933535081e+01
1.118731952700113386e+00 1.526442854414554873e+01
8.894003047145994101e-01 1.379298260869712500e+01
7.178059011149618973e-01 1.237417554299315192e+01
6.404326929549494229e-01 1.100697840876007128e+01
5.779633251117579640e-01 9.656900399810806945e+00
5.097638756373117364e-01 8.304307901381895007e+00
4.236792216322859961e-01 7.055519968097245354e+00
3.227393844012471646e-01 5.874417994375506602e+00
2.211698356823094125e-01 4.823950650989393019e+00
1.167569258868735721e-01 3.876210635435571650e+00
2.227349129801258626e-02 3.039563998294014802e+00
-5.221878386385612331e-02 2.318702893022327238e+00
-1.205116217205573353e-01 1.671417979268485565e+00
-1.779531915254231322e-01 1.169661799571650507e+00
-2.241404858282512735e-01 7.696716815297627301e-01
-2.380915532644841126e-01 4.133396762538516511e-01
-1.127927761995413253e-01 1.266313400518042087e-01
-2.026196267339877419e-08 3.344007592571978044e-09
