3.039082851266382335e+01 4.595687347864158312e+01
2.931311415875551774e+01 4.732515504732170797e+01
2.826170989229236952e+01 4.562078504098499820e+01
2.899691568201199843e+01 4.429793059568937252e+01
2.949124780963122561e+01 4.323918074838920234e+01
2.787278902497779853e+01 4.200885276524302725e+01
2.631531874420792860e+01 4.127415969046484889e+01
2.475609622896288542e+01 4.145212010908258549e+01
2.272190169107170377e+01 4.066616336466793769e+01
2.132517010160986004e+01 4.055182467709673233e+01
2.138313273355175070e+01 3.854991545808102416e+01
2.063294687296707153e+01 3.726545198148573945e+01
1.931344543780363310e+01 3.691766622374576201e+01
1.741753794320102244e+01 3.777065530719096387e+01
1.617186992790876587e+01 3.667583504258141858e+01
1.623175200270474150e+01 3.534885541528755226e+01
1.569516037362296323e+01 3.443044754591043954e+01
1.557426736872577244e+01 3.337425913206086392e+01
1.595371682501214039e+01 3.278052447096066402e+01
1.774965587006724377e+01 3.257687868438798517e+01
1.829784192489561789e+01 3.226057164746875117e+01
1.623258850151069410e+01 3.099816860254438211e+01
1.584706747359993173e+01 3.068781004965447323e+01
1.643316209268779815e+01 2.988206150245121506e+01
1.696076710749391481e+01 2.932362850365848317e+01
1.599996595990399406e+01 2.894959296116473269e+01
1.564669599416665946e+01 2.881700166079767911e+01
1.610159818403137422e+01 2.836443568784618208e+01
1.640261393178702676e+01 2.789130695053521691e+01
1.671404600993395206e+01 2.725093247632739590e+01
1.697028648759877001e+01 2.672226297005181905e+01
1.757710271187135120e+01 2.631005530329621322e+01
1.825459440360384633e+01 2.616235945452294942e+01
1.890088670569380724e+01 2.607204888190753778e+01
2.048935849173424018e+01 2.570918864490354849e+01
2.080643833073249027e+01 2.575598908083888006e+01
1.986870920923461981e+01 2.819504973930520109e+01
1.996007854939137616e+01 2.827377668578530034e+01
2.111776852078774169e+01 2.827348601401688200e+01
2.170361261209732007e+01 2.843051852757144005e+01
2.219064854933049347e+01 3.017398117739823249e+01
2.280741708188882200e+01 3.042170486455402667e+01
2.359214750110633574e+01 2.903882941047539745e+01
2.399787939456615149e+01 2.822800254169504797e+01
2.452619923561976023e+01 2.806506715159166276e+01
2.540401002218651172e+01 2.910102443848785114e+01
2.591026828419149552e+01 2.927548126450357913e+01
2.644249037515175615e+01 2.847473780381664810e+01
2.664315061386575678e+01 2.781694231998436706e+01
2.689578555665767468e+01 2.733876825469127070e+01
2.691226074217032860e+01 2.682236172204496683e+01
2.767467489676554848e+01 2.644068779422823567e+01
2.790654127464108925e+01 2.592914624673007040e+01
2.727128203844882748e+01 2.549139743360305488e+01
2.708137634188335241e+01 2.501259287310007196e+01
2.728980248238424267e+01 2.447663473921967636e+01
2.692136998761932531e+01 2.396021202199710487e+01
2.647636064954303592e+01 2.381473494375969580e+01
2.561055338554961125e+01 2.396482012733913791e+01
2.510479153285253417e+01 2.387399793569601059e+01
2.563277504512891625e+01 2.300594387719117506e+01
2.617562360754808282e+01 2.239187317658268483e+01
2.620847689676278947e+01 2.183475254572335089e+01
2.530456646423182931e+01 2.172508772888417283e+01
2.453840275419917205e+01 2.168059806735246653e+01
2.382135060894345457e+01 2.138668516602907488e+01
2.358344727136267593e+01 2.103490969208921868e+01
2.443752747121408220e+01 1.989023179150715137e+01
2.470408585315015770e+01 1.932805918477982488e+01
2.357272650568047112e+01 1.849724181807744827e+01
2.297226417697264722e+01 1.825757029355097671e+01
2.206395437000890425e+01 1.957053841588426835e+01
2.169171487143855259e+01 1.969560924626975407e+01
2.093866315466597783e+01 1.912227378706033321e+01
2.043504509574373174e+01 1.857744936600901298e+01
1.995833774431415364e+01 1.797420704422210846e+01
1.951092264797139819e+01 1.724786245598816592e+01
1.876647453586310377e+01 1.681952301771641345e+01
1.808201438477041734e+01 1.628668324752347729e+01
1.732479445819450703e+01 1.564881199232681475e+01
1.647583157791813946e+01 1.495703042008601713e+01
1.558847549460170079e+01 1.426337659285176684e+01
1.470254119694226347e+01 1.356793777815346225e+01
1.385937976264263405e+01 1.286687219678028349e+01
1.290029816468604373e+01 1.202826924427096955e+01
1.195295902305569236e+01 1.115922535956425143e+01
1.096936333479442638e+01 1.024768035414376754e+01
9.986920043347055298e+00 9.340374396949647107e+00
8.943102133879303750e+00 8.402612028091866136e+00
7.838972095789184635e+00 7.440618012769899536e+00
6.744433070080237513e+00 6.495289787940157211e+00
5.696694309549055646e+00 5.584282585595673254e+00
4.696835412012418054e+00 4.713726436349467974e+00
3.694893021763570040e+00 3.835429548315697268e+00
2.730959166109927949e+00 2.973887171904642024e+00
1.902901529263299141e+00 2.192702772053110483e+00
1.154300417158230507e+00 1.439350243974955701e+00
5.870215488793973924e-01 8.155927429947581464e-01
1.422176852232635291e-01 2.461049838574030646e-01
-2.885904425253454742e-06 2.973248506187048756e-05
