1.276767418584923375e+00 4.393458086942653296e+01
3.655613336927166501e-01 3.984419967992499778e+01
-2.150189119347485633e-01 3.907991898503439643e+01
-1.733833241175598339e+00 3.950287865080507999e+01
-3.200706675961024761e+00 4.014404148320146248e+01
-3.297406853715706188e+00 4.372020543177846008e+01
-3.019965241363480768e+00 4.465026480394346464e+01
-2.171387266285818018e+00 4.666751728332129545e+01
-2.073043553428736363e+00 4.785857796635199435e+01
-5.675275778898857482e+00 4.714514962858928726e+01
-7.293820525450441572e+00 4.654797809033770051e+01
-9.125712226174112374e+00 4.385351697112140101e+01
-1.007878365832630152e+01 4.249483090599751733e+01
-1.159676939369728466e+01 4.412650782774910141e+01
-1.343395760784135895e+01 4.456985480423703905e+01
-1.441811717036271823e+01 4.585042137582801303e+01
-1.621088939021261055e+01 4.679386673384357209e+01
-1.750560730117698682e+01 4.637617466317651349e+01
-1.910237286033148862e+01 4.290912777919741927e+01
-1.997176042227004089e+01 4.199688177487220031e+01
-2.146273799374572633e+01 4.384500463247667312e+01
-2.229136995971951762e+01 4.543972436447604935e+01
-2.384886995352071182e+01 4.578961715312784264e+01
-2.484675527066103484e+01 4.679610025758032066e+01
-2.634882324900988593e+01 4.684392137678563017e+01
-2.751766498236997194e+01 4.729385993601399463e+01
-2.929782052214471477e+01 4.687634334717860440e+01
-2.963534461211759563e+01 4.610347606773058260e+01
-3.082916011182521743e+01 4.556420436411278274e+01
-3.199866823974004149e+01 4.548243935777366431e+01
-3.300535048889348388e+01 4.463026597215700519e+01
-3.362667020214347247e+01 4.338926537526197080e+01
-3.371327412542522239e+01 4.165370188347844760e+01
-3.341597850449297624e+01 4.076373673306853362e+01
-3.165871660871921378e+01 4.095443014750181732e+01
-2.986879433750032931e+01 4.156818186572118634e+01
-2.805130875101885479e+01 4.139744008962675537e+01
-2.725132648757728759e+01 4.072755770066413561e+01
-2.874195248042898498e+01 3.936917686069142519e+01
-3.023125971665595557e+01 3.848148140078464507e+01
-3.119400797086789368e+01 3.771746643313667136e+01
-3.195633416389010861e+01 3.690545610436083734e+01
-3.301863306929368491e+01 3.635304122307179853e+01
-3.301179266314137095e+01 3.510654913223704909e+01
-3.293268398242107509e+01 3.393408467106586102e+01
-3.303238579457404711e+01 3.271951404711764155e+01
-3.313487045755578464e+01 3.135167665240163615e+01
-3.325624526938449321e+01 3.004195120363581140e+01
-3.333109363504897260e+01 2.867794908435985590e+01
-3.344520016709828525e+01 2.724254414846071271e+01
-3.353936208703062505e+01 2.575822547799480944e+01
-3.360076767026690447e+01 2.428361794535230800e+01
-3.366640068361054006e+01 2.275665591000035803e+01
-3.368606020370673804e+01 2.122804180290021137e+01
-3.368623738589683114e+01 1.964122145182678025e+01
-3.366969245120189669e+01 1.806625808840761849e+01
-3.370853285839409352e+01 1.655562008624314174e+01
-3.374277333812980828e+01 1.509149921708618791e+01
-3.374414368706522538e+01 1.364503077560680744e+01
-3.385164681092171435e+01 1.223949987498941105e+01
-3.393541242650603351e+01 1.095457275763230598e+01
-3.375180018483559508e+01 9.587508084184875656e+00
-3.326413880178224503e+01 8.364095775128644661e+00
-3.368522721197427927e+01 7.252065649767319044e+00
-3.495336835361874961e+01 6.574228563209944198e+00
-3.510543255792635620e+01 5.504941770417323355e+00
-3.379631335254986624e+01 4.656535598156571254e+00
-3.333922589024804495e+01 4.053650308476441921e+00
-3.402621696804551021e+01 3.256261878179284697e+00
-3.414118850534097760e+01 2.468524297475636065e+00
-3.378590536445453552e+01 1.804228429088444052e+00
-3.322820479784456893e+01 1.324918689185716314e+00
-3.257664976796563394e+01 1.166312864723844989e+00
-3.190707855687816163e+01 9.700012042478091123e-01
-3.164010308729931964e+01 4.996433855453534800e-01
-3.099279205696975481e+01 1.908138893307123329e-01
-3.022777225490121822e+01 1.080310531444735600e-01
-2.938308486939897790e+01 -1.281746023836304298e-03
-2.850900702338596560e+01 -1.128610726860685143e-01
-2.758498969591286709e+01 -1.937007315092901527e-01
-2.640709475387574656e+01 -2.643821474194089638e-01
-2.514987494801677315e+01 -3.017869410830336663e-01
-2.403973346108184117e+01 -3.149907077642108977e-01
-2.273420567354883914e+01 -3.129408379892483771e-01
-2.116424789173440857e+01 -3.034107415529784801e-01
-1.957131487103666245e+01 -2.733567299969348330e-01
-1.806061075936098348e+01 -2.485451373609733616e-01
-1.646718198170943737e+01 -2.171226763728479614e-01
-1.474655262826910374e+01 -1.836444134819558982e-01
-1.302766070836181989e+01 -1.455118756074901820e-01
-1.133209993533668580e+01 -1.059860627958948837e-01
-9.773583364337344648e+00 -6.124657189440885219e-02
-8.232266214648340963e+00 -2.472425885833511028e-02
-6.712511499936741011e+00 -1.039573945778830485e-03
-5.284938200216943827e+00 1.301707998778784542e-02
-3.992490534021592374e+00 2.345449395080190583e-02
-2.854636044430408415e+00 3.342689302052424122e-02
-1.783807959906441587e+00 4.558129121262537858e-02
-9.001442464978204328e-01 4.240150538883923764e-02
-5.727735615459192592e-07 6.180241320081670435e-08
