-4.694111881465110514e+01 1.441985097237566071e+00
-9.387821647712662809e+01 3.087226432956007294e+00
-4.713263641573163198e+01 4.342676320243965549e+00
-4.707308320674135160e+01 4.428751862240446258e+00
-4.612100157990922611e+01 4.444438558102716819e+00
-4.539203327762837858e+01 5.853094919415952724e+00
-4.516452299447618657e+01 7.217183129055807278e+00
-4.467601165076825254e+01 8.613491249943516337e+00
-4.409424722690221188e+01 9.928372400720819613e+00
-4.352317186596305021e+01 1.120436635786826329e+01
-4.299811537089568247e+01 1.238089013277144268e+01
-4.209604559358992049e+01 1.336730832102548661e+01
-4.140227684071097514e+01 1.434726261095845956e+01
-4.166761187492174656e+01 1.559283214648760207e+01
-4.099401116156376190e+01 1.680987632759224581e+01
-3.984439771960105503e+01 1.766285847193229586e+01
-3.912509360261891800e+01 1.781798052768307628e+01
-3.825426686770048690e+01 1.645273788066619503e+01
-3.748596937055118161e+01 1.627879488498405536e+01
-3.682625612356432043e+01 1.737623067831927060e+01
-3.627957947743655609e+01 1.771190389146980237e+01
-3.542277488189510848e+01 1.739376677898988532e+01
-3.473440157248208493e+01 1.688331502505367965e+01
-3.422977375882381779e+01 1.599407932232586127e+01
-3.402078979073441900e+01 1.522330629406298641e+01
-3.343766214707783035e+01 1.460809087008106744e+01
-3.299289158193442262e+01 1.382009960334528742e+01
-3.262181639556609269e+01 1.304107931181181357e+01
-3.228552674214903817e+01 1.217706725215040997e+01
-3.198551591113084314e+01 1.128580671081932074e+01
-3.171164761629261264e+01 1.031093377125193200e+01
-3.143961078995565828e+01 9.275801016952911482e+00
-3.115321411811722996e+01 8.144023435072080375e+00
-3.089839520345976354e+01 7.060827077786187012e+00
-3.066094803748776343e+01 5.915438233149792779e+00
-3.044179182483572532e+01 4.754605457783241285e+00
-3.025281667134137109e+01 3.597212947781585513e+00
-3.004146700550522198e+01 2.466498880533592786e+00
-2.984822724863431276e+01 1.372337544594045777e+00
-2.962792335000168364e+01 3.225858469961754293e-01
-2.943306217602409447e+01 -6.719579969276335829e-01
-2.929114041294988269e+01 -1.631163616798535498e+00
-2.899952044003271823e+01 -2.476286886458869851e+00
-2.865265608520506291e+01 -3.195318852004437549e+00
-2.817653960337620234e+01 -3.876207084830623817e+00
-2.771259494119987465e+01 -4.426884454871744978e+00
-2.721256454303505379e+01 -4.932399968016731862e+00
-2.665485402449541397e+01 -5.349874670731397330e+00
-2.606677825539526339e+01 -5.677044369342881147e+00
-2.550415117058124892e+01 -5.933737940150548340e+00
-2.495617464689830456e+01 -6.248964495795733320e+00
-2.430648656071113223e+01 -6.291907017205561559e+00
-2.370934842752510718e+01 -6.284366094779676892e+00
-2.308517139407448227e+01 -6.471122020591085544e+00
-2.247913901057973618e+01 -6.421423149613080916e+00
-2.190461499609746454e+01 -5.979924840292348165e+00
-2.125490511595410936e+01 -6.112238156062385741e+00
-2.067829155859704571e+01 -5.913878943897102225e+00
-2.019037979820016204e+01 -5.339263378360893597e+00
-1.950994696253543026e+01 -5.261400612534993471e+00
-1.892006842108790465e+01 -4.870755769836800475e+00
-1.852074992317107771e+01 -4.196022755485996569e+00
-1.785565455016419634e+01 -3.792926044760670745e+00
-1.740712053204533305e+01 -3.113377954878091547e+00
-1.693463857131704842e+01 -2.388502670098466396e+00
-1.644352182668123774e+01 -1.687223372822099776e+00
-1.596033594940078792e+01 -8.723816099508564514e-01
-1.543219302551545979e+01 -4.469290429373184298e-02
-1.491862459675688157e+01 7.911593647842899424e-01
-1.441230989938872575e+01 1.608742064507769465e+00
-1.388271043021239315e+01 2.532573722789289938e+00
-1.335615777370317048e+01 3.381398765778492521e+00
-1.281124072049823148e+01 4.280382185428207364e+00
-1.228107134586143623e+01 5.139475728210380900e+00
-1.173581086371106608e+01 6.013794731841422880e+00
-1.119888718709195885e+01 6.831486713265056743e+00
-1.065957442262467048e+01 7.587998652181621395e+00
-1.004444775047264038e+01 8.284074571860026381e+00
-9.419344208318127798e+00 8.865662583729172042e+00
-8.725256836266762406e+00 9.435611236823127967e+00
-8.241070547323030127e+00 1.012595286504036096e+01
-7.404381098551358953e+00 1.043588609907412312e+01
-6.501317792106097393e+00 1.025844569089078995e+01
-6.046534666065223718e+00 1.119222856472705807e+01
-5.401845728890755538e+00 1.178488303733833575e+01
-4.436894812405531852e+00 1.176026505336145966e+01
-3.565348125589501205e+00 1.142404754174455128e+01
-2.789193314513104038e+00 1.094685888767082638e+01
-2.128333069969529756e+00 1.032781434629004380e+01
-1.611945226781525520e+00 9.574350658910180556e+00
-1.319835828535117495e+00 8.653314812791432331e+00
-1.364491516912863078e+00 7.611208283641786920e+00
-1.042617307035366592e+00 6.660837502423278877e+00
-8.217526932995513622e-01 5.679276077248490040e+00
-6.291910362845580806e-01 4.669553019560002127e+00
-4.538657583072819857e-01 3.632493417480056053e+00
-3.183866393290963881e-01 2.691599150012571329e+00
-1.963138476274539079e-01 1.713678274685791925e+00
-1.200976140327947445e-01 9.845256570844465038e-01
1.986450270922087250e-16 -2.619095272303033820e-16
