3.542097543446251251e+01 2.592402786574387719e+01
3.700927954357739935e+01 2.473589642132054323e+01
3.426626394163427136e+01 2.464013462332687254e+01
3.244931490864138368e+01 2.488753847237327932e+01
3.046784791688073923e+01 2.443480834629315623e+01
2.851251264214180026e+01 2.387343862705474606e+01
2.651683878399562033e+01 2.323681005197249050e+01
2.465730124600379725e+01 2.250527399325872580e+01
2.296237267717941677e+01 2.164937955267238578e+01
2.150725865064701026e+01 2.066045151083270071e+01
2.030363290448481806e+01 1.960103017631470124e+01
1.933863103943176043e+01 1.845215235578302782e+01
1.861628115491208035e+01 1.729643725356271133e+01
1.814106143831974904e+01 1.609518428022510150e+01
1.791871881544834011e+01 1.494749041979092574e+01
1.791929617193544644e+01 1.385163455512864772e+01
1.817503379843549638e+01 1.286941531874825628e+01
1.868736333199925070e+01 1.197096659647213102e+01
1.937122647220125060e+01 1.120801018694932871e+01
2.023766198201449384e+01 1.056548065545888271e+01
2.122246580114515524e+01 1.008820662521778821e+01
2.238006570905806214e+01 9.757962043109348116e+00
2.351892481817258940e+01 9.589229079302358016e+00
2.478507814483936400e+01 9.506070808974108388e+00
2.614402445159518606e+01 9.488662586658987763e+00
2.740212102914668080e+01 9.510538790799072828e+00
2.871257878974266120e+01 9.582643517325394100e+00
3.013621222142675649e+01 9.684557536410160594e+00
3.144593053736975108e+01 9.776099049354620263e+00
3.283703074789871579e+01 9.855576889210750480e+00
3.422347300879723520e+01 9.918698081913076336e+00
3.565421006866522902e+01 9.929673301885326708e+00
3.708448657669325144e+01 9.864585698011236303e+00
3.846848119976838376e+01 9.735680631557563913e+00
3.983819045230416833e+01 9.495561682614484411e+00
4.111515778248273278e+01 9.204177000093256567e+00
4.225768601986019490e+01 8.845295818226812656e+00
4.337239940153605744e+01 8.368220671689412526e+00
4.427979706639535351e+01 7.758232735601056085e+00
4.509452088591147145e+01 7.081028793818581413e+00
4.587171559178762692e+01 6.359475950337253991e+00
4.602984803276890347e+01 5.363801807418720813e+00
4.599415641100989660e+01 4.391551304568353409e+00
4.596458181605991911e+01 3.399719318392132372e+00
4.582841666540512193e+01 2.393123355625545567e+00
4.554174175360127208e+01 1.415751344858869221e+00
4.514290013882101960e+01 4.304304757016736982e-01
4.461521679106696325e+01 -5.029625513319415653e-01
4.395921184375235669e+01 -1.380324526647387362e+00
4.316457948043994719e+01 -2.241830362684538169e+00
4.232127481581719053e+01 -3.022571045396843292e+00
4.138398756472560081e+01 -3.766387754018031941e+00
4.039620606333164687e+01 -4.468208429410228888e+00
3.936930010023777982e+01 -5.105818751111947051e+00
3.828016989653871605e+01 -5.696401800434677476e+00
3.716148480524435627e+01 -6.232901026277413159e+00
3.599876638835971221e+01 -6.715871489840127495e+00
3.477327436635815872e+01 -7.146374348766441287e+00
3.355134747965463760e+01 -7.493453068950743479e+00
3.232192868853010026e+01 -7.744290247789770376e+00
3.102988074974343391e+01 -7.906331656452878498e+00
2.969824633368617839e+01 -8.003544723953586626e+00
2.835392172412315404e+01 -8.011140639398973917e+00
2.697194172735765250e+01 -7.947334525258535898e+00
2.565905333424943890e+01 -7.838903038442327720e+00
2.431245137158386527e+01 -7.648958563384857356e+00
2.301743546610712343e+01 -7.375939864178292282e+00
2.175091369503514471e+01 -7.035751559041004022e+00
2.049984468505357782e+01 -6.561433137393746229e+00
1.932239809803574815e+01 -5.956768698035047827e+00
1.822255673940593468e+01 -5.219342683201111832e+00
1.716802086724566578e+01 -4.355047509779372383e+00
1.619384188133789593e+01 -3.418498434755862014e+00
1.529441887300410485e+01 -2.437865692924454208e+00
1.438827934292348232e+01 -1.375612877057620809e+00
1.354885294791388617e+01 -3.576492424867474540e-01
1.270342789220602953e+01 7.082462044038059235e-01
1.193146321508695351e+01 1.697014911693692563e+00
1.110520415145730944e+01 2.700081822888538596e+00
1.025955348501585185e+01 3.598603086387536454e+00
9.384287159546184753e+00 4.433766382518363969e+00
8.453931217053222369e+00 5.140878872595263438e+00
7.485706024251641111e+00 5.691115640512022011e+00
6.479691998788688956e+00 6.060194433716937112e+00
5.471198237323709357e+00 6.258769130007152626e+00
4.467577004008253638e+00 6.340882030322927854e+00
3.459281634747144007e+00 6.326879917645580775e+00
2.555533490281194364e+00 6.230276744448891790e+00
1.654976837552192492e+00 6.050117347402602874e+00
9.064491163416892316e-01 5.716893552110243526e+00
-3.257400387676707976e-02 5.679854010875083681e+00
-8.167484925945280860e-01 5.232571218641719923e+00
-1.138871332871416397e+00 4.330037083646358198e+00
-9.334300100823900159e-01 3.555264291158971801e+00
-1.186510509123683388e+00 2.796878132131332073e+00
-1.101034434226415115e+00 2.060008036518675478e+00
-9.029619731157216833e-01 1.410530915182956591e+00
-6.345582580577783238e-01 8.247514628047921681e-01
-3.616747198448371781e-01 3.946713945432085979e-01
-9.856750578284437932e-16 1.059895217160185296e-16
