-4.830164960906602545e+01 1.748250550955557925e-01
-5.908271826026526696e+01 4.824963384550325918e-01
-4.819302538073996800e+01 4.967510270697597652e-01
-4.706126381301242390e+01 4.495848409536273294e-01
-4.575344353098792993e+01 3.671415509498645591e-01
-4.436090214367887796e+01 3.130893770045485303e-01
-4.293044413600548381e+01 3.146642012192405469e-01
-4.153898558181776934e+01 3.242091773508868346e-01
-4.019185489408635448e+01 2.991168463086360529e-01
-3.898264136399644997e+01 2.083257578834497858e-01
-3.777692569006162415e+01 8.931870926531877697e-02
-3.663928592573702758e+01 6.845429256264005946e-02
-3.557337929675597366e+01 5.775696962058911310e-02
-3.461132238145653872e+01 7.228191235583471264e-02
-3.364656555065096910e+01 3.159396559828100970e-02
-3.275420726642870051e+01 -3.957608527999447595e-02
-3.190901742174366618e+01 -1.336297158669218776e-01
-3.110865199864687725e+01 -1.602348812272660072e-01
-3.034207015729280954e+01 -2.851011176875323239e-01
-2.968273993571209957e+01 -4.526985248288038499e-01
-2.903654928925345047e+01 -8.247075329162402157e-01
-2.853742776288441263e+01 -1.172565653274494801e+00
-2.778707056407067100e+01 -9.190043980712273575e-01
-2.726462053786459805e+01 -1.035286917978835097e+00
-2.696615844679990204e+01 -2.021368221556418376e+00
-2.681201088767218366e+01 -2.429884812248314763e+00
-2.610669780630452763e+01 -2.380701080019544946e+00
-2.568248464501773398e+01 -2.821306678400332224e+00
-2.586870565107087927e+01 -3.991865647292373698e+00
-2.605601939678164314e+01 -4.372731388571311939e+00
-2.507237837123975766e+01 -4.803738127684435533e+00
-2.465630707104676489e+01 -5.402596185481405300e+00
-2.497105138947358327e+01 -6.167419847886266737e+00
-2.533393126829281528e+01 -6.900832743678418701e+00
-2.511129479750570681e+01 -7.648161882579427306e+00
-2.411354233916328127e+01 -7.982107813955269471e+00
-2.375232745600677475e+01 -8.532287637209188702e+00
-2.459593457657162219e+01 -9.619714832059228726e+00
-2.473678344011523222e+01 -1.027474971132304482e+01
-2.345094925362225169e+01 -1.097534714043723447e+01
-2.305918697539157947e+01 -1.143518213703194775e+01
-2.426031772810700105e+01 -1.235977476607118675e+01
-2.473772950395442649e+01 -1.277840349286488753e+01
-2.451793247587914948e+01 -1.338735056843508708e+01
-2.436386820951637944e+01 -1.472153978870178292e+01
-2.404486106978643534e+01 -1.528804432596133367e+01
-2.260114513600566610e+01 -1.445162339116917849e+01
-2.191228809928106713e+01 -1.424987098616496262e+01
-2.098772844168971830e+01 -1.484767704061586180e+01
-2.079980172983423259e+01 -1.525046103149876942e+01
-2.183807537050158132e+01 -1.743709865757788080e+01
-2.183934324744734568e+01 -1.768375922783754461e+01
-2.107450263704146920e+01 -1.801212039586688007e+01
-1.975758790232457329e+01 -1.744840567596937930e+01
-1.906884423960990560e+01 -1.747715943058829069e+01
-1.880750727315693283e+01 -1.862777705124130634e+01
-1.826911506325393830e+01 -1.904735290540406112e+01
-1.734315296650836302e+01 -1.839231668535688158e+01
-1.672954036868392436e+01 -1.813446786822292722e+01
-1.623801650706480615e+01 -1.891268979592530286e+01
-1.572671004287763985e+01 -1.929452269517714669e+01
-1.496787995638670488e+01 -1.904130145872736435e+01
-1.435307833072273986e+01 -1.938596031291524113e+01
-1.358258489977524697e+01 -1.920798649174906103e+01
-1.297880147658494643e+01 -1.872718541269010473e+01
-1.231059412707257472e+01 -1.933740182055118595e+01
-1.166410756778158841e+01 -1.948331286229834447e+01
-1.083078333046799635e+01 -1.915198494028878073e+01
-1.022406196282306823e+01 -1.909504095618453690e+01
-9.623014323508893852e+00 -1.845824243532300457e+01
-8.964134782402943813e+00 -1.854682136143665261e+01
-8.329636442382687633e+00 -1.814485790007484312e+01
-7.627941942270370923e+00 -1.783699840520806390e+01
-7.027559721888239963e+00 -1.747057888427119821e+01
-6.367612747229113523e+00 -1.704988583171147809e+01
-5.766332822008642722e+00 -1.662179184022950196e+01
-5.133892099774316264e+00 -1.613694185506832568e+01
-4.554041779731236694e+00 -1.563971395501787676e+01
-3.956219022902276894e+00 -1.504517534584538119e+01
-3.438000834981446374e+00 -1.444382287855305869e+01
-2.948254944643601050e+00 -1.379205667724335882e+01
-2.466860335806060789e+00 -1.310018923564226867e+01
-2.009522842168316448e+00 -1.237915007591591632e+01
-1.589153787176289523e+00 -1.165397988323556788e+01
-1.189802744921630850e+00 -1.086014887122285977e+01
-8.691741607595581121e-01 -1.011245859819973525e+01
-5.992282013241582161e-01 -9.330645850447591982e+00
-3.834652409884237168e-01 -8.483260653710573251e+00
-2.374648575348442259e-01 -7.695366346669483271e+00
-1.268969684482871840e-01 -6.896511482085143641e+00
-5.086003799889219495e-02 -6.062181637649095123e+00
3.808165071885870334e-02 -5.224715375240875481e+00
1.255873107123579024e-01 -4.433672230539206893e+00
2.025721889475765036e-01 -3.663911368893816078e+00
2.654123051123433719e-01 -2.905039595608768010e+00
3.097090879552137355e-01 -2.139782784410830807e+00
2.940288206352226763e-01 -1.445407666893145704e+00
2.237710388918834892e-01 -8.075408958409033833e-01
1.271006642587378110e-01 -3.014803562108486212e-01
1.537196772149197883e-06 -1.994423637321431215e-06
