3.578848904781320783e+01 4.483967785226143121e+01
3.527707489856714318e+01 4.562111098883859484e+01
3.321673814817869896e+01 4.550017424023727131e+01
3.073543115547381177e+01 4.516709484640853134e+01
2.799307730305810438e+01 4.504777768324706244e+01
2.522851456898028033e+01 4.497809280451796354e+01
2.242523423353323153e+01 4.494362958918980411e+01
1.968963184822079526e+01 4.487721172923830437e+01
1.702771100353679756e+01 4.476947782667329534e+01
1.443188873526291260e+01 4.458163663329881388e+01
1.204868287534947058e+01 4.426331263678472538e+01
9.728566052988993462e+00 4.386094410452840719e+01
7.475599856159104384e+00 4.335305393945323260e+01
5.426472236474459976e+00 4.276500928452036021e+01
3.498023435342289211e+00 4.202445782685079223e+01
1.768933173998590069e+00 4.118694643382382736e+01
2.246791334996186273e-01 4.020959327158155361e+01
-1.089229704783645447e+00 3.913254784441314627e+01
-2.260431065912432036e+00 3.796904114324743773e+01
-3.198131677371091275e+00 3.681744138432287627e+01
-3.925691131633733733e+00 3.551733030271047653e+01
-4.038617884877853115e+00 3.425791825363045717e+01
-5.180945806561842559e+00 3.350988659720609064e+01
-5.209229934821435037e+00 3.218641301278851330e+01
-5.597782696384983936e+00 3.093589873981357030e+01
-5.051331286603319093e+00 2.973470891959432194e+01
-4.044048429349393459e+00 2.936775825095431358e+01
-3.777535867576283568e+00 2.817122733413534164e+01
-3.241237780093608301e+00 2.722681552618518097e+01
-2.499138494065486160e+00 2.635669643776843074e+01
-1.721708781012337264e+00 2.560513364273390735e+01
-7.659312832798488291e-01 2.488652052299007877e+01
2.456287010246798463e-01 2.426956578485288674e+01
1.413586964829275372e+00 2.369215353486827524e+01
2.587136744004185918e+00 2.325061959521091026e+01
3.952938571929776046e+00 2.284916603850669503e+01
5.388881515690130186e+00 2.251556328078310187e+01
6.858842770974702852e+00 2.225812835823562708e+01
8.426642148784791786e+00 2.204175356476471848e+01
1.010178152322448675e+01 2.186996137520408467e+01
1.190920013585831860e+01 2.174658219582842733e+01
1.366952479190129033e+01 2.163681248353996622e+01
1.536638375827305225e+01 2.155735731168654112e+01
1.721990046775697536e+01 2.147975669576451452e+01
1.899093515161922241e+01 2.141537721828174767e+01
2.072655201271874503e+01 2.135692094955846443e+01
2.255536947545067505e+01 2.126470613886979066e+01
2.422748698202941497e+01 2.113354143405495122e+01
2.594931745485653707e+01 2.096160633079033175e+01
2.766106594188374856e+01 2.075237616764245985e+01
2.915521388646667234e+01 2.048145617268173879e+01
3.062467377405240399e+01 2.015002673073487216e+01
3.215018008441030162e+01 1.991405333836089753e+01
3.326061374807899540e+01 1.920063735384627890e+01
3.459796520608364290e+01 1.866907966106466432e+01
3.594142511294163711e+01 1.875590092648746676e+01
3.629287748249972623e+01 1.715078173772448267e+01
3.672078058612107299e+01 1.641509149236613041e+01
3.927007708870553415e+01 1.682482905651346528e+01
3.998823558052228577e+01 1.693108394049681209e+01
4.035099807660431992e+01 1.549610710349491782e+01
3.911960509150020471e+01 1.413871874757702862e+01
3.878573852357489926e+01 1.345074098888951042e+01
3.999655715218190721e+01 1.253700644460152880e+01
4.105856134822455772e+01 1.169595031378736927e+01
3.973017197061957262e+01 1.105401621150190294e+01
3.890178520506366056e+01 1.069434792386865496e+01
3.859019402779166086e+01 9.791016991273520986e+00
3.857202452169732965e+01 8.860704929182171341e+00
3.852186285179033121e+01 7.698933616168175398e+00
3.761467319241497620e+01 7.342189915859331784e+00
3.690330566878625973e+01 6.658524057142205521e+00
3.614499256094114088e+01 6.057956432649059586e+00
3.529075828395200176e+01 5.494917413005456552e+00
3.439920343253533730e+01 4.947769351588134690e+00
3.345430900520214834e+01 4.481887675853511332e+00
3.239728406923824622e+01 4.061963345462380026e+00
3.123460457584192440e+01 3.673304696688652005e+00
3.002148986171971501e+01 3.346478921974087584e+00
2.871026014239889079e+01 3.049941382996297801e+00
2.728838545524270032e+01 2.804723397873901014e+00
2.581424144253704611e+01 2.582057722040257630e+00
2.429547939860387373e+01 2.406373837526063042e+00
2.262396297125300038e+01 2.193895869467282544e+00
2.091001348678046412e+01 2.005562814808912186e+00
1.918324575561710787e+01 1.836335090713899332e+00
1.748210999351868367e+01 1.706427686733229976e+00
1.561041482143334314e+01 1.581291138228233972e+00
1.374620682860051168e+01 1.484209590510028764e+00
1.195631152184605916e+01 1.376702515112207204e+00
1.038868600684900656e+01 1.253965001190761264e+00
8.835486058003718668e+00 1.122403338360434821e+00
7.332003049073608558e+00 9.935520244887604546e-01
5.864231552035920281e+00 8.680716824283317701e-01
4.461429969516094829e+00 7.503494670383082932e-01
3.146181564726982405e+00 6.303991006088652815e-01
1.987069892914855140e+00 5.033328878508698256e-01
1.048785447036647556e+00 3.634865781942884233e-01
3.528712162640250116e-01 1.792947904739726206e-01
9.752762284176766156e-08 1.814168227279925303e-07
