-4.639619980163904955e+01 -1.530087440299028101e+00
-4.615875717931700706e+01 -1.687342017028381713e+00
-4.386631596804895139e+01 -1.841360819579338504e+00
-4.323764168169615374e+01 -1.448409085007640984e+00
-4.332328809481462173e+01 -3.990784545507082837e-01
-4.545472086127188049e+01 -1.851147486378136586e-01
-4.671912940502724609e+01 -1.505647417175217107e-01
-4.721802849541490588e+01 5.043014776415769562e-01
-4.710824097709452474e+01 1.100252579884724913e+00
-4.667148816909382703e+01 2.021011550525438238e+00
-4.622061156412863170e+01 2.985572694586267062e+00
-4.533951976927868799e+01 4.617414542523390786e+00
-4.487394292979477228e+01 5.248151950904738072e+00
-4.226673190802875979e+01 5.549612933315626329e+00
-4.144410405718224411e+01 6.708857787578692999e+00
-4.375123910002701422e+01 8.278431470709358919e+00
-4.410372985105863108e+01 8.972900446031378152e+00
-4.396615406249220825e+01 1.008280294888106177e+01
-4.278110354717304631e+01 1.215277974009067741e+01
-4.262303705346163696e+01 1.276247483080896039e+01
-4.104011605592044276e+01 1.325184182625264562e+01
-3.943084306141264506e+01 1.299988003120253310e+01
-3.774533464676041916e+01 1.519842692107527959e+01
-3.742583697168853973e+01 1.597533964971476728e+01
-4.030876047724215994e+01 1.661330350849451776e+01
-4.133497956988307465e+01 1.688963160516681938e+01
-4.118512252820903541e+01 1.815708682515348826e+01
-4.055505265407592930e+01 1.913817311670299759e+01
-3.984064153518340845e+01 2.000499451174784937e+01
-3.917887801249158031e+01 2.090070072436663295e+01
-3.848141229174903799e+01 2.171700224028751691e+01
-3.759130251577711590e+01 2.239364083954556151e+01
-3.678637943376412522e+01 2.225412909952362028e+01
-3.432638812866383660e+01 2.001924837903656140e+01
-3.351230560957475291e+01 1.993449581223624278e+01
-3.440477869036203629e+01 2.322816456561692178e+01
-3.461320267776177673e+01 2.424931440907946367e+01
-3.394911581447828297e+01 2.512299619148796026e+01
-3.249578725100847265e+01 2.521543744609702031e+01
-3.099930916819347715e+01 2.504809630181622282e+01
-3.001041553285882202e+01 2.430903030343484517e+01
-2.875384619359954641e+01 2.132225695415036526e+01
-2.735749195455035832e+01 2.052808159411437572e+01
-2.616779318990063530e+01 2.086177668818981346e+01
-2.630532318214497423e+01 2.422217618351878698e+01
-2.610953046917527232e+01 2.527536841327770745e+01
-2.472357930305170726e+01 2.567601626316394814e+01
-2.331855691905953520e+01 2.577544818863183451e+01
-2.162263781404529084e+01 2.572438041178342516e+01
-2.092339104606994482e+01 2.544872264177262267e+01
-2.068932385771376303e+01 2.254739962116532936e+01
-1.926232706928220040e+01 2.133568575828121894e+01
-1.853226907664694068e+01 2.137243330066973357e+01
-1.806788272422457453e+01 2.349710903420843167e+01
-1.705994052784324921e+01 2.571068007819400236e+01
-1.633210338031315700e+01 2.629528492279179019e+01
-1.573604966629768320e+01 2.605466178721616899e+01
-1.441669877965527213e+01 2.185505361428849014e+01
-1.422380927544591778e+01 2.114908407618014863e+01
-1.238079697069447249e+01 2.055879313852368284e+01
-1.159845763833066812e+01 2.046954857997922161e+01
-1.175786268202551987e+01 2.283038304080379888e+01
-1.211336324233250927e+01 2.571570705178173455e+01
-1.193361572293304285e+01 2.653920804058430960e+01
-1.067174188726090733e+01 2.660795623193561710e+01
-9.713744429523510249e+00 2.632422447064604043e+01
-8.752232340521148402e+00 2.564420616579661427e+01
-7.912919331285370284e+00 2.488485424515725697e+01
-7.168599005093671650e+00 2.368363812251230627e+01
-6.777649121868116744e+00 2.270651606877691364e+01
-7.043325938914740902e+00 2.136121650625482360e+01
-6.305774393863934790e+00 2.046471444614109814e+01
-5.603698911281749240e+00 1.993929214474342260e+01
-5.078880972806504523e+00 1.865639253406014930e+01
-4.960398092139415738e+00 1.797212615486767362e+01
-6.962648214135584546e+00 1.615996559688215228e+01
-7.326716044910134507e+00 1.558456094895556276e+01
-4.884481888848778652e+00 1.533226604841151897e+01
-4.154314228729623970e+00 1.517371054662807062e+01
-3.816905652635128821e+00 1.411912016720648744e+01
-3.859229557626598694e+00 1.298914309853633497e+01
-3.544682124627482889e+00 1.200695547722819256e+01
-3.271944266410624191e+00 1.105368128167643427e+01
-2.999167156296898895e+00 1.010605930591582080e+01
-2.725149076765903011e+00 9.169242551598500768e+00
-2.468340089102284196e+00 8.290843106131521978e+00
-2.206313608488601918e+00 7.409513600465364114e+00
-1.952136764341890096e+00 6.532089869359801071e+00
-1.729882446080125202e+00 5.691201655906782619e+00
-1.476365468520917545e+00 4.882032833050956810e+00
-1.241696706800630379e+00 4.183295976399751481e+00
-9.986869654489968218e-01 3.500817166860918039e+00
-7.850025976119149318e-01 2.922943464966242910e+00
-5.714680687405103710e-01 2.359756951931576197e+00
-3.955473410773884257e-01 1.875307794664416328e+00
-3.016640911261987412e-01 1.347491049498441784e+00
-2.242340905273224050e-01 9.305080586704806977e-01
5.251032890792722840e-02 5.779749509446141520e-01
1.071117110462091737e-01 2.396020715678054136e-01
-4.027036155059514086e-11 2.639188356918222654e-08
