-4.829734192240835711e+01 -1.889534884943022019e+00
-4.869637892342468177e+01 -1.754721894598133103e+00
-4.751365846674061544e+01 -1.716902686653821730e+00
-4.720135790807989906e+01 -1.787124432954946718e+00
-4.670730611668057719e+01 -1.802432911290280160e+00
-4.593575636418314190e+01 -1.715452933821926207e+00
-4.499053630075908217e+01 -1.579238606427301628e+00
-4.402485820483714463e+01 -1.404350536937615912e+00
-4.299560983286504268e+01 -1.415962630782863885e+00
-4.207334588944166143e+01 -1.449037742140163010e+00
-4.153086184751110466e+01 -7.048931391139099389e-01
-4.074470931198922585e+01 7.267084953747085518e-02
-4.003666231056645586e+01 4.226867522552382184e-01
-3.949931211871489012e+01 7.771782973387405050e-03
-3.901708267405166453e+01 -8.684374429412161644e-01
-3.776937425839651041e+01 -8.240983376303309127e-01
-3.642076900264494554e+01 -2.046676590510367877e-01
-3.599746856490644831e+01 2.059165794357447066e-01
-3.789184392529917744e+01 1.969866618191399965e+00
-3.798724211024776309e+01 2.113407907452098389e+00
-3.804154870626504703e+01 2.586068230350775377e+00
-3.747408096293266055e+01 3.201844659442406371e+00
-3.665825685714386140e+01 3.480372051187888616e+00
-3.493012190116312610e+01 3.394108167563535172e+00
-3.445380779121651926e+01 3.883947244840678437e+00
-3.541082924855824388e+01 4.601345703158933986e+00
-3.596851453555252931e+01 5.458064849367810112e+00
-3.570431790166150421e+01 6.046118436633922677e+00
-3.521066581387768935e+01 6.376549560266580485e+00
-3.407624356681058941e+01 6.472999850856047566e+00
-3.421060249523761598e+01 7.219379990227741573e+00
-3.391058065839334290e+01 7.672199009933598823e+00
-3.306308272031267137e+01 7.750554973558351435e+00
-3.338996695583160346e+01 8.642280082612389336e+00
-3.331079856384327798e+01 9.198053318349542096e+00
-3.276448114592070482e+01 9.913281639371019693e+00
-3.242720083231356654e+01 1.014867502325396131e+01
-3.151542944370244825e+01 9.669713385735642319e+00
-3.100220797851695664e+01 1.023089540643264428e+01
-3.119355187505542304e+01 1.118401531534010296e+01
-3.106468316571602273e+01 1.145790021058131103e+01
-2.944419004886169589e+01 1.120951148686954113e+01
-2.930268679446546187e+01 1.122684583627078148e+01
-2.951234031116974421e+01 1.187887895967872254e+01
-2.919380601707348433e+01 1.238860037618750276e+01
-2.868417413634495361e+01 1.270090834991686535e+01
-2.818012513791809681e+01 1.277061635273285134e+01
-2.770265057793651664e+01 1.251909113565091225e+01
-2.705168311011295756e+01 1.255624373760115198e+01
-2.679524960828018365e+01 1.296302514476711387e+01
-2.625873612339747609e+01 1.310415105450580420e+01
-2.570998780605674483e+01 1.294419724913231207e+01
-2.518568883515546375e+01 1.297365727771117072e+01
-2.466687398777093065e+01 1.314560126653166527e+01
-2.411628994099711321e+01 1.304739701345470948e+01
-2.362731942511581096e+01 1.280676799485026507e+01
-2.304241908402022077e+01 1.276101293137864268e+01
-2.249833740893606304e+01 1.262234997191428576e+01
-2.196041434808640247e+01 1.246106740402728619e+01
-2.138817916202286185e+01 1.224278243473312067e+01
-2.085808711038107433e+01 1.203438030116472746e+01
-2.036988386963353648e+01 1.178091749471598781e+01
-1.990678622031597556e+01 1.147601295373469021e+01
-1.945538839992131841e+01 1.115292785862973624e+01
-1.904399601016553945e+01 1.082631427984579098e+01
-1.871683237103072628e+01 1.042747477234815712e+01
-1.839263509719489065e+01 9.987385285808699109e+00
-1.806901052066972824e+01 9.538651124022344163e+00
-1.776703464144297939e+01 9.055131087683227165e+00
-1.751347977658335253e+01 8.556999786326015212e+00
-1.727870254425709007e+01 8.017089621021925794e+00
-1.707476126151523133e+01 7.493594846470430504e+00
-1.688416571645648290e+01 6.951777972069758782e+00
-1.670863073791559827e+01 6.373753139836565218e+00
-1.655568288119923182e+01 5.820082800903297660e+00
-1.638627170701920832e+01 5.279516658941683538e+00
-1.620161641371118577e+01 4.722425359197476524e+00
-1.596970953174265162e+01 4.205409934292124952e+00
-1.593418742765574514e+01 3.630257461326482638e+00
-1.572321622903309546e+01 3.041527204298378084e+00
-1.513564472567671615e+01 2.849824557913705814e+00
-1.479558475358402880e+01 2.449860966826790776e+00
-1.478485966504290161e+01 1.792651045577061897e+00
-1.423330147156940129e+01 1.255330623590264372e+00
-1.364838764697416451e+01 1.332598761999453707e+00
-1.299740440630558425e+01 1.156642719571814748e+00
-1.239096536356638900e+01 7.332850867715577925e-01
-1.164700359159117760e+01 6.156225292093741031e-01
-1.078407554151621284e+01 4.075775212871238229e-01
-9.879252579299276249e+00 2.592852106709733206e-01
-8.999452279315264036e+00 1.581834297592208116e-01
-8.084734390145060345e+00 9.383295452276661786e-02
-7.027151164515647253e+00 5.682239402665471839e-02
-5.886430134499761380e+00 4.445518303391597648e-02
-4.737806290170761159e+00 6.051573921279772977e-02
-3.656655331625473071e+00 8.201536510299450855e-02
-2.634768771410107568e+00 9.237916312928240448e-02
-1.596818323396532513e+00 8.747261669057870836e-02
-6.019128938079533198e-01 5.796610167994488416e-02
-1.755263603341397299e-05 6.496233902849582626e-06
