-4.554076350859804023e+01 2.353425964570412976e+00
-4.464674559062311943e+01 1.987017583823264211e+00
-4.627756245147688219e+01 7.968731471292390678e-01
-4.720347219312819931e+01 4.591641595328854047e-02
-4.614879251965532347e+01 -2.127477294306442168e+00
-4.476367697391755485e+01 -3.825259403768219268e+00
-4.476756883190873282e+01 -5.957803124496759750e+00
-4.495095957414304877e+01 -7.978713400487752239e+00
-4.488960513148148834e+01 -1.007315160219854633e+01
-4.512563057049489856e+01 -1.207797944139769797e+01
-4.524729306378947769e+01 -1.414885454830837830e+01
-4.509680866428981005e+01 -1.625780791928154656e+01
-4.489304617855268020e+01 -1.821433328741081326e+01
-4.456220743880022184e+01 -2.003946156233137543e+01
-4.396016231069951630e+01 -2.132659405113206219e+01
-4.274102615425717033e+01 -2.209370131003850446e+01
-4.178646452667305056e+01 -2.226027693277049124e+01
-3.978003558374954451e+01 -2.100760566562173892e+01
-3.912605770851304499e+01 -2.055390228979655731e+01
-3.844253107106764844e+01 -2.193379776231046208e+01
-3.850475721239810412e+01 -2.265719231092378294e+01
-3.721215015442244578e+01 -2.373404683487886757e+01
-3.543927780619250001e+01 -2.424508572582686128e+01
-3.361283044616229176e+01 -2.387420016774683162e+01
-3.208863296799806619e+01 -2.261800506864609162e+01
-3.126155230621142778e+01 -2.043009538264899660e+01
-3.234330189666709288e+01 -1.850716435612491040e+01
-3.491586409690251003e+01 -1.817808359918121042e+01
-3.561295985473587677e+01 -1.782396794514989935e+01
-3.643474388980985168e+01 -1.616632263136362724e+01
-3.619800711109875380e+01 -1.512871040917099563e+01
-3.491405213914107719e+01 -1.448314721908355907e+01
-3.395561467130048783e+01 -1.340145287442655508e+01
-3.313041330087781233e+01 -1.195492132920533557e+01
-3.238229025237350100e+01 -1.049635464657276707e+01
-3.173417420017635848e+01 -9.098206058036501176e+00
-3.103913432080133106e+01 -7.663635503616100131e+00
-3.035168199439160830e+01 -6.218903260129495791e+00
-2.964855036331810467e+01 -4.856899014848897522e+00
-2.893300848860746655e+01 -3.583566888553567864e+00
-2.823138152963067427e+01 -2.503242433386103194e+00
-2.756386329654081990e+01 -1.437483038878884400e+00
-2.659652632094460500e+01 -8.165044348951078224e-01
-2.557596428908953357e+01 -7.186302398499528898e-01
-2.476569004703333832e+01 -9.828732815834917425e-01
-2.400411602778234865e+01 -1.878650912774884940e+00
-2.380593208374256875e+01 -2.817602778150384069e+00
-2.330357083673320062e+01 -4.196821445188545496e+00
-2.310140706195787175e+01 -5.204066475731821129e+00
-2.215274515317821979e+01 -5.534734412886753496e+00
-2.126799364641271950e+01 -6.416517752300901378e+00
-2.090511315451595209e+01 -7.717318808676714603e+00
-2.202035535272885980e+01 -8.764854011429530800e+00
-2.306538166946165092e+01 -9.368715878808425046e+00
-2.362238761216654837e+01 -1.069351999409745702e+01
-2.245014826125576590e+01 -1.164269744894455449e+01
-2.161489861035587978e+01 -1.241149918199718805e+01
-2.046938175874028687e+01 -1.327499640940917303e+01
-2.085932483301170137e+01 -1.437876135823964496e+01
-2.027672490463131538e+01 -1.575218743455731740e+01
-2.055611218780411420e+01 -1.667042610185936979e+01
-1.982453336819635936e+01 -1.776317236467799532e+01
-1.989805539746344110e+01 -1.893870827853628569e+01
-1.948834682631120430e+01 -1.989613513619747920e+01
-1.862880078607553003e+01 -2.064270211641692043e+01
-1.818177639068977669e+01 -2.153007459869538209e+01
-1.733065833896503349e+01 -2.222487213240813375e+01
-1.654397281395120700e+01 -2.254858880667055487e+01
-1.548515058530871258e+01 -2.230799042159438272e+01
-1.493482887095251321e+01 -2.302676818694889604e+01
-1.413510188203277096e+01 -2.333620258271156445e+01
-1.332926856035876995e+01 -2.330221693873512123e+01
-1.254954103277980870e+01 -2.329430196419223975e+01
-1.176627779450698519e+01 -2.322942959250024941e+01
-1.104726629681566230e+01 -2.310064664021666303e+01
-1.031285618999290676e+01 -2.286787447690959141e+01
-9.646036585261937191e+00 -2.256304548146795952e+01
-8.974356910817387956e+00 -2.213819819136855216e+01
-8.318490586539631693e+00 -2.159072441079457860e+01
-7.767574579929062750e+00 -2.097593804658712457e+01
-7.190978411979846996e+00 -2.025153940896324656e+01
-6.625867812967983106e+00 -1.943824453867033952e+01
-6.105510200027798540e+00 -1.855194845416541938e+01
-5.594422643521268945e+00 -1.757130138956630461e+01
-5.100710290837623617e+00 -1.652697144956279374e+01
-4.610426584726210031e+00 -1.546108678306444695e+01
-4.116583298768452082e+00 -1.429091996751346549e+01
-3.674507878923256143e+00 -1.313238970934275329e+01
-3.226452901100492099e+00 -1.194556178021602832e+01
-2.777467940334899854e+00 -1.070941507641394352e+01
-2.368514696542771691e+00 -9.457422401125572975e+00
-1.983993122829079692e+00 -8.220438145779768391e+00
-1.627123390126482105e+00 -6.963421056141635646e+00
-1.292382912115827898e+00 -5.703112114197399052e+00
-9.858950082115812696e-01 -4.470180975723951455e+00
-7.072847412000335954e-01 -3.314300424900692210e+00
-4.460421842695873051e-01 -2.202239334733700815e+00
-2.373262885912150177e-01 -1.277840561788651019e+00
-5.523064412566344727e-02 -3.475278856438707153e-01
-6.024211806570148262e-08 -1.725369107518495430e-06
