-4.576355673912302535e+01 -1.083870709304678437e+00
-9.152301972981686617e+01 -1.058322383750763818e+00
-1.082412446667960353e+02 -1.032774061447464753e+00
-1.138667037427378972e+02 -1.007225745656973759e+00
-1.152551032885505151e+02 -9.816774396459027052e-01
-1.150250901059417572e+02 -9.561291466825486696e-01
-1.141768982687057843e+02 -9.305808700358498831e-01
-1.130925831963546671e+02 -9.050326129749871606e-01
-1.119180770735674315e+02 -8.794843787692303572e-01
-1.107091210348440029e+02 -8.539361706878797476e-01
-1.094870062989945581e+02 -8.283879920002422681e-01
-1.082598653879442452e+02 -8.028398459756235228e-01
-1.070308046486555469e+02 -7.772917358833226764e-01
-1.058010106000884889e+02 -7.517436649926307890e-01
-1.045709364521585485e+02 -7.261956365728300389e-01
-1.033407553156505543e+02 -7.006476538931923903e-01
-1.021105333130016248e+02 -6.750997202229788163e-01
-1.008802957007362551e+02 -6.495518388314381886e-01
-9.965005212598967432e+01 -6.240040129878067221e-01
-9.841980627364057455e+01 -5.984562459613068652e-01
-9.718955955118853751e+01 -5.729085410211470775e-01
-9.595931249625161286e+01 -5.473609014365207193e-01
-9.472906531418280451e+01 -5.218133304766053859e-01
-9.349881808342102829e+01 -4.962658314105625190e-01
-9.226857083392839343e+01 -4.707184075075351859e-01
-9.103832357715046442e+01 -4.451710620366493565e-01
-8.980807631746019126e+01 -4.196237982670118494e-01
-8.857782905652905470e+01 -3.940766194677098877e-01
-8.734758179499661424e+01 -3.685295289078112102e-01
-8.611733453310813502e+01 -3.429825298563644598e-01
-8.488708727095855977e+01 -3.174356255824028472e-01
-8.365684000858519198e+01 -2.918888193549528665e-01
-8.242659274600339359e+01 -2.663421144430596077e-01
-8.119634548322019896e+01 -2.407955141158554246e-01
-7.996609822023938818e+01 -2.152490216427390135e-01
-7.873585095706366133e+01 -1.897026402938470635e-01
-7.750560369369524949e+01 -1.641563733412889359e-01
-7.627535643013654010e+01 -1.386102240623812987e-01
-7.504510916639058848e+01 -1.130641957481175741e-01
-7.381486190246239687e+01 -8.751829172534195123e-02
-7.258461463836208338e+01 -6.197251541480315595e-02
-7.135436737411308172e+01 -3.642687048314061093e-02
-7.012412010977402588e+01 -1.088136124078823222e-02
-6.889387284549532353e+01 1.466400631630667729e-02
-6.766362558166770214e+01 4.020922177944692005e-02
-6.643337831931114579e+01 6.575426318723950891e-02
-6.520313106109315981e+01 9.129907833311279308e-02
-6.397288381399430079e+01 1.168435358281243175e-01
-6.274263659628697098e+01 1.423872969826824042e-01
-6.151238945580590922e+01 1.679294803910383882e-01
-6.028214251778114630e+01 1.934677838086314161e-01
-5.905189611006620964e+01 2.189961852142685572e-01
-5.782165109098968969e+01 2.444989241576429884e-01
-5.659140970768224577e+01 2.699347448400364335e-01
-5.536117784320520485e+01 2.951956442715730766e-01
-5.413097089961030406e+01 3.199988743499413424e-01
-5.290082919999006350e+01 3.436042017396049864e-01
-5.167085831156971665e+01 3.640736901439377005e-01
-5.044133461293372989e+01 3.763337995816801729e-01
-4.921298167259529777e+01 3.671017218467567123e-01
-4.798513174133680792e+01 3.578180357293722080e-01
-4.675610847774884604e+01 3.510119039830025822e-01
-4.552649960539827134e+01 3.459224106602121207e-01
-4.429687903105867974e+01 3.414487671235419963e-01
-4.306688986735056801e+01 3.378890508440413609e-01
-4.183657940090321858e+01 3.354241360637504887e-01
-4.060596924056313384e+01 3.330386392244744642e-01
-3.937531460300113650e+01 3.306234311540334758e-01
-3.814461797114154251e+01 3.283548555284859782e-01
-3.691401296998756720e+01 3.257462401322002710e-01
-3.568344395753252485e+01 3.226086991094869738e-01
-3.445282164818413406e+01 3.192300336953731721e-01
-3.322223952508412026e+01 3.155172205087134474e-01
-3.199183322847079580e+01 3.112412527141575902e-01
-3.076124795661114675e+01 3.064389392602963058e-01
-2.953050587369287783e+01 3.008859699830019885e-01
-2.829971004070501195e+01 2.944595610937835173e-01
-2.706881935513170490e+01 2.871262362472432605e-01
-2.583802588763813546e+01 2.786925731133060857e-01
-2.460736259408366777e+01 2.693323189701772868e-01
-2.337663180083462677e+01 2.590757087055892693e-01
-2.214611140891092589e+01 2.480139747939580364e-01
-2.091564327993941319e+01 2.360147561140297501e-01
-1.968543968273683831e+01 2.235189345329721411e-01
-1.845524356114642117e+01 2.109905114210721133e-01
-1.722477888460620932e+01 1.980054350044801736e-01
-1.599402943010866451e+01 1.847026965896839401e-01
-1.476332925944378616e+01 1.714541325989249743e-01
-1.353271968809035108e+01 1.580831223119519846e-01
-1.230200562417888044e+01 1.445447137568305618e-01
-1.107130391300019490e+01 1.313391203235855509e-01
-9.840838573476148099e+00 1.182571587962435861e-01
-8.610275761204468026e+00 1.048779504354382247e-01
-7.379570100783356956e+00 9.143236443355781673e-02
-6.148989722738360975e+00 7.784834856597920572e-02
-4.918739017835375371e+00 6.432997633349135658e-02
-3.688724537424642680e+00 5.088237397764567432e-02
-2.458918064011529570e+00 3.763005908081525769e-02
-1.229354163250099718e+00 2.477651299730644630e-02
-5.585760614022370155e-07 1.224043272645462810e-02
