-1.064978212852791017e+01 -4.271287552615140370e+00
-2.130044876928394260e+01 -4.202848660244060675e+00
-3.195082288766705858e+01 -4.134404819451972024e+00
-4.260065735239228246e+01 -4.065976883370701067e+00
-5.324852167641871858e+01 -3.996833494361012651e+00
-5.692387796371783537e+01 -3.927973094407130716e+00
-5.793597317003219160e+01 -3.859220786110895585e+00
-5.793079316164329384e+01 -3.790509768143504488e+00
-5.753704860489597195e+01 -3.721814534800620855e+00
-5.699488562662238422e+01 -3.653125371180639291e+00
-5.639603193870706832e+01 -3.584438639165925977e+00
-5.577552454909961455e+01 -3.515753140188306869e+00
-5.514674676942606624e+01 -3.447068917544625410e+00
-5.451481152648034367e+01 -3.378387300578800989e+00
-5.388167428896135647e+01 -3.309712234914866880e+00
-5.324808853614576520e+01 -3.241054228980367213e+00
-5.261435923715131935e+01 -3.172440863359979879e+00
-5.198064782004957607e+01 -3.103944372376325145e+00
-5.134713359994530890e+01 -3.035753879592049564e+00
-5.071419309411823662e+01 -2.968364523031910451e+00
-5.008277653941514984e+01 -2.903072596123600135e+00
-4.945535812940536857e+01 -2.843271847331355406e+00
-4.883841020669013488e+01 -2.797847208574505196e+00
-4.822022100950194101e+01 -2.752386534052753131e+00
-4.760098362703939046e+01 -2.706479341481371481e+00
-4.698068198635083093e+01 -2.660015567975594575e+00
-4.635891232255665528e+01 -2.613037131437104588e+00
-4.573582058743811274e+01 -2.565554701872083676e+00
-4.511163103110462202e+01 -2.518051675921231247e+00
-4.448657717309944815e+01 -2.470612676447615730e+00
-4.386039855710592406e+01 -2.422830266116398068e+00
-4.323339085078118416e+01 -2.374940943316971254e+00
-4.260515202886158193e+01 -2.327088208946301418e+00
-4.197560473305369300e+01 -2.279075525319495643e+00
-4.134497765821237891e+01 -2.231207412531672318e+00
-4.071301093271902971e+01 -2.183228417871008187e+00
-4.008023623526741375e+01 -2.135271642526173963e+00
-3.944657340247813693e+01 -2.087162489022401424e+00
-3.881228967235212934e+01 -2.039131078707670852e+00
-3.817736076129745726e+01 -1.991167653845308028e+00
-3.754183286925616869e+01 -1.943335320079439210e+00
-3.690584339608641073e+01 -1.895669940950542420e+00
-3.626955764923260972e+01 -1.848237901301654107e+00
-3.563300556956968279e+01 -1.801131393809453973e+00
-3.499634599039975313e+01 -1.754346426636723688e+00
-3.435948113308776186e+01 -1.707922928437617394e+00
-3.372217571590488205e+01 -1.661996082703624422e+00
-3.308442364377343381e+01 -1.616472912260062067e+00
-3.244626525996581279e+01 -1.571297381989616992e+00
-3.180801176152336396e+01 -1.526468834236676120e+00
-3.116954600320771007e+01 -1.482034422404748364e+00
-3.053103826914793473e+01 -1.438056527674582030e+00
-2.989256047699109331e+01 -1.394607308432986859e+00
-2.925379421192027252e+01 -1.351714089123643880e+00
-2.861460148784798818e+01 -1.309341921991388880e+00
-2.797505754758706331e+01 -1.267457271493100279e+00
-2.733491968075007250e+01 -1.225971553522442026e+00
-2.669435576503596863e+01 -1.184845942794568119e+00
-2.605357661827574134e+01 -1.144118511606208699e+00
-2.541259067135725402e+01 -1.103759246788854620e+00
-2.477135874067498023e+01 -1.063893884757849184e+00
-2.412986724797244875e+01 -1.024653250391160730e+00
-2.348826444542322278e+01 -9.861996916982797012e-01
-2.284657066373135237e+01 -9.484773001938843207e-01
-2.220470739423373985e+01 -9.114958953384350027e-01
-2.156272567473792634e+01 -8.753683120964828035e-01
-2.092072283174958969e+01 -8.402120094388118021e-01
-2.027848320646001667e+01 -8.060855026761415409e-01
-1.963633146655030259e+01 -7.728422015893366970e-01
-1.899447197359603479e+01 -7.404978736310365850e-01
-1.835298504728989499e+01 -7.088988856746435419e-01
-1.771196218536051248e+01 -6.780291226217260991e-01
-1.707137902940941743e+01 -6.477608113666105671e-01
-1.643124415350374434e+01 -6.180313932850102221e-01
-1.579145225304540290e+01 -5.886886702213374178e-01
-1.515217674881933085e+01 -5.597216577629008372e-01
-1.451338130884403022e+01 -5.312563687165222648e-01
-1.387496347698107613e+01 -5.033144878732821459e-01
-1.323704019122142661e+01 -4.759612217103148524e-01
-1.259977753060752192e+01 -4.491269145323326661e-01
-1.196332087967144986e+01 -4.227984224475461184e-01
-1.132763408841914554e+01 -3.970632579563380671e-01
-1.069269394493812264e+01 -3.716634614301593253e-01
-1.005827880311596978e+01 -3.468013667787773757e-01
-9.424834841108125971e+00 -3.224069205025223983e-01
-8.792099847052678996e+00 -2.991769680737674242e-01
-8.160096198586570537e+00 -2.770426260887801084e-01
-7.528923689882738302e+00 -2.557408202111091100e-01
-6.898673493326377582e+00 -2.350399968177850629e-01
-6.269197812420221894e+00 -2.147391016491888571e-01
-5.640555045204602713e+00 -1.945485518739405728e-01
-5.012406375208567688e+00 -1.746078565922455916e-01
-4.384565550940715539e+00 -1.550221542451426793e-01
-3.757207453262537467e+00 -1.356945293554354393e-01
-3.130170044834433174e+00 -1.166480253122931521e-01
-2.503538369923008045e+00 -9.756416601449846571e-02
-1.877262706150593763e+00 -7.835401868347977028e-02
-1.251269077360934512e+00 -5.908943848219804645e-02
-6.255516855883397342e-01 -3.966449321406178424e-02
5.297264387944891266e-06 -1.990339905812819887e-02
