1.107457694783035018e+00 3.896264411822327389e+01
2.214761201167673832e+00 3.856170078626276876e+01
3.317681916287907651e+00 3.816102004030120298e+01
3.713314193890308701e+00 3.776027425143698224e+01
3.838785373391306432e+00 3.735949714990303505e+01
3.861061696607101634e+00 3.695869115329146837e+01
3.843914548636707007e+00 3.655782978423614793e+01
3.811691843200373686e+00 3.615683119308111770e+01
3.773665936438977742e+00 3.575547630802462606e+01
3.733845810851225799e+00 3.535419266469864397e+01
3.692969188941508829e+00 3.495326778336647777e+01
3.651902167250993703e+00 3.455279902303859529e+01
3.610836859546812772e+00 3.415294310602645567e+01
3.570588649764412814e+00 3.375274042476656433e+01
3.532404378102765197e+00 3.335276782624779912e+01
3.493669109399824890e+00 3.295266786776360846e+01
3.454685978914800781e+00 3.255231923332095789e+01
3.414936017944596891e+00 3.215168853119432413e+01
3.373710499348696157e+00 3.175146214875587702e+01
3.331241894442905860e+00 3.135148017296131684e+01
3.288249606769376943e+00 3.095156816362224461e+01
3.245025242725436687e+00 3.055127352994231416e+01
3.199633965073588993e+00 3.014834190279399451e+01
3.155317926866763489e+00 2.974580255777659588e+01
3.112745365450956925e+00 2.934435083270831157e+01
3.070838726432310484e+00 2.894331455125040264e+01
3.029186377664328855e+00 2.854243698100570725e+01
2.987630977066038529e+00 2.814162010096304201e+01
2.946112130521989503e+00 2.774082658042600968e+01
2.904605997754484470e+00 2.734004244829375452e+01
2.863101452036493466e+00 2.693926312195188189e+01
2.821588953456920734e+00 2.653848882465485559e+01
2.780051009003831286e+00 2.613772480878045812e+01
2.738444679551079730e+00 2.573698660820924289e+01
2.696658640741196766e+00 2.533631557221111663e+01
2.654401858663431479e+00 2.493582021473165611e+01
2.610912555805298574e+00 2.453578472829531876e+01
2.567601075835383106e+00 2.413515993860263364e+01
2.524418844366386860e+00 2.373381458878618844e+01
2.480891336784344148e+00 2.333192172016689980e+01
2.428600792558920141e+00 2.292970843186983387e+01
2.376769951105412115e+00 2.252725361282196914e+01
2.325517468736455928e+00 2.212442150040295630e+01
2.274584340325366494e+00 2.172097298739691240e+01
2.224208306519257494e+00 2.131715757977855219e+01
2.174523083598311590e+00 2.091320280137408005e+01
2.125598929484203481e+00 2.050933305282052288e+01
2.077516640610430176e+00 2.010572903039437520e+01
2.030321036303103011e+00 1.970248592374973740e+01
1.983912671243023063e+00 1.929941536966293825e+01
1.938286575725346905e+00 1.889641297130998865e+01
1.893235924909087986e+00 1.849339839170240651e+01
1.848745886591379950e+00 1.809038531231508884e+01
1.804731087013604851e+00 1.768760150615632298e+01
1.761362309395120063e+00 1.728492284955817127e+01
1.718616246062273145e+00 1.688214675287843392e+01
1.676528838936983679e+00 1.647935023562830281e+01
1.635150136899814255e+00 1.607669246171445465e+01
1.594514744665375572e+00 1.567440536153251252e+01
1.554622798233067815e+00 1.527257778635096308e+01
1.515424675844698754e+00 1.487129255228043334e+01
1.476933272927995144e+00 1.447084354640455572e+01
1.439068444230463095e+00 1.407115841376906218e+01
1.401788889978119235e+00 1.367198153360236468e+01
1.365115068379260110e+00 1.327308904247100685e+01
1.328904515716577750e+00 1.287426527131663434e+01
1.293004225827692810e+00 1.247554087610582663e+01
1.257371329831615814e+00 1.207709578199155054e+01
1.222032305379975092e+00 1.167900257333808334e+01
1.187009896003593967e+00 1.128135938210891354e+01
1.152347633989428299e+00 1.088428889407471445e+01
1.118209065549883752e+00 1.048748349611910236e+01
1.084708062202319301e+00 1.009080413080663519e+01
1.051888986360689282e+00 9.694365782176181057e+00
1.019955709753217254e+00 9.298023589003211242e+00
9.887418810207058151e-01 8.901325031796305964e+00
9.504244618473705053e-01 8.501774961574477985e+00
9.081802919826055254e-01 8.100602958945396281e+00
8.612594584432174960e-01 7.697416671680954003e+00
8.151992811091051117e-01 7.294184233565117914e+00
7.700060994845077111e-01 6.890925017755485271e+00
7.255846090405605464e-01 6.487851684468647129e+00
6.820581678783612656e-01 6.085026439319113578e+00
6.393614249057321119e-01 5.682581828775481014e+00
5.975961014755356571e-01 5.280576876795836760e+00
5.568678299747573668e-01 4.879199740678593855e+00
5.169912251442143614e-01 4.478780283167726139e+00
4.776557859605665146e-01 4.079362331241801698e+00
4.387642763125054746e-01 3.680805202035837720e+00
4.003013450104113136e-01 3.282884712710052000e+00
3.623081687066986301e-01 2.885512524935670786e+00
3.248922957883568774e-01 2.488579892727472043e+00
2.877699570336705315e-01 2.092285865237909714e+00
2.479701841902050841e-01 1.697355455073331632e+00
2.071868832508559077e-01 1.309637930791520244e+00
1.661304311596538685e-01 9.421954468921204251e-01
1.252380530850925600e-01 6.283651980921121094e-01
8.367832121035201354e-02 3.143524676742144863e-01
4.171907259084860209e-02 1.988287562403003223e-04
-6.736079014139400527e-06 -1.505969316773403217e-07
