-1.069803180020975653e+01 3.711134990493266450e+00
-2.139736735499705489e+01 3.664037545517626171e+00
-3.209593009708058275e+01 3.616483376195888777e+00
-3.593420887365147820e+01 3.569037028147422408e+00
-3.715209236517704738e+01 3.521631867337882138e+00
-3.736907396638144263e+01 3.474242446943422546e+00
-3.720374518253748874e+01 3.426859060517220001e+00
-3.689238713433996253e+01 3.379478035533062030e+00
-3.652525167844720499e+01 3.332098060849547849e+00
-3.613681326408063654e+01 3.284718875559086815e+00
-3.574024338222302788e+01 3.237341008070694137e+00
-3.534058205659213314e+01 3.189966304509336048e+00
-3.493977786735442947e+01 3.142599774831114967e+00
-3.453863653128966860e+01 3.095254602769274221e+00
-3.413762661856973324e+01 3.047965329556503011e+00
-3.373734812293047725e+01 3.000822395144532972e+00
-3.333913245540892945e+01 2.954062578137090611e+00
-3.294637385538543839e+01 2.908305774359981832e+00
-3.256792362993971324e+01 2.865174892771889859e+00
-3.218823116249879490e+01 2.821861909551698577e+00
-3.180677285593976578e+01 2.778355181198163937e+00
-3.142372119358666538e+01 2.734824955984403339e+00
-3.103916356156046064e+01 2.690879993597334874e+00
-3.065328309969060427e+01 2.646743495447578365e+00
-3.026608031434475521e+01 2.602227822882025254e+00
-2.987757441276217563e+01 2.557205160063296567e+00
-2.948762835342625266e+01 2.511743274777158419e+00
-2.909637759539395319e+01 2.465794636074503998e+00
-2.870392542610554543e+01 2.419308118561159571e+00
-2.831028192212172456e+01 2.372349274025618016e+00
-2.791544301806876405e+01 2.325060258579942030e+00
-2.751949733793890829e+01 2.277520883478186597e+00
-2.712256277857232689e+01 2.229633279711666027e+00
-2.672467817395756740e+01 2.181477694586854366e+00
-2.632590260043602370e+01 2.133081993136246801e+00
-2.592624388734515861e+01 2.084380811517389187e+00
-2.552580402181827424e+01 2.035542455237834503e+00
-2.512454604397935043e+01 1.986557133399621700e+00
-2.472238736975909745e+01 1.937458531613247992e+00
-2.431929472876987219e+01 1.888356302940151554e+00
-2.391536633997216654e+01 1.839294584544237221e+00
-2.351073826680513790e+01 1.790361798316501440e+00
-2.310549030407059945e+01 1.741866466321266849e+00
-2.269953069059304340e+01 1.694057046009208145e+00
-2.229274150702958934e+01 1.646815541328796373e+00
-2.188527687587695070e+01 1.600170137802859882e+00
-2.147700432546504601e+01 1.554279793218149797e+00
-2.106807063525758750e+01 1.509415723516791319e+00
-2.065841493578468047e+01 1.465476464901916076e+00
-2.024793130861020174e+01 1.422371755249854042e+00
-1.983690014803932655e+01 1.379759144276153426e+00
-1.942549186196410105e+01 1.337642550069874314e+00
-1.901394791120594263e+01 1.296032763246085739e+00
-1.860245171902841932e+01 1.254888800913520175e+00
-1.819122180703005043e+01 1.214235783221547349e+00
-1.778027563758148588e+01 1.173956995006365744e+00
-1.736956268975396966e+01 1.133918228778370896e+00
-1.695897909734829412e+01 1.094163334949101563e+00
-1.654877146289433654e+01 1.054600067318424816e+00
-1.613913385950478840e+01 1.015270580208278428e+00
-1.572995608790042610e+01 9.761305481675333073e-01
-1.532124302696982454e+01 9.371723041886208527e-01
-1.491291855207694539e+01 8.984060815634392627e-01
-1.450496743447135373e+01 8.598357973626250539e-01
-1.409747202652768827e+01 8.214812615431049680e-01
-1.369040531836355967e+01 7.833883150583904609e-01
-1.328375648401054399e+01 7.456031754113442434e-01
-1.287769751217502545e+01 7.081483374350530102e-01
-1.247250553696834885e+01 6.710682236628389141e-01
-1.206800433370237613e+01 6.346106013574300819e-01
-1.166402751768723256e+01 5.988231816098160687e-01
-1.126031481114388555e+01 5.637609447289959608e-01
-1.085683288555574855e+01 5.293863469433441882e-01
-1.045338520273667093e+01 4.957389822857659056e-01
-1.005007407471495817e+01 4.627357351958280018e-01
-9.646891036986337653e+00 4.305116108579737366e-01
-9.243802289291355834e+00 3.990441947681019896e-01
-8.840790442137345551e+00 3.684564902745364190e-01
-8.437696635794303290e+00 3.387495796025877248e-01
-8.034417360493224081e+00 3.098144759375327517e-01
-7.630986049150006778e+00 2.818024140376858555e-01
-7.227467291539346306e+00 2.548631013882151630e-01
-6.824174023249145016e+00 2.289406534190218945e-01
-6.421341947968450370e+00 2.041834515232119618e-01
-6.019016227152125253e+00 1.806397229003821880e-01
-5.616836826732544807e+00 1.582327138935437916e-01
-5.214777570802135997e+00 1.372020782315954424e-01
-4.812890240150625054e+00 1.174028863468247891e-01
-4.411045686958094514e+00 9.901207898176564437e-02
-4.009180861099437720e+00 8.201146528154922011e-02
-3.607387804118526109e+00 6.636676900064449047e-02
-3.205824500984978620e+00 5.219805474142321516e-02
-2.804538030495381751e+00 3.962758936253950315e-02
-2.403351279656879669e+00 2.856094382018726716e-02
-2.002279968972905611e+00 1.928701940963879063e-02
-1.601502117771051115e+00 1.167027366004969036e-02
-1.200962667428011166e+00 5.987288925782059852e-03
-8.005894484342145345e-01 2.046480200611608315e-03
-4.002603925642769789e-01 -9.272851065493895875e-05
-3.318764755891897414e-08 -5.028921995107726173e-05
