1.003383625655762756e+01 1.793435993301697806e+01
2.006649786713623129e+01 1.765950775436339271e+01
2.373193011644186612e+01 1.738465557336998302e+01
2.496529716391908593e+01 1.710980338769393683e+01
2.526969796712729277e+01 1.683495119499130510e+01
2.521926523941294462e+01 1.656009899291772669e+01
2.503329816322651169e+01 1.628524677912865215e+01
2.479556157256128657e+01 1.601039455127948585e+01
2.453805078694182029e+01 1.573554230702560375e+01
2.427298693094625648e+01 1.546069004402238534e+01
2.400503805878321373e+01 1.518583775992522078e+01
2.373598720849950894e+01 1.491098545238956063e+01
2.346651544002622103e+01 1.463613311907104375e+01
2.319688289510916945e+01 1.436128075762568024e+01
2.292718893905399469e+01 1.408642836571057622e+01
2.265747152603122672e+01 1.381157594098565866e+01
2.238774515324608316e+01 1.353672348111822288e+01
2.211801535814310782e+01 1.326187098379489093e+01
2.184828425585002165e+01 1.298701844675281158e+01
2.157855265430483271e+01 1.271216586786152014e+01
2.130882086219320115e+01 1.243731324533700011e+01
2.103908899763342788e+01 1.216246057830238669e+01
2.076935710629410536e+01 1.188760786825566207e+01
2.049962520706212388e+01 1.161275512291227763e+01
2.022989331092884413e+01 1.133790236626528980e+01
1.996016143198085757e+01 1.106304966492301389e+01
1.969042960148592059e+01 1.078819719706220326e+01
1.942069789916000033e+01 1.051334543294980151e+01
1.915096653288265571e+01 1.023849560755569854e+01
1.888123604657591059e+01 9.963650957870328284e+00
1.861150786412566660e+01 9.688819962247789519e+00
1.834178571326685869e+01 9.414024821125755338e+00
1.807207935331780035e+01 9.139323659863320515e+00
1.780241433449774746e+01 8.864868656590122242e+00
1.753285754814546138e+01 8.591058223061393662e+00
1.726358411805697912e+01 8.318935419754760474e+00
1.699505252428032165e+01 8.051231021302610813e+00
1.672846308316096753e+01 7.795094300302523926e+00
1.646695826368177151e+01 7.569242320149672132e+00
1.621876515646418682e+01 7.422676930438430354e+00
1.596954509868825056e+01 7.275100687091817342e+00
1.571902540433992890e+01 7.127057761804109326e+00
1.546745212396827007e+01 6.977938780900394988e+00
1.521475935798458856e+01 6.827882863071297770e+00
1.496119086728331027e+01 6.676984616473196965e+00
1.470648778980407556e+01 6.525668578720278390e+00
1.445087258013350962e+01 6.374634978588058054e+00
1.419455568668253953e+01 6.222839462763221086e+00
1.393728934038301759e+01 6.070595745482409100e+00
1.367899692498255426e+01 5.917997488003320150e+00
1.341956962631708805e+01 5.765793479770784380e+00
1.315881860031379880e+01 5.613429287282023950e+00
1.289687090011353021e+01 5.460716198808105659e+00
1.263354268667938562e+01 5.308193305292134845e+00
1.236904903458430915e+01 5.156326152934020968e+00
1.210353617495339407e+01 5.004073750477307847e+00
1.183715373522364089e+01 4.851734712705167318e+00
1.156995549393800182e+01 4.699701702867219666e+00
1.130195710126576536e+01 4.548479294659474093e+00
1.103328614859090884e+01 4.398251270581250871e+00
1.076384771674712582e+01 4.249011984613337845e+00
1.049369209418204818e+01 4.101146876932850738e+00
1.022302819106063332e+01 3.955140819201760749e+00
9.951917892199793059e+00 3.810905679178004934e+00
9.680237821866077397e+00 3.666768899317942143e+00
9.408146611597423714e+00 3.523025835059233835e+00
9.135776223089870030e+00 3.380140518462573240e+00
8.862900690056116915e+00 3.238419327382603630e+00
8.589794655694445780e+00 3.098129534615594594e+00
8.316348876461432837e+00 2.959267764978374071e+00
8.042449175248091109e+00 2.822103107811971157e+00
7.768029947067699226e+00 2.686569168660128071e+00
7.493008312605041965e+00 2.553054666424209529e+00
7.217327988767404889e+00 2.421714839177800282e+00
6.941139184149703212e+00 2.292653143580091868e+00
6.664551955387334026e+00 2.166235701904971389e+00
6.387654550368965900e+00 2.042448103785677649e+00
6.110430534984473638e+00 1.921302772058282260e+00
5.833045783740470114e+00 1.802940922042960858e+00
5.555609958075977239e+00 1.687562299399476329e+00
5.277846207613622553e+00 1.575203442632227890e+00
4.999934218548473197e+00 1.465836949432852476e+00
4.721824258891445858e+00 1.359573879420046927e+00
4.443447028427950585e+00 1.256423529464595568e+00
4.164879665155507560e+00 1.156569666066649349e+00
3.886293785501349962e+00 1.059642487288642076e+00
3.607829653963928074e+00 9.661467287591996023e-01
3.329573738893141233e+00 8.762817977294754535e-01
3.051465213966806811e+00 7.895089136311018718e-01
2.773426140722962341e+00 7.064038007297569477e-01
2.495396625894595655e+00 6.263911754317407210e-01
2.217414556487623756e+00 5.498093629200310195e-01
1.939585801084917849e+00 4.765685745391431971e-01
1.661814022585615502e+00 4.069392669176619126e-01
1.384127287608920787e+00 3.405585772939175859e-01
1.106444962249199193e+00 2.773230552412055405e-01
8.294160143091837689e-01 2.173368540533548443e-01
5.527092491221837767e-01 1.600664804577276168e-01
2.759650842177364116e-01 1.053523029587055265e-01
1.101799839475681770e-06 5.260159999711477158e-02
