-3.234607934723911171e+01 2.066073037648927624e+01
-6.469136907140595838e+01 2.035084273377233188e+01
-7.650873757310975520e+01 2.004095508895443700e+01
-8.048513788628086729e+01 1.973106743993115941e+01
-8.146655485594432378e+01 1.942117978459679151e+01
-8.130398998402142752e+01 1.911129212084509277e+01
-8.070446293105318603e+01 1.880140444656968057e+01
-7.993803117666506353e+01 1.849151675966405506e+01
-7.910784749916314240e+01 1.818162905802170570e+01
-7.825331275382859531e+01 1.787174133953612198e+01
-7.738947672819413981e+01 1.756185360210076496e+01
-7.652208792957445382e+01 1.725196584360913121e+01
-7.565334209237957452e+01 1.694207806195468535e+01
-7.478407791252439551e+01 1.663219025503090975e+01
-7.391461574334243778e+01 1.632230242073128323e+01
-7.304507794891912908e+01 1.601241455694930238e+01
-7.217551126817650697e+01 1.570252666157844246e+01
-7.130593355379446052e+01 1.539263873251218939e+01
-7.043635162489039203e+01 1.508275076764403622e+01
-6.956676808613568141e+01 1.477286276486747951e+01
-6.869718393242662557e+01 1.446297472207600698e+01
-6.782759954378018108e+01 1.415308663716313475e+01
-6.695801506535032388e+01 1.384319850802234875e+01
-6.608843055258124366e+01 1.353331033254716154e+01
-6.521884602665113562e+01 1.322342210863109102e+01
-6.434926149564974196e+01 1.291353383416764267e+01
-6.347967696266742621e+01 1.260364550705033437e+01
-6.261009242888492565e+01 1.229375712517269470e+01
-6.174050789475370493e+01 1.198386868642825220e+01
-6.087092336044651830e+01 1.167398018871056919e+01
-6.000133882602970914e+01 1.136409162991323818e+01
-5.913175429152907014e+01 1.105420300792998312e+01
-5.826216975695476918e+01 1.074431432065478553e+01
-5.739258522231118320e+01 1.043442556598239968e+01
-5.652300068760057172e+01 1.012453674180948582e+01
-5.565341615282481058e+01 9.814647846037752643e+00
-5.478383161798645773e+01 9.504758876582107163e+00
-5.391424708309098435e+01 9.194869831392001203e+00
-5.304466254815154258e+01 8.884980708507287162e+00
-5.217507801320139293e+01 8.575091506204518765e+00
-5.130549347832687346e+01 8.265202223379908730e+00
-5.043590894375279987e+01 7.955312860551956966e+00
-4.956632441006691181e+01 7.645423422486380183e+00
-4.869673987880682375e+01 7.335533925068218331e+00
-4.782715535399725582e+01 7.025644413293340662e+00
-4.695757084617390120e+01 6.715755008370774881e+00
-4.608798638291874994e+01 6.405866031038403463e+00
-4.521840203644136835e+01 6.095978324407915316e+00
-4.434881799578791828e+01 5.786094099184726502e+00
-4.347923475588663678e+01 5.476219146484608835e+00
-4.260965361247561844e+01 5.166368631068554151e+00
-4.174007795784017816e+01 4.856582258243443917e+00
-4.087051667309766856e+01 4.546963981362520890e+00
-4.000099300931417190e+01 4.237785957513428237e+00
-3.913156783857002807e+01 3.929760707310302692e+00
-3.826240052603960606e+01 3.624753639180125386e+00
-3.739390829516528925e+01 3.327648463995606321e+00
-3.652718345109960296e+01 3.051230918787009028e+00
-3.566508568585822303e+01 2.828974533977526296e+00
-3.481510177033101172e+01 2.748514055346626517e+00
-3.396224665635794082e+01 2.667657020191132489e+00
-3.310662803739343474e+01 2.587243888735363040e+00
-3.224859667412705733e+01 2.507245221531551049e+00
-3.138867224322591198e+01 2.427370360246769554e+00
-3.052663884989209464e+01 2.347602039295496379e+00
-2.966281626863078813e+01 2.267470666396494750e+00
-2.879732433544644721e+01 2.187172193520465324e+00
-2.793029418470020175e+01 2.106610404795639990e+00
-2.706168182956186286e+01 2.026138780557579455e+00
-2.619156701953629707e+01 1.945965875200776241e+00
-2.531998485170954893e+01 1.866227457628362174e+00
-2.444717344521917113e+01 1.787007812789948247e+00
-2.357317127820903124e+01 1.708716277249194615e+00
-2.269830218219469486e+01 1.631425320214334285e+00
-2.182241727478821147e+01 1.555324344278248505e+00
-2.094547077035183946e+01 1.480474343963575024e+00
-2.006778666875420924e+01 1.406944009619092606e+00
-1.918962306534786322e+01 1.334764595856619662e+00
-1.831098194930463663e+01 1.264075826251476409e+00
-1.743193613562768007e+01 1.194820438402419915e+00
-1.655297975961715551e+01 1.126827416651665192e+00
-1.567414521806498406e+01 1.060240368425341417e+00
-1.479552986348041443e+01 9.948600488638094097e-01
-1.391698335552675836e+01 9.308449658688975337e-01
-1.303859567601121228e+01 8.682074045766308146e-01
-1.216057510772945349e+01 8.070298631001970868e-01
-1.128304474416377978e+01 7.475728433914898829e-01
-1.040636001371279384e+01 6.888969763597614371e-01
-9.530768367404613528e+00 6.308835769242120417e-01
-8.656245551611764455e+00 5.734119656587933767e-01
-7.782897938417698391e+00 5.165551246279743713e-01
-6.910882279613012713e+00 4.603203723148384108e-01
-6.040402133618158587e+00 4.047096643620987089e-01
-5.171714612949401157e+00 3.496669898547792865e-01
-4.305119143789733371e+00 2.950602910875988472e-01
-3.440870096372441900e+00 2.408473466977457955e-01
-2.578644635183684919e+00 1.871729695223779411e-01
-1.717920843274758580e+00 1.359699712789378401e-01
-8.583654254503408909e-01 8.846509684853651190e-02
2.082565647751897732e-07 4.437441096567300292e-02
