1.044614722345644253e+01 2.226639041063563695e+01
2.089356006692172585e+01 2.192783763514121986e+01
3.134023314209809641e+01 2.158832242092713827e+01
4.178486981956762492e+01 2.124716393536169079e+01
4.546179322468621109e+01 2.090672892048448617e+01
4.655368018633017613e+01 2.056657023868170242e+01
4.665817108563092575e+01 2.022651709680205911e+01
4.638551024757937569e+01 1.988650425591349347e+01
4.596879026334188012e+01 1.954650679520380407e+01
4.549704458039833810e+01 1.920651519401060625e+01
4.500428094962306602e+01 1.886652581400475626e+01
4.450348917600071275e+01 1.852653726370830967e+01
4.399963092354406768e+01 1.818654900986428657e+01
4.349460137927513870e+01 1.784656084702754342e+01
4.298912444022910506e+01 1.750657269496753088e+01
4.248347661047610302e+01 1.716658452128575263e+01
4.197776350518032729e+01 1.682659631186520244e+01
4.147202546575365290e+01 1.648660805960137665e+01
4.096627790125747737e+01 1.614661976014565070e+01
4.046052669745392194e+01 1.580663141040467323e+01
3.995477410255796258e+01 1.546664300829495176e+01
3.944902097544229491e+01 1.512665455350731136e+01
3.894326764450018175e+01 1.478666605004568524e+01
3.843751423602841299e+01 1.444667751307899373e+01
3.793176080051431853e+01 1.410668898695808871e+01
3.742600736311285914e+01 1.376670059241462418e+01
3.692025394879163969e+01 1.342671265014106119e+01
3.641450060728840299e+01 1.308672600433189537e+01
3.590874746283878238e+01 1.274674286972854986e+01
3.540299483840183115e+01 1.240676904921500956e+01
3.489724357860907844e+01 1.206681973956638210e+01
3.439149589438611088e+01 1.172693473111542062e+01
3.388575757386858811e+01 1.138721820104713522e+01
3.338004377052883598e+01 1.104794289372998861e+01
3.287439415664130848e+01 1.070982286871331013e+01
3.236891259555482492e+01 1.037472756516931405e+01
3.186387100505227465e+01 1.004755124926656329e+01
3.135998127506531574e+01 9.741107268453959023e+00
3.085640939055475229e+01 9.438948269396259860e+00
3.035803472629089228e+01 9.228898875683476888e+00
2.986035270046529888e+01 9.030900282220679642e+00
2.936243612661450797e+01 8.834698686318029459e+00
2.886402256387544796e+01 8.639988263748190178e+00
2.836500707907184449e+01 8.446829715474716949e+00
2.786542805818061908e+01 8.254177293181907515e+00
2.736537469527229405e+01 8.062146382080305429e+00
2.686499170793926083e+01 7.870880697305270957e+00
2.636429203180652081e+01 7.679852324247472772e+00
2.586358324617082260e+01 7.489566689278806422e+00
2.536293475792097141e+01 7.300319730219049674e+00
2.486245858184894431e+01 7.112140402039185183e+00
2.436210654206379900e+01 6.924767761085047546e+00
2.386164564372489139e+01 6.737957729089512071e+00
2.336114704960215249e+01 6.551257319802490819e+00
2.286073427859304275e+01 6.364853883962432235e+00
2.236029966901080002e+01 6.178502088811964832e+00
2.185973618695019738e+01 5.992011525264557825e+00
2.135907540826554651e+01 5.805552876723367284e+00
2.085823943564931682e+01 5.619464728276240884e+00
2.035713801321737648e+01 5.433527227632763967e+00
1.985581833129657170e+01 5.247888478723855776e+00
1.935439003126196766e+01 5.062798661851782178e+00
1.885286543713932517e+01 4.878385922027383081e+00
1.835083862619249828e+01 4.694828742900161167e+00
1.784787203412199830e+01 4.512220633240286105e+00
1.734362660792801236e+01 4.330934382541364869e+00
1.683803815270096393e+01 4.151536686314835300e+00
1.633137079863129770e+01 3.974453728165079358e+00
1.582385670235539088e+01 3.800106266095564678e+00
1.531562801694557230e+01 3.628300731090233544e+00
1.480690218264490809e+01 3.459187282666827290e+00
1.429799246047616457e+01 3.293068383126612098e+00
1.378886383754040779e+01 3.129861726008114076e+00
1.327962158761333100e+01 2.969574285813339820e+00
1.277011238910936264e+01 2.812109622511248741e+00
1.226000103877095881e+01 2.657807105363410916e+00
1.174917502666680669e+01 2.506856522599221204e+00
1.123782592261888169e+01 2.359419201545581934e+00
1.072599925443692293e+01 2.215693134149255616e+00
1.021377484455321927e+01 2.075401105528686951e+00
9.701444624843155395e+00 1.938691857969877530e+00
9.189059154689294573e+00 1.805479134629402571e+00
8.676814468242955769e+00 1.676202760114601009e+00
8.164886546774528853e+00 1.550347155601654370e+00
7.653280691295576865e+00 1.428406755515489790e+00
7.141835534134415298e+00 1.309865891551498018e+00
6.630560612077712079e+00 1.195191355061121952e+00
6.119460939327382221e+00 1.084245749634112688e+00
5.608566318009537532e+00 9.770357559010155457e-01
5.098059499535258610e+00 8.739171049003573444e-01
4.587626427975063592e+00 7.746270715185133993e-01
4.077054095614622398e+00 6.792085989473491958e-01
3.566318160340813392e+00 5.877587400759319847e-01
3.055453728118481482e+00 5.005937651056947546e-01
2.544750445967172592e+00 4.177008295587648079e-01
2.034570873435630478e+00 3.389354424095938345e-01
1.524944551400346571e+00 2.645440063202270653e-01
1.015900416311136922e+00 1.942977350464477060e-01
5.075998236909536887e-01 1.275317109026987694e-01
-1.820779742932941140e-06 6.382529918293020077e-02
