2.433864132288336535e+01 2.592575154436334017e+01
4.867723339728620147e+01 2.553377863574652196e+01
5.756935437763968366e+01 2.514180572407823888e+01
6.056144840656659767e+01 2.474983280630164373e+01
6.129993267387734335e+01 2.435785987935780739e+01
6.117761460924345585e+01 2.396588694018701915e+01
6.072649931114086996e+01 2.357391398572928765e+01
6.014979464504697404e+01 2.318194101292449005e+01
5.952511910881138135e+01 2.278996801871247868e+01
5.888212033046421112e+01 2.239799500003309518e+01
5.823212269623014947e+01 2.200602195382615278e+01
5.757945173674668382e+01 2.161404887703148248e+01
5.692575965769869129e+01 2.122207576658891170e+01
5.627167754550187340e+01 2.083010261943826436e+01
5.561744645371769025e+01 2.043812943251937497e+01
5.496315845661376898e+01 2.004615620277207810e+01
5.430884872343134617e+01 1.965418292713621895e+01
5.365453068762548838e+01 1.926220960255163561e+01
5.300020948031981760e+01 1.887023622595818750e+01
5.234588706142956482e+01 1.847826279429575536e+01
5.169156417957602656e+01 1.808628930450422345e+01
5.103724112070756291e+01 1.769431575352358266e+01
5.038291799404701976e+01 1.730234213829399792e+01
4.972859484131420515e+01 1.691036845575619907e+01
4.907427167844509341e+01 1.651839470285224465e+01
4.841994851152712442e+01 1.612642087652774947e+01
4.776562534288613904e+01 1.573444697373759560e+01
4.711130217341151649e+01 1.534247299146095678e+01
4.645697900344502784e+01 1.495049892674055236e+01
4.580265583312201016e+01 1.455852477678550017e+01
4.514833266250604993e+01 1.416655053924050556e+01
4.449400949165205787e+01 1.377457621289065770e+01
4.383968632066054738e+01 1.338260179950660600e+01
4.318536314977745150e+01 1.299062730867527726e+01
4.253103997963945204e+01 1.259865277044694309e+01
4.187671681191014983e+01 1.220667826844560722e+01
4.122239365094297625e+01 1.181470402655332030e+01
4.056807050813404913e+01 1.142273063585294501e+01
3.991374741331772924e+01 1.103075964877281478e+01
3.925942444460019232e+01 1.063879513457967185e+01
3.860510180646520695e+01 1.024684775171744811e+01
3.795078003425713575e+01 9.854945409342739993e+00
3.729646052952492141e+01 9.463161179623869046e+00
3.664214696157047513e+01 9.071686373185178454e+00
3.598784893675074414e+01 8.681021853356783780e+00
3.533359160483555428e+01 8.292478904044994437e+00
3.467944080878115187e+01 7.909490520574179229e+00
3.402534579572272122e+01 7.530367040643660914e+00
3.337125427977449732e+01 7.152291516411385608e+00
3.271716531124189231e+01 6.774040664528152789e+00
3.206308012860516499e+01 6.396387655510704207e+00
3.141020593502378233e+01 6.088106823980297122e+00
3.075999173908280682e+01 5.932907996619427138e+00
3.010986009207745440e+01 5.782147338093507116e+00
2.945972778117744895e+01 5.631643268766612920e+00
2.880951368138742907e+01 5.481484517911747290e+00
2.815908692061026741e+01 5.331425684372979923e+00
2.750839531455654452e+01 5.182072222177223964e+00
2.685775591748621238e+01 5.033855519059613925e+00
2.620729020259569708e+01 4.886370502176916375e+00
2.555673241161169784e+01 4.738812783734482004e+00
2.490596037893242354e+01 4.591229513682165475e+00
2.425492989138330202e+01 4.443867635308055064e+00
2.360379827093733596e+01 4.296802185737004010e+00
2.295266278292983486e+01 4.150384391768016989e+00
2.230121855983263046e+01 4.004069090703625378e+00
2.164968269105748888e+01 3.857954104052723654e+00
2.099803536374662372e+01 3.712444368951723028e+00
2.034609517122601829e+01 3.567451763163284273e+00
1.969397464619863669e+01 3.422612281284355795e+00
1.904162376981040339e+01 3.278106636482124969e+00
1.838877571272516320e+01 3.134346442208240546e+00
1.773540799958565373e+01 2.991471752201128709e+00
1.708145173521256410e+01 2.849717645549898482e+00
1.642698266499352400e+01 2.709342593708948588e+00
1.577225108962703892e+01 2.570630187215182438e+00
1.511731673498448103e+01 2.433658632627292207e+00
1.446201399389708264e+01 2.298738664415572952e+00
1.380644106233850010e+01 2.165946487440160606e+00
1.315062062921061425e+01 2.035396067385135677e+00
1.249438786549853653e+01 1.907311078894136536e+00
1.183776415203390542e+01 1.781739418811604247e+00
1.118084238311980272e+01 1.658794035608230466e+00
1.052362515047719604e+01 1.538459226612150399e+00
9.866085468237862699e+00 1.421174692942204665e+00
9.207923856938769802e+00 1.306897132033085773e+00
8.549003680634021052e+00 1.195737523005549141e+00
7.889595272857112818e+00 1.088173564247337133e+00
7.230210232429967299e+00 9.845431901332190039e-01
6.571135755021327185e+00 8.845513375844539228e-01
5.912257642012381353e+00 7.881506285617988494e-01
5.253668292559519948e+00 6.953586704309601130e-01
4.595550172167444991e+00 6.058627522401639487e-01
3.937820948415898581e+00 5.198137125476890441e-01
3.280569913000870308e+00 4.369990739719570305e-01
2.623545105928391408e+00 3.573182383159227982e-01
1.966684365559547398e+00 2.809076003936265553e-01
1.310372358070045484e+00 2.075206742884239952e-01
6.548245073670481142e-01 1.367610394033066945e-01
-8.048877092123647163e-07 6.837725562840708815e-02
