-4.650678751139276557e+01 -2.351409154934380652e+01
-9.301343311155522997e+01 -2.325585792326420176e+01
-1.100046666330717215e+02 -2.299762429754141024e+01
-1.157220159327355447e+02 -2.273939067230929822e+01
-1.171331246445741670e+02 -2.248115704761579536e+01
-1.168993958154731274e+02 -2.222292342347576621e+01
-1.160373949516506400e+02 -2.196468979989130332e+01
-1.149354155247181382e+02 -2.170645617685957518e+01
-1.137417724432318238e+02 -2.144822255437585667e+01
-1.125131169612259470e+02 -2.118998893243469794e+01
-1.112710879322378474e+02 -2.093175531103033293e+01
-1.100239506628419406e+02 -2.067352169015690322e+01
-1.087748622192224133e+02 -2.041528806980845800e+01
-1.075250284933571692e+02 -2.015705444997908202e+01
-1.062749100949950503e+02 -1.989882083066278895e+01
-1.050246829614047499e+02 -1.964058721185360312e+01
-1.037744142946430799e+02 -1.938235359354553466e+01
-1.025241297636116826e+02 -1.912411997573259725e+01
-1.012738391729587590e+02 -1.886588635840876194e+01
-1.000235462677266156e+02 -1.860765274156803883e+01
-9.877325247839434041e+01 -1.834941912520438123e+01
-9.752295835135629432e+01 -1.809118550931176728e+01
-9.627266409531675606e+01 -1.783295189388412894e+01
-9.502236978999360417e+01 -1.757471827891543015e+01
-9.377207546583649389e+01 -1.731648466439959932e+01
-9.252178113447637031e+01 -1.705825105033058620e+01
-9.127148680035574557e+01 -1.680001743670229786e+01
-9.002119246517173679e+01 -1.654178382350865206e+01
-8.877089812957260051e+01 -1.628355021074355946e+01
-8.752060379380613142e+01 -1.602531659840092360e+01
-8.627030945796693118e+01 -1.576708298647462847e+01
-8.502001512209128009e+01 -1.550884937495858296e+01
-8.376972078619311901e+01 -1.525061576384665152e+01
-8.251942645027786227e+01 -1.499238215313271461e+01
-8.126913211434761308e+01 -1.473414854281064912e+01
-8.001883777840329515e+01 -1.447591493287430886e+01
-7.876854344244536321e+01 -1.421768132331755119e+01
-7.751824910647400202e+01 -1.395944771413422814e+01
-7.626795477048943894e+01 -1.370121410531818107e+01
-7.501766043449180188e+01 -1.344298049686324781e+01
-7.376736609848127557e+01 -1.318474688876326617e+01
-7.251707176245794528e+01 -1.292651328101206687e+01
-7.126677742642198154e+01 -1.266827967360346818e+01
-7.001648309037349804e+01 -1.241004606653128661e+01
-6.876618875431263689e+01 -1.215181245978933511e+01
-6.751589441823945492e+01 -1.189357885337143550e+01
-6.626560008215419373e+01 -1.163534524727139008e+01
-6.501530574605691015e+01 -1.137711164148301712e+01
-6.376501140994770367e+01 -1.111887803600014379e+01
-6.251471707382677323e+01 -1.086064443081666298e+01
-6.126442273769416857e+01 -1.060241082592663631e+01
-6.001412840154998918e+01 -1.034417722132452511e+01
-5.876383406539422793e+01 -1.008594361700590447e+01
-5.751353972922660773e+01 -9.827710012969271602e+00
-5.626324539304622618e+01 -9.569476409220712299e+00
-5.501295105685060349e+01 -9.311242805786264398e+00
-5.376265672063301082e+01 -9.053009202744171091e+00
-5.251236238437560644e+01 -8.794775600309362673e+00
-5.126206804803149453e+01 -8.536541999054602314e+00
-5.001177371147768724e+01 -8.278308400489514440e+00
-4.876147937439198188e+01 -8.020074808576437064e+00
-4.751118503593067999e+01 -7.761841233699017906e+00
-4.626089069388466157e+01 -7.503607703052100675e+00
-4.501059634247027219e+01 -7.245374287842823335e+00
-4.376030196654544824e+01 -6.987141174504047036e+00
-4.251000752646754677e+01 -6.728908851133462932e+00
-4.125971291845060307e+01 -6.470678595597658678e+00
-4.000941787077928780e+01 -6.212453753405124957e+00
-3.875912167209343551e+01 -5.954243083221498978e+00
-3.750882246002779397e+01 -5.696069515542649064e+00
-3.625851535884664401e+01 -5.437993083199693878e+00
-3.500818760370813010e+01 -5.180170954203580536e+00
-3.375780577582239061e+01 -4.923014599779932610e+00
-3.250728238366271938e+01 -4.667601265644050201e+00
-3.125638837143597826e+01 -4.416751217530166862e+00
-3.000605692221123988e+01 -4.167888555969609499e+00
-2.875550119572763208e+01 -3.919726827215197940e+00
-2.750474351683784846e+01 -3.672312870191262402e+00
-2.625399058051603873e+01 -3.425718962663589551e+00
-2.500347189138778248e+01 -3.180038712066990403e+00
-2.375311575404576203e+01 -2.935185241596303118e+00
-2.250282530574773787e+01 -2.690933515024288347e+00
-2.125246072563856004e+01 -2.447080008131969464e+00
-2.000191760845557098e+01 -2.203476767818902005e+00
-1.875131588611026245e+01 -1.960007057817876763e+00
-1.750064532673220086e+01 -1.716507821629987607e+00
-1.625002953719266685e+01 -1.472945074782888941e+00
-1.499962922824582812e+01 -1.229231571810112555e+00
-1.374929180778348758e+01 -9.850745764003707716e-01
-1.249906859458634578e+01 -7.402624733170382054e-01
-1.124926348689587208e+01 -4.947257954315321116e-01
-9.999927314546724233e+00 -2.487410900156114268e-01
-8.750741778024938355e+00 -2.682496809494327398e-03
-7.500237643670787158e+00 -2.703601548450185795e-03
-6.249728572513673974e+00 -3.109828398777730266e-03
-4.999367094051414995e+00 -2.779437261241336776e-03
-3.749165371587777962e+00 -2.026734878453463271e-03
-2.499269975467023119e+00 -1.309219420082540939e-03
-1.249541331794734367e+00 -5.878157758732715501e-04
1.913588161554861661e-07 -6.305411922734009592e-06
