-2.707262914583267133e+01 -2.239327220354224934e+00
-5.414579991242870705e+01 -2.206320769090388545e+00
-6.403700491751338575e+01 -2.173314318746474960e+00
-6.736528299556648847e+01 -2.140307870247173838e+00
-6.818674605220526530e+01 -2.107301424518997823e+00
-6.805069097363725916e+01 -2.074294982489154560e+00
-6.754889651189519384e+01 -2.041288545085115480e+00
-6.690740203649848183e+01 -2.008282113234454602e+00
-6.621254690383155150e+01 -1.975275687864780583e+00
-6.549730981347506997e+01 -1.942269269903715845e+00
-6.477428750776694244e+01 -1.909262860278888141e+00
-6.404829151413350985e+01 -1.876256459917923669e+00
-6.332115967251365873e+01 -1.843250069748447517e+00
-6.259359397529768643e+01 -1.810243690698083663e+00
-6.186586255971829473e+01 -1.777237323694451865e+00
-6.113806784508406622e+01 -1.744230969665169217e+00
-6.041024895208917656e+01 -1.711224629537850817e+00
-5.968242082350854361e+01 -1.678218304240105985e+00
-5.895458916697356955e+01 -1.645211994699543823e+00
-5.822675616260485043e+01 -1.612205701843765437e+00
-5.749892264313380252e+01 -1.579199426600370826e+00
-5.677108892663481043e+01 -1.546193169896957764e+00
-5.604325513460089780e+01 -1.513186932661121142e+00
-5.531542131343761071e+01 -1.480180715820461401e+00
-5.458758748086976453e+01 -1.447174520302597411e+00
-5.385975364366697704e+01 -1.414168347035206441e+00
-5.313191980441454376e+01 -1.381162196946128962e+00
-5.240408596409950093e+01 -1.348156070963636211e+00
-5.167625212309891936e+01 -1.315149970017138736e+00
-5.094841828155768582e+01 -1.282143895039040027e+00
-5.022058443953447693e+01 -1.249137846969589072e+00
-4.949275059706136659e+01 -1.216131826769584645e+00
-4.876491675417685201e+01 -1.183125835453634700e+00
-4.803708291096519645e+01 -1.150119874177232937e+00
-4.730924906764186488e+01 -1.117113944464726005e+00
-4.658141522476968532e+01 -1.084108048806139868e+00
-4.585358138382267157e+01 -1.051102192219679266e+00
-4.512574754866093940e+01 -1.018096386342399073e+00
-4.439791372939181713e+01 -9.850906601396679507e-01
-4.367007995247792707e+01 -9.520850879428095492e-01
-4.294224628720085946e+01 -9.190798628523005886e-01
-4.221441291494353010e+01 -8.860754889090908248e-01
-4.148658031057409801e+01 -8.530732842036703456e-01
-4.075874971731510499e+01 -8.200766980275230322e-01
-4.003092438996718272e+01 -7.870947592068364695e-01
-3.930311284971141816e+01 -7.541511039218531387e-01
-3.857533740529356692e+01 -7.213076107517928381e-01
-3.784765646177667264e+01 -6.887262777823937032e-01
-3.712022292562055270e+01 -6.568312183393453241e-01
-3.639343711118355174e+01 -6.267327696561819650e-01
-3.566834705518889592e+01 -6.013378194142289246e-01
-3.494769655302491174e+01 -5.882567309215678275e-01
-3.422435198512521737e+01 -5.749441559433801086e-01
-3.349901752032324254e+01 -5.616485448624363164e-01
-3.277220271538073604e+01 -5.479716420676719046e-01
-3.204409441142772863e+01 -5.343069441117181961e-01
-3.131503887440221590e+01 -5.207704474638583658e-01
-3.058487093582421679e+01 -5.072232160551849445e-01
-2.985401622150354939e+01 -4.934331780843284054e-01
-2.912305130310052448e+01 -4.793415769573042273e-01
-2.839225799274909789e+01 -4.649038864448503672e-01
-2.766152418391154200e+01 -4.504565875341921544e-01
-2.693044256097206812e+01 -4.362088359812885674e-01
-2.619930459547610369e+01 -4.220876165203060748e-01
-2.546818848518339706e+01 -4.082979480664121752e-01
-2.473716764012064218e+01 -3.944257002642297394e-01
-2.400656039137651732e+01 -3.804171595763816138e-01
-2.327647333057976198e+01 -3.660022501035090636e-01
-2.254711981845697721e+01 -3.509824952323105096e-01
-2.181862867293954267e+01 -3.351237182858818331e-01
-2.109121341202598643e+01 -3.183407374432318804e-01
-2.036467385773683603e+01 -3.004182511061886385e-01
-1.963918423636820165e+01 -2.816967447241277567e-01
-1.891435641528857658e+01 -2.622038212233853693e-01
-1.818994850941608377e+01 -2.419743161488894512e-01
-1.746595269929910543e+01 -2.215101928314915924e-01
-1.674213215034285440e+01 -2.009614068966852074e-01
-1.601834201348884434e+01 -1.804406284544763928e-01
-1.529443056494980269e+01 -1.601030411825045685e-01
-1.457017636566927798e+01 -1.402026943565554407e-01
-1.384541036275633807e+01 -1.208530318882929250e-01
-1.312036500394166438e+01 -1.025389781024032415e-01
-1.239463051078795708e+01 -8.517703906329486541e-02
-1.166821205923801585e+01 -6.906341682421002215e-02
-1.094143172389094509e+01 -5.442166862736361882e-02
-1.021413130888675624e+01 -4.135139009085146700e-02
-9.486146917310371407e+00 -2.975675561382487219e-02
-8.757621091665104274e+00 -1.961456254315895043e-02
-8.028727887557367993e+00 -1.086771277102152773e-02
-7.299537363943293222e+00 -3.388211942303412730e-03
-6.569686981201895648e+00 2.944307942043543173e-03
-5.839282472739548702e+00 8.124287902571492373e-03
-5.108405200447583283e+00 1.214533822716744663e-02
-4.377358446546286252e+00 1.493069507959094051e-02
-3.646501736230243207e+00 1.643547806427031119e-02
-2.915705049332552701e+00 1.673900061137230388e-02
-2.185190054025993422e+00 1.581713871368968169e-02
-1.455464167129391750e+00 1.352304370152885432e-02
-7.269461252076047098e-01 9.798682525551483807e-03
-2.747717941285291429e-06 4.856839857985842043e-03
