-1.225554539240797070e+01 3.085833051310696629e+00
-2.451099404030514251e+01 3.054015689739203676e+00
-3.676440220751314314e+01 3.021918758086887813e+00
-4.116048094941076840e+01 2.989887306804274836e+00
-4.255532691172583526e+01 2.957880862209044448e+00
-4.280380396027909740e+01 2.925883965949444221e+00
-4.261440704737602658e+01 2.893890713130926606e+00
-4.225775716396487525e+01 2.861898848187867106e+00
-4.183722233052844786e+01 2.829907509564163703e+00
-4.139228561754526226e+01 2.797916368202652659e+00
-4.093802821595944152e+01 2.765925298455996995e+00
-4.048021062812156146e+01 2.733934252377610008e+00
-4.002103317013760631e+01 2.701943211701875569e+00
-3.956133628797437041e+01 2.669952169501004224e+00
-3.910144100342562723e+01 2.637961123178093281e+00
-3.864146993590566126e+01 2.605970071790545628e+00
-3.818146992186323274e+01 2.573979015027626271e+00
-3.772145885123004660e+01 2.541987952819898755e+00
-3.726144355735207370e+01 2.509996885190040050e+00
-3.680142665033546479e+01 2.478005812195841706e+00
-3.634140912715216842e+01 2.446014733908451255e+00
-3.588139136861180845e+01 2.414023650404048649e+00
-3.542137352017086727e+01 2.382032561760675460e+00
-3.496135563738897645e+01 2.350041468057020300e+00
-3.450133774148816457e+01 2.318050369371956076e+00
-3.404131984057470817e+01 2.286059265784367245e+00
-3.358130193774510275e+01 2.254068157373076087e+00
-3.312128403418229539e+01 2.222077044216822284e+00
-3.266126613033831916e+01 2.190085926394247373e+00
-3.220124822638600648e+01 2.158094803983885868e+00
-3.174123032239154796e+01 2.126103677064136832e+00
-3.128121241838046629e+01 2.094112545713199491e+00
-3.082119451436276947e+01 2.062121410008907585e+00
-3.036117661034277759e+01 2.030130270028286166e+00
-2.990115870632305572e+01 1.998139125846392750e+00
-2.944114080230672670e+01 1.966147977533286628e+00
-2.898112289830032395e+01 1.934156825146092773e+00
-2.852110499432005142e+01 1.902165668708200252e+00
-2.806108709040772453e+01 1.870174508154838655e+00
-2.760106918667218778e+01 1.838183343190566976e+00
-2.714105128339792117e+01 1.806192172916189609e+00
-2.668103338132928215e+01 1.774200994851983237e+00
-2.622101548241452917e+01 1.742209802380502826e+00
-2.576099759175374615e+01 1.710218578051728944e+00
-2.530097972269873097e+01 1.678227276055718420e+00
-2.484096191020444166e+01 1.646235776335383649e+00
-2.438094424578368091e+01 1.614243764452146790e+00
-2.392092696901957183e+01 1.582250417069997583e+00
-2.346091070714845372e+01 1.550253578541739286e+00
-2.300089710229594786e+01 1.518247605182934112e+00
-2.254089045360246146e+01 1.486217721505557865e+00
-2.208090201636353811e+01 1.454125244640040782e+00
-2.162096125732599461e+01 1.421868901354696790e+00
-2.116114532143662430e+01 1.389183554658165676e+00
-2.070165617679440828e+01 1.355375066499231007e+00
-2.024302258276417277e+01 1.318626159034755441e+00
-1.978662884928198906e+01 1.274179139128949201e+00
-1.932936203186723745e+01 1.229948930704238164e+00
-1.887107165636584583e+01 1.187183260178438005e+00
-1.841181170710625992e+01 1.145761612523060524e+00
-1.795149812845293269e+01 1.106120480376798332e+00
-1.749005207270649009e+01 1.068022439933773216e+00
-1.702784310801031253e+01 1.031833429414720893e+00
-1.656560594336631453e+01 9.978197452163237724e-01
-1.610340524948247776e+01 9.653826746470851594e-01
-1.564114866809893023e+01 9.345240909188644585e-01
-1.517923473902179055e+01 9.057475100957449454e-01
-1.471776865538429568e+01 8.787583197236885635e-01
-1.425688223750002059e+01 8.533524243201741077e-01
-1.379661045554436249e+01 8.293164523632345908e-01
-1.333702409249313270e+01 8.063907671342227523e-01
-1.287794606782385642e+01 7.846173973116142841e-01
-1.241890677603945115e+01 7.633464358527475291e-01
-1.195955496551109931e+01 7.423451478305989060e-01
-1.149929763049600417e+01 7.132147919591883545e-01
-1.103789533501401365e+01 6.788170330283941345e-01
-1.057695086767512294e+01 6.462616155525330308e-01
-1.011689918899406671e+01 6.154335506653985099e-01
-9.657869655872262982e+00 5.859110354340814064e-01
-9.199397674174502271e+00 5.567636062253670248e-01
-8.739970264983595527e+00 5.258580232139966615e-01
-8.280177915007410405e+00 4.942808857502496989e-01
-7.820246170120200624e+00 4.624472402092795753e-01
-7.360261181273569875e+00 4.305156255249070196e-01
-6.900255855437392505e+00 3.985466122723768101e-01
-6.440242762564817092e+00 3.665633732716067072e-01
-5.980226705542738941e+00 3.345748563886631888e-01
-5.520209523076931468e+00 3.025847323655787013e-01
-5.060191928396330141e+00 2.705950655193647414e-01
-4.600174222480647224e+00 2.386083780135697385e-01
-4.140156595038854803e+00 2.066301719758627253e-01
-3.680139314217047541e+00 1.746744315806497416e-01
-3.220122994743746858e+00 1.427776071817355996e-01
-2.760109212658416578e+00 1.110350656335775121e-01
-2.300102081352968675e+00 7.969645713794634712e-02
-1.840112364971066228e+00 4.941536550429001529e-02
-1.380168242573087012e+00 2.190289219563834253e-02
-9.203434872540384726e-01 1.638758504341031536e-03
-4.608312390048400209e-01 3.510239901660674685e-04
4.750814834049687510e-06 8.822705069133070466e-06
