2.700159073464359949e+01 4.497645247341994690e+01
5.400296393591395372e+01 4.449815295637154833e+01
6.386793253132525194e+01 4.401985343933493766e+01
6.718737701276856455e+01 4.354155392231455579e+01
6.800665375618989117e+01 4.306325440531202986e+01
6.787095140099258117e+01 4.258495488832777198e+01
6.737047948855089885e+01 4.210665537136186032e+01
6.673067800324349719e+01 4.162835585441411723e+01
6.603765735670232573e+01 4.115005633748435088e+01
6.532430879939428792e+01 4.067175682057233388e+01
6.460319567106873251e+01 4.019345730367782465e+01
6.387911674049924216e+01 3.971515778680058162e+01
6.315390497425388361e+01 3.923685826994032766e+01
6.242826050326185339e+01 3.875855875309680698e+01
6.170245075374185006e+01 3.828025923626974958e+01
6.097657787342027547e+01 3.780195971945889966e+01
6.025068087925694726e+01 3.732366020266399431e+01
5.952477467440472481e+01 3.684536068588477065e+01
5.879886495136163660e+01 3.636706116912096576e+01
5.807295388446878093e+01 3.588876165237229543e+01
5.734704230425077043e+01 3.541046213563849676e+01
5.662113052794005341e+01 3.493216261891929975e+01
5.589521867670892163e+01 3.445386310221442727e+01
5.516930679684130467e+01 3.397556358552360223e+01
5.444339490601634424e+01 3.349726406884656882e+01
5.371748301098709533e+01 3.301896455218302151e+01
5.299157111433333966e+01 3.254066503553271161e+01
5.226565921704063555e+01 3.206236551889537623e+01
5.153974731948569854e+01 3.158406600227075245e+01
5.081383542181265511e+01 3.110576648565868751e+01
5.008792352407679971e+01 3.062746696905911392e+01
4.936201162629937755e+01 3.014916745247238339e+01
4.863609972848852436e+01 2.967086793589982818e+01
4.791018783064684783e+01 2.919256841934545577e+01
4.718427593277364451e+01 2.871426890282014810e+01
4.645836403486394062e+01 2.823596938635287046e+01
4.573245213690302791e+01 2.775766987001991026e+01
4.500654023885125810e+01 2.727937035402151267e+01
4.428062834060404640e+01 2.680107083888230335e+01
4.355471644188688174e+01 2.632277132597629077e+01
4.282880454198038223e+01 2.584447181890112333e+01
4.210289263900057932e+01 2.536617232707605041e+01
4.137698072801444482e+01 2.488787287516143820e+01
4.065106879610654289e+01 2.440957352771942368e+01
3.992515680946311107e+01 2.393127445377638907e+01
3.919924467955795677e+01 2.345297609584955012e+01
3.847333217462573884e+01 2.297467961246456980e+01
3.774741868789625698e+01 2.249638803668149478e+01
3.702150263082371850e+01 2.201810930915523201e+01
3.629557984454007880e+01 2.153986421879097790e+01
3.556963944098571773e+01 2.106170719165027805e+01
3.484365291484690630e+01 2.058378071701439893e+01
3.411754563823507169e+01 2.010645783666981146e+01
3.339112223278098668e+01 1.963071518670500382e+01
3.266387119133234762e+01 1.915910963355874586e+01
3.193691593621403513e+01 1.868865334954406165e+01
3.121022338116017991e+01 1.821898848810174343e+01
3.048390388984003962e+01 1.775005870977449263e+01
2.975794040457999401e+01 1.728153834648630394e+01
2.903192328400236377e+01 1.681308717772533967e+01
2.830550984648273527e+01 1.634418222832368883e+01
2.757878033531699913e+01 1.587492529204800462e+01
2.685190828341799829e+01 1.540548909701653990e+01
2.612497849347277068e+01 1.493597052692800453e+01
2.539816699486308238e+01 1.446668887384423030e+01
2.467130213253201632e+01 1.399759332727968264e+01
2.394453701753742081e+01 1.352875762040640417e+01
2.321794953198790878e+01 1.306033748674656181e+01
2.249161882262251311e+01 1.259252591009798827e+01
2.176528508443653820e+01 1.212485556361266426e+01
2.103904549582877337e+01 1.165731162390428466e+01
2.031296980650998307e+01 1.118999337730186738e+01
1.958684440106802782e+01 1.072268087591498720e+01
1.886068759144326634e+01 1.025532925218479896e+01
1.813455824147414575e+01 9.788063628025955865e+00
1.740846067604366709e+01 9.320977784225556562e+00
1.668260595667894819e+01 8.854161402438146311e+00
1.595684872469618654e+01 8.387603054260889479e+00
1.523121031709689532e+01 7.921165615891688105e+00
1.450565523128813972e+01 7.454751849966776867e+00
1.378014343250866602e+01 6.988410761982478903e+00
1.305472957905795006e+01 6.522265672140519222e+00
1.232926417046839340e+01 6.056092969070690835e+00
1.160389153254249628e+01 5.589837903285223675e+00
1.087859230777071851e+01 5.123645517732004606e+00
1.015337320622251305e+01 4.657649180746173734e+00
9.428110175938920534e+00 4.191831368376853995e+00
8.702812459225983233e+00 3.725889543128487080e+00
7.977558282024014069e+00 3.259949732277129808e+00
7.252391291335969825e+00 2.794044872105527322e+00
6.527273173420263142e+00 2.328337663864779472e+00
5.802199019128853941e+00 1.862788367126964273e+00
5.077137260007453357e+00 1.397242117604436284e+00
4.352116688189336280e+00 9.319774515411489713e-01
3.627238253855249006e+00 4.668340016794385039e-01
2.902561106510063382e+00 1.900420193946279280e-03
2.176796866106458950e+00 8.685476084842901935e-04
1.451197588209723666e+00 4.856208510574517006e-04
7.255659474768593187e-01 2.231222326561390875e-04
7.751292742863657657e-08 3.344466863260366691e-07
