-3.206709869276048153e+01 4.411063868551303102e+01
-6.413411753314387909e+01 4.344441706670777137e+01
-7.584982454726214485e+01 4.277819544273172880e+01
-7.979202216302400075e+01 4.211197380831245596e+01
-8.076500339100678616e+01 4.144575215813856772e+01
-8.060384487379401719e+01 4.077953048688385707e+01
-8.000948351862074048e+01 4.011330878921643972e+01
-7.924965340076859377e+01 3.944708705980229269e+01
-7.842661983733755449e+01 3.878086529330655452e+01
-7.757944470372638079e+01 3.811464348439411509e+01
-7.672304830875170012e+01 3.744842162772975058e+01
-7.586312970331540839e+01 3.678219971797823717e+01
-7.500186573120632261e+01 3.611597774980441500e+01
-7.414008787280839385e+01 3.544975571787309576e+01
-7.327811372541081880e+01 3.478353361684921907e+01
-7.241606460042649474e+01 3.411731144139773164e+01
-7.155398683473475785e+01 3.345108918618367255e+01
-7.069189812749148416e+01 3.278486684587213063e+01
-6.982980523921537497e+01 3.211864441512832258e+01
-6.896771075223766445e+01 3.145242188861753618e+01
-6.810561565296390540e+01 3.078619926100528659e+01
-6.724352031821031517e+01 3.011997652695738381e+01
-6.638142489195060136e+01 2.945375368114039460e+01
-6.551932942922069003e+01 2.878753071822258391e+01
-6.465723395108511795e+01 2.812130763287671797e+01
-6.379513846563234125e+01 2.745508441978696013e+01
-6.293304297599411257e+01 2.678886107366729519e+01
-6.207094748340767865e+01 2.612263758930958701e+01
-6.120885198838384156e+01 2.545641396170929482e+01
-6.034675649114853258e+01 2.479019018639486305e+01
-5.948466099179926658e+01 2.412396626028969493e+01
-5.862256549033372011e+01 2.345774218396930166e+01
-5.776046998657778175e+01 2.279151796757005499e+01
-5.689837447994237607e+01 2.212529364625899930e+01
-5.603627896876516701e+01 2.145906932073406637e+01
-5.517418344857889423e+01 2.079284526325527338e+01
-5.431208790757479221e+01 2.012662219523831553e+01
-5.344999231472473866e+01 1.946040201400496272e+01
-5.258789658868353456e+01 1.879418969544265750e+01
-5.172580051637429932e+01 1.812799827523841145e+01
-5.086370353984111858e+01 1.746186188993476662e+01
-5.000160419822108082e+01 1.679586991890093017e+01
-4.913949866680461298e+01 1.613025636928662010e+01
-4.827737693223684090e+01 1.546563388916537107e+01
-4.741521277904129761e+01 1.480360642267240934e+01
-4.655293757428066215e+01 1.414837315264136919e+01
-4.569052348945616160e+01 1.349282130697917559e+01
-4.482797957498375752e+01 1.283645071433749330e+01
-4.396528104706088413e+01 1.217938163015974240e+01
-4.310246624417636951e+01 1.152201135156968625e+01
-4.223990610914200516e+01 1.086479053994735366e+01
-4.137780089652829929e+01 1.020777455462446248e+01
-4.051600389802292312e+01 9.550155883583151706e+00
-3.965454668693205775e+01 8.892322405337418800e+00
-3.879333737321740472e+01 8.234288059478149790e+00
-3.793232781417184185e+01 7.578466294367814271e+00
-3.707137496451004210e+01 7.033587292561127136e+00
-3.621162189182299329e+01 6.721180121504724880e+00
-3.535275102935335667e+01 6.528141461488789155e+00
-3.449406739091676855e+01 6.335163069559189175e+00
-3.363514777920265431e+01 6.142561085867995985e+00
-3.277610957431412686e+01 5.950418634813131824e+00
-3.191683315546350741e+01 5.758690362569619303e+00
-3.105727083146109635e+01 5.567219473345892844e+00
-3.019739069304979751e+01 5.376140465284984238e+00
-2.933736159361761153e+01 5.185475684024940080e+00
-2.847667521145523750e+01 4.995932016205138382e+00
-2.761549429554630564e+01 4.807535863471053439e+00
-2.675396857032186659e+01 4.620283182553635903e+00
-2.589185049677012174e+01 4.434269479603791808e+00
-2.502913500733397001e+01 4.249874423488534170e+00
-2.416604143730305765e+01 4.067259008293026668e+00
-2.330269211098950777e+01 3.886697844548635317e+00
-2.243898533307005749e+01 3.708273125919355540e+00
-2.157481529756129035e+01 3.532087457501706940e+00
-2.071050254814530689e+01 3.358326377441292365e+00
-1.984596576625250108e+01 3.187173734208098352e+00
-1.898160228725020815e+01 3.018497756559348044e+00
-1.811732610384842701e+01 2.852321620446379047e+00
-1.725319779264988185e+01 2.688854970315337933e+00
-1.638906523292354578e+01 2.528180115837829867e+00
-1.552477841317984186e+01 2.370590554226910118e+00
-1.466029711897704146e+01 2.216153541600804022e+00
-1.379554668078907298e+01 2.065143500057466497e+00
-1.293038021354915124e+01 1.918003607177654501e+00
-1.206510614544749949e+01 1.774837359402974046e+00
-1.119996194568985182e+01 1.635589213260895569e+00
-1.033508560551008770e+01 1.500518546907700257e+00
-9.470534216286671025e+00 1.369485903788285386e+00
-8.606660711943073139e+00 1.242502533126902620e+00
-7.743373575204829606e+00 1.119033024915241370e+00
-6.880979450617418003e+00 9.987808931264317014e-01
-6.019439270852017465e+00 8.813285471736553855e-01
-5.158358904777690768e+00 7.661723590460577382e-01
-4.297814964361840850e+00 6.530032232051655727e-01
-3.437636227248762388e+00 5.414961634964623460e-01
-2.577710969649114059e+00 4.315894810175582852e-01
-1.718125773455531302e+00 3.227660330466031735e-01
-8.588226672947935070e-01 2.147359761440325032e-01
6.613337277596640982e-06 1.070370290976866284e-01
