-2.108010289927131709e+01 -1.854768137188380450e+01
-4.216016047475398665e+01 -1.827299381669682177e+01
-4.986177348887971306e+01 -1.799830626027537051e+01
-5.245327539719018262e+01 -1.772361870138297135e+01
-5.309288854932177060e+01 -1.744893113878240243e+01
-5.298694653882716921e+01 -1.717424357123612566e+01
-5.259622779668094239e+01 -1.689955599750652127e+01
-5.209673402223566541e+01 -1.662486841635590196e+01
-5.155569188256757229e+01 -1.635018082654656268e+01
-5.099877967954995484e+01 -1.607549322684080906e+01
-5.043580565172527486e+01 -1.580080561600093070e+01
-4.987051621284720682e+01 -1.552611799278922433e+01
-4.930434236563383621e+01 -1.525143035596798491e+01
-4.873783070448563848e+01 -1.497674270429951449e+01
-4.817119000988556365e+01 -1.470205503654610446e+01
-4.760450002888209298e+01 -1.442736735147004801e+01
-4.703779122213728670e+01 -1.415267964783366139e+01
-4.647107522458887985e+01 -1.387799192439922891e+01
-4.590435648038769756e+01 -1.360330417992906149e+01
-4.533763668704841621e+01 -1.332861641318546475e+01
-4.477091649296406928e+01 -1.305392862293075673e+01
-4.420419614579883927e+01 -1.277924080792726080e+01
-4.363747574015214070e+01 -1.250455296693734120e+01
-4.307075531215782149e+01 -1.222986509872344740e+01
-4.250403487561789007e+01 -1.195517720204824741e+01
-4.193731443580438167e+01 -1.168048927567498652e+01
-4.137059399473125865e+01 -1.140580131836841993e+01
-4.080387355316810272e+01 -1.113111332889726057e+01
-4.023715311140959727e+01 -1.085642530604055089e+01
-3.967043266957002601e+01 -1.058173724860440856e+01
-3.910371222769737898e+01 -1.030704915546579414e+01
-3.853699178582128582e+01 -1.003236102568716603e+01
-3.797027134398236825e+01 -9.757672858816581751e+00
-3.740355090227278367e+01 -9.482984655673458718e+00
-3.683683046092816227e+01 -9.208296420405627458e+00
-3.627011002056307376e+01 -8.933608165874863616e+00
-3.570338958278551900e+01 -8.658919927756315360e+00
-3.513666915180471761e+01 -8.384231801451385024e+00
-3.456994873864017137e+01 -8.109544038726941295e+00
-3.400322837214100957e+01 -7.834857300720228679e+00
-3.343650812783501891e+01 -7.560173320314807377e+00
-3.286978820345623120e+01 -7.285496636264522152e+00
-3.230306911667874203e+01 -7.010839133192171779e+00
-3.173635222279086321e+01 -6.736231927468808500e+00
-3.116964106998300466e+01 -6.461756484871759909e+00
-3.060294494753803818e+01 -6.187626087728787638e+00
-3.003628817511399518e+01 -5.914399118821752843e+00
-2.946973442240162200e+01 -5.643537446291658100e+00
-2.890345037881461465e+01 -5.378868295335765382e+00
-2.833787244290191509e+01 -5.130411480712270489e+00
-2.777266422976910221e+01 -4.890303403057601805e+00
-2.720759533337066571e+01 -4.650974825751627684e+00
-2.664753882591615053e+01 -4.524033587097216369e+00
-2.608781787616173276e+01 -4.399673616522169262e+00
-2.552808224030682283e+01 -4.275042476872633834e+00
-2.496804085680737373e+01 -4.149820880541661872e+00
-2.440763237554313747e+01 -4.025683372414413874e+00
-2.384685451363642983e+01 -3.903457408432003728e+00
-2.328593525670471820e+01 -3.784199719307907106e+00
-2.272500094535794801e+01 -3.665715418365303346e+00
-2.216408395651256669e+01 -3.547599908701284388e+00
-2.160326238607488136e+01 -3.430155226447689554e+00
-2.104252267722299763e+01 -3.312866836259901415e+00
-2.048149352007730428e+01 -3.195814307745257654e+00
-1.991989247748348291e+01 -3.078778447671496110e+00
-1.935764110524306147e+01 -2.961827162911619737e+00
-1.879475213456310101e+01 -2.845156640044436358e+00
-1.823146821841198673e+01 -2.728836992860966593e+00
-1.766796335518039029e+01 -2.613088051459425021e+00
-1.710439425623993515e+01 -2.498155382502423638e+00
-1.654069456815856398e+01 -2.383972688797308059e+00
-1.597681853232563931e+01 -2.270934931217836628e+00
-1.541257382757772554e+01 -2.158834950445996270e+00
-1.484782044303581650e+01 -2.047762170870619958e+00
-1.428259582951364415e+01 -1.937750228250270990e+00
-1.371702302789995720e+01 -1.829182951833359105e+00
-1.315103327479088335e+01 -1.722209790411186603e+00
-1.258460228866137243e+01 -1.616902157324007661e+00
-1.201779608653544074e+01 -1.513460454631126773e+00
-1.145071882640125693e+01 -1.412020322558665608e+00
-1.088348563740574448e+01 -1.312622034708804675e+00
-1.031629586953393485e+01 -1.215535872453968658e+00
-9.748884922826922761e+00 -1.120712734763786855e+00
-9.181169702737438598e+00 -1.028384905428306739e+00
-8.612998714734501959e+00 -9.384917330528290691e-01
-8.044272569468491341e+00 -8.511899363257364737e-01
-7.474984055418804729e+00 -7.668254008194985705e-01
-6.904641039249110435e+00 -6.853221527129774726e-01
-6.333134833465460467e+00 -6.070048582246516666e-01
-5.760495337203773936e+00 -5.320541462293031376e-01
-5.186634821814198659e+00 -4.606286593108485095e-01
-4.612107756124106395e+00 -3.935117033194226455e-01
-4.037174081157737682e+00 -3.306880431781610841e-01
-3.461598289638863069e+00 -2.723368325508904175e-01
-2.885286204143689304e+00 -2.193002230913067563e-01
-2.308532174385289348e+00 -1.705597331007639439e-01
-1.731602828997445886e+00 -1.270818971330900937e-01
-1.154531567211049436e+00 -8.860173615087962862e-02
-5.774293102710569281e-01 -5.536248961868731749e-02
3.720612389854349035e-07 -2.764246416478684243e-02
