4.062790396312541930e+01 4.767055644766199407e+01
8.125570628779145466e+01 4.717063817209898247e+01
9.609910069632785223e+01 4.667071989620064443e+01
1.010937276608441948e+02 4.617080161984360132e+01
1.023264602088381992e+02 4.567088334298496477e+01
1.021222769517282103e+02 4.517096506561239266e+01
1.013692406960051642e+02 4.467104678772509629e+01
1.004065612496214897e+02 4.417112850932669943e+01
9.936380522990431530e+01 4.367121023042250272e+01
9.829046268086796090e+01 4.317129195101839656e+01
9.720543711722206126e+01 4.267137367112054136e+01
9.611594903907945309e+01 4.217145539073515437e+01
9.502475643206761902e+01 4.167153710986849546e+01
9.393291275295585763e+01 4.117161882852681032e+01
9.284082038642453938e+01 4.067170054671637303e+01
9.174863302974499391e+01 4.017178226444342215e+01
9.065640939005102439e+01 3.967186398171422468e+01
8.956417189147239810e+01 3.917194569853502628e+01
8.847192909926458526e+01 3.867202741491203000e+01
8.737968428506415819e+01 3.817210913085150992e+01
8.628743869852510784e+01 3.767219084635966908e+01
8.519519281697287738e+01 3.717227256144271053e+01
8.410294682272962064e+01 3.667235427610686571e+01
8.301070078543622799e+01 3.617243599035833768e+01
8.191845473169325942e+01 3.567251770420330814e+01
8.082620867166124867e+01 3.517259941764797304e+01
7.973396260922127965e+01 3.467268113069852831e+01
7.864171654585585713e+01 3.417276284336113434e+01
7.754947048213125527e+01 3.367284455564198709e+01
7.645722441826387694e+01 3.317292626754725404e+01
7.536497835433638670e+01 3.267300797908309562e+01
7.427273229038047475e+01 3.217308969025565801e+01
7.318048622640824874e+01 3.167317140107112650e+01
7.208824016242445509e+01 3.117325311153559042e+01
7.099599409843094122e+01 3.067333482165525282e+01
6.990374803442843188e+01 3.017341653143623148e+01
6.881150197041729655e+01 2.967349824088464771e+01
6.771925590639774839e+01 2.917357995000662996e+01
6.662700984236991530e+01 2.867366165880831019e+01
6.553476377833392519e+01 2.817374336729580264e+01
6.444251771428983488e+01 2.767382507547523929e+01
6.335027165023777940e+01 2.717390678335270593e+01
6.225802558617783689e+01 2.667398849093431679e+01
6.116577952211007840e+01 2.617407019822616476e+01
6.007353345803460343e+01 2.567415190523436408e+01
5.898128739395155407e+01 2.517423361196498988e+01
5.788904132986096585e+01 2.467431531842412440e+01
5.679679526576295956e+01 2.417439702461786766e+01
5.570454920165764889e+01 2.367447873055229834e+01
5.461230313754508359e+01 2.317456043623348094e+01
5.352005707342539154e+01 2.267464214166749414e+01
5.242781100929865090e+01 2.217472384686040954e+01
5.133556494516497537e+01 2.167480555181830226e+01
5.024331888102442178e+01 2.117488725654729009e+01
4.915107281687708252e+01 2.067496896105355830e+01
4.805882675272288651e+01 2.017505066534355151e+01
4.696658068856169166e+01 1.967513236942428279e+01
4.587433462439289400e+01 1.917521407330437810e+01
4.478208856021471718e+01 1.867529577699661658e+01
4.368984249602250003e+01 1.817537748052471258e+01
4.259759643180368727e+01 1.767545918394097626e+01
4.150535036752535234e+01 1.717554088737256635e+01
4.041310430310117852e+01 1.667562259114264123e+01
3.932085823830503557e+01 1.617570429608752747e+01
3.822861217254467903e+01 1.567578600438701564e+01
3.713636610426954121e+01 1.517586772173813969e+01
3.604412002941994331e+01 1.467594946304619086e+01
3.495187393736734549e+01 1.417603126732401897e+01
3.385962780028587105e+01 1.367611323669886758e+01
3.276738154532608149e+01 1.317619563853359566e+01
3.167513498176564468e+01 1.267627917278348271e+01
3.058288761028682146e+01 1.217636567194534969e+01
2.949063812365868031e+01 1.167645993354793177e+01
2.839838309950615169e+01 1.117657451767347965e+01
2.730611357793484473e+01 1.067674230703091709e+01
2.621380610163679492e+01 1.017704938965079720e+01
2.512139925858294731e+01 9.677721146889030734e+00
2.402873226999523482e+01 9.179347634722439864e+00
2.293538421157206031e+01 8.683473639578251024e+00
2.184025308917305352e+01 8.194143465313320718e+00
2.074574216744214539e+01 7.704852430276653230e+00
1.965173622318689084e+01 7.215794085725194762e+00
1.855840367335843411e+01 6.726349671517183104e+00
1.746567957271882676e+01 6.236280370153215458e+00
1.637350262424554614e+01 5.745741665428078626e+00
1.528168606058580714e+01 5.254541863153904480e+00
1.419018255079479118e+01 4.762392741278604902e+00
1.309894047136760697e+01 4.269744516529479839e+00
1.200774363532750577e+01 3.776832849874570908e+00
1.091647939993875838e+01 3.283921732526603243e+00
9.825195149800984851e+00 2.791876175954827399e+00
8.733973200965435169e+00 2.300503364264856909e+00
7.642660672504547392e+00 1.809306684365425522e+00
6.551373170494870557e+00 1.318189981632135188e+00
5.459977671782288766e+00 8.274272381341267746e-01
4.368493802359903810e+00 3.371199691326500214e-01
3.276519631091312945e+00 5.615109159405667558e-03
2.184327060205339954e+00 1.326228106711361578e-03
1.092148841287224892e+00 4.190141787964565866e-04
-1.912563027273173198e-07 2.235744107028401071e-06
