3.039098315609372492e+01 4.595687500465928821e+01
6.078202179935563265e+01 4.544876603925853686e+01
7.188540983512565674e+01 4.494065707388684672e+01
7.562157090427682249e+01 4.443254810857330739e+01
7.654370166884824300e+01 4.392443914334702981e+01
7.639096849914641041e+01 4.341633017823713914e+01
7.582767383764537783e+01 4.290822121327277472e+01
7.510755863899508711e+01 4.240011224848302618e+01
7.432754332371104056e+01 4.189200328389701866e+01
7.352464819830503018e+01 4.138389431954387021e+01
7.271301376163184216e+01 4.087578535545269887e+01
7.189804120366309803e+01 4.036767639165262267e+01
7.108179359540960718e+01 3.985956742817275966e+01
7.026505895989565431e+01 3.935145846504221367e+01
6.944813829515109660e+01 3.884334950229011696e+01
6.863114657221109383e+01 3.833524053994555914e+01
6.781412770612142538e+01 3.782713157803764403e+01
6.699709847095506632e+01 3.731902261659551812e+01
6.618006527385591653e+01 3.681091365564824969e+01
6.536303056215321305e+01 3.630280469522498521e+01
6.454599527066162068e+01 3.579469573535484983e+01
6.372895975646665789e+01 3.528658677606689764e+01
6.291192415598096233e+01 3.477847781739026800e+01
6.209488852132761139e+01 3.427036885935405053e+01
6.127785287243398926e+01 3.376225990198734905e+01
6.046081721692979016e+01 3.325415094531926741e+01
5.964378155774739554e+01 3.274604198937890942e+01
5.882674589602498116e+01 3.223793303419534340e+01
5.800971023221549672e+01 3.172982407979771935e+01
5.719267456651001424e+01 3.122171512621508072e+01
5.637563889899970349e+01 3.071360617347659172e+01
5.555860322973750698e+01 3.020549722161133843e+01
5.474156755876189351e+01 2.969738827064847797e+01
5.392453188610569725e+01 2.918927932061730957e+01
5.310749621179994762e+01 2.868117037154738114e+01
5.229046053587521214e+01 2.817306142346907905e+01
5.147342485836306736e+01 2.766495247641476851e+01
5.065638917929798879e+01 2.715684353042221133e+01
4.983935349872262321e+01 2.664873458554317054e+01
4.902231781670104738e+01 2.614062564186613002e+01
4.820528213335342116e+01 2.563251669957563550e+01
4.738824644894679494e+01 2.512440775910785717e+01
4.657121076413270089e+01 2.461629882155756377e+01
4.575417508056936100e+01 2.410818988974394017e+01
4.493713940255045003e+01 2.360008097100059388e+01
4.412010374126943901e+01 2.309197208448014393e+01
4.330306812598356458e+01 2.258386328027777523e+01
4.248603263324171309e+01 2.207575468949734443e+01
4.166899746340391175e+01 2.156764665532605463e+01
4.085196314097176895e+01 2.105954007619256174e+01
4.003493103906057371e+01 2.055143730416626013e+01
3.921790475248462116e+01 2.004334449699681997e+01
3.840089369254098983e+01 1.953527777583284220e+01
3.758392249827372922e+01 1.902727934633612250e+01
3.676705567547999465e+01 1.851945970430068300e+01
3.595046210245519092e+01 1.801210813138174061e+01
3.513458390820014898e+01 1.750598197662771227e+01
3.432057860162561269e+01 1.700306400587007261e+01
3.350558896782737861e+01 1.649946439468475390e+01
3.268971367843836617e+01 1.599541450358746530e+01
3.187293663976234015e+01 1.549116933030730792e+01
3.105527508339369547e+01 1.498651848505348916e+01
3.023687899540648516e+01 1.448166839091198277e+01
2.941806932729770097e+01 1.397685611681333917e+01
2.859885817877384895e+01 1.347216412082504888e+01
2.777940986045685179e+01 1.296765321705837870e+01
2.696017877368099747e+01 1.246335824565553096e+01
2.614158748922081443e+01 1.195935069571464027e+01
2.532368677932649348e+01 1.145582890366693363e+01
2.450657928807357777e+01 1.095281778011773532e+01
2.368969383283986474e+01 1.044981933221575510e+01
2.287284796177347701e+01 9.946799471437749673e+00
2.205597113871428760e+01 9.443783928998518817e+00
2.123899652692098527e+01 8.940670392024138380e+00
2.042182587254625403e+01 8.437445183963568240e+00
1.960475409993906837e+01 7.934327073116349993e+00
1.878787189997109053e+01 7.431320102733281807e+00
1.797113907483756279e+01 6.928206989203300914e+00
1.715458814809255017e+01 6.425109463033817470e+00
1.633810866628283165e+01 5.922006792960548438e+00
1.552145734022652945e+01 5.418561688683073641e+00
1.470472586515777280e+01 4.914845737378482404e+00
1.388798968565341774e+01 4.411048129740895440e+00
1.307112348804919932e+01 3.907299525133999918e+00
1.225394539649334114e+01 3.403426362628853674e+00
1.143677182719244989e+01 2.899767407932301921e+00
1.061961128136253230e+01 2.396228339251143424e+00
9.802594756755746985e+00 1.892984217118676593e+00
8.985729484856713967e+00 1.389924875064630916e+00
8.169052237096179780e+00 8.870780862611566953e-01
7.352613368805080540e+00 3.844988758018040298e-01
6.535418185265973179e+00 3.907336593213896203e-02
5.717312547930777811e+00 1.347165486912894027e-02
4.899406434050202819e+00 1.006170480598144248e-02
4.081874712877185729e+00 7.231485796103092473e-03
3.264595520788963423e+00 4.775181339394153276e-03
2.447618044968296491e+00 2.647897730409405886e-03
1.631271110538513591e+00 1.196831879301613055e-03
8.153880103552134662e-01 2.760441372581196669e-04
-9.709175149535302902e-07 -1.140877928474836911e-04
