1.276927815088516383e+00 4.393464767786151981e+01
2.553900897592086938e+00 4.348356889439637030e+01
3.829010371743189811e+00 4.303236902940611941e+01
4.286452629475640208e+00 4.258119777587126009e+01
4.431573815846822306e+00 4.213003745031063829e+01
4.457399005072469222e+00 4.167888129715625212e+01
4.437657273839316296e+00 4.122772673224094575e+01
4.400510778227139319e+00 4.077657275886834043e+01
4.356716909878673327e+00 4.032541897120275820e+01
4.310385687677220190e+00 3.987426514845846981e+01
4.263089776643746553e+00 3.942311103410311546e+01
4.215437152963579237e+00 3.897195607926811078e+01
4.167679080174479189e+00 3.852079889371814403e+01
4.119961372706240965e+00 3.806963585518279558e+01
4.072470210310501493e+00 3.761845748874979734e+01
4.024171231810168337e+00 3.716732892684442646e+01
3.976116432679056789e+00 3.671618502995784183e+01
3.928154901748893923e+00 3.626503527586316267e+01
3.880228996055348656e+00 3.581388328536343835e+01
3.832316697874321054e+00 3.536273044162727075e+01
3.784409596998000058e+00 3.491157727374034181e+01
3.736504480527266914e+00 3.446042398593695566e+01
3.688600119972821556e+00 3.400927066189083092e+01
3.640696042766101481e+00 3.355811734841135063e+01
3.592792059690947504e+00 3.310696410226284314e+01
3.544888075667628424e+00 3.265581104693409031e+01
3.496983994673301677e+00 3.220465849613049869e+01
3.449079623719299104e+00 3.175350726748200358e+01
3.401174479862517419e+00 3.130235950017483049e+01
3.353267307262206565e+00 3.085122079413795149e+01
3.305354821338792881e+00 3.040010580996744594e+01
3.257428424193008709e+00 2.994905292950453557e+01
3.209465606703295837e+00 2.949816263761915280e+01
3.161407439395786501e+00 2.904769800691087767e+01
3.113099642949067825e+00 2.859834776982366122e+01
3.064465239751223979e+00 2.815054339323177501e+01
3.015769133863118512e+00 2.770239036844251146e+01
2.966990324234778154e+00 2.725363292230266055e+01
2.918144001149585165e+00 2.680437051074764554e+01
2.869227875026618246e+00 2.635451334571698467e+01
2.820258309172188227e+00 2.590401211338955889e+01
2.771260819118570584e+00 2.545305300974575147e+01
2.722279982092391748e+00 2.500193758286071244e+01
2.673379972477162081e+00 2.455060002171476441e+01
2.624552442604373148e+00 2.409886889864654691e+01
2.575743352494461291e+00 2.364680734268375417e+01
2.527005677700915331e+00 2.319446444220128001e+01
2.478312182374465156e+00 2.274188953607256281e+01
2.429671080536525807e+00 2.228887968610801451e+01
2.381057089849246466e+00 2.183569008249118326e+01
2.332483086442688869e+00 2.138231351782212997e+01
2.283976972115985493e+00 2.092854005695114950e+01
2.235609560082734593e+00 2.047441127910121494e+01
2.187382498386835739e+00 2.002004433022831265e+01
2.139237021222624602e+00 1.956547088624386177e+01
2.091269905604333346e+00 1.911076743206414363e+01
2.043453770860357288e+00 1.865578327151428439e+01
1.995807987494494062e+00 1.820045019977335699e+01
1.948379817535272673e+00 1.774495162825743932e+01
1.901199141414837923e+00 1.728934490634806664e+01
1.854208236372878682e+00 1.683366231954239822e+01
1.807414726973376906e+00 1.637797441452494240e+01
1.760765914977080460e+00 1.592226167908331824e+01
1.714222310125842919e+00 1.546652686122799381e+01
1.667731344824088691e+00 1.501103134046378784e+01
1.621273319207582775e+00 1.455567213191012854e+01
1.574833971917410036e+00 1.410041282767974558e+01
1.528383298560353598e+00 1.364533089756184836e+01
1.481924378358454364e+00 1.319065738851431924e+01
1.435459172462326460e+00 1.273667436379125562e+01
1.388948995277271337e+00 1.228341156887539398e+01
1.342365037566570107e+00 1.183070622609914935e+01
1.295636425038843687e+00 1.137817002017577828e+01
1.248737853265322828e+00 1.092586001931443107e+01
1.201653794880839010e+00 1.047373811879491434e+01
1.154378453563277729e+00 1.002203551253692382e+01
1.106882686796879955e+00 9.570665152155079625e+00
1.059161969989081520e+00 9.119768703197415505e+00
1.011256961649016795e+00 8.669042890763750009e+00
9.632519587037621234e-01 8.218555124428712944e+00
9.151754798597884211e-01 7.768670136041701646e+00
8.670618814208690406e-01 7.319563881985566844e+00
8.189124915968551965e-01 6.871224972950247256e+00
7.706808933861573063e-01 6.423346724684370734e+00
7.223768968496737664e-01 5.975770163960956616e+00
6.739891181273401921e-01 5.528487354638800255e+00
6.255344838334249147e-01 5.081565806041029809e+00
5.770349391211975210e-01 4.635246920910134349e+00
5.284748089291764206e-01 4.189462796540650125e+00
4.799023643503056991e-01 3.744314616703213083e+00
4.313914910670134661e-01 3.300236583577337068e+00
3.830423876304933639e-01 2.857433944458473984e+00
3.349385126172326199e-01 2.415612535218438328e+00
2.872743836339504142e-01 1.974402097846855053e+00
2.394620466087875599e-01 1.530178172197146136e+00
1.915931020912658156e-01 1.089869230453472060e+00
1.437025431780389884e-01 6.643187279198070616e-01
9.580374860750506816e-02 2.791285575838294841e-01
4.790186153831553495e-02 2.609405648568195540e-04
-1.067416878550508486e-06 6.570265967156759658e-07
