-4.698193161024600784e+01 1.441941703583513590e+00
-9.396340484673459059e+01 1.421458800287209057e+00
-1.111281153095171135e+02 1.400975896234271323e+00
-1.169038358278500453e+02 1.380492990663479747e+00
-1.183293492832576419e+02 1.360010082811861531e+00
-1.180932314978228703e+02 1.339527171915775083e+00
-1.172224270545465998e+02 1.319044257211324123e+00
-1.161091938796869982e+02 1.298561337934515558e+00
-1.149033611687631122e+02 1.278078413321320772e+00
-1.136621585819747509e+02 1.257595482607697823e+00
-1.124074459043620635e+02 1.237112545029602328e+00
-1.111475728308281532e+02 1.216629599822987462e+00
-1.098857286610332977e+02 1.196146646223809507e+00
-1.086231315990500690e+02 1.175663683468026077e+00
-1.073602469574311158e+02 1.155180710791596566e+00
-1.060972524697583736e+02 1.134697727430484138e+00
-1.048342160242214902e+02 1.114214732620654624e+00
-1.035711635518035365e+02 1.093731725598075188e+00
-1.023081049572608947e+02 1.073248705598718766e+00
-1.010450440238760166e+02 1.052765671858561181e+00
-9.978198219673637936e+01 1.032282623613581807e+00
-9.851892002781841029e+01 1.011799560099764017e+00
-9.725585772796056006e+01 9.913164805530954027e-01
-9.599279537769805870e+01 9.708333842095685506e-01
-9.472973300779489136e+01 9.503502703051792677e-01
-9.346667063000401754e+01 9.298671380759296889e-01
-9.220360824881680628e+01 9.093839867578256131e-01
-9.094054586595102307e+01 8.889008155868791672e-01
-8.967748348206495734e+01 8.684176237991083624e-01
-8.841442109741220179e+01 8.479344106305348738e-01
-8.715135871209187712e+01 8.274511753171879258e-01
-8.588829632614404375e+01 8.069679170951010727e-01
-8.462523393958613838e+01 7.864846352003127539e-01
-8.336217155242700017e+01 7.660013288688640731e-01
-8.209910916467234188e+01 7.455179973367899171e-01
-8.083604677632641256e+01 7.250346398401031900e-01
-7.957298438739319124e+01 7.045512556147423000e-01
-7.830992199787651487e+01 6.840678438964453711e-01
-7.704685960778053300e+01 6.635844039204102929e-01
-7.578379721711007733e+01 6.431009349204097614e-01
-7.452073482587198328e+01 6.226174361264733559e-01
-7.325767243407850060e+01 6.021339067588163951e-01
-7.199461004175581991e+01 5.816503460119514246e-01
-7.073154764896668212e+01 5.611667530130810544e-01
-6.946848525586958090e+01 5.406831267131800844e-01
-6.820542286287358991e+01 5.201994656018351648e-01
-6.694236047104398324e+01 4.997157669606932529e-01
-6.567929808316368678e+01 4.792320249089632722e-01
-6.441623570651286457e+01 4.587482252864752419e-01
-6.315317336014532401e+01 4.382643322573800404e-01
-6.189011109393874221e+01 4.177802532382164924e-01
-6.062704903846859139e+01 3.972957470785167255e-01
-5.936398753558027863e+01 3.768101836748075084e-01
-5.810092748023062370e+01 3.563219146326850328e-01
-5.683787121544143162e+01 3.358266256407886896e-01
-5.557482487531762416e+01 3.153130229352566483e-01
-5.431180451914901397e+01 2.947515403311566917e-01
-5.304885219069721103e+01 2.740647738838697944e-01
-5.178607796195616686e+01 2.530500789243695370e-01
-5.052377000513288152e+01 2.311769253031986937e-01
-4.926085520169005605e+01 2.105560144340137552e-01
-4.799706098310281277e+01 1.920406693187867164e-01
-4.673390334943091062e+01 1.731179166310515549e-01
-4.547128711670697498e+01 1.553535794816576221e-01
-4.420846439106178849e+01 1.388048529183880109e-01
-4.294493649076627406e+01 1.239743729884068141e-01
-4.168217073098612246e+01 1.226489347496244192e-01
-4.041908274800221790e+01 1.205999958722582949e-01
-3.915578824444865802e+01 1.172472379402544063e-01
-3.789229028407821431e+01 1.124727229273013024e-01
-3.662875672803356508e+01 1.065256043734776475e-01
-3.536530009724941692e+01 9.921395323805584643e-02
-3.410236943465783099e+01 9.044265031072609706e-02
-3.283988744593687414e+01 8.056171542752349479e-02
-3.157794050017600185e+01 7.010191229809174807e-02
-3.031600000630272262e+01 5.948281977877696580e-02
-2.905392527620376342e+01 4.904422748626431627e-02
-2.779144015563813142e+01 3.931079006354234323e-02
-2.652842454419507590e+01 3.025844687065208302e-02
-2.526446732551388052e+01 2.231657988438902687e-02
-2.399983292572926885e+01 1.575639962744041986e-02
-2.273446471144112735e+01 1.090616277651081621e-02
-2.146900994765706727e+01 7.730536575460707389e-03
-2.020398967532014467e+01 6.165793728166961765e-03
-1.893940321065246124e+01 6.282346323711640243e-03
-1.767558571233284681e+01 7.425677173302386649e-03
-1.641237139509196297e+01 9.334529882929666275e-03
-1.514933487590895034e+01 1.183745008289840452e-02
-1.388647965938172035e+01 1.459634799224163691e-02
-1.262372277612582749e+01 1.743886191796136312e-02
-1.136119778713119288e+01 1.979686291610038493e-02
-1.009861433289638732e+01 2.142482230907644114e-02
-8.835801243647273040e+00 2.226369892080055229e-02
-7.573101610093609715e+00 2.225645401776348009e-02
-6.310377298538033308e+00 2.136374097547509912e-02
-5.047683977646021170e+00 1.936967159215503484e-02
-3.785147525400410551e+00 1.639077591892314570e-02
-2.523079341331477821e+00 1.266252732554976057e-02
-1.261348554868875871e+00 8.524516114467601408e-03
1.380999602501979707e-06 4.172535743688522876e-03
