3.544134401093445064e+01 2.592377816798946455e+01
7.088210433117126286e+01 2.551158526869964049e+01
8.383040831855390707e+01 2.509939236485228520e+01
8.818735847857817589e+01 2.468719945186926878e+01
8.926270348207719962e+01 2.427500652516468094e+01
8.908458685132418964e+01 2.386281358014955245e+01
8.842769047842742225e+01 2.345062061223383054e+01
8.758791651595660710e+01 2.303842761682697216e+01
8.667828952894592476e+01 2.262623458933831699e+01
8.574198105971184702e+01 2.221404152517712305e+01
8.479548117008673103e+01 2.180184841975263410e+01
8.384508850321952877e+01 2.138965526847409038e+01
8.289320892671224783e+01 2.097746206675076053e+01
8.194076140021741139e+01 2.056526880999189189e+01
8.098809693508839302e+01 2.015307549360675310e+01
8.003534960573203705e+01 1.974088211300464124e+01
7.908257062401494863e+01 1.932868866359484272e+01
7.812977955112968687e+01 1.891649514078668659e+01
7.717698385878711065e+01 1.850430153998952321e+01
7.622418640092703868e+01 1.809210785661277399e+01
7.527138826765765600e+01 1.767991408606600245e+01
7.431858987536348593e+01 1.726772022375910964e+01
7.336579138308948700e+01 1.685552626510287411e+01
7.241299285158576993e+01 1.644333220551031971e+01
7.146019430405738149e+01 1.603113804040033585e+01
7.050739574936905285e+01 1.561894376520711880e+01
6.955459719090947601e+01 1.520674937540491456e+01
6.860179862997976841e+01 1.479455486657277774e+01
6.764900006709410718e+01 1.438236023456409285e+01
6.669620150249365054e+01 1.397016547595048230e+01
6.574340293638705646e+01 1.355797058918380138e+01
6.479060436915911225e+01 1.314577557763846016e+01
6.383780580175469055e+01 1.273358045757623103e+01
6.288500723662357927e+01 1.232138527899844682e+01
6.193220868016947378e+01 1.190919018023784481e+01
6.097941014915365798e+01 1.149699553088205306e+01
6.002661168745534326e+01 1.108480230595271010e+01
5.907381340995086560e+01 1.067261306552053135e+01
5.812101561738930400e+01 1.026043451937457363e+01
5.716821909714112593e+01 9.848284241423421292e+00
5.621542591056852700e+01 9.436208248251245934e+00
5.526264145438761943e+01 9.024327020442360237e+00
5.430987985738574508e+01 8.612955988149041175e+00
5.335717810921228477e+01 8.202920966863814556e+00
5.240463305003874694e+01 7.796383980198586805e+00
5.145249821075843499e+01 7.399005295146262817e+00
5.050143734395469863e+01 7.025603712146132551e+00
4.955318817668118214e+01 6.714975418500450211e+00
4.861230013673649353e+01 6.568689989887332104e+00
4.766904334366675755e+01 6.423653922176614017e+00
4.672379987774640142e+01 6.278513146209248497e+00
4.577671726082798642e+01 6.133326613902306157e+00
4.482775478009333625e+01 5.987475472219168537e+00
4.387689700644475721e+01 5.841169988715078532e+00
4.292402087535301547e+01 5.694687778481337226e+00
4.196925636523170766e+01 5.548102464425497260e+00
4.101316729489319357e+01 5.401532594328241288e+00
4.005593797070554274e+01 5.255036435293289010e+00
3.909764528721149901e+01 5.108721561435753067e+00
3.813864886774132401e+01 4.962680608752380707e+00
3.717909177875812077e+01 4.816954121576710435e+00
3.621916924292241902e+01 4.671673210000672150e+00
3.525906829782527296e+01 4.526838518323370586e+00
3.429893833413616733e+01 4.382671148349825074e+00
3.333873072402820981e+01 4.239274550786497286e+00
3.237831737567609736e+01 4.096776060439560219e+00
3.141792456994213367e+01 3.955371616989753925e+00
3.045744154872116383e+01 3.815163046817755532e+00
2.949686596199535060e+01 3.676310861600546875e+00
2.853599017125313964e+01 3.538932826524579411e+00
2.757488621654957939e+01 3.403131936293909643e+00
2.661364402728335676e+01 3.268871950093489520e+00
2.565252509970777695e+01 3.136307556609621905e+00
2.469180029204404647e+01 3.005499056178917883e+00
2.373192338384900069e+01 2.876593810961626030e+00
2.277309055395798865e+01 2.749628790061874994e+00
2.181541877412233887e+01 2.624190492628685423e+00
2.085918141439145046e+01 2.499793601327048975e+00
1.990464039068847057e+01 2.376074607762119317e+00
1.895206578056523483e+01 2.253136856325660187e+00
1.800082442243127190e+01 2.131796775278159028e+00
1.705111849226247500e+01 2.011542371484019043e+00
1.610217776621837871e+01 1.894437566197804568e+00
1.515407937146739492e+01 1.779824947214860842e+00
1.420661196158220640e+01 1.667165023815232461e+00
1.325940776542817545e+01 1.555988860399329488e+00
1.231237897029940420e+01 1.445723325594596709e+00
1.136527985951210162e+01 1.336311260300604209e+00
1.041808212458000149e+01 1.227485139366191857e+00
9.470687620426033959e+00 1.119419333728264077e+00
8.523152400793824413e+00 1.011937776606139927e+00
7.575363752961232322e+00 9.051871764628405259e-01
6.627408784185493396e+00 7.994635169812677189e-01
5.679440527910294634e+00 6.948993443948734416e-01
4.731462260911915685e+00 5.917381913991853759e-01
3.783610539396132566e+00 4.901133017090767985e-01
2.836337752332831030e+00 3.900966718068326067e-01
1.889897165555118441e+00 2.913589641907822214e-01
9.443419768874442566e-01 1.936017991206557820e-01
-2.192232377422795202e-06 9.650679920273477763e-02
