-4.830170067395668809e+01 1.748604543689950830e-01
-9.658128773192908056e+01 1.731935295589306367e-01
-1.142201272186207461e+02 1.715266057364054353e-01
-1.201552425738090193e+02 1.698596838947027399e-01
-1.216199331056005946e+02 1.681927650292993626e-01
-1.213770732989357413e+02 1.665258501365088351e-01
-1.204819873004286848e+02 1.648589402129631842e-01
-1.193377730649439599e+02 1.631920362554145354e-01
-1.180984003104465785e+02 1.615251392606592562e-01
-1.168226802359615846e+02 1.598582502255084248e-01
-1.155330767205978049e+02 1.581913701467767275e-01
-1.142381702026555104e+02 1.565245000212772963e-01
-1.129412381179269005e+02 1.548576408458203491e-01
-1.116435323354884162e+02 1.531907936172116624e-01
-1.103455310267777350e+02 1.515239593322519895e-01
-1.090474168370313777e+02 1.498571389877366433e-01
-1.077492595305216270e+02 1.481903335804551081e-01
-1.064510857548291085e+02 1.465235441071902345e-01
-1.051529056884237150e+02 1.448567715647182674e-01
-1.038547232191348684e+02 1.431900169498083186e-01
-1.025565398319809987e+02 1.415232812592216172e-01
-1.012583560941886276e+02 1.398565654897113431e-01
-9.996017222241874833e+01 1.381898706380222941e-01
-9.866198829942833015e+01 1.365231977008903030e-01
-9.736380435682755774e+01 1.348565476750417103e-01
-9.606562040669032854e+01 1.331899215571932527e-01
-9.476743645362819279e+01 1.315233203440514809e-01
-9.346925249940254332e+01 1.298567450323119543e-01
-9.217106854468590882e+01 1.281901966186596853e-01
-9.087288458973505101e+01 1.265236760997678067e-01
-8.957470063464789689e+01 1.248571844722976693e-01
-8.827651667946163627e+01 1.231907227328982446e-01
-8.697833272419036632e+01 1.215242918782054315e-01
-8.568014876883927400e+01 1.198578929048415148e-01
-8.438196481341022093e+01 1.181915268094134719e-01
-8.308378085790370449e+01 1.165251945885106277e-01
-8.178559690231988100e+01 1.148588972386975771e-01
-8.048741294665866519e+01 1.131926357564973229e-01
-7.918922899092018497e+01 1.115264111383480056e-01
-7.789104503510486666e+01 1.098602243804896184e-01
-7.659286107921434450e+01 1.081940764786683967e-01
-7.529467712325343598e+01 1.065279684273638672e-01
-7.399649316723478876e+01 1.048619012177648413e-01
-7.269830921119223888e+01 1.031958758324720282e-01
-7.140012525521463260e+01 1.015298932316284486e-01
-7.010194129953492848e+01 9.986395431660682886e-02
-6.880375734476345428e+01 9.819805983493699875e-02
-6.750557339249844802e+01 9.653221013138764406e-02
-6.620738944692463690e+01 9.486640449624995919e-02
-6.490920551899804991e+01 9.320063945901760349e-02
-6.361102163740223858e+01 9.153490432090485851e-02
-6.231283787723223355e+01 8.986916945810367874e-02
-6.101465443508968889e+01 8.820335569741144521e-02
-5.971647182568487722e+01 8.653725413560943436e-02
-5.841829139654713998e+01 8.487031621084389910e-02
-5.712011667555454153e+01 8.320110406826181082e-02
-5.582195689881243794e+01 8.152585150927882385e-02
-5.452383624675980656e+01 7.983469627410055836e-02
-5.322581802461004941e+01 7.810181541734260990e-02
-5.192806796756934062e+01 7.625959778400513700e-02
-5.063101997605527060e+01 7.413102247939887257e-02
-4.933581001606609817e+01 7.125267416220963657e-02
-4.803959837326519278e+01 6.833817115639873041e-02
-4.674189852088623809e+01 6.560645476009864530e-02
-4.544311644176033127e+01 6.282684218920087105e-02
-4.414349742154688272e+01 5.994286854251815178e-02
-4.284348716631202336e+01 5.699864814306252608e-02
-4.154345402153847999e+01 5.399045090702656730e-02
-4.024364381446254413e+01 5.097601771999783066e-02
-3.894402132202392153e+01 4.794540007263566744e-02
-3.764449016558982208e+01 4.488166503521017620e-02
-3.634519710762193512e+01 4.179257137218771179e-02
-3.504622498666702057e+01 3.867722503286430413e-02
-3.374753286629755422e+01 3.548911468476941000e-02
-3.244907161536169582e+01 3.219616121299233302e-02
-3.115080153544207420e+01 2.873557610386888103e-02
-2.985276462801073905e+01 2.505229467989121203e-02
-2.855516078788675571e+01 2.105815022849535575e-02
-2.725792244795455588e+01 1.664032042724715443e-02
-2.596114547678931217e+01 1.164794058236860198e-02
-2.466447486382883625e+01 6.429328882206158599e-03
-2.336772683341845891e+01 1.162385638309410257e-03
-2.207052756879457789e+01 -4.172262285973348667e-03
-2.077290567650742048e+01 -9.362968739539142757e-03
-1.947463499606085335e+01 -1.414783607478089372e-02
-1.817576367473033727e+01 -1.816615106463706844e-02
-1.687657742389610860e+01 -2.133119652470279182e-02
-1.557729959331958014e+01 -2.359731455758866045e-02
-1.427797413456768005e+01 -2.527338464681622848e-02
-1.297861020933991050e+01 -2.641546464137103575e-02
-1.167934056875294146e+01 -2.690286373628657593e-02
-1.038037155364727759e+01 -2.666865387395153664e-02
-9.081664979677551486e+00 -2.558631926019647868e-02
-7.783150359356229231e+00 -2.361430129834317035e-02
-6.484996621661245797e+00 -2.101892198525361077e-02
-5.187116721264606767e+00 -1.800023345126302438e-02
-3.889688640099049799e+00 -1.466089274832194783e-02
-2.592750001948790128e+00 -1.102907677874660070e-02
-1.296182741308717912e+00 -7.109917496980825737e-03
-2.213077917678698784e-07 -3.356195290150644581e-03
