3.578953050194643026e+01 4.483937429215771431e+01
7.157850853104832822e+01 4.413174903653691672e+01
8.465403318386211140e+01 4.342412377544086155e+01
8.905379064965886471e+01 4.271649850338113197e+01
9.013969992617639093e+01 4.200887321486424497e+01
8.995983182668872757e+01 4.130124790439478488e+01
8.929647979090633214e+01 4.059362256647666811e+01
8.844845332377843761e+01 3.988599719561347712e+01
8.752988750009440366e+01 3.917837178630871620e+01
8.658437803913885489e+01 3.847074633306585412e+01
8.562857702392427939e+01 3.776312083038837386e+01
8.466884498418228588e+01 3.705549527277970157e+01
8.370761142608618854e+01 3.634786965474331311e+01
8.274580433841987315e+01 3.564024397078266304e+01
8.178377818135885491e+01 3.493261821540125567e+01
8.082166834664363364e+01 3.422499238310257397e+01
7.985952654931841721e+01 3.351736646839012224e+01
7.889737254277343936e+01 3.280974046576744030e+01
7.793521387213343132e+01 3.210211436973801824e+01
7.697305341938066192e+01 3.139448817480544207e+01
7.601089228533554376e+01 3.068686187547326938e+01
7.504873089047512735e+01 2.997923546624511815e+01
7.408656939540844633e+01 2.927160894162462412e+01
7.312440786148388838e+01 2.856398229611565753e+01
7.216224631213553664e+01 2.785635552422237637e+01
7.120008475631556166e+01 2.714872862044988366e+01
7.023792319744464407e+01 2.644110157930569827e+01
6.927576163683094990e+01 2.573347439530348879e+01
6.831360007497633546e+01 2.502584706297320949e+01
6.735143851207654109e+01 2.431821957688724467e+01
6.638927694821495606e+01 2.361059193172911819e+01
6.542711538344428845e+01 2.290296412247328561e+01
6.446495381783738310e+01 2.219533614485575512e+01
6.350279225155819063e+01 2.148770799660636754e+01
6.254063068502408385e+01 2.078007968067479538e+01
6.157846911932094258e+01 2.007245121367641616e+01
6.061630755728756981e+01 1.936482264800386233e+01
5.965414600635234876e+01 1.865719412971585101e+01
5.869198448595988538e+01 1.794956605009241102e+01
5.772982304701381651e+01 1.724193944241188348e+01
5.676766182277837203e+01 1.653431702072778364e+01
5.580550116214092782e+01 1.582670589942478401e+01
5.484334197849719317e+01 1.511912471311646478e+01
5.388118666314544924e+01 1.441162225679943454e+01
5.291904147658291890e+01 1.370432628646282680e+01
5.195692280900171056e+01 1.299757128087951585e+01
5.099487357048045766e+01 1.229223292667634837e+01
5.003300610106506241e+01 1.159060381255543426e+01
4.907161451082323822e+01 1.089868602898620509e+01
4.811146878993773157e+01 1.023219327855442984e+01
4.715458479877818831e+01 9.632264527488544559e+00
4.619619402962590726e+01 9.031829797461883302e+00
4.523696268268702880e+01 8.431980961097977456e+00
4.429297196031205885e+01 8.221458093523102306e+00
4.334659216496223877e+01 8.012123186561010968e+00
4.239807623095563827e+01 7.806148266672884972e+00
4.144760404675425036e+01 7.600666839119987195e+00
4.049579282742345043e+01 7.395219701677042679e+00
3.954285761794708520e+01 7.189656402908552124e+00
3.858868332020809078e+01 6.984492923559210809e+00
3.763302108817398306e+01 6.779167890730922075e+00
3.667597752066854611e+01 6.573719296926798350e+00
3.571768116169393892e+01 6.368477696820060707e+00
3.475812822927640866e+01 6.163839293826572252e+00
3.379742045275782658e+01 5.959793697519071287e+00
3.283574768301294711e+01 5.756429861197013942e+00
3.187312068225024575e+01 5.553804257578193848e+00
3.090949754671699523e+01 5.352155436444266279e+00
2.994496107945747454e+01 5.151527701965847861e+00
2.897951972923205588e+01 4.952013693127836014e+00
2.801330946750354300e+01 4.753715312519300795e+00
2.704657827080917087e+01 4.556862411412556213e+00
2.607938729289360680e+01 4.361531335696403389e+00
2.511173524569754534e+01 4.167846366786998935e+00
2.414374896200003207e+01 3.976021238770155897e+00
2.317561682907808418e+01 3.786299017262329425e+00
2.220730731828149729e+01 3.598636669471617200e+00
2.123852321476809379e+01 3.413331108006180781e+00
2.026935069217514851e+01 3.230470079461091437e+00
1.929997071673508913e+01 3.050342150020083576e+00
1.833002203372774375e+01 2.873199882091697077e+00
1.735990688321967568e+01 2.699070039895965945e+00
1.638980953340420044e+01 2.528209400159144415e+00
1.541974681743960573e+01 2.360542713170596052e+00
1.444970387221156471e+01 2.196618656198412456e+00
1.347974191954032719e+01 2.036481891682905498e+00
1.251039211181505983e+01 1.879722869283561248e+00
1.154190301328860002e+01 1.726657268810380730e+00
1.057438382976567048e+01 1.577013904963687541e+00
9.608083472478204712e+00 1.430721679337009222e+00
8.642587844422731536e+00 1.287770008392481902e+00
7.677903339318942422e+00 1.147759083187924967e+00
6.714120930530619091e+00 1.010834032637938140e+00
5.750925938678269844e+00 8.770319121123913986e-01
4.788363062741945342e+00 7.462518548411412045e-01
3.826854419655600026e+00 6.181141586700631407e-01
2.866956075664044423e+00 4.921032955620294747e-01
1.909060643075912056e+00 3.677856524154179962e-01
9.534087838674266679e-01 2.446411759826386811e-01
-8.534328881737687367e-07 1.222558579321247618e-01
