-4.639623740632976023e+01 -1.530191840728488462e+00
-9.277746634068024889e+01 -1.499326593107007222e+00
-1.097227841864762468e+02 -1.468461348036773417e+00
-1.154245844867119217e+02 -1.437596108068191603e+00
-1.168317432359799426e+02 -1.406730875751343479e+00
-1.165984948813267152e+02 -1.375865653636185959e+00
-1.157386667676944541e+02 -1.345000444272627771e+00
-1.146395064822408472e+02 -1.314135250210559436e+00
-1.134489294412486089e+02 -1.283270073999863925e+00
-1.122234343063028206e+02 -1.252404918190419769e+00
-1.109846016458261602e+02 -1.221539785332109274e+00
-1.097406745034718796e+02 -1.190674677974809637e+00
-1.084948014417558539e+02 -1.159809598668399833e+00
-1.072481851045538690e+02 -1.128944549962758392e+00
-1.060012848609604674e+02 -1.098079534407764735e+00
-1.047542761743666091e+02 -1.067214554553298056e+00
-1.035072260658340610e+02 -1.036349612949238663e+00
-1.022601601351406657e+02 -1.005484712145466641e+00
-1.010130881605416135e+02 -9.746198546918620753e-01
-9.976601387700820567e+01 -9.437550431383069371e-01
-9.851893871118279833e+01 -9.128902800346819779e-01
-9.727186320800436192e+01 -8.820255679308707242e-01
-9.602478757563132206e+01 -8.511609093767558143e-01
-9.477771189358325898e+01 -8.202963069222209969e-01
-9.353063619224414538e+01 -7.894317631171505756e-01
-9.228356048322986283e+01 -7.585672805114294093e-01
-9.103648477098737146e+01 -7.277028616549440221e-01
-8.978940905722556920e+01 -6.968385090975816043e-01
-8.854233334260722188e+01 -6.659742253892311226e-01
-8.729525762739577033e+01 -6.351100130797824317e-01
-8.604818191170195973e+01 -6.042458747191294943e-01
-8.480110619557827079e+01 -5.733818128571741557e-01
-8.355403047905491576e+01 -5.425178300438356915e-01
-8.230695476215363726e+01 -5.116539288290788967e-01
-8.105987904489292362e+01 -4.807901117629853616e-01
-7.981280332728996996e+01 -4.499263813959399894e-01
-7.856572760936160194e+01 -4.190627402791208822e-01
-7.731865189112463099e+01 -3.881991909657789286e-01
-7.607157617259606752e+01 -3.573357360145908435e-01
-7.482450045379397352e+01 -3.264723779984340379e-01
-7.357742473473885525e+01 -2.956091195273641281e-01
-7.233034901545796913e+01 -2.647459633087649866e-01
-7.108327329599600830e+01 -2.338829123048263570e-01
-6.983619757644352433e+01 -2.030199701448217320e-01
-6.858912185701099418e+01 -1.721571422044591848e-01
-6.734204613822302576e+01 -1.412944384316420776e-01
-6.609497042142648127e+01 -1.104318807443602501e-01
-6.484789471012113893e+01 -7.956952239850645370e-02
-6.360081901344305066e+01 -4.870749869317048120e-02
-6.235374335528413781e+01 -1.784615971802275269e-02
-6.110666779816789074e+01 1.301358211161764665e-02
-5.985959250575654522e+01 4.386934220164626780e-02
-5.861251790649687621e+01 7.471488176709283058e-02
-5.736544512205065161e+01 1.055338716811173166e-01
-5.611837708893964560e+01 1.362835661181205360e-01
-5.487132149505049483e+01 1.668520598541038125e-01
-5.362429846750259799e+01 1.969463871006670308e-01
-5.237736069974565112e+01 2.257995622147134784e-01
-5.113064614497799454e+01 2.514036069417408537e-01
-4.988451596928941001e+01 2.685016017724846660e-01
-4.863991571789265578e+01 2.633306620211077753e-01
-4.739485822308126473e+01 2.587881811405557952e-01
-4.614942925490932168e+01 2.556121251077696499e-01
-4.490375407603194446e+01 2.534374475524008852e-01
-4.365810228862366671e+01 2.509865400973694816e-01
-4.241226507714760885e+01 2.483919526623057372e-01
-4.116626981447148381e+01 2.461428543494839638e-01
-3.992007533217260828e+01 2.438162335717480866e-01
-3.867398123484340289e+01 2.409771909926128886e-01
-3.742772236923895690e+01 2.377251702503219155e-01
-3.618129975084882233e+01 2.338981688540985038e-01
-3.493451485095803122e+01 2.296573205577036592e-01
-3.368724302950048610e+01 2.249081182740813589e-01
-3.243917857505852709e+01 2.195919992952962974e-01
-3.119048417966861919e+01 2.139050741651697674e-01
-2.994136734002377764e+01 2.080383745961630337e-01
-2.869215098759836380e+01 2.020632809549038900e-01
-2.744291945049084092e+01 1.959975158486553237e-01
-2.619359196472249707e+01 1.899361147064131117e-01
-2.494418809023008876e+01 1.838822910671289723e-01
-2.369485352641298803e+01 1.777043600503512011e-01
-2.244564582443463152e+01 1.713748663887343648e-01
-2.119676039736011575e+01 1.647923935100246706e-01
-1.994828180439282761e+01 1.579314835879478129e-01
-1.870006866869050555e+01 1.510035562281907551e-01
-1.745166205201959997e+01 1.440019780639613944e-01
-1.620328379455914458e+01 1.368476231361594464e-01
-1.495504820194858020e+01 1.294911131621404310e-01
-1.370728069364014701e+01 1.217869678664252608e-01
-1.245998585937440062e+01 1.136212349300807223e-01
-1.121303159188836318e+01 1.050411167270186019e-01
-9.966447711667866471e+00 9.599028811847117038e-02
-8.720213948100109747e+00 8.639129065127260088e-02
-7.473900089453692885e+00 7.627969759175133591e-02
-6.227873879411667701e+00 6.567919905873793873e-02
-4.982141003081578035e+00 5.465869130513571761e-02
-3.736462867179173752e+00 4.338268212996716777e-02
-2.490959620199854285e+00 3.212635335233932077e-02
-1.245463707199625958e+00 2.099720900343651081e-02
5.271112228864468397e-06 1.030095664213043043e-02
