-4.829736285027016152e+01 -1.889580619879057455e+00
-9.659318429160262554e+01 -1.855471546343192779e+00
-1.142380858477560537e+02 -1.821362473789384318e+00
-1.201753777944838930e+02 -1.787253403204387192e+00
-1.216407607965175259e+02 -1.753144335576747093e+00
-1.213980265757570152e+02 -1.719035271895695161e+00
-1.205028496322931773e+02 -1.684926213150722329e+00
-1.193584617441620139e+02 -1.650817160331418787e+00
-1.181188837452517788e+02 -1.616708114427411358e+00
-1.168429463591413366e+02 -1.582599076428338636e+00
-1.155531209226589766e+02 -1.548490047323843211e+00
-1.142579907227024165e+02 -1.514381028103567006e+00
-1.129608342831325842e+02 -1.480272019757151503e+00
-1.116629038886323713e+02 -1.446163023274232184e+00
-1.103646778693878474e+02 -1.412054039644445425e+00
-1.090663389312729663e+02 -1.377945069857421379e+00
-1.077679568617223964e+02 -1.343836114902787759e+00
-1.064695583171650242e+02 -1.309727175770167173e+00
-1.051711534794513625e+02 -1.275618253449179118e+00
-1.038727462377029553e+02 -1.241509348929438872e+00
-1.025743380774329552e+02 -1.207400463200555052e+00
-1.012759295660574423e+02 -1.173291597252132279e+00
-9.997752092031088011e+01 -1.139182752073769844e+00
-9.867911222297925633e+01 -1.105073928655061266e+00
-9.738070350568472122e+01 -1.070965127985593623e+00
-9.608229478050665762e+01 -1.036856351054948444e+00
-9.478388605205974216e+01 -1.002747598852702149e+00
-9.348547732210741401e+01 -9.686388723684219437e-01
-9.218706859132396403e+01 -9.345301725916699276e-01
-9.088865985996767449e+01 -9.004215005120010940e-01
-8.959025112813810665e+01 -8.663128571189636640e-01
-8.829184239587395666e+01 -8.322042434021003077e-01
-8.699343366319081383e+01 -7.980956603509530289e-01
-8.569502493009538568e+01 -7.639871089550722694e-01
-8.439661619659105440e+01 -7.298785902040458851e-01
-8.309820746267986635e+01 -6.957701050875718662e-01
-8.179979872836341315e+01 -6.616616545956511830e-01
-8.050138999364310166e+01 -6.275532397190921596e-01
-7.920298125852032456e+01 -5.934448614508306408e-01
-7.790457252299667346e+01 -5.593365207893895574e-01
-7.660616378707413787e+01 -5.252282187479353492e-01
-7.530775505075595788e+01 -4.911199563779842236e-01
-7.400934631404859942e+01 -4.570117348314728933e-01
-7.271093757696664284e+01 -4.229035555232580901e-01
-7.141252883954639685e+01 -3.887954205565441468e-01
-7.011412010188078625e+01 -3.546873338366676731e-01
-6.881571136421106871e+01 -3.205793039870138972e-01
-6.751730262716679931e+01 -2.864713519829662491e-01
-6.621889389239390766e+01 -2.523635311377938617e-01
-6.492048516419971804e+01 -2.182559794262479425e-01
-6.362207645385869625e+01 -1.841490564691553034e-01
-6.232366779088561515e+01 -1.500437021628021339e-01
-6.102525925254926165e+01 -1.159423755803894174e-01
-5.972685104113987364e+01 -8.185151304151126739e-02
-5.842844368625813445e+01 -4.778796340472929449e-02
-5.713003857441495370e+01 -1.379583583809932193e-02
-5.583163933554200042e+01 2.000939226056876186e-02
-5.453325547292430997e+01 5.332539953197313470e-02
-5.323491186649026474e+01 8.536070205716367321e-02
-5.193667365275437220e+01 1.140431750666676403e-01
-5.063871136137242246e+01 1.339479413047557632e-01
-4.934147144463113932e+01 1.308724468617696590e-01
-4.804424208353324843e+01 1.275606250321137392e-01
-4.674619884209786136e+01 1.243984496411156410e-01
-4.544746047654003718e+01 1.212795195856134212e-01
-4.414825426022022015e+01 1.182903468465450331e-01
-4.284880502770722899e+01 1.155779335363188165e-01
-4.154942062329994457e+01 1.131634436490678575e-01
-4.025038486488615064e+01 1.111414904256416286e-01
-3.895180526338832294e+01 1.096601701526858375e-01
-3.765356760337028419e+01 1.085701710155937277e-01
-3.635555435715532724e+01 1.077523583560535403e-01
-3.505761643164334629e+01 1.071477388352872762e-01
-3.375960893120525697e+01 1.065911672368354685e-01
-3.246163881671458995e+01 1.058762046986383432e-01
-3.116345747771265096e+01 1.049597315031936401e-01
-2.986508005254142262e+01 1.036707764660562969e-01
-2.856652273146147181e+01 1.017294719052228291e-01
-2.726773407854908271e+01 9.913239117004285506e-02
-2.596889781950336129e+01 9.604492220453465789e-02
-2.466998214208415163e+01 9.258124837597223045e-02
-2.337108487414696611e+01 8.874541119710285808e-02
-2.207222369873394641e+01 8.447168105780648861e-02
-2.077354460527170588e+01 7.972506464710661656e-02
-1.947533873748828270e+01 7.455864656079708164e-02
-1.817757574996487335e+01 6.909155771969219262e-02
-1.688007712100035462e+01 6.334265849515655078e-02
-1.558262479664144706e+01 5.763558593255934531e-02
-1.428482155837252421e+01 5.211682192425587390e-02
-1.298646986869728437e+01 4.698484340328695774e-02
-1.168762652446319272e+01 4.218837898618002513e-02
-1.038856331965690671e+01 3.759754131780987385e-02
-9.089560278183251185e+00 3.325490807432000123e-02
-7.790660279784022535e+00 2.906579125831562638e-02
-6.491688129574525234e+00 2.496157263367480145e-02
-5.192764167124746422e+00 2.092832937982755034e-02
-3.894000730890314177e+00 1.690265576156451885e-02
-2.595670798426821246e+00 1.279973149752389357e-02
-1.297647281854279688e+00 8.628271852497766681e-03
7.963738827441142389e-07 4.398470742097071971e-03
