-4.554100822980298346e+01 2.353463333493516885e+00
-9.108042066797410996e+01 2.315663279172645694e+00
-1.077182648000773924e+02 2.277863225655444523e+00
-1.133166921692974540e+02 2.240063173723485068e+00
-1.146984375454511706e+02 2.202263124149894669e+00
-1.144695537169402968e+02 2.164463077704577021e+00
-1.136254642734597269e+02 2.126663035156205694e+00
-1.125463871934775426e+02 2.088862997272990185e+00
-1.113775528218155557e+02 2.051062964822965906e+00
-1.101744342140920310e+02 2.013262938574105210e+00
-1.089582201921543003e+02 1.975462919294366904e+00
-1.077370041658149233e+02 1.937662907751708241e+00
-1.065138775425808291e+02 1.899862904714094247e+00
-1.052900211350883239e+02 1.862062910949501049e+00
-1.040658859736712003e+02 1.824262927225920761e+00
-1.028416443366276951e+02 1.786462954311357043e+00
-1.016173620284528596e+02 1.748662992973830210e+00
-1.003930641842677716e+02 1.710863043981380116e+00
-9.916876040487497335e+01 1.673063108102065044e+00
-9.794445435749530304e+01 1.635263186103962374e+00
-9.672014744292317801e+01 1.597463278755171689e+00
-9.549584019625505960e+01 1.559663386823814557e+00
-9.427153282192031725e+01 1.521863511078036080e+00
-9.304722539804451742e+01 1.484063652286008672e+00
-9.182291795450973382e+01 1.446263811215929396e+00
-9.059861050277052641e+01 1.408463988636021069e+00
-8.937430304724277619e+01 1.370664185314537376e+00
-8.814999558965398307e+01 1.332864402019761529e+00
-8.692568813070461431e+01 1.295064639520011385e+00
-8.570138067070300281e+01 1.257264898583640100e+00
-8.447707320980748591e+01 1.219465179979047686e+00
-8.325276574811938701e+01 1.181665484474700545e+00
-8.202845828571801690e+01 1.143865812839187424e+00
-8.080415082267450089e+01 1.106066165841355975e+00
-7.957984335905678108e+01 1.068266544250679573e+00
-7.835553589493164850e+01 1.030466948838201002e+00
-7.713122843036575205e+01 9.926673803790133643e-01
-7.590692096542626643e+01 9.548678396587486628e-01
-7.468261350018228484e+01 9.170683274905629956e-01
-7.345830603470756159e+01 8.792688447596034296e-01
-7.223399856908876870e+01 8.414693925394174379e-01
-7.100969110344597368e+01 8.036699723967205555e-01
-6.978538363798682553e+01 7.658705871892782513e-01
-6.856107617314809488e+01 7.280712431547862185e-01
-6.733676870996646358e+01 6.902719553796050622e-01
-6.611246125104942450e+01 6.524727621160629765e-01
-6.488815380311652348e+01 6.146737622655291666e-01
-6.366384638365306614e+01 5.768752135101066214e-01
-6.243953903832912999e+01 5.390777892240433689e-01
-6.121523188660360404e+01 5.012832510747052828e-01
-5.999092524111622282e+01 4.634962099100039534e-01
-5.876661992025989179e+01 4.257287358089985596e-01
-5.754231806650338399e+01 3.880124273182770644e-01
-5.631802528878343850e+01 3.504300090371577081e-01
-5.509375627134744491e+01 3.131980549449233098e-01
-5.386954945786161630e+01 2.768835602946432273e-01
-5.264550549481921138e+01 2.429709326512902723e-01
-5.142188787746555789e+01 2.153463896664082611e-01
-5.019938644695559304e+01 2.041842115141550562e-01
-4.897695584191261275e+01 1.916481016288613115e-01
-4.775429021311575895e+01 1.786547715188736840e-01
-4.653153311679582060e+01 1.659183474156963878e-01
-4.530861198264405942e+01 1.528954223845636340e-01
-4.408518176329560845e+01 1.408457568257753811e-01
-4.286140453897428415e+01 1.293322460042032052e-01
-4.163715253974714159e+01 1.184982728458628121e-01
-4.041213697565661533e+01 1.090697050874835095e-01
-3.918677858292359417e+01 1.001686900687089182e-01
-3.796147446239536549e+01 9.318569688006200780e-02
-3.673631044762962716e+01 8.815922232817577364e-02
-3.551118460886032580e+01 8.488726781265028276e-02
-3.428607579892766211e+01 8.295772053283044511e-02
-3.306107416415140676e+01 8.171423890551168800e-02
-3.183623771948557035e+01 8.066037882283301486e-02
-3.061155223756417598e+01 7.883298269704878958e-02
-2.938716020558758757e+01 7.591706462688430079e-02
-2.816288950917692446e+01 7.197661628693965974e-02
-2.693869466649114486e+01 6.680026584311786475e-02
-2.571461380714315936e+01 6.042844680612063923e-02
-2.449093163420442565e+01 5.180595906864846750e-02
-2.326777031232176540e+01 4.128201679687532044e-02
-2.204463458228758554e+01 2.988427623165330893e-02
-2.082155317219000423e+01 1.790584075509232473e-02
-1.959811248721290156e+01 5.886954799353507663e-03
-1.837398093763271945e+01 -5.401134151093545804e-03
-1.714906551181259786e+01 -1.589507790845910706e-02
-1.592371552506535792e+01 -2.523688116037141327e-02
-1.469774703024650719e+01 -3.344838954834346290e-02
-1.347114023887612078e+01 -4.001197149697333089e-02
-1.224430267018233387e+01 -4.458057991945651305e-02
-1.101732772412659855e+01 -4.694442916448019615e-02
-9.790858034012549282e+00 -4.698717669915002809e-02
-8.564860991149842562e+00 -4.480564131455039983e-02
-7.339490713501607644e+00 -4.064498258527806523e-02
-6.114957644616485943e+00 -3.486788326935759408e-02
-4.891081751213651962e+00 -2.842642267660643388e-02
-3.667698877640872546e+00 -2.183149575347397009e-02
-2.444754738718807996e+00 -1.547124806238347333e-02
-1.222228487176439726e+00 -9.604925924708719587e-03
-1.199527417264072290e-05 -4.234747985030527274e-03
