-4.014128737899110888e+01 4.241317997817268548e+01
-8.028290362048257123e+01 4.175994308372848707e+01
-9.494867276567586600e+01 4.110670618550205546e+01
-9.988353421282891986e+01 4.045346927965120187e+01
-1.011015196592090035e+02 3.980023236231073724e+01
-1.008997848044466110e+02 3.914699542960654099e+01
-1.001557650486159901e+02 3.849375847766111036e+01
-9.920461089171571700e+01 3.784052150259559966e+01
-9.817433843343874855e+01 3.718728450053066581e+01
-9.711384547277694423e+01 3.653404746758677391e+01
-9.604180930697719987e+01 3.588081039988422560e+01
-9.496536402877357830e+01 3.522757329354337230e+01
-9.388723461911389734e+01 3.457433614468450145e+01
-9.280846192810332695e+01 3.392109894942786497e+01
-9.172944352510648969e+01 3.326786170389379294e+01
-9.065033126810932629e+01 3.261462440420249465e+01
-8.957118316170260641e+01 3.196138704647425399e+01
-8.849202136166991295e+01 3.130814962682933000e+01
-8.741285433076909328e+01 3.065491214138795684e+01
-8.633368530148750608e+01 3.000167458627036154e+01
-8.525451550852707783e+01 2.934843695759679250e+01
-8.417534542350340132e+01 2.869519925148749095e+01
-8.309617522655912580e+01 2.804196146406268397e+01
-8.201700498650423299e+01 2.738872359144258795e+01
-8.093783472962331871e+01 2.673548562974745479e+01
-7.985866446595768764e+01 2.608224757509750447e+01
-7.877949419934432740e+01 2.542900942361299954e+01
-7.770032393125038084e+01 2.477577117141418483e+01
-7.662115366223783042e+01 2.412253281462135845e+01
-7.554198339252283745e+01 2.346929434935491798e+01
-7.446281312218955861e+01 2.281605577173548483e+01
-7.338364285127167363e+01 2.216281707788432342e+01
-7.230447257978369180e+01 2.150957826392427563e+01
-7.122530230773281801e+01 2.085633932598236484e+01
-7.014613203512385553e+01 2.020310026019659588e+01
-6.906696176196123815e+01 1.954986106273360136e+01
-6.798779148825111918e+01 1.889662172983498323e+01
-6.690862121400500939e+01 1.824338225793868062e+01
-6.582945093924867308e+01 1.759014264399651140e+01
-6.475028066404524907e+01 1.693690288630573804e+01
-6.367111038855610872e+01 1.628366298668591128e+01
-6.259194011319951301e+01 1.563042295617816713e+01
-6.151276983906643636e+01 1.497718282996597239e+01
-6.043359956900889074e+01 1.432394270643825429e+01
-5.935442931048952175e+01 1.367070284945815217e+01
-5.827525908304146895e+01 1.301746395610626195e+01
-5.719608893779932401e+01 1.236422785764212939e+01
-5.611691900863074522e+01 1.171099935464688002e+01
-5.503774964600189890e+01 1.105779102149319471e+01
-5.395858176744099666e+01 1.040463578462179761e+01
-5.287941777506384256e+01 9.751619852925468734e+00
-5.180026395768749836e+01 9.098968930688201340e+00
-5.072113677964512135e+01 8.447273926185705051e+00
-4.964207934511772891e+01 7.798081864984775180e+00
-4.856320450231596197e+01 7.155442922385136129e+00
-4.748480769169651694e+01 6.529960610441269075e+00
-4.640766238643828245e+01 5.949395314428518766e+00
-4.533379356567656515e+01 5.486424735751672443e+00
-4.426850269340830835e+01 5.331321385883879493e+00
-4.320171211995434390e+01 5.176244504551880787e+00
-4.213336917413042926e+01 5.021784749007379034e+00
-4.106312291844604800e+01 4.868172619209813590e+00
-3.999146608970855254e+01 4.714841935799215733e+00
-3.891838136267894299e+01 4.562146493313322893e+00
-3.784393492939600634e+01 4.409990529842670703e+00
-3.676809012619001038e+01 4.258886871058994217e+00
-3.569081893811787154e+01 4.108682416978085783e+00
-3.461257591285323798e+01 3.958931794538569804e+00
-3.353379567409581341e+01 3.809516106375281375e+00
-3.245467077498607011e+01 3.660546724928712692e+00
-3.137488846515309859e+01 3.512353711695313407e+00
-3.029448087456676930e+01 3.364925056888306010e+00
-2.921338262931493901e+01 3.218152523251553099e+00
-2.813149043766278723e+01 3.072219045547845528e+00
-2.704840347155613500e+01 2.927539168099129618e+00
-2.596449827946647559e+01 2.784503574672853254e+00
-2.487963413542968638e+01 2.643262394140533988e+00
-2.379395144857559430e+01 2.503575911937250265e+00
-2.270787557088794983e+01 2.365646761284925237e+00
-2.162176176861945720e+01 2.229491516992204048e+00
-2.053558776598035607e+01 2.095590846810758467e+00
-1.944949532394798197e+01 1.964261447201115063e+00
-1.836325142238940344e+01 1.835714679246326364e+00
-1.727739225932716138e+01 1.710035896033960778e+00
-1.619178748622397990e+01 1.587626611922080100e+00
-1.510635632005055484e+01 1.469032212584520991e+00
-1.402133132610419786e+01 1.354397212552186147e+00
-1.293661638358053700e+01 1.242830546034183303e+00
-1.185270470477622595e+01 1.134470710009719552e+00
-1.076967613606717755e+01 1.029203053280279168e+00
-9.687526208271931338e+00 9.266791048481528570e-01
-8.606224856226925013e+00 8.267572498773911871e-01
-7.525844022465134842e+00 7.292527666012652565e-01
-6.446508927610679507e+00 6.339847097947646226e-01
-5.368551076385626786e+00 5.396407972063220759e-01
-4.292305193016339615e+00 4.456576058049491751e-01
-3.217380367580274125e+00 3.526603744313293598e-01
-2.143835853005849224e+00 2.617604119817105723e-01
-1.071424540273665960e+00 1.733191009679539984e-01
8.933362722933668507e-07 8.612148227665376854e-02
