-4.576354679805587722e+01 -1.083743842365040733e+00
-8.423893219101229590e+01 -1.071716774643268089e+00
-1.105866958276742480e+02 -1.059689706921498775e+00
-1.284573842307156326e+02 -1.047662639199735679e+00
-1.404026895734527329e+02 -1.035635571477983019e+00
-1.482062168330967893e+02 -1.023608503756245458e+00
-1.531146864205185523e+02 -1.011581436034529657e+00
-1.559995422948574628e+02 -9.995543683128436108e-01
-1.574699142716670792e+02 -9.875273005911993085e-01
-1.579515774433157560e+02 -9.755002328696128489e-01
-1.577421439519975479e+02 -9.634731651481066583e-01
-1.570496414366443787e+02 -9.514460974267128224e-01
-1.560194789462302936e+02 -9.394190297054763050e-01
-1.547532958188360226e+02 -9.273919619844613882e-01
-1.533221368423780575e+02 -9.153648942637592212e-01
-1.517756615481500830e+02 -9.033378265435000332e-01
-1.501485814064884892e+02 -8.913107588238696755e-01
-1.484651593562798553e+02 -8.792836911051334914e-01
-1.467423549269738885e+02 -8.672566233876708441e-01
-1.449920226445413505e+02 -8.552295556720240777e-01
-1.432224486932429102e+02 -8.432024879589684607e-01
-1.414394250254325129e+02 -8.311754202496123289e-01
-1.396470001525863722e+02 -8.191483525455419690e-01
-1.378480039400370174e+02 -8.071212848490254554e-01
-1.360444144327643698e+02 -7.950942171633075262e-01
-1.342376142626200135e+02 -7.830671494930292464e-01
-1.324285698741780664e+02 -7.710400818448306381e-01
-1.306179568016493135e+02 -7.590130142282105474e-01
-1.288062472360765867e+02 -7.469859466567574380e-01
-1.269937712338493441e+02 -7.349588791499115370e-01
-1.251807595007875591e+02 -7.229318117354844864e-01
-1.233673732977503334e+02 -7.109047444532639037e-01
-1.215537253443310419e+02 -6.988776773601712566e-01
-1.197398944303137114e+02 -6.868506105376397386e-01
-1.179259356289240799e+02 -6.748235441021707137e-01
-1.161118874357839275e+02 -6.627964782204348593e-01
-1.142977767589672169e+02 -6.507694131308769947e-01
-1.124836224070020592e+02 -6.387423491746248017e-01
-1.106694375269559600e+02 -6.267152868397080079e-01
-1.088552313086452727e+02 -6.146882268243198943e-01
-1.070410101758799470e+02 -6.026611701273212329e-01
-1.052267786191599441e+02 -5.906341181777194915e-01
-1.034125397777634561e+02 -5.786070730199059930e-01
-1.015982958466808412e+02 -5.665800375786631538e-01
-9.978404836114376053e+01 -5.545530160382937668e-01
-9.796979839563202574e+01 -5.425260143850181294e-01
-9.615554670315465557e+01 -5.304990411829471064e-01
-9.434129381285995919e+01 -5.184721086842183357e-01
-9.252704009862723922e+01 -5.064452344171990195e-01
-9.071278582753137698e+01 -4.944184434586283983e-01
-8.889853119446298990e+01 -4.823917716842293646e-01
-8.708427634739129530e+01 -4.703652704191563227e-01
-8.527002140654488471e+01 -4.583390130910992566e-01
-8.345576647999666875e+01 -4.463131047484651948e-01
-8.164151167767280981e+01 -4.342876956774441299e-01
-7.982725712560218767e+01 -4.222630008830950965e-01
-7.801300298225309859e+01 -4.102393279597185138e-01
-7.619874945907487529e+01 -3.982171169632557350e-01
-7.438449684790741401e+01 -3.861969974542390216e-01
-7.257024555881133665e+01 -3.741798701055760179e-01
-7.075599617322276913e+01 -3.621670234537049393e-01
-6.894174951932289730e+01 -3.501603009271779254e-01
-6.712750677939226307e+01 -3.381623398040145556e-01
-6.531326964306572336e+01 -3.261769130730542976e-01
-6.349904052635402962e+01 -3.142094185136277140e-01
-6.168482288482311304e+01 -3.022675783912763814e-01
-5.987062166152709608e+01 -2.903624404686899196e-01
-5.805644392775963780e+01 -2.785098100894937700e-01
-5.624229979968137627e+01 -2.667322989710231296e-01
-5.442820374964330199e+01 -2.550622562841010077e-01
-5.261417648218800025e+01 -2.435459619656935026e-01
-5.080024761790860310e+01 -2.322496258292557070e-01
-4.898645953307658374e+01 -2.212679701184934178e-01
-4.717275344434695228e+01 -2.103933728668560821e-01
-4.535862038338530766e+01 -1.983247747840318764e-01
-4.354449717532387609e+01 -1.860643576741016214e-01
-4.173009626460584798e+01 -1.728083298846625204e-01
-3.991551423557415745e+01 -1.595712704830389572e-01
-3.810094729678476000e+01 -1.463026221169350383e-01
-3.628647001458564603e+01 -1.332895990226705130e-01
-3.447203314595883228e+01 -1.206306210048970345e-01
-3.265761657629033721e+01 -1.081653035176173838e-01
-3.084327986628350260e+01 -9.612965497822138772e-02
-2.902880693426943637e+01 -8.465265425557599865e-02
-2.721429388416484230e+01 -7.388915318739834592e-02
-2.539980037116014699e+01 -6.392846522639847318e-02
-2.358540428179706083e+01 -5.478968510015262694e-02
-2.177103862976693094e+01 -4.645521358615488372e-02
-1.995674801301890966e+01 -3.899164275414723768e-02
-1.814263523920960708e+01 -3.192726576226227048e-02
-1.632830559195758013e+01 -2.540940880322075865e-02
-1.451382401548577583e+01 -1.942392329101731707e-02
-1.269940482697289497e+01 -1.404204353066503853e-02
-1.088496836102855347e+01 -9.303913083344718740e-03
-9.070672012083042191e+00 -5.267149202157949718e-03
-7.256193820291382046e+00 -2.363204354581435220e-03
-5.441804720107266569e+00 -6.947952551487270208e-04
-3.627671737214484882e+00 -5.315303445889876151e-06
-1.813707568007076887e+00 6.407310865317202540e-05
-3.157596565371255937e-11 -4.085659200566810534e-11
