-1.064948426311219265e+01 -4.271337861613867304e+00
-2.042541591425135294e+01 -4.225965729857240838e+00
-2.900454449396464440e+01 -4.180592087922652134e+00
-3.642664078921209381e+01 -4.135248416233007873e+00
-4.268957533612438482e+01 -4.089795780746886322e+00
-4.744697651094909219e+01 -4.044265311999127199e+00
-5.088876042211967388e+01 -3.998739719082628152e+00
-5.332615732861619051e+01 -3.953228999808731103e+00
-5.500360854778308095e+01 -3.907729550906470450e+00
-5.610606483247143217e+01 -3.862238651379497512e+00
-5.677346480663887718e+01 -3.816754249499240803e+00
-5.711168973208062738e+01 -3.771274802190150766e+00
-5.720085217449862824e+01 -3.725799154233651489e+00
-5.710156742767789240e+01 -3.680326447834567194e+00
-5.685969863949225811e+01 -3.634856055470638392e+00
-5.650994710079173444e+01 -3.589387530768415324e+00
-5.607856875451044942e+01 -3.543920573559960374e+00
-5.558542958053467942e+01 -3.498455006384905808e+00
-5.504556075731156994e+01 -3.452990760598383613e+00
-5.447033534237452557e+01 -3.407527870997324904e+00
-5.386835858545897082e+01 -3.362066478544454728e+00
-5.324614157028076278e+01 -3.316606841403227257e+00
-5.260861091944290280e+01 -3.271149355147547233e+00
-5.195949446352287282e+01 -3.225694583728343279e+00
-5.130161306553998912e+01 -3.180243303621138828e+00
-5.063710144559603776e+01 -3.134796564610621505e+00
-4.996757529242815110e+01 -3.089355771970567766e+00
-4.929425774381016367e+01 -3.043922796472530834e+00
-4.861813748484796349e+01 -2.998502670883758103e+00
-4.793989812672748485e+01 -2.953078938079618965e+00
-4.726004911198762670e+01 -2.907660028685672415e+00
-4.657897066167956979e+01 -2.862228917183461174e+00
-4.589691460744148088e+01 -2.816748940526531353e+00
-4.521417143067483124e+01 -2.771292006278373687e+00
-4.453094478309967741e+01 -2.725851021141805219e+00
-4.384723866299017914e+01 -2.680346200777097287e+00
-4.316328224040625372e+01 -2.634860650388076042e+00
-4.247897853698700743e+01 -2.589363081764774588e+00
-4.179449828812812484e+01 -2.543866029255466898e+00
-4.110983844971487855e+01 -2.498356919823425226e+00
-4.042503795339969486e+01 -2.452841872363842768e+00
-3.973999205477341690e+01 -2.407264243328882447e+00
-3.905481632866207065e+01 -2.361700085330656673e+00
-3.836957564874779081e+01 -2.316142078675455629e+00
-3.768432123292360103e+01 -2.270599557132809476e+00
-3.699906767908221639e+01 -2.225079428945269999e+00
-3.631382490545929187e+01 -2.179579659401166492e+00
-3.562859785068592089e+01 -2.134101003418491960e+00
-3.494339674770634474e+01 -2.088635614332353896e+00
-3.425820277740968578e+01 -2.043178547876496332e+00
-3.357299028663205576e+01 -1.997724620603738455e+00
-3.288777138398742750e+01 -1.952270143123155055e+00
-3.220256506179669032e+01 -1.906809227940152729e+00
-3.151737235134671522e+01 -1.861344796326556361e+00
-3.083219605669763652e+01 -1.815874889928560165e+00
-3.014705173450897391e+01 -1.770404416850039464e+00
-2.946191412408338550e+01 -1.724938356507523141e+00
-2.877677095572127541e+01 -1.679472462917709574e+00
-2.809162025154289921e+01 -1.634009579042856597e+00
-2.740644493902938450e+01 -1.588546883773341856e+00
-2.672125566384181639e+01 -1.543083840928575201e+00
-2.603607313617089503e+01 -1.497619160877326161e+00
-2.535088945446248232e+01 -1.452154411111120869e+00
-2.466569192069757577e+01 -1.406696620858539859e+00
-2.398048296493855958e+01 -1.361247047050898162e+00
-2.329527000726366737e+01 -1.315801814287661742e+00
-2.261005265314949852e+01 -1.270357096559894927e+00
-2.192483257577021050e+01 -1.224915000992164771e+00
-2.123961063532305360e+01 -1.179476420040218354e+00
-2.055438228381465748e+01 -1.134041855586876091e+00
-1.986913414308657977e+01 -1.088617363766470891e+00
-1.918388723733126255e+01 -1.043202606942934318e+00
-1.849864143572500197e+01 -9.978014120200418002e-01
-1.781339862304617583e+01 -9.524129567246936157e-01
-1.712815515006995071e+01 -9.070431647381990148e-01
-1.644290975009587186e+01 -8.616999110115255434e-01
-1.575766355671968455e+01 -8.163936079168356841e-01
-1.507244014959629830e+01 -7.711240288271374865e-01
-1.438722550979943549e+01 -7.259165672544241055e-01
-1.370199889660575998e+01 -6.807858982590671015e-01
-1.301675025943764830e+01 -6.357563780980048929e-01
-1.233151061881782695e+01 -5.908558647929257335e-01
-1.164629503628663443e+01 -5.461217136365429381e-01
-1.096112385624213914e+01 -5.016061805333011936e-01
-1.027601976254119265e+01 -4.573548967865224135e-01
-9.590922682768786345e+00 -4.134841284581666776e-01
-8.905816410753820023e+00 -3.701029269521816101e-01
-8.220677991879000501e+00 -3.273747736738507608e-01
-7.535518667158912720e+00 -2.854893426383177668e-01
-6.850361177006394797e+00 -2.446748166300649618e-01
-6.165202933357839754e+00 -2.052353634680614825e-01
-5.480079849379820622e+00 -1.674951572801332556e-01
-4.794958023478287146e+00 -1.319427918724564719e-01
-4.109828156987562764e+00 -9.919091786761628782e-02
-3.424711526961325525e+00 -6.994005064635031022e-02
-2.739608312513239774e+00 -4.501869802661932762e-02
-2.054582357464441511e+00 -2.513006279166041246e-02
-1.369619974574639798e+00 -1.097586293385000369e-02
-6.847633161751548458e-01 -2.761447408942883670e-03
-6.191580091009300630e-12 -8.190925642798312777e-12
