1.565390659154094755e-01 3.896174138532896336e+01
3.129435069574753037e-01 3.856419659507309916e+01
4.582702123852839815e-01 3.816665082294402822e+01
5.944618944133815974e-01 3.776914159225595569e+01
7.198967825458848502e-01 3.737163100351028788e+01
8.352344872421908484e-01 3.697411671119625964e+01
9.412047475302544042e-01 3.657659807058706036e+01
1.038409783770023687e+00 3.617908039924572705e+01
1.127414717733358662e+00 3.578156404493660858e+01
1.208855766008769539e+00 3.538405456358705692e+01
1.283459290469058267e+00 3.498656574250644269e+01
1.352346815317777562e+00 3.458914325289735103e+01
1.414809610220337799e+00 3.419172701935795544e+01
1.471251433538473430e+00 3.379431641066767611e+01
1.522060138909813842e+00 3.339690765353915225e+01
1.567590151119939712e+00 3.299950684484593211e+01
1.608170487698436846e+00 3.260211377192604232e+01
1.644112990361048743e+00 3.220472872606517711e+01
1.675712103822956989e+00 3.180736445460675199e+01
1.703296714256910427e+00 3.141002464825115936e+01
1.727185077903341082e+00 3.101270621356679769e+01
1.747610593660364975e+00 3.061538251674979705e+01
1.764695558284660182e+00 3.021804829560121775e+01
1.778598544646195601e+00 2.982073194721682441e+01
1.789461074582695099e+00 2.942343802979842948e+01
1.797510612862678547e+00 2.902616728047214423e+01
1.802894906668940589e+00 2.862892221230911716e+01
1.805812614971474828e+00 2.823170363592079468e+01
1.806392498574668437e+00 2.783451454099056832e+01
1.804822921461230134e+00 2.743735555264214554e+01
1.801239618430191092e+00 2.704022911772927529e+01
1.795779772722349232e+00 2.664313731802722174e+01
1.788568060691207773e+00 2.624608052003028291e+01
1.779721233008821901e+00 2.584906143335523154e+01
1.769352754891523549e+00 2.545208099248701572e+01
1.757556999198633951e+00 2.505514353018768503e+01
1.744444286393058707e+00 2.465825614394995924e+01
1.730105312488432689e+00 2.426142439061349165e+01
1.714615533672606551e+00 2.386464996209555522e+01
1.698056176150645635e+00 2.346794069372370828e+01
1.680494694238193309e+00 2.307129564485327222e+01
1.661993985844706812e+00 2.267471819723389714e+01
1.642628038531378509e+00 2.227821690777163965e+01
1.622427757502575840e+00 2.188179322190753595e+01
1.601456880794570603e+00 2.148545162355756943e+01
1.579761463735497529e+00 2.108919620270916440e+01
1.557390103493242917e+00 2.069303442360648404e+01
1.534386186397231677e+00 2.029697336587253886e+01
1.510787015813703560e+00 1.990102553610635994e+01
1.486636968324662300e+00 1.950519712451530907e+01
1.461968482693305926e+00 1.910949418363088625e+01
1.436817196390238083e+00 1.871392294914563337e+01
1.411207953030990669e+00 1.831849133344897851e+01
1.385178002467054581e+00 1.792321109129278156e+01
1.358763459305520671e+00 1.752810165594243585e+01
1.331983678704727891e+00 1.713317817635214269e+01
1.304850331854656709e+00 1.673844974014711084e+01
1.277402004660321166e+00 1.634393288144499579e+01
1.249657007549554555e+00 1.594964631707110847e+01
1.221632001579821658e+00 1.555561574808342584e+01
1.193342003160815734e+00 1.516184991357495093e+01
1.164813205988286304e+00 1.476836147840123914e+01
1.136060705783864977e+00 1.437516427719622847e+01
1.107090270084402972e+00 1.398226024327517436e+01
1.077914518967963087e+00 1.358966340760393976e+01
1.048544738794208175e+00 1.319739267468418831e+01
1.018989993450046594e+00 1.280548354410329992e+01
9.892572072809431294e-01 1.241396198061041822e+01
9.593534854653795740e-01 1.202285712604605550e+01
9.292997333688761685e-01 1.163220037542659746e+01
8.991068885257522680e-01 1.124202743410207006e+01
8.687901821560948257e-01 1.085234755423493347e+01
8.383687480085902921e-01 1.046317684023435035e+01
8.078368461123588418e-01 1.007456662454325347e+01
7.772293236643209591e-01 9.686542684689367633e+00
7.465451488756852383e-01 9.299140993236772346e+00
7.157988560822272639e-01 8.912386807694376856e+00
6.849810235246854839e-01 8.526340236844484721e+00
6.541012948177337138e-01 8.141054157940027736e+00
6.231697740764857718e-01 7.756584451381641543e+00
5.921969535982065658e-01 7.372982276083610564e+00
5.611926737201086146e-01 6.990311503634209167e+00
5.301580223508163270e-01 6.608640001834194422e+00
4.990948040938962271e-01 6.228042523170885580e+00
4.680217812156489132e-01 5.848594852812829537e+00
4.369508015883541985e-01 5.470373218734554399e+00
4.058732823146486424e-01 5.093476960330073133e+00
3.747750656725020169e-01 4.717981456417654762e+00
3.436577855811009941e-01 4.343964225312927141e+00
3.125277235939686871e-01 3.971501090169677894e+00
2.814034195210710632e-01 3.600658511329621891e+00
2.502883178547628540e-01 3.231544152450756879e+00
2.191978306679699118e-01 2.864240760673202768e+00
1.881093590586685460e-01 2.498916706141104171e+00
1.570427171337860917e-01 2.135661737040988051e+00
1.260471689915446392e-01 1.774529311749400984e+00
9.511707598167054578e-02 1.415621561521571703e+00
6.424027058830512893e-02 1.059103420738038759e+00
3.342682725878486777e-02 7.050889264378169541e-01
2.377709907328305356e-03 3.524563972750026086e-01
