-1.019862499714642468e+01 3.711132221312862356e+00
-2.025008412198037533e+01 3.672379423581796143e+00
-2.997065822326520745e+01 3.633280473089997464e+00
-3.699644235946442450e+01 3.594159224371047845e+00
-4.196988213384219790e+01 3.555056370813746813e+00
-4.544318009780040057e+01 3.515966962578632948e+00
-4.782003243555957539e+01 3.476887381891384798e+00
-4.939549853298564130e+01 3.437814984620280789e+00
-5.038523571960814706e+01 3.398747838314679637e+00
-5.094686678592561435e+01 3.359684530751767984e+00
-5.119559738804486670e+01 3.320624030023695550e+00
-5.121563072561285423e+01 3.281565582303598738e+00
-5.106851046922804471e+01 3.242508637161872098e+00
-5.079921856183088380e+01 3.203452793033571222e+00
-5.044063206954927381e+01 3.164397757434264324e+00
-5.001678067067499711e+01 3.125343317982779645e+00
-4.954522753763129828e+01 3.086289321360020210e+00
-4.903880951180814662e+01 3.047235658119214818e+00
-4.850690898931932793e+01 3.008182251842722810e+00
-4.795638353724469738e+01 2.969129051571126610e+00
-4.739224534755719276e+01 2.930076026754547591e+00
-4.681815784963235672e+01 2.891023164225983155e+00
-4.623679868614919997e+01 2.851970466896825318e+00
-4.565012501635816733e+01 2.812917954045292657e+00
-4.505956743320084712e+01 2.773865663226390055e+00
-4.446617170776345063e+01 2.734813653992588023e+00
-4.387070240523111408e+01 2.695762013793852052e+00
-4.327371863870526880e+01 2.656710866641560642e+00
-4.267562946664002510e+01 2.617660385394660061e+00
-4.207673442272507458e+01 2.578610808885283046e+00
-4.147725319395228638e+01 2.539562465580519568e+00
-4.087734738739435159e+01 2.500515806124572027e+00
-4.027713654236689678e+01 2.461471447985327909e+00
-3.967670997447157788e+01 2.422430236628631217e+00
-3.907613562503636473e+01 2.383393329280942385e+00
-3.847546679276029380e+01 2.344362309578986281e+00
-3.787474741453558380e+01 2.305339344465062723e+00
-3.727401641866937609e+01 2.266327398872058030e+00
-3.667331158181762163e+01 2.227330529467603792e+00
-3.607267327176764127e+01 2.188354286559450745e+00
-3.547214844689144542e+01 2.149406263979916076e+00
-3.487179530851678777e+01 2.110496851428011578e+00
-3.427168906714651797e+01 2.071640263805864635e+00
-3.367192939480877811e+01 2.032855949528783679e+00
-3.307261590694339759e+01 1.994160226443278949e+00
-3.247333361685294761e+01 1.955509013310101851e+00
-3.187390477098017172e+01 1.916931124242906348e+00
-3.127432460975442297e+01 1.878353775116571533e+00
-3.067478724823365965e+01 1.839745794042690452e+00
-3.007468422624706861e+01 1.800919879749933949e+00
-2.947408737645084287e+01 1.761921066767921040e+00
-2.887285932164007107e+01 1.722684109887916204e+00
-2.827113391781117357e+01 1.683379723823019036e+00
-2.766914497745311508e+01 1.643924778263795350e+00
-2.706698218612255502e+01 1.604390074408462707e+00
-2.646478253750692033e+01 1.564840920946291902e+00
-2.586262041789989397e+01 1.525278392080573253e+00
-2.526045542571106495e+01 1.485719860116547775e+00
-2.465825388232236293e+01 1.446178347210228754e+00
-2.405609313224933388e+01 1.406733990063860684e+00
-2.345403965558495329e+01 1.367382006862011945e+00
-2.285198677511772303e+01 1.328124678504370992e+00
-2.224997864612628717e+01 1.288947870186395894e+00
-2.164809136343916052e+01 1.249819805452692778e+00
-2.104625756263068226e+01 1.210745966942899265e+00
-2.044450122574403395e+01 1.171674535589863897e+00
-1.984279944588815781e+01 1.132626289759203209e+00
-1.924117248650782841e+01 1.093576823954565347e+00
-1.863961273831107235e+01 1.054550406608774749e+00
-1.803810780081435183e+01 1.015541497405833216e+00
-1.743660263324274950e+01 9.765626360962907926e-01
-1.683512050580764807e+01 9.375909396670496498e-01
-1.623370127938494178e+01 8.986287813081405007e-01
-1.563236559250432478e+01 8.596631800191382178e-01
-1.503114539926681381e+01 8.206969323929727000e-01
-1.442996700351951134e+01 7.817382294442676294e-01
-1.382886646709230583e+01 7.427863399362752972e-01
-1.322782584343193868e+01 7.038495125759097748e-01
-1.262688582051148600e+01 6.649391184899453577e-01
-1.202605993243176741e+01 6.260598585297085794e-01
-1.142521381013118642e+01 5.872110791061814217e-01
-1.082429915863833614e+01 5.484000859253758131e-01
-1.022333730882142255e+01 5.096425086670999249e-01
-9.622339698459114743e+00 4.709718307683959382e-01
-9.021318317420774946e+00 4.324273337241770210e-01
-8.420256363247593967e+00 3.940499400269880659e-01
-7.819151688044073012e+00 3.558944471324975156e-01
-7.218022812501004637e+00 3.180399181315433643e-01
-6.616896606433384065e+00 2.806031980022653527e-01
-6.015807872696562697e+00 2.437273086927420618e-01
-5.414717115374005019e+00 2.076091351823471931e-01
-4.813630090812888618e+00 1.724739271951630237e-01
-4.212532735527165784e+00 1.386920587770628654e-01
-3.611414338159042003e+00 1.067055095880961313e-01
-3.010300257550803771e+00 7.708143503283174103e-02
-2.409208983139093263e+00 5.056959599839567360e-02
-1.808122504050221346e+00 2.814322407961123568e-02
-1.207063490056758948e+00 1.123165663439748031e-02
-6.060281468061617938e-01 1.462213967787100860e-03
-5.002803467435506211e-03 7.225290368974341846e-04
