1.000600495912188137e+01 1.793433875436398495e+01
2.001038834414134016e+01 1.772617939146417854e+01
2.692383382632677069e+01 1.751802002821400350e+01
3.165942843712532806e+01 1.730986066426438441e+01
3.486053186449122165e+01 1.710170129926927984e+01
3.698044868739286528e+01 1.689354193288802009e+01
3.833857262151771295e+01 1.668538256478823101e+01
3.915994517389108154e+01 1.647722319464969232e+01
3.960312826161524669e+01 1.626906382216984781e+01
3.977984297063668606e+01 1.606090444707143305e+01
3.976880682197047179e+01 1.585274506911319747e+01
3.962548336630624135e+01 1.564458568810516503e+01
3.938895164748775812e+01 1.543642630393022941e+01
3.908674635540349129e+01 1.522826691657471088e+01
3.873826814763611992e+01 1.502010752617179534e+01
3.835718652681802610e+01 1.481194813306315616e+01
3.795313288316641120e+01 1.460378873788637044e+01
3.753289339475547592e+01 1.439562934169902420e+01
3.710124953273531645e+01 1.418746994615478663e+01
3.666157027265563784e+01 1.397931055375341813e+01
3.621622936049936925e+01 1.377115116819549634e+01
3.576689931410172107e+01 1.356299179488591378e+01
3.531475857363538040e+01 1.335483244164854000e+01
3.486063745787975421e+01 1.314667311974041297e+01
3.440512100375563875e+01 1.293851384529134840e+01
3.394862142636212354e+01 1.273035464134702188e+01
3.349142917408781983e+01 1.252219554076877372e+01
3.303374890224981897e+01 1.231403659034931231e+01
3.257572482079253717e+01 1.210587785665407168e+01
3.211745855549711592e+01 1.189771943431188461e+01
3.165902173490950844e+01 1.168956145778182965e+01
3.120046486194739188e+01 1.148140411805395900e+01
3.074182356898246127e+01 1.127324768635257257e+01
3.028312303112454629e+01 1.106509254777816587e+01
2.982438108431662016e+01 1.085693924905539021e+01
2.936561043443386509e+01 1.064878856630153692e+01
2.890682023099576625e+01 1.044064160121018858e+01
2.844801720040412718e+01 1.023249991756431143e+01
2.798920647906452075e+01 1.002436573498895278e+01
2.753039224957784015e+01 9.816242203943735589e+00
2.707157825879775359e+01 9.608133796018927697e+00
2.661276828191812527e+01 9.400046857881415363e+00
2.615396659007000579e+01 9.191990397488496001e+00
2.569517847934238119e+01 8.983977199958649962e+00
2.523641092674878905e+01 8.776025411323447045e+00
2.477767345438401847e+01 8.568160786341692869e+00
2.431897930880106173e+01 8.360419878815005035e+00
2.386034710167983519e+01 8.152854569592713929e+00
2.340180311499201693e+01 7.945538493155047455e+00
2.294338455616783534e+01 7.738576158842464636e+00
2.248514416643242697e+01 7.532115896587873394e+00
2.202715675307610610e+01 7.326368230753672606e+00
2.156952845471096936e+01 7.121631958060924639e+00
2.111240988705981181e+01 6.918331159912201045e+00
2.065601479744530522e+01 6.717067733864870327e+00
2.020064653842615954e+01 6.518695951385630849e+00
1.974673563946507215e+01 6.324428277436434875e+00
1.929489313005717932e+01 6.135985559878848861e+00
1.884598622173807669e+01 5.955809327963888400e+00
1.839709974787353275e+01 5.777701192892740423e+00
1.794703764519921307e+01 5.598746458546113303e+00
1.749589212596029952e+01 5.419085248273230349e+00
1.704414461719290586e+01 5.239415485175483944e+00
1.659165510151356315e+01 5.058871384509453506e+00
1.613834144921233360e+01 4.878386763925329994e+00
1.568423411685312985e+01 4.698627045116096745e+00
1.522901614842649209e+01 4.519072484073562102e+00
1.477283855434838067e+01 4.339906764871556355e+00
1.431567010215580815e+01 4.161885747410807745e+00
1.385735005512470686e+01 3.983877284951697018e+00
1.339825206846455785e+01 3.806825855258394675e+00
1.293859993267452957e+01 3.631152617249369996e+00
1.247859594292190977e+01 3.457369803527954311e+00
1.201830810603165212e+01 3.285729678955077837e+00
1.155770996522895011e+01 3.116694950292527189e+00
1.109651946177500292e+01 2.948892573412322360e+00
1.063483761984917919e+01 2.781996188502935397e+00
1.017271767234090163e+01 2.616810848145099122e+00
9.710244356879911720e+00 2.453944237489921854e+00
9.247577694353738664e+00 2.293972411588391491e+00
8.784944437594635502e+00 2.136926579453897634e+00
8.322257355408130053e+00 1.983396254274963244e+00
7.859526480927755188e+00 1.833332206006273557e+00
7.396776573279453260e+00 1.687354757416256623e+00
6.934076652747618752e+00 1.545858717943807248e+00
6.471413596124905077e+00 1.408684215544472318e+00
6.008659920468995885e+00 1.276227059195387037e+00
5.545905581881847901e+00 1.148509551543892337e+00
5.083235068309538640e+00 1.025727985807069809e+00
4.620732736682865216e+00 9.086741075466465700e-01
4.158250524593772646e+00 7.967240007234343002e-01
3.695790769927376651e+00 6.907793493715678190e-01
3.233377193300694508e+00 5.906308971089151427e-01
2.771002784074415803e+00 4.966621060698963586e-01
2.308577593414868900e+00 4.088509249332935025e-01
1.846282762917086817e+00 3.271810574742272104e-01
1.384244201165714783e+00 2.518344412116055864e-01
9.225297482910854718e-01 1.827400123659919662e-01
4.612900103837819787e-01 1.187291426071173384e-01
2.832945014646708558e-04 5.929719757741500064e-02
