-3.234607511190502294e+01 2.066076781445338639e+01
-6.469132867017908950e+01 2.038659686178214514e+01
-8.701451672902697965e+01 2.011242590773305139e+01
-1.022850820008463586e+02 1.983825495092749236e+01
-1.125926495572605148e+02 1.956408398998636855e+01
-1.194077084304620229e+02 1.928991302353028203e+01
-1.237650557346138669e+02 1.901574205017974251e+01
-1.263928880383660669e+02 1.874157106855529520e+01
-1.278036441911664411e+02 1.846740007727770916e+01
-1.283579322839187000e+02 1.819322907496818331e+01
-1.283095156590493957e+02 1.791905806024857029e+01
-1.278369699935443720e+02 1.764488703174171391e+01
-1.270659606892931777e+02 1.737071598807190043e+01
-1.260849196845006190e+02 1.709654492786549085e+01
-1.249560773749406621e+02 1.682237384975181982e+01
-1.237232258818401789e+02 1.654820275236444260e+01
-1.224171821373064972e+02 1.627403163434294697e+01
-1.210596323094883644e+02 1.599986049433547208e+01
-1.196658371611169684e+02 1.572568933100232869e+01
-1.182465358360354770e+02 1.545151814302112037e+01
-1.168092855718819720e+02 1.517734692909401240e+01
-1.153594044686436888e+02 1.490317568795809144e+01
-1.139006349238534028e+02 1.462900441840007737e+01
-1.124356104982456657e+02 1.435483311927719718e+01
-1.109661844535591939e+02 1.408066178954689640e+01
-1.094936609477137210e+02 1.380649042830898665e+01
-1.080189577290552450e+02 1.353231903486567766e+01
-1.065427206258458597e+02 1.325814760880669851e+01
-1.050654041136095458e+02 1.298397615013040962e+01
-1.035873280111436117e+02 1.270980465941584470e+01
-1.021087173780473165e+02 1.243563313806720139e+01
-1.006297305910009641e+02 1.216146158866125937e+01
-9.915047910132304310e+01 1.188729001544112052e+01
-9.767104133856865644e+01 1.161311842501778102e+01
-9.619147249464937488e+01 1.133894682736715076e+01
-9.471181140904711526e+01 1.106477523724683643e+01
-9.323208541405604421e+01 1.079060367620948746e+01
-9.175231374449737132e+01 1.051643217546379461e+01
-9.027250993727145101e+01 1.024226077994022788e+01
-8.879268352009188447e+01 9.968089554068509273e+00
-8.731284120007150307e+01 9.693918589987800871e+00
-8.583298770043771242e+01 9.419748019213729506e+00
-8.435312634975697677e+01 9.145578029217810823e+00
-8.287325949717488527e+01 8.871408886987628861e+00
-8.139338880547303745e+01 8.597240972507028900e+00
-7.991351545850170623e+01 8.323074826333103360e+00
-7.843364030886573346e+01 8.048911217205423796e+00
-7.695376398428719256e+01 7.774751238122107111e+00
-7.547388696591414714e+01 7.500596442868649127e+00
-7.399400964834389072e+01 7.226449040032084881e+00
-7.251413238884930479e+01 6.952312168704694706e+00
-7.103425555194860408e+01 6.678190290272556950e+00
-6.955437955487919055e+01 6.404089745166354319e+00
-6.807450491964827677e+01 6.130019544031707568e+00
-6.659463233815331762e+01 5.855992492021196760e+00
-6.511476275849668127e+01 5.582026786468690105e+00
-6.363489750326171190e+01 5.308148287263271037e+00
-6.215503843450554911e+01 5.034393743162413948e+00
-6.067518818605165620e+01 4.760815376541917665e+00
-5.919535049206009347e+01 4.487487398551381901e+00
-5.771553065286595086e+01 4.214515267471062643e+00
-5.623573619619797626e+01 3.942048845292960735e+00
-5.475597781626611749e+01 3.670301093870574238e+00
-5.327627070786852670e+01 3.399574643068560054e+00
-5.179663646194907045e+01 3.130299545411980855e+00
-5.031710575907663241e+01 2.863086927302429530e+00
-4.883772219685878468e+01 2.598805230038620628e+00
-4.735854772876169250e+01 2.338688552061737091e+00
-4.587967039283077497e+01 2.084490608622169283e+00
-4.440121529447385740e+01 1.838703516048776576e+00
-4.292336021341298391e+01 1.604868694971008924e+00
-4.144635778177915597e+01 1.388018679109931375e+00
-3.997056700007632202e+01 1.195304947329802303e+00
-3.849649802264443821e+01 1.036890103904516414e+00
-3.702487579962669173e+01 9.272157106163902984e-01
-3.555673051480064828e+01 8.868032047185869793e-01
-3.408560761269081496e+01 8.464334534740556304e-01
-3.261183962319699958e+01 8.066477842113968233e-01
-3.113598210192085602e+01 7.672595674303569480e-01
-2.965826601806572071e+01 7.276266216220709238e-01
-2.817882649981871523e+01 6.879383966276967355e-01
-2.669784437683699352e+01 6.481905059223868060e-01
-2.521562513764779823e+01 6.086101540034474233e-01
-2.373238725634199398e+01 5.693727507423301804e-01
-2.224805509481188182e+01 5.306618594969850777e-01
-2.076280959666789983e+01 4.927574091195137673e-01
-1.927674906069564642e+01 4.558730461293019065e-01
-1.779029926430438380e+01 4.198024498326672349e-01
-1.630362520166656637e+01 3.844545320238695885e-01
-1.481695298970001851e+01 3.495433469800080517e-01
-1.333060909371416081e+01 3.151053674586130615e-01
-1.184462841414646306e+01 2.812535958420510629e-01
-1.035939988793706590e+01 2.481150994359729300e-01
-8.875043964277262276e+00 2.155695089373736162e-01
-7.391701658909889616e+00 1.834071701207678762e-01
-5.909699807261936222e+00 1.516070323830513988e-01
-4.429322264708015489e+00 1.202509072115126448e-01
-2.950952398694445922e+00 8.918793996392737622e-02
-1.474832091299083991e+00 5.841642116167720944e-02
4.935605303404096613e-09 2.935786115030497231e-02
