1.044603732910664817e+01 2.226655325404599495e+01
2.070309855870720739e+01 2.202740107104609990e+01
3.090352709300152512e+01 2.178733461383793468e+01
4.019587287489739680e+01 2.154616443195851971e+01
4.698106508813339843e+01 2.130512441910784105e+01
5.188617318578918258e+01 2.106418201842956606e+01
5.538142896093269485e+01 2.082331281592901817e+01
5.781945354369885592e+01 2.058249850384412127e+01
5.946467325160036665e+01 2.034172535340169929e+01
6.051537817963890831e+01 2.010098306955562819e+01
6.112026367004189353e+01 1.986026393216836894e+01
6.139083456020767926e+01 1.961956215199280606e+01
6.141070697810431511e+01 1.937887338773003876e+01
6.124258364605514515e+01 1.913819438387582395e+01
6.093348457662256124e+01 1.889752269914461280e+01
6.051866950814279988e+01 1.865685650281612595e+01
6.002457929166009620e+01 1.841619442201568901e+01
5.947104160139025453e+01 1.817553542718823678e+01
5.887292497030411909e+01 1.793487874621227007e+01
5.824137913139717426e+01 1.769422379998904660e+01
5.758476513460181678e+01 1.745357015413385682e+01
5.690935283021153168e+01 1.721291748273936761e+01
5.621984390327084924e+01 1.697226554118831032e+01
5.551976409075027874e+01 1.673161414574732575e+01
5.481175730048046546e+01 1.649096315823983261e+01
5.409780616741029036e+01 1.625031247451927996e+01
5.337939744611422554e+01 1.600966201578116710e+01
5.265764603668383614e+01 1.576901172198912349e+01
5.193338799031192821e+01 1.552836154686665182e+01
5.120725025314692402e+01 1.528771145403670850e+01
5.047970296648838939e+01 1.504706141398711949e+01
4.975109868623503928e+01 1.480641140160863856e+01
4.902170179329345245e+01 1.456576139410034010e+01
4.829171054837995314e+01 1.432511136906754423e+01
4.756127363103954053e+01 1.408446130265363117e+01
4.683050254257607747e+01 1.384381116754991758e+01
4.609948090755284511e+01 1.360316093071754295e+01
4.536827144980005500e+01 1.336251055063135773e+01
4.463692122487152147e+01 1.312185997381586589e+01
4.390546554544513214e+01 1.288120913038426352e+01
4.317393092712595148e+01 1.264055792820845525e+01
4.244233730039272956e+01 1.239990624523366058e+01
4.171069967320951832e+01 1.215925391929653898e+01
4.097902938299831987e+01 1.191860073459744029e+01
4.024733504241314819e+01 1.167794640369827164e+01
3.951562325781235785e+01 1.143729054354424690e+01
3.878389918036477013e+01 1.119663264350924159e+01
3.805216693576298326e+01 1.095597202279908089e+01
3.732042996839095395e+01 1.071530777365930476e+01
3.658869132865641660e+01 1.047463868564977929e+01
3.585695392745753196e+01 1.023396314466910439e+01
3.512522077901167705e+01 9.993278998305378025e+00
3.439349525230304749e+01 9.752583376280782090e+00
3.366178135212522449e+01 9.511872451011400997e+00
3.293008405316318488e+01 9.271141118308038997e+00
3.219840971498428672e+01 9.030382571581897722e+00
3.146676661255682816e+01 8.789587734035128719e+00
3.073516562655242623e+01 8.548744501469288437e+00
3.000362115102242910e+01 8.307836732549002789e+00
2.927214820076004997e+01 8.066832043990398660e+00
2.854069329542493350e+01 7.825861294160629811e+00
2.780914157697432287e+01 7.584965668636387548e+00
2.707746996181233001e+01 7.344081121030805015e+00
2.634577270902499535e+01 7.103093596049228076e+00
2.561416332809769258e+01 6.862334622833180298e+00
2.488270492623266961e+01 6.622120844395271710e+00
2.415121095728735767e+01 6.382064007185730858e+00
2.341973224303441015e+01 6.142095657729638170e+00
2.268833929001997163e+01 5.901990698316598838e+00
2.195692494235169079e+01 5.661799976844508642e+00
2.122544313737308030e+01 5.421585747934376087e+00
2.049390425413537287e+01 5.181275986916848986e+00
1.976244031978444937e+01 4.941032544967883133e+00
1.903091911859825913e+01 4.700959016775281718e+00
1.829910461126763010e+01 4.461085705855271755e+00
1.756701771730059392e+01 4.221488417623644906e+00
1.683478122291666068e+01 3.982332141994394448e+00
1.610253641015304282e+01 3.743737366045731818e+00
1.537029039818694365e+01 3.505778937154917507e+00
1.463812256891676711e+01 3.268626293964094653e+00
1.390605456998987499e+01 3.032509168349116102e+00
1.317407995731508130e+01 2.797686281009643228e+00
1.244214677943822345e+01 2.564527553744181620e+00
1.171013556291717705e+01 2.333481563826572902e+00
1.097805738609223702e+01 2.105190573650565611e+00
1.024592306600482061e+01 1.880364941536720957e+00
9.513735158390481672e+00 1.659902419420283159e+00
8.781548713854693489e+00 1.445007413256783169e+00
8.049374183179518027e+00 1.236871276741883685e+00
7.317282809777996277e+00 1.037282960672697429e+00
6.585246906404510270e+00 8.479799008899903123e-01
5.853224266373683982e+00 6.711768416208832022e-01
5.121228263359615340e+00 5.093220140761538506e-01
4.389276396481893272e+00 3.646368440942201472e-01
3.657179673425988486e+00 2.404308331201361060e-01
2.925028266398429722e+00 1.402556364585641480e-01
2.193087599739889981e+00 6.676334562547731055e-02
1.461531733174022074e+00 2.084103751617147685e-02
7.305712601258458339e-01 3.862704819418617168e-04
1.792350935665171096e-11 7.110548955003743267e-11
