2.433862391720861496e+01 2.592579793115114839e+01
4.867710773621666931e+01 2.558213119105768030e+01
6.548082886046093165e+01 2.523846444364528807e+01
7.698029227239594263e+01 2.489479768159105078e+01
8.474570976701473057e+01 2.455113089756941136e+01
8.988246559606895403e+01 2.420746408425318208e+01
9.316871869831872743e+01 2.386379723431429767e+01
9.515227073912393507e+01 2.352013034042448325e+01
9.621875844335386319e+01 2.317646339525594357e+01
9.663965904989223077e+01 2.283279639148204154e+01
9.660608478036937186e+01 2.248912932177814028e+01
9.625257317983556504e+01 2.214546217882272572e+01
9.567383483704213631e+01 2.180179495529888101e+01
9.493654330113308504e+01 2.145812764389630800e+01
9.408763484622589601e+01 2.111446023731422628e+01
9.316015126859997508e+01 2.077079272826543033e+01
9.217735304902220150e+01 2.042712510948196325e+01
9.115561490153459090e+01 2.008345737372334128e+01
9.010646415709192070e+01 1.973978951378800062e+01
8.903801572741760140e+01 1.939612152252973587e+01
8.795598227856976337e+01 1.905245339288098805e+01
8.686438536427705515e+01 1.870878511788583509e+01
8.576605604349414591e+01 1.836511669074700137e+01
8.466298730086163005e+01 1.802144810489249593e+01
8.355658214064337130e+01 1.767777935407035628e+01
8.244782823777245540e+01 1.733411043248321803e+01
8.133742088719962737e+01 1.699044133497946163e+01
8.022584955672388674e+01 1.664677205732470000e+01
7.911345881771491406e+01 1.630310259658752159e+01
7.800049123860337374e+01 1.595943295168738452e+01
7.688711758067672974e+01 1.561576312417289891e+01
7.577345805506207910e+01 1.527209311932744917e+01
7.465959728704206100e+01 1.492842294773969591e+01
7.354559485051615297e+01 1.458475262753457891e+01
7.243149268397515073e+01 1.424108218754241051e+01
7.131732031115629411e+01 1.389741167180076076e+01
7.020309851626495856e+01 1.355374114594937929e+01
6.908884193126748130e+01 1.321007070631443270e+01
6.797456085733148257e+01 1.286640049281278309e+01
6.686026254715238792e+01 1.252273070728290705e+01
6.574595210779528998e+01 1.217906163952430099e+01
6.463163313644076879e+01 1.183539370428713511e+01
6.351730816817507019e+01 1.149172749381691006e+01
6.240297899156666261e+01 1.114806385249534237e+01
6.128864687131389388e+01 1.080440398286953574e+01
6.017431270567902857e+01 1.046074959626888479e+01
5.905997713830738860e+01 1.011710312675989698e+01
5.794564063835060352e+01 9.773468035074067473e+00
5.683130355886814300e+01 9.429849240344543304e+00
5.571696618077770324e+01 9.086253733398168109e+00
5.460262874782467435e+01 8.742691447951234096e+00
5.348829149692455331e+01 8.399176498163450688e+00
5.237395468765502926e+01 8.055728936612426949e+00
5.125961863456906542e+01 7.712377251537600564e+00
5.014528374635180086e+01 7.369161914233839816e+00
4.903095057669498402e+01 7.026140418207219795e+00
4.791661989322258108e+01 6.683394437414007960e+00
4.680229277304737678e+01 6.341039994706981098e+00
4.568797073685392718e+01 5.999241906351890030e+00
4.457365593819884708e+01 5.658234300801803229e+00
4.345935143159333336e+01 5.318349766097228759e+00
4.234506155273979289e+01 4.980060754431474557e+00
4.123079245825567796e+01 4.644038398306591375e+00
4.011655289207164543e+01 4.311236060262057634e+00
3.900235527390761092e+01 3.983008017223382602e+00
3.788821724532434843e+01 3.661278054402155924e+00
3.677416386580892294e+01 3.348778956884014057e+00
3.566023073227014351e+01 3.049392713044576819e+00
3.454646841027064141e+01 2.768633781478121225e+00
3.343294872861090994e+01 2.514335583000169905e+00
3.231977372083827760e+01 2.297625678631926238e+00
3.120708832675185462e+01 2.134311032789723228e+00
3.009509843503393611e+01 2.046844714622356953e+00
2.898311286445372659e+01 1.959861715812033944e+00
2.787087865305186796e+01 1.873221799828999279e+00
2.675863476576745015e+01 1.786796980928966327e+00
2.564609278615641230e+01 1.700364990936276799e+00
2.453337449103845813e+01 1.614443414613197847e+00
2.342043151741025042e+01 1.528504953116137655e+00
2.230730992943803415e+01 1.442890226608021909e+00
2.119391919823317139e+01 1.357773191300972293e+00
2.008029520293724701e+01 1.272760436005134776e+00
1.896635663703007779e+01 1.188111437537528792e+00
1.785204060234608292e+01 1.104258909594515448e+00
1.673743318553210813e+01 1.021684423807223352e+00
1.562247474781895207e+01 9.406124597835890944e-01
1.450712077359799146e+01 8.613374555270033595e-01
1.339146520767056181e+01 7.839783253888678027e-01
1.227553018576375266e+01 7.086578499384146301e-01
1.115896794519935220e+01 6.355076480666996819e-01
1.004175038276989973e+01 5.649961679150061755e-01
8.924526660627920549e+00 4.974473188916189725e-01
7.807533534105516537e+00 4.326428632287763199e-01
6.690875823830935154e+00 3.705319398273849707e-01
5.574622677975813012e+00 3.110363876102735237e-01
4.458846533520205213e+00 2.540306492803309224e-01
3.343229289176964159e+00 1.996240407493668212e-01
2.228080762047768726e+00 1.476769316867407866e-01
1.113718345343981841e+00 9.761187496429331312e-02
1.532100485346892978e-09 4.880785038346204668e-02
