-4.650678150357610008e+01 -2.351418027359586560e+01
-9.301342349628356487e+01 -2.323300344656339078e+01
-1.251075004904037087e+02 -2.295182662036900112e+01
-1.470601310420199468e+02 -2.267064979563594562e+01
-1.618767010816566483e+02 -2.238947297282584969e+01
-1.716719598202504926e+02 -2.210829615227945766e+01
-1.779339571550656842e+02 -2.182711933424735662e+01
-1.817097640509697101e+02 -2.154594251891319701e+01
-1.837361552676560166e+02 -2.126476570641104402e+01
-1.845315646694330098e+02 -2.098358889683836992e+01
-1.844607898665956043e+02 -2.070241209026562501e+01
-1.837805218387240416e+02 -2.042123528674339283e+01
-1.826713819965359562e+02 -2.014005848630767659e+01
-1.812604651606713162e+02 -1.985888168898374673e+01
-1.796372019992293474e+02 -1.957770489478900799e+01
-1.778645206815596964e+02 -1.929652810373512395e+01
-1.759867008108660968e+02 -1.901535131582953753e+01
-1.740348998684508501e+02 -1.873417453107664699e+01
-1.720310419134938513e+02 -1.845299774947866212e+01
-1.699905538788160584e+02 -1.817182097103630412e+01
-1.679242909739530205e+02 -1.789064419574933495e+01
-1.658398915010497490e+02 -1.760946742361707251e+01
-1.637427301753037057e+02 -1.732829065463887019e+01
-1.616365889318757354e+02 -1.704711388881463918e+01
-1.595241289412720107e+02 -1.676593712614547727e+01
-1.574072227444434304e+02 -1.648476036663453215e+01
-1.552871879606876178e+02 -1.620358361028807792e+01
-1.531649517369449995e+02 -1.592240685711706760e+01
-1.510411664630604491e+02 -1.564123010713930384e+01
-1.489162911951890180e+02 -1.536005336038245339e+01
-1.467906489496304516e+02 -1.507887661688836900e+01
-1.446644670178144167e+02 -1.479769987671918408e+01
-1.425379053340664086e+02 -1.451652313996598842e+01
-1.404110764366750175e+02 -1.423534640676110641e+01
-1.382840595135591002e+02 -1.395416967729561897e+01
-1.361569102855453366e+02 -1.367299295184418284e+01
-1.340296679607678527e+02 -1.339181623080031791e+01
-1.319023601281528784e+02 -1.311063951472659106e+01
-1.297750062007344809e+02 -1.282946280442589426e+01
-1.276476198385544762e+02 -1.254828610104274489e+01
-1.255202106535439412e+02 -1.226710940620725587e+01
-1.233927854091674732e+02 -1.198593272223974715e+01
-1.212653488645574811e+02 -1.170475605244148021e+01
-1.191379043684912347e+02 -1.142357940150789908e+01
-1.170104542773445928e+02 -1.114240277611586905e+01
-1.148830002491864377e+02 -1.086122618575824283e+01
-1.127555434507184771e+02 -1.058004964392988079e+01
-1.106280847028891259e+02 -1.029887316981323941e+01
-1.085006245833541954e+02 -1.001769679067376195e+01
-1.063731634985727368e+02 -9.736520545264150783e+00
-1.042457017345362118e+02 -9.455344488662356994e+00
-1.021182394924628483e+02 -9.174168699147090322e+00
-9.999077691391073586e+01 -8.892993287968995020e+00
-9.786331409844578388e+01 -8.611818413237003256e+00
-9.573585111606787734e+01 -8.330644299652963269e+00
-9.360838801594768199e+01 -8.049471266557635118e+00
-9.148092483256333196e+01 -7.768299767788336752e+00
-8.935346159000360444e+01 -7.487130448322844245e+00
-8.722599830497426865e+01 -7.205964224779129346e+00
-8.509853498888314505e+01 -6.924802399817894027e+00
-8.297107164926363509e+01 -6.643646824726288536e+00
-8.084360829071528087e+01 -6.362500130474453286e+00
-7.871614491547742887e+01 -6.081366056082587512e+00
-7.658868152370874327e+01 -5.800249915281280977e+00
-7.446121811350714381e+01 -5.519159259707948628e+00
-7.233375468067211500e+01 -5.238104821411412537e+00
-7.020629121818065244e+01 -4.957101852296534439e+00
-6.807882771531046728e+01 -4.676172027681968046e+00
-6.595136415630183535e+01 -4.395346151549812674e+00
-6.382390051839065137e+01 -4.114668001123262364e+00
-6.169643676896712492e+01 -3.834199790605402391e+00
-5.956897286150588400e+01 -3.554029935996039224e+00
-5.744150872975907163e+01 -3.274284090095937572e+00
-5.531404427948823610e+01 -2.995140824952403857e+00
-5.318657937670234048e+01 -2.716853919036970488e+00
-5.105911383093489775e+01 -2.439784030767500944e+00
-4.893164737147197485e+01 -2.164443711475524612e+00
-4.680417961356511825e+01 -1.891561375785568933e+00
-4.467671001041164658e+01 -1.622172213404917462e+00
-4.254923778490944386e+01 -1.357747388818636658e+00
-4.042176183266859368e+01 -1.100377654011351458e+00
-3.829428058417493475e+01 -8.530342905036921719e-01
-3.616679180890267276e+01 -6.199399482875607159e-01
-3.403929233692757350e+01 -4.070956652266988218e-01
-3.191177766329613874e+01 -2.230298430179554758e-01
-2.978424138577315006e+01 -7.986265770226082250e-02
-2.765667440579391823e+01 5.181248617264482860e-03
-2.552906379287302840e+01 7.622967097865540782e-03
-2.340114808013861136e+01 8.217373075068781091e-03
-2.127338020243411520e+01 7.977609537228022574e-03
-1.914577343176203073e+01 6.914366236193525590e-03
-1.701806477744956325e+01 5.414244449665174368e-03
-1.489032026769370809e+01 3.716431891913863153e-03
-1.276248608867905610e+01 2.026382958485564972e-03
-1.063483421211094893e+01 5.114603533941440659e-04
-8.507284311012881517e+00 -4.369094023993469445e-04
-6.380171321205326151e+00 -8.339506251745145565e-04
-4.253226553412198463e+00 -6.052855730476759373e-04
-2.126521337188058247e+00 -2.055378306089500763e-04
8.253426027816860426e-08 1.573055306032053609e-04
