-2.654609882774035157e+01 -2.239273100248637682e+00
-5.257023954318646730e+01 -2.215530384197622382e+00
-7.055848838455588634e+01 -2.191787668146425450e+00
-8.288276336420967993e+01 -2.168044952094866140e+00
-9.121498040834565302e+01 -2.144302236042763266e+00
-9.673353218537205578e+01 -2.120559519989940078e+00
-1.002689683997673882e+02 -2.096816803936220719e+00
-1.024066735577642788e+02 -2.073074087881437322e+00
-1.035592358737216756e+02 -2.049331371825426462e+00
-1.040174540150137830e+02 -2.025588655768041146e+00
-1.039862874590245667e+02 -2.001845939709148148e+00
-1.036101948708177929e+02 -1.978103223648641329e+00
-1.029909929906535950e+02 -1.954360507586442308e+00
-1.022004438590639381e+02 -1.930617791522527105e+00
-1.012891264912300500e+02 -1.906875075456935242e+00
-1.002926897727281670e+02 -1.883132359389805499e+00
-9.923625959886626902e+01 -1.859389643321412322e+00
-9.813754509584830998e+01 -1.835646927252226890e+00
-9.700902793433168370e+01 -1.811904211182993940e+00
-9.585950539207254906e+01 -1.788161495114853450e+00
-9.469517792875733164e+01 -1.764418779049497621e+00
-9.352041572585430629e+01 -1.740676062989410688e+00
-9.233829895596113602e+01 -1.716933346938194660e+00
-9.115099857313977338e+01 -1.693190630901038940e+00
-8.996004469993552277e+01 -1.669447914885388018e+00
-8.876651579077071119e+01 -1.645705198901881383e+00
-8.757117195728200443e+01 -1.621962482965696006e+00
-8.637454893811801071e+01 -1.598219767098441935e+00
-8.517702433033556986e+01 -1.574477051330861244e+00
-8.397886427033577661e+01 -1.550734335706648759e+00
-8.278025633533205507e+01 -1.526991620287879492e+00
-8.158133273283621634e+01 -1.503248905162703819e+00
-8.038218664499304111e+01 -1.479506190456273185e+00
-7.918288374835292132e+01 -1.455763476346230600e+00
-7.798347033322959021e+01 -1.432020763084697279e+00
-7.678397902640899986e+01 -1.408278051029464795e+00
-7.558443282468660129e+01 -1.384535340688249683e+00
-7.438484793788455818e+01 -1.360792632781483436e+00
-7.318523579282042135e+01 -1.337049928331399684e+00
-7.198560444597066521e+01 -1.313307228788430869e+00
-7.078595957947122486e+01 -1.289564536210542345e+00
-6.958630520358721583e+01 -1.265821853517670403e+00
-6.838664415249536432e+01 -1.242079184852724616e+00
-6.718697843467072062e+01 -1.218336536093777234e+00
-6.598730948119529671e+01 -1.194593915580764776e+00
-6.478763832268539602e+01 -1.170851335146534833e+00
-6.358796571671081210e+01 -1.147108811579708343e+00
-6.238829224145828078e+01 -1.123366368700192686e+00
-6.118861836721831793e+01 -1.099624040303947226e+00
-5.998894451453303844e+01 -1.075881874341028333e+00
-5.878927110619362395e+01 -1.052139938843442701e+00
-5.758959861951538528e+01 -1.028398330335628996e+00
-5.638992764535309021e+01 -1.004657185767317662e+00
-5.519025896115186924e+01 -9.809166994439695308e-01
-5.399059362706488230e+01 -9.571771470478157573e-01
-5.279093311701965519e+01 -9.334389197191056420e-01
-5.159127950093592574e+01 -9.097025724108531719e-01
-5.039163570062103759e+01 -8.859688924949410405e-01
-4.919200585097710388e+01 -8.622389971010124832e-01
-4.799239581117341658e+01 -8.385144712216743290e-01
-4.679281388897535265e+01 -8.147975636572678537e-01
-4.559327186777352381e+01 -7.910914650238878298e-01
-4.439378646327571687e+01 -7.674007021933896278e-01
-4.319438138994075160e+01 -7.437316979280441664e-01
-4.199509029261058402e+01 -7.200935648946813483e-01
-4.079596090575394385e+01 -6.964992322183327644e-01
-3.959706095449509178e+01 -6.729670438455915837e-01
-3.839848652692301556e+01 -6.495230263153780603e-01
-3.720037395268131775e+01 -6.262041062903099808e-01
-3.600291665629112003e+01 -6.030626756160403223e-01
-3.480638907001238636e+01 -5.801730635448659745e-01
-3.360822113813541989e+01 -5.571693632073970726e-01
-3.240854243328256956e+01 -5.340647734375724154e-01
-3.120782421745530399e+01 -5.110677565575310055e-01
-3.000620437703236476e+01 -4.880241347799045837e-01
-2.880440135568726845e+01 -4.647429603440776380e-01
-2.760289108218330867e+01 -4.412060369870715038e-01
-2.640128769387839469e+01 -4.178856975800967488e-01
-2.519982180006271477e+01 -3.949279294613509128e-01
-2.399855949505177932e+01 -3.721359111803796971e-01
-2.279764255850101051e+01 -3.493175888999920931e-01
-2.159725950201521272e+01 -3.262217226423092531e-01
-2.039756865019616328e+01 -3.025757826342154178e-01
-1.919859113254456062e+01 -2.784111651936497789e-01
-1.799997736671567594e+01 -2.537795483144690833e-01
-1.680162142020535399e+01 -2.290734914532333577e-01
-1.560328100824058062e+01 -2.044812254900235104e-01
-1.440471474349586778e+01 -1.802775378992595434e-01
-1.320589695553897691e+01 -1.567820955506780412e-01
-1.200661540816117245e+01 -1.341786066481155948e-01
-1.080709061872348364e+01 -1.127666699332495609e-01
-9.607295798959203381e+00 -9.272086952649156999e-02
-8.407208919377790579e+00 -7.404858767191942193e-02
-7.207051576168930218e+00 -5.684751327743035182e-02
-6.006609599340369421e+00 -4.121727453032033445e-02
-4.805949165626497432e+00 -2.750177999956036554e-02
-3.605313302772457540e+00 -1.613716347275395355e-02
-2.404778548316515607e+00 -7.661891858967683974e-03
-1.204591005947085236e+00 -2.547022852636940567e-03
-5.278171921889173411e-03 -1.309331010642401623e-03
