-9.777041578971628510e+00 3.085501287941819548e+00
-1.955292643601247704e+01 3.053372239538143962e+00
-2.875629445173452936e+01 3.021172337611279790e+00
-3.531929629554684169e+01 2.988976507841261565e+00
-3.995492238527559437e+01 2.956783649831883576e+00
-4.318409042492331906e+01 2.924592960539778019e+00
-4.538692812984778868e+01 2.892403853923708468e+00
-4.684082495279592706e+01 2.860215902305230262e+00
-4.774819945919044528e+01 2.828028793575151134e+00
-4.825676193263930003e+01 2.795842299963859467e+00
-4.847430054643670871e+01 2.763656255250689586e+00
-4.847947123275392300e+01 2.731470538131866466e+00
-4.832967134179557434e+01 2.699285060082854848e+00
-4.806678526355526770e+01 2.667099756500595387e+00
-4.772137716311001299e+01 2.634914580239320792e+00
-4.731575053267816600e+01 2.602729496893162686e+00
-4.686618082924974260e+01 2.570544481353506772e+00
-4.638454469042748229e+01 2.538359515296629620e+00
-4.587950881710213480e+01 2.506174585350239070e+00
-4.535739753313961842e+01 2.473989681755452530e+00
-4.482282586702096694e+01 2.441804797390334514e+00
-4.427916152853445908e+01 2.409619927057282673e+00
-4.372886202557977242e+01 2.377435066962966026e+00
-4.317372066735207881e+01 2.345250214338781891e+00
-4.261504607946699963e+01 2.313065367163831265e+00
-4.205379320096201212e+01 2.280880523962725892e+00
-4.149065887631926586e+01 2.248695683657970346e+00
-4.092615161152554037e+01 2.216510845462153156e+00
-4.036064247693668250e+01 2.184326008799179153e+00
-3.979440225245973295e+01 2.152141173246627126e+00
-3.922762853338566913e+01 2.119956338493502290e+00
-3.866046551023998745e+01 2.087771504309122950e+00
-3.809301840266800809e+01 2.055586670520051840e+00
-3.752536399222654495e+01 2.023401836992752223e+00
-3.695755830844300505e+01 1.991217003620241899e+00
-3.638964223753804816e+01 1.959032170311391985e+00
-3.582164561526020208e+01 1.926847336981826864e+00
-3.525359021353696676e+01 1.894662503545489374e+00
-3.468549191991418468e+01 1.862477669906042133e+00
-3.411736232795202284e+01 1.830292835947243457e+00
-3.354920989778052842e+01 1.798108001521318666e+00
-3.298104080298983121e+01 1.765923166434196112e+00
-3.241285954863085550e+01 1.733738330426093155e+00
-3.184466942219055952e+01 1.701553493145538276e+00
-3.127647282268529239e+01 1.669368654114215200e+00
-3.070827150081572299e+01 1.637183812679113171e+00
-3.014006673422333193e+01 1.604998967947204980e+00
-2.957185945539234950e+01 1.572814118696102437e+00
-2.900365034500037709e+01 1.540629263251764636e+00
-2.843543990006238786e+01 1.508444399321010598e+00
-2.786722848368954075e+01 1.476259523762086134e+00
-2.729901636144375843e+01 1.444074632270324843e+00
-2.673080372792743020e+01 1.411889718947455741e+00
-2.616259072626963444e+01 1.379704775711459996e+00
-2.559437746245985679e+01 1.347519791487935548e+00
-2.502616401596373308e+01 1.315334751102053668e+00
-2.445795044768365756e+01 1.283149633760249264e+00
-2.388973680606104466e+01 1.250964410969725771e+00
-2.332152313193097015e+01 1.218779043687608921e+00
-2.275330946261538045e+01 1.186593478414514236e+00
-2.218509583566410726e+01 1.154407641841660004e+00
-2.161688229261845606e+01 1.122221433515943501e+00
-2.104866888317380358e+01 1.090034715789089725e+00
-2.048045567015770985e+01 1.057847300045218208e+00
-1.991224273582155035e+01 1.025658927828835720e+00
-1.934403019007531910e+01 9.934692449849993334e-01
-1.877581818148907544e+01 9.612777662242434351e-01
-1.820760691216201721e+01 9.290838265668006635e-01
-1.763939665794637079e+01 8.968865148078453142e-01
-1.707118779604941494e+01 8.646845823466154934e-01
-1.650298084277492805e+01 8.324763182572681997e-01
-1.593477650517956690e+01 8.002593781016490437e-01
-1.536657575181192570e+01 7.680305493557753049e-01
-1.479837990997389774e+01 7.357854297165981050e-01
-1.423018809833842546e+01 7.035212941667799980e-01
-1.366195683942704342e+01 6.713029863668136255e-01
-1.309370481590221047e+01 6.391096536474425438e-01
-1.252545859291696928e+01 6.069645794929352522e-01
-1.195721942505791091e+01 5.748631785519698889e-01
-1.138897738201774246e+01 5.427475714344798252e-01
-1.082072711569649037e+01 5.106167546721206429e-01
-1.025248537633610724e+01 4.785225115549598396e-01
-9.684253169867099942e+00 4.464934299631238557e-01
-9.116003043050064036e+00 4.144791932079435193e-01
-8.547730888506285041e+00 3.824968704980037937e-01
-7.979449895762110501e+00 3.506207087386041810e-01
-7.411261620080789925e+00 3.189942688481159361e-01
-6.843139727756414104e+00 2.875474078005701983e-01
-6.274993077918768591e+00 2.563133373896296918e-01
-5.706828376702981487e+00 2.253872829872920480e-01
-5.138650523117227920e+00 1.948952384408679517e-01
-4.570463100144286805e+00 1.650066396957814430e-01
-4.002268733242160259e+00 1.359513240736207607e-01
-3.434069353038973649e+00 1.080425353668583582e-01
-2.865866388505951878e+00 8.170827739583029492e-02
-2.297660909936194873e+00 5.753415430124971669e-02
-1.729453736034672451e+00 3.632198559228193291e-02
-1.161245515833908559e+00 1.917006291801241769e-02
-5.930367936308404975e-01 7.583081720993848154e-03
-2.482806388423678193e-02 3.620795458491995241e-03
