2.700157085787080291e+01 4.497643756069297183e+01
5.400297565074472317e+01 4.442686380065082830e+01
7.266076375543042332e+01 4.387729004038398273e+01
8.544012441397150326e+01 4.332771627966755545e+01
9.407788670652128360e+01 4.277814251827653180e+01
9.979771947075155936e+01 4.222856875598586868e+01
1.034617486587201398e+02 4.167899499257043061e+01
1.056773781155930010e+02 4.112942122780511767e+01
1.068725492926649849e+02 4.057984746146480859e+01
1.073487648675923793e+02 4.003027369332446028e+01
1.073184461058517627e+02 3.948069992315904386e+01
1.069312526866787181e+02 3.893112615074368676e+01
1.062926261229021492e+02 3.838155237585369406e+01
1.054768543769473297e+02 3.783197859826460530e+01
1.045362764300491278e+02 3.728240481775235082e+01
1.035077672868148113e+02 3.673283103409335126e+01
1.024173069325765653e+02 3.618325724706480173e+01
1.012831993552266994e+02 3.563368345644487079e+01
1.001183404809362401e+02 3.508410966201326886e+01
9.893181602986533107e+01 3.453453586355177407e+01
9.773002727244116272e+01 3.398496206084517013e+01
9.651748417181023854e+01 3.343538825368250400e+01
9.529736418591865288e+01 3.288581444185875569e+01
9.407190596698373497e+01 3.233624062517755249e+01
9.284268673926335680e+01 3.178666680345460449e+01
9.161081772331242234e+01 3.123709297652281691e+01
9.037708182055781947e+01 3.068751914423950211e+01
8.914203061784807858e+01 3.013794530649666470e+01
8.790605273122244512e+01 2.958837146323549661e+01
8.666942195695845896e+01 2.903879761446701835e+01
8.543233119600209591e+01 2.848922376030138182e+01
8.419491635514968664e+01 2.793964990098939438e+01
8.295727318643174897e+01 2.739007603698155791e+01
8.171946915116419063e+01 2.684050216901178487e+01
8.048155177866932775e+01 2.629092829821623667e+01
7.924355455534482928e+01 2.574135442630204551e+01
7.800550107375939035e+01 2.519178055578672826e+01
7.676740795586431432e+01 2.464220669033806388e+01
7.552928691251830173e+01 2.409263283525643828e+01
7.429114619450858470e+01 2.354305899815949132e+01
7.305299161485578452e+01 2.299348518995394031e+01
7.181482726906992298e+01 2.244391142621482516e+01
7.057665604259999270e+01 2.189433772914330945e+01
6.933847996835250171e+01 2.134476413034535369e+01
6.810030047857640056e+01 2.079519067477582439e+01
6.686211858232449856e+01 2.024561742633642325e+01
6.562393499047875878e+01 1.969604447582139173e+01
6.438575020383159142e+01 1.914647195219518849e+01
6.314756457513579591e+01 1.859690003859971696e+01
6.190937835281214774e+01 1.804732899507429877e+01
6.067119171172959113e+01 1.749775919080362740e+01
5.943300477487217393e+01 1.694819114988933606e+01
5.819481762857721918e+01 1.639862561631643345e+01
5.695663033323285163e+01 1.584906364616423957e+01
5.571844293076038213e+01 1.529950673848729004e+01
5.448025544980835377e+01 1.474995702108277129e+01
5.324206790930232103e+01 1.420041751416198395e+01
5.200388032078972600e+01 1.365089250459593373e+01
5.076569268987064021e+01 1.310138807710562681e+01
4.952750501689158824e+01 1.255191286821410124e+01
4.828931729698857112e+01 1.200247913637802277e+01
4.705112951948432709e+01 1.145310428089306853e+01
4.581294166656530820e+01 1.090381299777215673e+01
4.457475371107450002e+01 1.035464033971948972e+01
4.333656561314664657e+01 9.805636059344822186e+00
4.209837731526868509e+01 9.256870773761598059e+00
4.086018873515361349e+01 8.708444714390116914e+00
3.962199975554486997e+01 8.160500146105384545e+00
3.838381020968770940e+01 7.613238994517442570e+00
3.714561986066760824e+01 7.066947865482790192e+00
3.590742837205566929e+01 6.522033556875959093e+00
3.466923526622366580e+01 5.979073462688074159e+00
3.343103986516413073e+01 5.438887114744943574e+00
3.219284120648245562e+01 4.902637726382590877e+00
3.095463792415250026e+01 4.371976319794366184e+00
2.971642807926053109e+01 3.849246295070620771e+00
2.847820891976633462e+01 3.337773787947094117e+00
2.723997653951422038e+01 2.842279770789144955e+00
2.600166399086342750e+01 2.355932916611434003e+00
2.476339788909394457e+01 1.870013464381656387e+00
2.352519434923916464e+01 1.388763362043737626e+00
2.228694487371843636e+01 9.543799684032195918e-01
2.104864180015110620e+01 5.811362668736531623e-01
1.981027082514883730e+01 2.908806588396896098e-01
1.857180923207061696e+01 1.157441426960298114e-01
1.733322307634025350e+01 1.021212651157204637e-01
1.609461244962912119e+01 9.279550055929897123e-02
1.485604227062115790e+01 8.439055778312977429e-02
1.361783396125625956e+01 7.683510517601971346e-02
1.237962601442746191e+01 6.955624240689178839e-02
1.114138096410026968e+01 6.237133151557566757e-02
9.903238233745902619e+00 5.537335987197190140e-02
8.665143811780749772e+00 4.859942608711810552e-02
7.427158541912445955e+00 4.204068135131857481e-02
6.189163880217961378e+00 3.561364169859733420e-02
4.951211673428564275e+00 2.930853578822074229e-02
3.713328088147691108e+00 2.318732640329325759e-02
2.475460662592900096e+00 1.713446897107150438e-02
1.237709379568372015e+00 1.130114905202232907e-02
-1.194165428052267522e-08 5.540547440526536957e-03
