-3.206686930193648521e+01 4.411069431591546675e+01
-6.413363614579861860e+01 4.353203267572632740e+01
-8.628172990613674642e+01 4.295337102215375324e+01
-1.014447155682262007e+02 4.237470934180667115e+01
-1.116885215443483190e+02 4.179604762128865758e+01
-1.184680534616479264e+02 4.121738584719983578e+01
-1.228079113843451609e+02 4.063872400613811209e+01
-1.254296577780826425e+02 4.006006208470015650e+01
-1.268414444671731047e+02 3.948140006948242586e+01
-1.274011313582044806e+02 3.890273794708188859e+01
-1.273607370539168926e+02 3.832407570409701236e+01
-1.268977426718031580e+02 3.774541332712881569e+01
-1.261371371877722822e+02 3.716675080278227483e+01
-1.251669426084436623e+02 3.658808811766825642e+01
-1.240491473899429451e+02 3.600942525840606834e+01
-1.228274061686548038e+02 3.543076221162719008e+01
-1.215324622054541379e+02 3.485209896398036022e+01
-1.201859660778622612e+02 3.427343550213890211e+01
-1.188031649487915047e+02 3.369477181281109068e+01
-1.173947964522215841e+02 3.311610788275481099e+01
-1.159684224397670249e+02 3.253744369879834863e+01
-1.145293682559080395e+02 3.195877924786996260e+01
-1.130813842114519190e+02 3.138011451703992449e+01
-1.116271114183881394e+02 3.080144949358003359e+01
-1.101684098485700076e+02 3.022278416504824960e+01
-1.087065893651581234e+02 2.964411851940890941e+01
-1.072425724237789950e+02 2.906545254520325017e+01
-1.057770086528908422e+02 2.848678623179173997e+01
-1.043103555456499407e+02 2.790811956969803376e+01
-1.028429352862027741e+02 2.732945255109753901e+01
-1.013749747689304428e+02 2.675078517051102622e+01
-9.990663378152920870e+01 2.617211742578956901e+01
-9.843802485261304014e+01 2.559344931951324753e+01
-9.696922722915520865e+01 2.501478086097716869e+01
-9.550029671993975455e+01 2.443611206901163158e+01
-9.403127262770080108e+01 2.385744297598678543e+01
-9.256218263100672061e+01 2.327877363349909245e+01
-9.109304622227980985e+01 2.270010412044604564e+01
-8.962387712899544567e+01 2.212143455449230345e+01
-8.815468501880393148e+01 2.154276510835118685e+01
-8.668547670037177966e+01 2.096409603290451074e+01
-8.521625696910223269e+01 2.038542769003221267e+01
-8.374702920278339491e+01 1.980676059923013810e+01
-8.227779578115108450e+01 1.922809550380667076e+01
-8.080855838148144699e+01 1.864943346488110976e+01
-7.933931818692938975e+01 1.807077599486019182e+01
-7.787007603349093188e+01 1.749212524697313853e+01
-7.640083251384423590e+01 1.691348428440894125e+01
-7.493158805096759068e+01 1.633485746248802783e+01
-7.346234295067841913e+01 1.575625097134120267e+01
-7.199309743961977404e+01 1.517767360650698727e+01
-7.052385169341204119e+01 1.459913786317012274e+01
-6.905460585846711297e+01 1.402066148996665262e+01
-6.758536007017471547e+01 1.344226969536760130e+01
-6.611611446971940609e+01 1.286399828071627915e+01
-6.464686922161739346e+01 1.228589808910195380e+01
-6.317762453415155477e+01 1.170804132270483144e+01
-6.170838068524267328e+01 1.113053051334686572e+01
-6.023913805697068824e+01 1.055351126056162414e+01
-5.876989718303359922e+01 9.977190319494027904e+00
-5.730065881503963965e+01 9.401861285491637688e+00
-5.583142401586596293e+01 8.827941065902701112e+00
-5.436219429168124861e+01 8.256021669572826127e+00
-5.289297177903043945e+01 7.686943747281925532e+00
-5.142375951021988101e+01 7.121901018243955050e+00
-4.995456178996730756e+01 6.562588554429133580e+00
-4.848538473010075478e+01 6.011413342444831720e+00
-4.701623700872305278e+01 5.471793278769965241e+00
-4.554713094813913443e+01 4.948581739243812727e+00
-4.407808404543844460e+01 4.448670462423478966e+00
-4.260912114584907329e+01 3.981845636401538879e+00
-4.114027752882162758e+01 3.562003531365752540e+00
-3.967160329017205100e+01 3.208876682608930331e+00
-3.820316956459986102e+01 2.950485048782759190e+00
-3.673507736149483804e+01 2.826614325574195785e+00
-3.526746442730032527e+01 2.705005549309182022e+00
-3.379945509004706850e+01 2.583742617863411972e+00
-3.233131322792352336e+01 2.462853721680764885e+00
-3.086286014051056270e+01 2.342196040836764137e+00
-2.939414754610784897e+01 2.221903867435726987e+00
-2.792547155994539310e+01 2.102084679874450579e+00
-2.645616332819102823e+01 1.983102839176359433e+00
-2.498641210879560148e+01 1.865273979380779101e+00
-2.351634382001131485e+01 1.748786307504678561e+00
-2.204585965074559084e+01 1.633736792295627183e+00
-2.057518153534972427e+01 1.520054832558723534e+00
-1.910465186353265210e+01 1.407671272181073796e+00
-1.763425391401567666e+01 1.296750276669845992e+00
-1.616378134914163667e+01 1.187405279073434849e+00
-1.469312941702119168e+01 1.079802727637566795e+00
-1.322210501937908589e+01 9.740718318352141747e-01
-1.175100642669396578e+01 8.704000922104172533e-01
-1.028016018651949182e+01 7.686591482470515047e-01
-8.809810893547176391e+00 6.688343514207738538e-01
-7.340117137600843833e+00 5.707121528637253416e-01
-5.871297370359631174e+00 4.738690201805472735e-01
-4.402939504735106091e+00 3.779547975627632894e-01
-2.934952227336078856e+00 2.828355057919760829e-01
-1.467291797659571406e+00 1.882980561507143769e-01
1.164105541152179472e-10 9.394292997183964489e-02
