4.062790284781761585e+01 4.767053424755088997e+01
8.125572893765904325e+01 4.715537681287575822e+01
1.093068209707003007e+02 4.664021937817398111e+01
1.285039693417099897e+02 4.612506194342588373e+01
1.414679956607823499e+02 4.560990450861702783e+01
1.500439422723939629e+02 4.509474707373696134e+01
1.555307076745581014e+02 4.457958963877826619e+01
1.588427084459468119e+02 4.406443220373567016e+01
1.606236882513879038e+02 4.354927476860554236e+01
1.613268386839382060e+02 4.303411733338550960e+01
1.612712038464588886e+02 4.251895989807408682e+01
1.606813888312109384e+02 4.200380246267044981e+01
1.597155142460262311e+02 4.148864502717422909e+01
1.584848960293345499e+02 4.097348759158538201e+01
1.570678999192797392e+02 4.045833015590418569e+01
1.555196949150318062e+02 3.994317272013105224e+01
1.538791196537492283e+02 3.942801528426656432e+01
1.521735162978604023e+02 3.891285784831141825e+01
1.504221335620723892e+02 3.839770041226638853e+01
1.486385224235192197e+02 3.788254297613229937e+01
1.468322226870183727e+02 3.736738553991008160e+01
1.450099503166701140e+02 3.685222810360077261e+01
1.431764333100234978e+02 3.633707066720547374e+01
1.413350001483643439e+02 3.582191323072542843e+01
1.394879940621100332e+02 3.530675579416207910e+01
1.376370646711073960e+02 3.479159835751711682e+01
1.357833732976144461e+02 3.427644092079259508e+01
1.339277375053803780e+02 3.376128348399103629e+01
1.320707328542718813e+02 3.324612604711569475e+01
1.302127645349063698e+02 3.273096861017078396e+01
1.283541177989941104e+02 3.221581117316200249e+01
1.264949934619902336e+02 3.170065373609699932e+01
1.246355328967438396e+02 3.118549629898630471e+01
1.227758356288739776e+02 3.067033886184450608e+01
1.209159717238063649e+02 3.015518142469197826e+01
1.190559905071709181e+02 2.964002398755722822e+01
1.171959267039088814e+02 2.912486655048042294e+01
1.153358047601658711e+02 2.860970911351820689e+01
1.134756418858784457e+02 2.809455167675066889e+01
1.116154501967363188e+02 2.757939424029123288e+01
1.097552382221106768e+02 2.706423680430059520e+01
1.078950119666262140e+02 2.654907936900665177e+01
1.060347756575015410e+02 2.603392193473278482e+01
1.041745322706721595e+02 2.551876450193790902e+01
1.023142839011775322e+02 2.500360707127354942e+01
1.004540320239115658e+02 2.448844964366478649e+01
9.859377767718878260e+01 2.397329222042530361e+01
9.673352159197392552e+01 2.345813480342071955e+01
9.487326428285831525e+01 2.294297739530074409e+01
9.301300611210638181e+01 2.242781999982878105e+01
9.115274733474298330e+01 2.191266262235027540e+01
8.929248813029454368e+01 2.139750527045784878e+01
8.743222862513258065e+01 2.088234795493618634e+01
8.557196890820227964e+01 2.036719069110419156e+01
8.371170904209247965e+01 1.985203350072149675e+01
8.185144907082556642e+01 1.933687641469651197e+01
7.999118902533651010e+01 1.882171947693325365e+01
7.813092892732305472e+01 1.830656274979552123e+01
7.627066879194613591e+01 1.779140632186864579e+01
7.441040862971695447e+01 1.727625031898477914e+01
7.255014844780511396e+01 1.676109491988391653e+01
7.068988825093080663e+01 1.624594037845995231e+01
6.882962804195254591e+01 1.573078705536035038e+01
6.696936782222265094e+01 1.521563546287253743e+01
6.510910759175570206e+01 1.470048632868345351e+01
6.324884734923027452e+01 1.418534068644793678e+01
6.138858709182451179e+01 1.367020000443811867e+01
5.952832681486481192e+01 1.315506636828559373e+01
5.766806651124416305e+01 1.263994274056065947e+01
5.580780617053757453e+01 1.212483332949608439e+01
5.394754577770456194e+01 1.160974411274690965e+01
5.208728531121721517e+01 1.109468358137405453e+01
5.022702474038076303e+01 1.057966379664831358e+01
4.836676402151324794e+01 1.006470189120557457e+01
4.650650309250880099e+01 9.549822201388094456e+00
4.464624186510796022e+01 9.035059296164781983e+00
4.278598021391275097e+01 8.520462279612287304e+00
4.092571796077948676e+01 8.006100902447103707e+00
3.906545485264697959e+01 7.492074243254789323e+00
3.720519053004016286e+01 6.978523039888949953e+00
3.534492448232972350e+01 6.465647205815686860e+00
3.348465598417851652e+01 5.953730711501578732e+00
3.162438400526568927e+01 5.443176927602412007e+00
2.976410708205202837e+01 4.934558828793909058e+00
2.790382313562669481e+01 4.428690306652897313e+00
2.604352921296431234e+01 3.926727467246533543e+00
2.418322111938897123e+01 3.430312521007671922e+00
2.232289289650147168e+01 2.941778173543999841e+00
2.046253608059211970e+01 2.464437956022756282e+00
1.860213864924045879e+01 2.002998629880272663e+00
1.674168352499494716e+01 1.564145994072648760e+00
1.488114644989933666e+01 1.157377004901206874e+00
1.302049296633285280e+01 7.961817740820840150e-01
1.116044129754794589e+01 4.375576381583984875e-01
9.300250230792126871e+00 1.631517773644364511e-01
7.439928372879871965e+00 2.928324912586004972e-03
5.579468052280710744e+00 1.062643566927590644e-03
3.719548096542550031e+00 8.120910888365493645e-04
1.859756972627570670e+00 4.497564765573947238e-04
4.033386724196497491e-09 4.090867732367774428e-06
