3.039083664409244534e+01 4.595679633250939133e+01
6.078161552323665262e+01 4.535400340923188622e+01
8.177628472713324470e+01 4.475121048473071284e+01
9.615258058825372700e+01 4.414841755778461874e+01
1.058670677624260605e+02 4.354562462717400706e+01
1.122978991033359790e+02 4.294283169168069492e+01
1.164158093538733141e+02 4.234003875008740181e+01
1.189045586198441953e+02 4.173724580117775673e+01
1.202457695955186807e+02 4.113445284373614896e+01
1.207786846813619377e+02 4.053165987654774227e+01
1.207422573312758516e+02 3.992886689839851755e+01
1.203048000942028324e+02 3.932607390807560677e+01
1.195848679174303442e+02 3.872328090436749903e+01
1.186659677979986469e+02 3.812048788606464456e+01
1.176069198755493375e+02 3.751769485196012965e+01
1.164491555145200010e+02 3.691490180085082073e+01
1.152218578819285426e+02 3.631210873153886354e+01
1.139455828356074676e+02 3.570931564283388582e+01
1.126348093829576413e+02 3.510652253355615926e+01
1.112997361572360546e+02 3.450372940254099063e+01
1.099475468083596041e+02 3.390093624864506694e+01
1.085833013110159158e+02 3.329814307075543667e+01
1.072105637787319665e+02 3.269534986780220009e+01
1.058318446796458687e+02 3.209255663877658549e+01
1.044489123217047677e+02 3.148976338275660325e+01
1.030630122546726426e+02 3.088697009894351808e+01
1.016750218111531296e+02 3.028417678671349833e+01
1.002855589612353668e+02 2.968138344569105413e+01
9.889505898685273166e+01 2.907859007585325628e+01
9.750382848919181811e+01 2.847579667767777423e+01
9.611208343009572275e+01 2.787300325235285570e+01
9.471997592743198879e+01 2.727020980207563383e+01
9.332761312904798956e+01 2.666741633047557514e+01
9.193507050709172290e+01 2.606462284321556311e+01
9.054240122218429576e+01 2.546182934884540572e+01
8.914964271929989081e+01 2.485903586001346000e+01
8.775682137373411251e+01 2.425624239518676006e+01
8.636395576360662574e+01 2.365344898109323424e+01
8.497105897493300120e+01 2.305065565618875567e+01
8.357814022526615361e+01 2.244786247557949466e+01
8.218520600736002280e+01 2.184506951801001051e+01
8.079226089475508843e+01 2.124227689578454203e+01
7.939930810923827664e+01 2.063948476885203931e+01
7.800634992058472506e+01 2.003669336480292529e+01
7.661338792817905130e+01 1.943390300725851816e+01
7.522042325945822938e+01 1.883111415617566919e+01
7.382745670979787178e+01 1.822832746506740165e+01
7.243448884119808895e+01 1.762554386223938252e+01
7.104152005201328279e+01 1.702276466612167027e+01
6.964855062637775518e+01 1.641999174900576364e+01
6.825558076945975472e+01 1.581722776950289067e+01
6.686261063291722451e+01 1.521447650256605399e+01
6.546964033371507696e+01 1.461174330802402643e+01
6.407666996863724762e+01 1.400903579576111291e+01
6.268369962629531500e+01 1.340636477007620009e+01
6.129072939812277099e+01 1.280374557039358230e+01
5.989775938971953906e+01 1.220119997467655004e+01
5.850478973395444626e+01 1.159875890171264778e+01
5.711182060745054656e+01 1.099646624756085167e+01
5.571885225249972962e+01 1.039438433217369173e+01
5.432588500712490998e+01 9.792601631992512878e+00
5.293291934701998258e+01 9.191243757949450810e+00
5.153995594457138196e+01 8.590489040988769531e+00
5.014699575228407724e+01 7.990590658905167842e+00
4.875404012096322504e+01 7.391908049920663082e+00
4.736109096731460966e+01 6.794951510688233220e+00
4.596815101175904772e+01 6.200445512288300876e+00
4.457522411596735878e+01 5.609418590248219871e+00
4.318231576199551824e+01 5.023330961827705110e+00
4.178943373246809045e+01 4.444255704882072777e+00
4.039658907620395922e+01 3.875135978350522148e+00
3.900379747909347827e+01 3.320150199398806290e+00
3.761108121031827523e+01 2.785230487134227051e+00
3.621847188538990991e+01 2.278798699597448962e+00
3.482601438883013856e+01 1.812811388957470182e+00
3.343377244319784580e+01 1.404243329339005975e+00
3.204183651543668532e+01 1.077193688288015094e+00
3.065033504152048494e+01 8.658761683516482677e-01
2.925945036208504035e+01 8.188632958802771755e-01
2.786783608245030308e+01 7.765902713563338500e-01
2.647515786654334136e+01 7.342034854919823328e-01
2.508184893249373104e+01 6.921594397057588832e-01
2.368791881594099991e+01 6.503011584873747974e-01
2.229391303140070590e+01 6.089358772550548249e-01
2.090002119173392714e+01 5.680504246482516173e-01
1.950639667499401853e+01 5.275949370134557226e-01
1.811281546193533387e+01 4.876979289139939944e-01
1.671902688303118367e+01 4.481971422338665301e-01
1.532535382027135817e+01 4.093424501102235213e-01
1.393189901192878821e+01 3.710138692816417061e-01
1.253852843319585908e+01 3.332580673944607330e-01
1.114502810445363856e+01 2.958618457151074299e-01
9.751408089594995943e+00 2.591664012814969276e-01
8.357650308321968424e+00 2.233411422165064442e-01
6.964010864106283449e+00 1.886077697484138394e-01
5.570508657300389466e+00 1.549370026974523917e-01
4.177291050894440971e+00 1.223415538255924612e-01
2.784326447241822766e+00 9.059274637594641466e-02
1.391920071565097006e+00 5.977268972942305358e-02
-1.282142882168922871e-08 2.961628481087486692e-02
