1.995860370057951916e-01 4.393353033016411757e+01
3.992400936240206866e-01 4.348477254394671121e+01
5.849581773156840026e-01 4.303602466466901433e+01
7.560241608778679456e-01 4.258728645278306146e+01
9.126868119778037691e-01 4.213855201728075883e+01
1.056312483482463094e+00 4.168982158152329021e+01
1.191452763418469063e+00 4.124115866022313526e+01
1.314526392437523450e+00 4.079249814161923382e+01
1.426349007116843426e+00 4.034384150357382026e+01
1.527681578416821617e+00 3.989518966075116424e+01
1.619357355059859671e+00 3.944654371111153779e+01
1.702098121611346437e+00 3.899790431961649517e+01
1.776731004358280019e+00 3.854927143409388179e+01
1.844295222440230253e+00 3.810065976193663317e+01
1.907358574972330745e+00 3.765206925265992055e+01
1.963463125671827347e+00 3.720348986080431786e+01
2.012826516208501726e+00 3.675492380327964526e+01
2.055919821454712970e+00 3.630637251980665781e+01
2.093180487439118220e+00 3.585783752757645004e+01
2.125014678255582101e+00 3.540932042930553081e+01
2.151799455184283172e+00 3.496082292180232542e+01
2.173884799667566536e+00 3.451234680509327291e+01
2.191595490953513359e+00 3.406389399215894542e+01
2.205232848449009353e+00 3.361546651933362995e+01
2.215076348106705062e+00 3.316706655742402177e+01
2.221480851154344904e+00 3.271869527405436884e+01
2.224733717885599926e+00 3.227035357791292114e+01
2.225082390597332260e+00 3.182204167614650103e+01
2.222751318228593842e+00 3.137375454468912750e+01
2.217940989218499581e+00 3.092549233924344776e+01
2.210850105324069226e+00 3.047724788162253873e+01
2.201621125876252805e+00 3.002902827764412663e+01
2.190428460045235948e+00 2.958082607597510716e+01
2.177377257191611015e+00 2.913265271047468019e+01
2.162619361167100074e+00 2.868450279589435326e+01
2.146251855249710516e+00 2.823639011674082511e+01
2.128399866485425118e+00 2.778832414641152937e+01
2.109156894785100711e+00 2.734031491997459185e+01
2.088652201262491293e+00 2.689235578585597608e+01
2.066946811035065057e+00 2.644444617329504155e+01
2.044127068478685416e+00 2.599658674193272034e+01
2.020255406506414886e+00 2.554879156221119985e+01
1.995414039401057993e+00 2.510106800783728431e+01
1.969668312611533523e+00 2.465342002509892438e+01
1.943081512558693547e+00 2.420584542123298277e+01
1.915713118145966121e+00 2.375835614376552840e+01
1.887615646860035135e+00 2.331096007678044657e+01
1.858838171404447737e+00 2.286365955286789031e+01
1.829419459340016818e+00 2.241646499206377641e+01
1.799413678224292656e+00 2.196937947572018146e+01
1.768854619284498497e+00 2.152241552955247883e+01
1.737780333314018932e+00 2.107558633397290038e+01
1.706230933103964675e+00 2.062890835154354363e+01
1.674235338983004251e+00 2.018238982241838642e+01
1.641824859282090543e+00 1.973603519997661238e+01
1.609035168254634662e+00 1.928985350590311754e+01
1.575890524809287374e+00 1.884386592227407320e+01
1.542419690613568317e+00 1.839808889351155941e+01
1.508640088070512864e+00 1.795254240478882934e+01
1.474575840274040761e+00 1.750724957532297310e+01
1.440239202254591122e+00 1.706222650657043971e+01
1.405651655141364031e+00 1.661749010519611502e+01
1.370830798345524792e+00 1.617306177528304545e+01
1.335783913619993823e+00 1.572897452479623581e+01
1.300532993617217636e+00 1.528524454953257994e+01
1.265088654445561733e+00 1.484189868438012638e+01
1.229461633005472621e+00 1.439896855501694617e+01
1.193667035652420827e+00 1.395650442683226800e+01
1.157714624319110985e+00 1.351454347628347463e+01
1.121614270556330561e+00 1.307312331019455165e+01
1.085373668918685031e+00 1.263226638701786442e+01
1.048999570207730159e+00 1.219199658130139774e+01
1.012496331650392989e+00 1.175234381171463305e+01
9.758722388971254880e-01 1.131336269286649454e+01
9.391346688462900438e-01 1.087510636688452692e+01
9.022888438971083946e-01 1.043762386211129645e+01
8.653406140320664131e-01 1.000097357667703157e+01
8.282973624135087087e-01 9.565200022988646467e+00
7.911704253052422864e-01 9.130357992509242848e+00
7.539687743614041926e-01 8.696542322575695039e+00
7.166992341884094175e-01 8.263835743659589284e+00
6.793668791408234986e-01 7.832320991951699618e+00
6.419744825312313496e-01 7.402054650604637409e+00
6.045259452840733294e-01 6.973110916437007312e+00
5.670233170864030781e-01 6.545584952188465699e+00
5.294692080616579810e-01 6.119559352595786095e+00
4.918701492078351722e-01 5.695148951607578169e+00
4.542278233527828890e-01 5.272474325285137375e+00
4.165481248243477208e-01 4.851672533969816570e+00
3.788366507630019919e-01 4.432881417468343521e+00
3.411011514167389680e-01 4.016245599600558158e+00
3.033509265134037847e-01 3.601951135006914662e+00
2.655989016027002214e-01 3.190114890335452813e+00
2.278630043105843717e-01 2.780891285427326665e+00
1.901675394075549586e-01 2.374365693277663336e+00
1.525263735208992610e-01 1.970741825174528561e+00
1.149522299997779856e-01 1.570223634557834869e+00
7.743662353814975696e-02 1.173098455617571201e+00
4.001324384500276610e-02 7.794759686941165056e-01
2.693741791610991098e-03 3.896203884304995646e-01
