-4.698206222950581434e+01 1.442368099848306828e+00
-9.396370967267715457e+01 1.414129911419277130e+00
-1.263813003364112006e+02 1.385891794586735282e+00
-1.485521498327173049e+02 1.357653821089705559e+00
-1.635137645026542259e+02 1.329416062767068363e+00
-1.734032234569077389e+02 1.301178591527456074e+00
-1.797240979192049792e+02 1.272941479327989400e+00
-1.835342459792154273e+02 1.244704798159229853e+00
-1.855779381581490384e+02 1.216468620034510506e+00
-1.863788161566154429e+02 1.188233016982344958e+00
-1.863052952524475927e+02 1.159998061041007000e+00
-1.856165790517543428e+02 1.131763824254634176e+00
-1.844950337960552247e+02 1.103530378670417589e+00
-1.830689657486290116e+02 1.075297796336548206e+00
-1.814286465360509624e+02 1.047066149300715621e+00
-1.796375879963015620e+02 1.018835509609003820e+00
-1.777404747522824096e+02 9.906059493050834996e-01
-1.757687452823541321e+02 9.623775404296400771e-01
-1.737445185588074423e+02 9.341503550199992123e-01
-1.716833566880372075e+02 9.059244651099502832e-01
-1.695962086038033760e+02 8.776999427297723644e-01
-1.674907775791951963e+02 8.494768599065177783e-01
-1.653724833583674751e+02 8.212552886646093953e-01
-1.632451390774768925e+02 7.930353010268813563e-01
-1.611114275216596639e+02 7.648169690162216483e-01
-1.589732362021394181e+02 7.366003646580583375e-01
-1.568318931043065732e+02 7.083855599840481743e-01
-1.546883325515028105e+02 6.801726270374537364e-01
-1.525432119007535903e+02 6.519616378809256485e-01
-1.503969936456467451e+02 6.237526646076969605e-01
-1.482500031809350958e+02 5.955457793576267589e-01
-1.461024694436125344e+02 5.673410543401302686e-01
-1.439545535064994795e+02 5.391385618668993462e-01
-1.418063686956511731e+02 5.109383743985290716e-01
-1.396579947442367313e+02 4.827405646109153570e-01
-1.375094877506957687e+02 4.545452054897403671e-01
-1.353608871849373259e+02 4.263523704648808366e-01
-1.332122208176510014e+02 3.981621336015488399e-01
-1.310635081883947066e+02 3.699745698720571796e-01
-1.289147630456222089e+02 3.417897555421625655e-01
-1.267659950634066490e+02 3.136077687202419306e-01
-1.246172110492780973e+02 2.854286901378714214e-01
-1.224684157940321967e+02 2.572526042592622741e-01
-1.203196126696511641e+02 2.290796008580464338e-01
-1.181708040500161161e+02 2.009097772582252028e-01
-1.160219916069581245e+02 1.727432415189826820e-01
-1.138731765186237084e+02 1.445801169608574577e-01
-1.117243596161803367e+02 1.164205485981581328e-01
-1.095755414871843954e+02 8.826471228040626282e-02
-1.074267225485226760e+02 6.011282768366398022e-02
-1.052779030980379247e+02 3.196517677305587418e-02
-1.031290833512852316e+02 3.822130040581278761e-03
-1.009802634680115716e+02 -2.431581620735898813e-02
-9.883144357166428051e+01 -5.244798685933228094e-02
-9.668262376436547356e+01 -8.057345269205995475e-02
-9.453380413922201342e+01 -1.086909233493583565e-01
-9.238498479150825915e+01 -1.367985952509508385e-01
-9.023616583011749981e+01 -1.648939354506745447e-01
-8.808734739071101671e+01 -1.929733744703203691e-01
-8.593852965220625606e+01 -2.210318697758298090e-01
-8.378971285866037988e+01 -2.490622854192020563e-01
-8.164089734928036535e+01 -2.770545104276061488e-01
-7.949208360030272047e+01 -3.049942059177838671e-01
-7.734327228396804799e+01 -3.328610245800793233e-01
-7.519446435194684852e+01 -3.606260803300618822e-01
-7.304566115362499090e+01 -3.882483523493278632e-01
-7.089686460400373846e+01 -4.156695747526791274e-01
-6.874807742216070494e+01 -4.428069741305122875e-01
-6.659930347001916573e+01 -4.695429486378669415e-01
-6.445054823368734276e+01 -4.957104006176512034e-01
-6.230181950741405927e+01 -5.210718923223740529e-01
-6.015312836548466180e+01 -5.452900234437824123e-01
-5.800449054330044163e+01 -5.678853336732585522e-01
-5.585592839993101677e+01 -5.881764766849558734e-01
-5.370747370696754075e+01 -6.051951994715969452e-01
-5.155917161158625106e+01 -6.175655167624881647e-01
-4.941108635385329961e+01 -6.233302190535912057e-01
-4.726237832213536194e+01 -6.277923966933366406e-01
-4.511398942683719326e+01 -6.199799200155083900e-01
-4.296540492636655983e+01 -6.109597357046295807e-01
-4.081721068147582798e+01 -5.808144829202651627e-01
-3.866888278328239181e+01 -5.514932452879071079e-01
-3.652036743713945555e+01 -5.234904035986883697e-01
-3.437199099533977886e+01 -4.968184552139075505e-01
-3.222410838523114052e+01 -4.713851545635152074e-01
-3.007647166005847339e+01 -4.462695204445807362e-01
-2.792861564746961278e+01 -4.209119684316837140e-01
-2.578025290935705272e+01 -3.948403568714896061e-01
-2.363109809939540540e+01 -3.674909519123400470e-01
-2.148141599588415573e+01 -3.384564533151791510e-01
-1.933212058289609914e+01 -3.078087393647025993e-01
-1.718348054842727635e+01 -2.759554404954549511e-01
-1.503523112055595590e+01 -2.433750845637176752e-01
-1.288714519165911199e+01 -2.105794239397384693e-01
-1.073923830958165482e+01 -1.781277365669727830e-01
-8.591174303562281622e+00 -1.464650772918180410e-01
-6.443121536280877137e+00 -1.156387684516404085e-01
-4.295094250486150678e+00 -8.589507520160237497e-02
-2.147429655745884958e+00 -5.702655464264282797e-02
-1.063887847609441741e-04 -2.857516101311055254e-02
