3.544125336277901539e+01 2.592388800401274196e+01
7.088191944595281768e+01 2.555950360064239035e+01
9.534339572290403453e+01 2.519511918224506530e+01
1.120781044519793710e+02 2.483073473378717111e+01
1.233749860013961381e+02 2.446635024023098026e+01
1.308449160795005355e+02 2.410196568653653770e+01
1.356215723407090934e+02 2.373758105766328086e+01
1.385027972364686377e+02 2.337319633857163126e+01
1.400500842167483029e+02 2.300881151422461457e+01
1.406585926188159874e+02 2.264442656958994249e+01
1.406064216829012707e+02 2.228004148964251030e+01
1.400892878710039042e+02 2.191565625936789274e+01
1.392449295439557204e+02 2.155127086376710110e+01
1.381702821146029407e+02 2.118688528786332625e+01
1.369335653164096414e+02 2.082249951671134625e+01
1.355827897978822705e+02 2.045811353541090227e+01
1.341517437644718029e+02 2.009372732912569504e+01
1.326642061665401116e+02 1.972934088311031431e+01
1.311369117928350647e+02 1.936495418274847324e+01
1.295816379989694553e+02 1.900056721360731871e+01
1.280066732735165829e+02 1.863617996151468148e+01
1.264178507631662995e+02 1.827179241266867393e+01
1.248192756313731309e+02 1.790740455379357954e+01
1.232138369477872999e+02 1.754301637236125444e+01
1.216035679380320005e+02 1.717862785690572380e+01
1.199898995148281813e+02 1.681423899747028017e+01
1.183738387042877349e+02 1.644984978624269090e+01
1.167560942160713608e+02 1.608546021845778640e+01
1.151371648152622811e+02 1.572107029368004305e+01
1.135174015154009055e+02 1.535668001762601875e+01
1.118970513477829343e+02 1.499228940475388505e+01
1.102762881647904294e+02 1.462789848194306330e+01
1.086552343182481906e+02 1.426350729372265747e+01
1.070339759159678295e+02 1.389911590970086941e+01
1.054125735588787052e+02 1.353472443512157675e+01
1.037910698976029806e+02 1.317033302586472665e+01
1.021694949507341477e+02 1.280594190976089841e+01
1.005478698479769548e+02 1.244155141687799393e+01
9.892620946489554967e+01 1.207716202255679505e+01
9.730452427780782898e+01 1.171277440856183638e+01
9.568282167011993522e+01 1.134838954997305649e+01
9.406110685299283602e+01 1.098400883865351396e+01
9.243938351514319152e+01 1.061963425868945698e+01
9.081765428280428409e+01 1.025526863567994518e+01
8.919592104720182135e+01 9.890915990962115600e+00
8.757418520037828102e+01 9.526582044943646466e+00
8.595244780877258961e+01 9.162274932307393982e+00
8.433070974619845117e+01 8.798006218273444645e+00
8.270897180280387317e+01 8.433792342645295648e+00
8.108723478359786441e+01 8.069656671711179285e+00
7.946549960883028518e+01 7.705632413870338482e+00
7.784376742874148647e+01 7.341766762559624127e+00
7.622203976699039174e+01 6.978126783098780983e+00
7.460031871064590803e+01 6.614807777537556888e+00
7.297860717043160150e+01 6.251945170591758583e+00
7.135690924367604282e+01 5.889731398831438369e+00
6.973523072522489485e+01 5.528439909184220902e+00
6.811357983002388039e+01 5.168459259340657752e+00
6.649196821747352715e+01 4.810341572344464467e+00
6.487041244528691664e+01 4.454871387601407662e+00
6.324893603413787702e+01 4.103163493951598184e+00
6.162757240054904884e+01 3.756801944480997246e+00
6.000636902373300785e+01 3.418037588065428345e+00
5.838539336596748797e+01 3.090068749612062682e+00
5.676474128473952163e+01 2.777440059513895942e+00
5.514454898560302354e+01 2.486609165908834296e+00
5.352501000620023319e+01 2.226751998134799404e+00
5.190639934925288657e+01 2.010906996842279248e+00
5.028910777376362518e+01 1.857600994992449905e+00
4.867369052033587451e+01 1.793158385078623684e+00
4.705617018066188706e+01 1.729079335854418975e+00
4.543686811527468450e+01 1.664634736528940673e+00
4.381564217239901637e+01 1.599797838714105191e+00
4.219251876951126690e+01 1.534825619971346811e+00
4.056809091250712385e+01 1.469816187049976630e+00
3.894269989572421053e+01 1.404849931059992896e+00
3.731650959606080420e+01 1.339982881058513264e+00
3.568994971034230446e+01 1.275288513507072841e+00
3.406331949929506919e+01 1.210890552716282764e+00
3.243668757894666044e+01 1.147031708528800875e+00
3.080988877361661693e+01 1.083899131132141980e+00
2.918301710168983831e+01 1.021649475806053475e+00
2.755587329426813170e+01 9.604061557624291590e-01
2.592874768947445929e+01 9.002144744207578597e-01
2.430200908025482676e+01 8.412196162109477626e-01
2.267599392960051219e+01 7.836991496713879846e-01
2.105106683364744669e+01 7.278294408750631828e-01
1.942757723174526063e+01 6.734113281572828846e-01
1.780592513722227110e+01 6.196898962334488337e-01
1.618592308682555725e+01 5.668126623283400445e-01
1.456705501750465714e+01 5.149882938992422776e-01
1.294850802100745391e+01 4.640699040973690903e-01
1.133007591264728120e+01 4.134465894512756035e-01
9.711507500544476201e+00 3.628540164604372453e-01
8.092776884442615781e+00 3.119363565133619898e-01
6.473776549204863784e+00 2.606018773400805011e-01
4.854754954389358446e+00 2.088356859738214888e-01
3.235797027667985049e+00 1.568804021462826548e-01
1.617436834874672602e+00 1.046987755449229895e-01
-1.581793476382472433e-10 5.212663408409036470e-02
