-4.830169830171569600e+01 1.748251748252850069e-01
-8.709521203943445755e+01 1.729997951028009462e-01
-1.134052475528392563e+02 1.711744153803171353e-01
-1.310686246992696340e+02 1.693490356578337963e-01
-1.427429097375734557e+02 1.675236559353511789e-01
-1.502688610777836402e+02 1.656982762128696163e-01
-1.549214766669224446e+02 1.638728964903893581e-01
-1.575838815017579293e+02 1.620475167679108486e-01
-1.588677704965745363e+02 1.602221370454345317e-01
-1.591968330153135582e+02 1.583967573229609904e-01
-1.588645367212252495e+02 1.565713776004910018e-01
-1.580741514546764961e+02 1.547459978780256207e-01
-1.569664716989339297e+02 1.529206181555662625e-01
-1.556390184954002791e+02 1.510952384331148701e-01
-1.541593396150932165e+02 1.492698587106742192e-01
-1.525742218981023086e+02 1.474444789882481677e-01
-1.509160721636694120e+02 1.456190992658422945e-01
-1.492073369358889749e+02 1.437937195434645099e-01
-1.474635637586334269e+02 1.419683398211261660e-01
-1.456955216097385630e+02 1.401429600988435276e-01
-1.439106696020122627e+02 1.383175803766401590e-01
-1.421141742763027480e+02 1.364922006545498112e-01
-1.403096142276822320e+02 1.346668209326211951e-01
-1.384994681634847211e+02 1.328414412109245324e-01
-1.366854529558137585e+02 1.310160614895612696e-01
-1.348687577929936765e+02 1.291906817686775399e-01
-1.330502063641444579e+02 1.273653020484844522e-01
-1.312303691960310630e+02 1.255399223292866517e-01
-1.294096414629771630e+02 1.237145426115238284e-01
-1.275882968817598311e+02 1.218891628958307244e-01
-1.257665250418106098e+02 1.200637831831236901e-01
-1.239444572619117082e+02 1.182384034747255980e-01
-1.221221844997906913e+02 1.164130237725462397e-01
-1.202997697571702247e+02 1.145876440793427570e-01
-1.184772566721058382e+02 1.127622643990956741e-01
-1.166546754704564961e+02 1.109368847375516998e-01
-1.148320470881653677e+02 1.091115051030074889e-01
-1.130093860265578343e+02 1.072861255074411407e-01
-1.111867023300696218e+02 1.054607459681457526e-01
-1.093640029561330067e+02 1.036353665100878813e-01
-1.075412927240492564e+02 1.018099871693125963e-01
-1.057185749722575281e+02 9.998460799785918729e-02
-1.038958520136396544e+02 9.815922907085856963e-02
-1.020731254509571073e+02 9.633385049677976875e-02
-1.002503963954396085e+02 9.450847243222315619e-02
-9.842766561833765593e+01 9.268309510327799039e-02
-9.660493365610744831e+01 9.085771883635697377e-02
-9.478220088357437589e+01 8.903234410271340660e-02
-9.295946756505254882e+01 8.720697158271166483e-02
-9.113673389039270489e+01 8.538160225861722574e-02
-8.931400000087445790e+01 8.355623754856045249e-02
-8.749126600847445445e+01 8.173087949994485568e-02
-8.566853201113802641e+01 7.990553106867723243e-02
-8.384579810613718109e+01 7.808019652230185903e-02
-8.202306440333686055e+01 7.625488202201914645e-02
-8.020033104017856829e+01 7.442959646296604115e-02
-7.837759820042501246e+01 7.260435268735769554e-02
-7.655486613922211347e+01 7.077916923594189391e-02
-7.473213521789649860e+01 6.895407287663406215e-02
-7.290940595323414186e+01 6.712910225519451435e-02
-7.108667908796094537e+01 6.530431316583702739e-02
-6.926395569203762648e+01 6.347978616058756740e-02
-6.744123730858376575e+01 6.165563753517738083e-02
-6.561852616433229457e+01 5.983203518975483554e-02
-6.379582547331721543e+01 5.800922152754080935e-02
-6.197313987521178547e+01 5.618754651440528713e-02
-6.015047606809912395e+01 5.436751540811564365e-02
-5.832784372197399847e+01 5.254985766669449665e-02
-5.650525679756171371e+01 5.073562643378686648e-02
-5.468273545031775740e+01 4.892634216910770467e-02
-5.286030877928077842e+01 4.712420001266089120e-02
-5.103801879567454591e+01 4.533236916359683483e-02
-4.921592615251265102e+01 4.355542510398987405e-02
-4.739360643459157529e+01 4.186071406431712133e-02
-4.557048303400644329e+01 4.015399501495377915e-02
-4.374696253331146778e+01 3.840068463013851519e-02
-4.192342031022593574e+01 3.663084282789789287e-02
-4.010003003539277699e+01 3.488116679227223210e-02
-3.827675602074933892e+01 3.313906884062189223e-02
-3.645357177085305267e+01 3.141039630751972511e-02
-3.463057576758720302e+01 2.968811573281082694e-02
-3.280771704439275283e+01 2.792663079306790044e-02
-3.098495731528507946e+01 2.607441352550904715e-02
-2.916242274447109395e+01 2.403536670028417685e-02
-2.734018727334008858e+01 2.167245304067075273e-02
-2.551831267467085596e+01 1.889251622134459005e-02
-2.369639443685435864e+01 1.593722597275832459e-02
-2.187413414606468010e+01 1.295692572252943840e-02
-2.005147264749010816e+01 1.014536144978003818e-02
-1.822837140775883213e+01 7.712463331775064150e-03
-1.640513596379107852e+01 5.696268520843666798e-03
-1.458186392800723219e+01 3.950275375703406373e-03
-1.275856512388864061e+01 2.333870489171309837e-03
-1.093532884349760614e+01 9.436593027409422452e-04
-9.112260017878249130e+00 -5.845386799462934895e-05
-7.289283258897702567e+00 -5.866596429211822297e-04
-5.466479109993043650e+00 -7.800229374078919854e-04
-3.643943680841306598e+00 -7.291982714821092747e-04
-1.821730724434747595e+00 -3.691347255763388320e-04
-2.290996493039387662e-11 6.314996142423776686e-12
