3.578943461296918827e+01 4.483941517054204695e+01
7.157816297587046961e+01 4.424815759014258987e+01
9.629328178146298001e+01 4.365690000203369436e+01
1.132110717192276894e+02 4.306564239850190035e+01
1.246384804834799240e+02 4.247438477183118977e+01
1.321999133550579870e+02 4.188312711430411639e+01
1.370391728236833160e+02 4.129186941820270107e+01
1.399616515773290359e+02 4.070061167580936967e+01
1.415344557271197061e+02 4.010935387940773467e+01
1.421569051900066256e+02 3.951809602128378884e+01
1.421101755571989429e+02 3.892683809372723402e+01
1.415922527285623005e+02 3.833558008903324321e+01
1.407425457345069333e+02 3.774432199950501143e+01
1.396592175137731147e+02 3.715306381745723030e+01
1.384113881406758821e+02 3.656180553522103338e+01
1.370477275586239330e+02 3.597054714515087426e+01
1.356025060344668987e+02 3.537928863963448123e+01
1.340998545021595021e+02 3.478803001110684079e+01
1.325567644247714156e+02 3.419677125206996493e+01
1.309852001057908240e+02 3.360551235512119206e+01
1.293935860438857901e+02 3.301425331299321897e+01
1.277878542331686589e+02 3.242299411861090874e+01
1.261721816051790626e+02 3.183173476517209011e+01
1.245495092884483057e+02 3.124047524626228878e+01
1.229219082379344741e+02 3.064921555601751280e+01
1.212908366879299820e+02 3.005795568935566564e+01
1.196573214339663735e+02 2.946669564230500171e+01
1.180220854799627546e+02 2.887543541247073620e+01
1.163856379192060615e+02 2.828417499969762261e+01
1.147483372228103065e+02 2.769291440701103113e+01
1.131104358034233428e+02 2.710165364195331605e+01
1.114721113941673991e+02 2.651039271848192769e+01
1.098334891437157523e+02 2.591913165966490951e+01
1.081946571742802092e+02 2.532787050150908925e+01
1.065556775366150504e+02 2.473660929839693168e+01
1.049165939239214254e+02 2.414534813080780395e+01
1.032774371036128116e+02 2.355408711628368579e+01
1.016382287421985069e+02 2.296282642500273496e+01
9.999898409877830829e+01 2.237156630189655360e+01
9.835971392199374463e+01 2.178030709806126097e+01
9.672042578625674025e+01 2.118904931536700431e+01
9.508112503337126498e+01 2.059779366981242177e+01
9.344181543660501177e+01 2.000654118150001892e+01
9.180249966976789722e+01 1.941529330241878881e+01
9.016317963960953819e+01 1.882405209792032608e+01
8.852385672285932117e+01 1.823282050445004288e+01
8.688453193737632319e+01 1.764160269557551786e+01
8.524520606868576067e+01 1.705040460181777462e+01
8.360587976763279983e+01 1.645923464891246724e+01
8.196655363129346483e+01 1.586810480628402331e+01
8.032722827720093051e+01 1.527703207608226244e+01
7.868790442011533059e+01 1.468604060790323729e+01
7.704858296088025327e+01 1.409516470210301797e+01
7.540926509841224856e+01 1.350445307508579518e+01
7.376995247874596373e+01 1.291397491684032595e+01
7.213064739966277727e+01 1.232382849381662560e+01
7.049135309634239377e+01 1.173415336667955522e+01
6.885207414354781008e+01 1.114514774188871904e+01
6.721281702434208682e+01 1.055709311430751463e+01
6.557359093603741940e+01 9.970389264487725001e+00
6.393440893356887500e+01 9.385603961601910683e+00
6.229528955243241484e+01 8.803543551247820176e+00
6.065625911294476680e+01 8.225353203822100667e+00
5.901735499228101389e+01 7.652659286655217663e+00
5.737863027105716185e+01 7.087771560057736231e+00
5.574016033210215681e+01 6.533970334924013912e+00
5.410205223175267975e+01 5.995914292226467879e+00
5.246445800867242326e+01 5.480219665797791073e+00
5.082759358469635202e+01 4.996282794219117029e+00
4.919176560737720649e+01 4.557448304041741061e+00
4.755740957119335377e+01 4.182668156539726567e+00
4.592514395649556747e+01 3.898857815881997535e+00
4.429584711653189544e+01 3.744240143599283588e+00
4.266533007033878278e+01 3.590384526138184818e+00
4.103262550243812967e+01 3.439934257020413444e+00
3.939863611432901536e+01 3.289967290907067632e+00
3.776338573238950858e+01 3.140077348083824660e+00
3.612662352681763167e+01 2.990240252948909827e+00
3.448868112296472788e+01 2.840780800966523856e+00
3.284948565321623448e+01 2.691868031119694304e+00
3.120910706618332497e+01 2.543699828412795849e+00
2.956797666881949738e+01 2.396411662306586532e+00
2.792586572566532155e+01 2.250157490714637554e+00
2.628306115371783136e+01 2.105233900097126742e+00
2.463976883211532964e+01 1.961800418384215927e+00
2.299642121353745949e+01 1.820001299863809763e+00
2.135263577855472406e+01 1.680105955041437893e+00
1.970861390445362460e+01 1.542405369315247743e+00
1.806420054950519116e+01 1.407066953223340411e+00
1.641969233419566265e+01 1.274393023806741132e+00
1.477504736939970975e+01 1.144636797624396962e+00
1.313042696056032455e+01 1.017959725040306740e+00
1.148626765084707912e+01 8.942170493042135293e-01
9.842658790309981143e+00 7.734493191456637273e-01
8.199966509938127146e+00 6.554992257302851844e-01
6.558034627023221930e+00 5.403592356695668952e-01
4.916617786068797180e+00 4.278752767633009491e-01
3.276046660918940479e+00 3.180928509344968513e-01
1.637053001205599712e+00 2.107406620134287256e-01
1.819477431848820434e-07 1.051842576187939776e-01
