-4.639619980225872098e+01 -1.530087440286318268e+00
-8.037067597021432164e+01 -1.512982034966830591e+00
-1.029895841954594857e+02 -1.495876629647349798e+00
-1.178782960029743947e+02 -1.478771224327882106e+00
-1.275047490702575175e+02 -1.461665819008435507e+00
-1.335489688341757812e+02 -1.444560413689016443e+00
-1.371546168605190132e+02 -1.427455008369634459e+00
-1.391002300382907038e+02 -1.410349603050299327e+00
-1.399157900558415406e+02 -1.393244197731023482e+00
-1.399620769789005976e+02 -1.376138792411822021e+00
-1.394846884548742310e+02 -1.359033387092715151e+00
-1.386508127797390841e+02 -1.341927981773730183e+00
-1.375742618185792310e+02 -1.324822576454903755e+00
-1.363325119315563825e+02 -1.307717171136287826e+00
-1.349783044245043300e+02 -1.290611765817955892e+00
-1.335475424469160259e+02 -1.273506360500013423e+00
-1.320646667312143450e+02 -1.256400955182612744e+00
-1.305463150768626406e+02 -1.239295549865975676e+00
-1.290038135098652674e+02 -1.222190144550424629e+00
-1.274448721162426068e+02 -1.205084739236430780e+00
-1.258747394647706983e+02 -1.187979333924684466e+00
-1.242969884694386735e+02 -1.170873928616196658e+00
-1.227140513579489465e+02 -1.153768523312449945e+00
-1.211275838465085997e+02 -1.136663118015619478e+00
-1.195387130484046168e+02 -1.119557712728898924e+00
-1.179482062354423419e+02 -1.102452307456976310e+00
-1.163565857207131700e+02 -1.085346902206736130e+00
-1.147642070639617060e+02 -1.068241496988288519e+00
-1.131713123091572726e+02 -1.051136091816483820e+00
-1.115780662254723694e+02 -1.034030686713132807e+00
-1.099845809779905039e+02 -1.016925281710274076e+00
-1.083909329220613955e+02 -9.998198768549688698e-01
-1.067971740359037511e+02 -9.827144722163471124e-01
-1.052033397032471811e+02 -9.656090678959576845e-01
-1.036094540112992490e+02 -9.485036640429715948e-01
-1.020155333572967322e+02 -9.313982608765170035e-01
-1.004215889036457412e+02 -9.142928587184880884e-01
-9.882762824925674749e+01 -8.971874580417413814e-01
-9.723365656732100604e+01 -8.800820595408944680e-01
-9.563967737988690487e+01 -8.629766642363304596e-01
-9.404569308521227811e+01 -8.458712736269772270e-01
-9.245170531685303672e+01 -8.287658899147402058e-01
-9.085771518825363557e+01 -8.116605163341898965e-01
-8.926372345946182918e+01 -7.945551576368695690e-01
-8.766973065092987838e+01 -7.774498208027387225e-01
-8.607573712144123590e+01 -7.603445160852732032e-01
-8.448174312183078882e+01 -7.432392585467055834e-01
-8.288774883254203019e+01 -7.261340703132777019e-01
-8.129375439064479281e+01 -7.090289838881760343e-01
-7.969975991035838092e+01 -6.919240470181978742e-01
-7.810576550015365171e+01 -6.748193298428265541e-01
-7.651177127899404695e+01 -6.577149353961376788e-01
-7.491777739414800408e+01 -6.406110150339776599e-01
-7.332378404323922894e+01 -6.235077910963081615e-01
-7.172979150383658009e+01 -6.064055901979227281e-01
-7.013580017501425345e+01 -5.893048921321212275e-01
-6.854181063710461785e+01 -5.722064017096324395e-01
-6.694782373859075619e+01 -5.551111542891504769e-01
-6.535384072314882076e+01 -5.380206708004544591e-01
-6.375986341586228434e+01 -5.209371854715532102e-01
-6.216589449648962784e+01 -5.038639803571925979e-01
-6.057193790070147799e+01 -4.868058767573080758e-01
-5.897799940936420171e+01 -4.697699571049711031e-01
-5.738408751410243269e+01 -4.527666254113167921e-01
-5.579021468874046263e+01 -4.358111650467101916e-01
-5.419639925699383554e+01 -4.189260271030135763e-01
-5.260266813605863234e+01 -4.021441919709254353e-01
-5.100906086689285956e+01 -3.855141074576777238e-01
-4.941563553463945624e+01 -3.691069428240329464e-01
-4.782247746569637314e+01 -3.530272448848226774e-01
-4.622916689436981841e+01 -3.359175723192653340e-01
-4.463562577391017072e+01 -3.178146789548129125e-01
-4.304210927382089125e+01 -2.999647936259176584e-01
-4.144846217190659843e+01 -2.819536550010550702e-01
-3.985467671317979921e+01 -2.639369162739264585e-01
-3.826100297239145220e+01 -2.463177043304428937e-01
-3.666724588122945505e+01 -2.291172469698506409e-01
-3.507326574866375068e+01 -2.123590200244017678e-01
-3.347910313137935390e+01 -1.959570853874842700e-01
-3.188444439292826260e+01 -1.799972221032773712e-01
-3.028951188948714446e+01 -1.642946137930424710e-01
-2.869449783167400980e+01 -1.487723736051828338e-01
-2.709959834645966836e+01 -1.334418344722091698e-01
-2.550471308383523095e+01 -1.183235128537621084e-01
-2.390982406944184291e+01 -1.035322663204426841e-01
-2.231501291877483339e+01 -8.924913290363695184e-02
-2.072037857911709580e+01 -7.564540994876098323e-02
-1.912598634021431110e+01 -6.281609419160359697e-02
-1.753154043620640223e+01 -5.067397623425821951e-02
-1.593695376115522144e+01 -3.951488206958720523e-02
-1.434238283073861275e+01 -2.961574666372087869e-02
-1.274810610360756158e+01 -2.111653615186479330e-02
-1.115408499919037055e+01 -1.406957191726799193e-02
-9.560271352171218595e+00 -8.499618919622973709e-03
-7.966645879041172051e+00 -4.389354195373399575e-03
-6.373017410583841524e+00 -1.772937752513793937e-03
-4.779659207241997443e+00 -4.813654644921059483e-04
-3.186367575134058772e+00 -3.430665731187054865e-05
-1.593178477050494424e+00 2.845895672183797371e-05
-7.785173857582004700e-11 -8.331896319476668561e-11
