-4.802155856379761190e+01 -1.889512282882074068e+00
-9.599223123459367457e+01 -1.867511032942524185e+00
-1.291015963640695929e+02 -1.845509782990306435e+00
-1.517521296963440136e+02 -1.823508533012748289e+00
-1.670421844377977152e+02 -1.801507282997169224e+00
-1.771522490925285638e+02 -1.779506032930889603e+00
-1.836168582334059352e+02 -1.757504782801230014e+00
-1.875159516765392880e+02 -1.735503532595514598e+00
-1.896095448861837554e+02 -1.713502282301077928e+00
-1.904325042474663974e+02 -1.691501031905263464e+00
-1.903612458508912653e+02 -1.669499781395435978e+00
-1.896606752449188207e+02 -1.647498530758987556e+00
-1.885172216267312706e+02 -1.625497279983348697e+00
-1.870620858931708881e+02 -1.603496029056006522e+00
-1.853876016249100189e+02 -1.581494777964527421e+00
-1.835587492475134184e+02 -1.559493526696592580e+00
-1.816212592056432129e+02 -1.537492275240044393e+00
-1.796073146305677142e+02 -1.515491023582956176e+00
-1.775395646337011897e+02 -1.493489771713727876e+00
-1.754339486909835273e+02 -1.471488519621221958e+00
-1.733016843238306990e+02 -1.449487267294963244e+00
-1.711506659439907594e+02 -1.427486014725414254e+00
-1.689864493007355009e+02 -1.405484761904369106e+00
-1.668129442926961303e+02 -1.383483508825517294e+00
-1.646329025392067535e+02 -1.361482255485239712e+00
-1.624482605121655467e+02 -1.339481001883741973e+00
-1.602603810175651802e+02 -1.317479748026664899e+00
-1.580702231398676645e+02 -1.295478493927371355e+00
-1.558784618415874377e+02 -1.273477239610199208e+00
-1.536855721323639443e+02 -1.251475985115080292e+00
-1.514918883035556973e+02 -1.229474730504106050e+00
-1.492976456150148010e+02 -1.207473475870856960e+00
-1.471030096324570025e+02 -1.185472221353657263e+00
-1.449080968738490185e+02 -1.163470967154415892e+00
-1.427129893394545093e+02 -1.141469713565390842e+00
-1.405177447374612711e+02 -1.119468461007230520e+00
-1.383224036803428874e+02 -1.097467210083019618e+00
-1.361269947493553900e+02 -1.075465961655089453e+00
-1.339315380587187576e+02 -1.053464716954157554e+00
-1.317360477639445264e+02 -1.031463477734417378e+00
-1.295405338271017968e+02 -1.009462246493916693e+00
-1.273450032591530601e+02 -9.874610267877234060e-01
-1.251494609942826486e+02 -9.654598236729190486e-01
-1.229539105052461423e+02 -9.434586443409458401e-01
-1.207583542364780982e+02 -9.214574990161620294e-01
-1.185627939089655314e+02 -8.994564022326864139e-01
-1.163672307349067836e+02 -8.774553746487899764e-01
-1.141716655689228617e+02 -8.554544456251398366e-01
-1.119760990146790363e+02 -8.334536568884706176e-01
-1.097805315002108699e+02 -8.114530677376476930e-01
-1.075849633313498401e+02 -7.894527624414614531e-01
-1.053893947299093554e+02 -7.674528607508626088e-01
-1.031938258613935631e+02 -7.454535328368030456e-01
-1.009982568556843887e+02 -7.234550205168471804e-01
-9.880268782328631971e+01 -7.014576674180953431e-01
-9.660711886915464675e+01 -6.794619618385768778e-01
-9.441155010583176477e+01 -6.574685976531039477e-01
-9.221598166752954739e+01 -6.354785608602372404e-01
-9.002041372691336107e+01 -6.134932525651629609e-01
-8.782484651668146114e+01 -5.915146637378408956e-01
-8.562928035862995557e+01 -5.695456235436008319e-01
-8.343371570382797131e+01 -5.475901522198720617e-01
-8.123815318891276149e+01 -5.256539625125297155e-01
-7.904259371552423374e+01 -5.037451722148281741e-01
-7.684703856278423473e+01 -4.818753166822157263e-01
-7.465148954684654825e+01 -4.600607876116067363e-01
-7.245594924741239140e+01 -4.383248775406376474e-01
-7.026042132945740093e+01 -4.167006850724480072e-01
-6.806491100028804908e+01 -3.952352431877793060e-01
-6.586942565892034906e+01 -3.739953855589389087e-01
-6.367397581875636803e+01 -3.530760825570176120e-01
-6.147857641861221367e+01 -3.326122866826902724e-01
-5.928324868557756133e+01 -3.127957648729461360e-01
-5.708802278199793534e+01 -2.938990171372122262e-01
-5.489294156664816882e+01 -2.763092648372348359e-01
-5.269806593910035986e+01 -2.605767478876349630e-01
-5.050348244225874339e+01 -2.474828975308057122e-01
-4.830841520966853153e+01 -2.360745805189744528e-01
-4.611284770720551762e+01 -2.251003235890522147e-01
-4.391672936871925970e+01 -2.140912831596526733e-01
-4.172044689974348586e+01 -2.028539698220821752e-01
-3.952447549974713326e+01 -1.912891781709428751e-01
-3.732891424827799653e+01 -1.792979586598381914e-01
-3.513356593234060199e+01 -1.671068501698146636e-01
-3.293815442031688434e+01 -1.548481555527995435e-01
-3.074264282191994724e+01 -1.428203715691680475e-01
-2.854694771038769829e+01 -1.312996441106312751e-01
-2.635105479076742441e+01 -1.204901673624349523e-01
-2.415510872212279381e+01 -1.101517792373785942e-01
-2.195915268104954876e+01 -1.002868628994123545e-01
-1.976341217366992353e+01 -9.097522172472459479e-02
-1.756815787493380299e+01 -8.201647205713404054e-02
-1.537305256106452234e+01 -7.317928751826580092e-02
-1.317761159073064370e+01 -6.414395312641725522e-02
-1.098165995655755012e+01 -5.485235710369953943e-02
-8.785641592806152644e+00 -4.547951333140219654e-02
-6.589652161603791747e+00 -3.611410232196941156e-02
-4.393681585421044922e+00 -2.682916176620238694e-02
-2.198064630849392298e+00 -1.771467937028361334e-02
-2.773757281578871723e-03 -8.746644690341108530e-03
