-4.511017213919241442e+01 2.353416538317629314e+00
-8.874784865783205134e+01 2.327669269583080958e+00
-1.189276168402743394e+02 2.301922000848254601e+00
-1.396161760798647151e+02 2.276174732112872690e+00
-1.536111335992454485e+02 2.250427463376658110e+00
-1.628854802653008278e+02 2.224680194639333308e+00
-1.688306526334698390e+02 2.198932925900622060e+00
-1.724279505762372651e+02 2.173185657160252138e+00
-1.743694282408909828e+02 2.147438388417950872e+00
-1.751431514631447897e+02 2.121691119673452253e+00
-1.750933248991096605e+02 2.095943850926493823e+00
-1.744626962203343226e+02 2.070196582176826006e+00
-1.734224613445460079e+02 2.044449313424204995e+00
-1.720933548684262462e+02 2.018702044668410522e+00
-1.705605239322570696e+02 1.992954775909240306e+00
-1.688840178979506845e+02 1.967207507146530698e+00
-1.671061861133619004e+02 1.941460238380164682e+00
-1.652568951283566605e+02 1.915712969610095406e+00
-1.633572080960927053e+02 1.889965700836372386e+00
-1.614219796423124649e+02 1.864218432059183028e+00
-1.594616858768389989e+02 1.838471163278914133e+00
-1.574837149950260198e+02 1.812723894496229615e+00
-1.554932774644452138e+02 1.786976625712187072e+00
-1.534940479270049991e+02 1.761229356928404988e+00
-1.514886178954529896e+02 1.735482088147297430e+00
-1.494788150140804532e+02 1.709734819372404235e+00
-1.474659282148641921e+02 1.683987550608861294e+00
-1.454508665070923144e+02 1.658240281864071353e+00
-1.434342709625195198e+02 1.632493013148648364e+00
-1.414165936920311708e+02 1.606745744477759974e+00
-1.393981535433245256e+02 1.580998475873030884e+00
-1.373791753812681975e+02 1.555251207365245580e+00
-1.353598177900722703e+02 1.529503938998172607e+00
-1.333401926100313517e+02 1.503756670833995557e+00
-1.313203787156628835e+02 1.478009402961008911e+00
-1.293004317326357295e+02 1.452262135504532869e+00
-1.272803908905634955e+02 1.426514868642393186e+00
-1.252602838558895968e+02 1.400767602626863839e+00
-1.232401301402511109e+02 1.375020337815794802e+00
-1.212199435042132194e+02 1.349273074716739407e+00
-1.191997336525022888e+02 1.323525814049535843e+00
-1.171795074295804824e+02 1.297778556835042840e+00
-1.151592696628508463e+02 1.272031304520977013e+00
-1.131390237573719588e+02 1.246284059160339019e+00
-1.111187721153466015e+02 1.220536823664440718e+00
-1.090985164320641161e+02 1.194789602161687725e+00
-1.070782579047547500e+02 1.169042400506348667e+00
-1.050579973800857658e+02 1.143295226999997416e+00
-1.030377354584699248e+02 1.117548093414524768e+00
-1.010174725680367516e+02 1.091801016442793593e+00
-9.899720901737940437e+01 1.066054019755688698e+00
-9.697694503357548967e+01 1.040307136919051745e+00
-9.495668079016520835e+01 1.014560415529942139e+00
-9.293641642853398821e+01 9.888139230819278369e-01
-9.091615207533426712e+01 9.630677552821671483e-01
-8.889588785809169735e+01 9.373220478451753657e-01
-8.687562392091881236e+01 9.115769932165873612e-01
-8.485536044227242769e+01 8.858328642877350001e-01
-8.283509765694184068e+01 8.600900480233325540e-01
-8.081483588497634685e+01 8.343490931461026161e-01
-7.879457557111661004e+01 8.086107777543910524e-01
-7.677431733958646021e+01 7.828762052051065901e-01
-7.475406207099605638e+01 7.571469400773569447e-01
-7.273381101082922839e+01 7.314252009712115532e-01
-7.071356592288080378e+01 7.057141338996283375e-01
-6.869332930654512381e+01 6.800181999628687191e-01
-6.667310470472487793e+01 6.543437250774147840e-01
-6.465289714029115942e+01 6.286996795009269778e-01
-6.263271373486399796e+01 6.030987832118882563e-01
-6.061256458614143128e+01 5.775590733567209645e-01
-5.859246401185709630e+01 5.521061269164125873e-01
-5.657243231361185565e+01 5.267762124855031036e-01
-5.455249827786904859e+01 5.016207595481346759e-01
-5.253270272221566017e+01 4.767126959872207137e-01
-5.051310352475572785e+01 4.521553587490854120e-01
-4.849361559025918922e+01 4.266503422565118275e-01
-4.647404798120130920e+01 4.014497455478303056e-01
-4.445426618194104407e+01 3.761440191336590799e-01
-4.243418852464224500e+01 3.513880587766455843e-01
-4.041348586398475362e+01 3.277480360602886278e-01
-3.839253465968764090e+01 3.048247734129081454e-01
-3.637167009780755933e+01 2.837648815815270176e-01
-3.435087105114217820e+01 2.643648915782947917e-01
-3.233020147748849382e+01 2.458146372770997068e-01
-3.030967651204931101e+01 2.272463214947930132e-01
-2.828936637959826683e+01 2.080572550998572579e-01
-2.626909129081165517e+01 1.881514165971256702e-01
-2.424916473862627342e+01 1.668638716981589165e-01
-2.222953495833678161e+01 1.442464560366754911e-01
-2.020995714122986087e+01 1.211909685556660510e-01
-1.818985358621887016e+01 9.866491795253089225e-02
-1.616915054244923056e+01 7.758426736187928885e-02
-1.414795659344124523e+01 5.830244901510666516e-02
-1.212640735845649331e+01 4.186009161021832931e-02
-1.010486113142525078e+01 2.893359476801325020e-02
-8.083698079855109242e+00 1.970012436098886668e-02
-6.063100267431607016e+00 1.378746479856916493e-02
-4.043102479763815538e+00 9.887855700800765590e-03
-2.023533978230158237e+00 6.814118217624491429e-03
-4.317613818838325797e-03 3.820544061141399172e-03
