-4.014125266848294871e+01 4.241321298731001832e+01
-8.028281098965857154e+01 4.185369163109080404e+01
-1.079972134369475754e+02 4.129417027249876782e+01
-1.269632664423668587e+02 4.073464890915995085e+01
-1.397707407080310418e+02 4.017512753869966957e+01
-1.482427580574170349e+02 3.961560615874290647e+01
-1.536627422239557461e+02 3.905608476691453745e+01
-1.569341854802548823e+02 3.849656336083966579e+01
-1.586931196102052866e+02 3.793704193814392056e+01
-1.593872921401380438e+02 3.737752049645383323e+01
-1.593319040590811255e+02 3.681799903339733504e+01
-1.587488475219691964e+02 3.625847754660440359e+01
-1.577943280298489697e+02 3.569895603370798653e+01
-1.565783096261292826e+02 3.513943449234531613e+01
-1.551782037384599278e+02 3.457991292015968554e+01
-1.536485057177308988e+02 3.402039131480307788e+01
-1.520275786759370931e+02 3.346086967393971889e+01
-1.503424291069887317e+02 3.290134799525140608e+01
-1.486120687822312334e+02 3.234182627644470642e+01
-1.468498814252572515e+02 3.178230451526158262e+01
-1.450652887808355160e+02 3.122278270949409062e+01
-1.432649234780611494e+02 3.066326085700557158e+01
-1.414534546912545920e+02 3.010373895576062608e+01
-1.396341693807652007e+02 2.954421700386761529e+01
-1.378093814692721821e+02 2.898469499963913165e+01
-1.359807198897742637e+02 2.842517294167795683e+01
-1.341493313628392059e+02 2.786565082899904766e+01
-1.323160231457793259e+02 2.730612866120278071e+01
-1.304813635238425036e+02 2.674660643872132582e+01
-1.286457525530356349e+02 2.618708416316824383e+01
-1.268094718609798406e+02 2.562756183783540465e+01
-1.249727197052430796e+02 2.506803946839872310e+01
-1.231356356533753740e+02 2.450851706392068152e+01
-1.212983179569345253e+02 2.394899463827446695e+01
-1.194608357823027944e+02 2.338947221216705330e+01
-1.176232378208438263e+02 2.282994981601287066e+01
-1.157855583502327335e+02 2.227042749401609711e+01
-1.139478215015023892e+02 2.171090530996954726e+01
-1.121100442629884526e+02 2.115138335549222148e+01
-1.102722385951169031e+02 2.059186176173085769e+01
-1.084344129192942319e+02 2.003234071598230059e+01
-1.065965731662439282e+02 1.947282048530604470e+01
-1.047587235142908071e+02 1.891330145006633501e+01
-1.029208669094984288e+02 1.835378415157963872e+01
-1.010830054324090952e+02 1.779426935979894608e+01
-9.924514055703933479e+01 1.723475816946112005e+01
-9.740727333437271795e+01 1.667525213666637995e+01
-9.556940452319091150e+01 1.611575347289305071e+01
-9.373153468453061521e+01 1.555626532059999789e+01
-9.189366425152387308e+01 1.499679214472693545e+01
-9.005579358331648621e+01 1.443734028882995801e+01
-8.821792300977617174e+01 1.387791876508596367e+01
-8.638005287255596443e+01 1.331854037651312161e+01
-8.454218356762481790e+01 1.275922331111276442e+01
-8.270431559455953163e+01 1.219999340638694640e+01
-8.086644961873467707e+01 1.164088736614134056e+01
-7.902858655415133171e+01 1.108195733003260663e+01
-7.719072767721627315e+01 1.052327736472269493e+01
-7.535287478563519414e+01 9.964952684722838683e+00
-7.351503042219941619e+01 9.407132750828751000e+00
-7.167719819132459236e+01 8.850029876769415438e+00
-6.983938320774537090e+01 8.293945660408343912e+00
-6.800159273322152842e+01 7.739308529913784263e+00
-6.616383708051606050e+01 7.186727079015009068e+00
-6.432613089717645494e+01 6.637065831043074127e+00
-6.248849498893052612e+01 6.091552863610163016e+00
-6.065095890968113679e+01 5.551932692108223044e+00
-5.881356464051531674e+01 5.020683444471010226e+00
-5.697637181570765108e+01 4.501325363253674716e+00
-5.513946514627563289e+01 3.998859040408280219e+00
-5.330296496520605132e+01 3.520387940537602400e+00
-5.146704220707174926e+01 3.076002710454943223e+00
-4.963193968677239098e+01 2.680037362615904417e+00
-4.779800232627660250e+01 2.352853714511023764e+00
-4.596572009213287657e+01 2.123376228613861105e+00
-4.413578898880762580e+01 2.032691017218473561e+00
-4.230430880175358510e+01 1.942442311779351671e+00
-4.047108895565801134e+01 1.852502255128605668e+00
-3.863641469172522136e+01 1.763154829042727689e+00
-3.680044704009728207e+01 1.674356964082163612e+00
-3.496310521921570569e+01 1.586363392389408711e+00
-3.312515854889897327e+01 1.498637166107628982e+00
-3.128685408065976148e+01 1.411260269008233870e+00
-2.944770639534845458e+01 1.324408450015707395e+00
-2.760768952772078677e+01 1.238129506556840065e+00
-2.576680189417144007e+01 1.152619414552260579e+00
-2.392501445684412431e+01 1.067979657597641241e+00
-2.208243371137727351e+01 9.843631774717042093e-01
-2.023957304098851395e+01 9.018706344834671595e-01
-1.839665902126019859e+01 8.206209725930818655e-01
-1.655400516694036028e+01 7.407716379062756484e-01
-1.471165345547554182e+01 6.622978051052439419e-01
-1.286946194951186762e+01 5.853170951141066780e-01
-1.102803221493160990e+01 5.096814970185006288e-01
-9.187481956583356535e+00 4.352563704922086663e-01
-7.347693122309754798e+00 3.617057466019256151e-01
-5.508792339611097155e+00 2.888932274950976598e-01
-3.670876571466603178e+00 2.165607734220274805e-01
-1.834665057580654013e+00 1.440897578347591912e-01
1.143644425802164599e-08 7.177408671679133545e-02
