-4.576354679802953029e+01 -1.083743842364547794e+00
-4.399980432379167894e+01 -2.712418042157003217e+00
-4.395377670865024555e+01 -1.378826558943081038e+00
-4.830420000515726997e+01 -7.968109581801828822e-01
-4.498680152349392358e+01 -1.995355750748690093e+00
-4.378136601690713547e+01 4.306414980881970167e-01
-4.679274378632665332e+01 2.021374263484950085e+00
-4.298982079087551966e+01 2.542796613426590469e+00
-4.191885972438925023e+01 5.452132297233766245e+00
-4.548102896075355517e+01 6.066032838681635120e+00
-4.382775299394953095e+01 9.360942846191953493e+00
-4.042137098878852441e+01 9.989705764021898915e+00
-4.128762706849813924e+01 1.328922555159217644e+01
-3.972213499057132680e+01 1.578469363080358079e+01
-3.897289505198028081e+01 1.822895667592530344e+01
-3.871183553064058458e+01 2.093188076063407266e+01
-3.549153420919071067e+01 1.986244381528229042e+01
-3.734060829623047084e+01 2.340273924101775904e+01
-3.379853316986364575e+01 2.365780068151456206e+01
-3.650954436716656204e+01 2.577534851922269254e+01
-3.573937093239180740e+01 2.758185654833252798e+01
-3.210371824003332364e+01 2.721682718412775159e+01
-3.503868186647427052e+01 2.920412472386281166e+01
-3.410946750736788147e+01 3.023744364206992330e+01
-3.473408288629555329e+01 3.151052716147773580e+01
-3.337867803014901824e+01 3.151571130904229534e+01
-3.280564688915633553e+01 3.252025914046762267e+01
-3.050900752683582695e+01 3.059098098073572203e+01
-3.299981237220329433e+01 3.394627068426139971e+01
-3.133609186954894454e+01 3.394943191929159809e+01
-2.891918588620614727e+01 3.323005151192766959e+01
-3.208039686946622737e+01 3.570671529307694669e+01
-3.125229292547065185e+01 3.706672488617660122e+01
-3.019571256928727365e+01 3.543445884710330063e+01
-2.910423252848233133e+01 3.607952248326257205e+01
-2.902538746347536502e+01 3.787402544003046501e+01
-3.005784952873157323e+01 3.831710069053936252e+01
-2.748319507250068483e+01 3.558683211133186575e+01
-2.880242692523366799e+01 3.983470433653679521e+01
-2.777516294435629618e+01 3.853255660096799318e+01
-2.607468798981463820e+01 3.742773066269950988e+01
-2.617803142556512697e+01 3.628636797522629109e+01
-2.714442138326927889e+01 4.058469789281215867e+01
-2.589722840178940544e+01 4.088008454053019847e+01
-2.485355312577626208e+01 3.614466184540152938e+01
-2.380500481866375750e+01 3.544975437127953199e+01
-2.433762975166551357e+01 3.968918716405934788e+01
-2.434527371334693768e+01 4.142471082984030772e+01
-2.295177345644022537e+01 4.099363637465094001e+01
-2.161360495542009730e+01 4.110724806366879847e+01
-2.188839569176288080e+01 3.962734657861823706e+01
-2.020638141367921392e+01 4.044205423170593861e+01
-2.027521809570535893e+01 3.863224019196803027e+01
-1.843552036338937583e+01 3.901973865067559899e+01
-1.751213272095309392e+01 3.708615524971639132e+01
-1.955658434766798948e+01 3.674126568704893003e+01
-2.227910940028148801e+01 3.530121506078842941e+01
-2.144411777962247356e+01 3.413115728161555040e+01
-2.217097621562336229e+01 3.230872913337508123e+01
-1.899036108844616066e+01 3.416144484866684650e+01
-1.635792958086082294e+01 3.512878600709428412e+01
-1.535029106901732554e+01 3.272205446863018352e+01
-2.055985897728632494e+01 2.960672235733440516e+01
-1.814559098949122173e+01 3.214030729358321992e+01
-1.675400898864001675e+01 3.041196233418497741e+01
-1.396063528120687813e+01 2.978659907045011579e+01
-1.870522654882134717e+01 2.641385618288375525e+01
-1.547735096129015808e+01 2.809226326692173714e+01
-1.358738279891896639e+01 2.641541489735715942e+01
-1.629569547306286381e+01 2.343048511051852500e+01
-1.085816932516231681e+01 2.519565973193535058e+01
-1.251143979217797941e+01 2.311446270021840377e+01
-1.415118120439487726e+01 2.074645178402997558e+01
-8.800435854227512067e+00 2.214361836472785683e+01
-1.175638209428474035e+01 1.854581431700663074e+01
-1.060833316547732252e+01 2.019071215718026480e+01
-8.276010891625414700e+00 1.787704995957550835e+01
-6.636288497954301313e+00 1.897520695457763651e+01
-1.008207555702731817e+01 1.613689246051360726e+01
-8.204865005474610840e+00 1.427211069425121970e+01
-5.198278896266328886e+00 1.586693532667429452e+01
-4.553183249905769614e+00 1.340257085318310715e+01
-7.005800548097345981e+00 1.138889400748355030e+01
-4.909819838308694173e+00 1.061564219800142617e+01
-2.799949572523788621e+00 1.073910134439798192e+01
-4.631282027263627477e+00 8.492257910683228772e+00
-2.679804227087418500e+00 8.086684500562649092e+00
-3.446265218807123887e+00 6.225599078704984635e+00
-1.527529221179219743e+00 6.513834176490749250e+00
-1.702877709037637022e+00 5.152839384878794782e+00
-2.198443648768857894e+00 4.038314802782142721e+00
-1.121109635807002514e+00 3.701709611975936287e+00
-1.034565664299261334e+00 2.724719246872886469e+00
-6.860001144547152041e-01 1.981581923194242423e+00
-4.909625648589410196e-01 1.357173362075302370e+00
-5.154844372676955500e-01 7.431399216019344278e-01
-1.663190240665900765e-01 9.190229337621204087e-01
-8.848275247767782570e-02 5.373013201714013087e-01
-1.330044402382117019e-01 2.392205052861785808e-01
-3.458870006860113914e-10 8.667107804504611158e-10
