-1.070606798709506080e+01 -4.248810385356468267e+00
-1.744263379671095038e+01 -3.843471405490828552e+00
-2.654118571942762017e+01 -2.471186918055320980e+00
-2.302647865039346442e+01 -3.736337604660090239e+00
-2.662771694022313085e+01 -4.905754718211120746e+00
-3.019745136057068180e+01 -4.761315240678665184e+00
-3.272728337087359307e+01 -4.925136213672084651e+00
-3.421115462470847035e+01 -4.754792021655911860e+00
-3.203320314776296840e+01 -2.377045249095885104e+00
-3.524247323469921156e+01 -2.218975420726710723e+00
-3.611877354023457087e+01 -4.735404236098990971e+00
-3.744618115585330997e+01 -5.350522370312437381e+00
-3.766905997863053557e+01 -4.194354841010506263e+00
-3.927909896944102286e+01 -3.790664925318770972e+00
-3.879497689873009136e+01 -4.758382017884920323e+00
-3.801152998691797080e+01 -1.870098656429629136e+00
-4.050676565663458462e+01 -4.580909438988348903e+00
-3.968848056209312603e+01 -1.211514467915353555e+00
-4.042051317202151495e+01 -2.627123629274849548e-01
-4.107311292924046597e+01 -3.070222307760987590e+00
-4.328642483287028142e+01 -5.079087072376657019e+00
-4.272503266373034592e+01 -3.512761514837904109e+00
-4.218296421219449144e+01 -2.083113459994867078e+00
-4.338017778991761730e+01 -1.171760091832424466e+00
-4.445275876674918436e+01 -2.524250299089865646e+00
-4.651285013431044035e+01 -3.591740074546040606e+00
-4.291485114619757724e+01 5.008915788269667768e-01
-3.989903488989796188e+01 1.771699000644688882e+00
-4.124857469961590084e+01 1.672802507760775992e+00
-4.553307503649283916e+01 -1.062795564535269133e+00
-4.471875033758458784e+01 4.517036149003826329e-01
-4.667768084015619223e+01 2.207586982120527674e-01
-4.870757217758753654e+01 -2.576341768606284499e-01
-4.710559806084882695e+01 1.945792290077910769e+00
-4.463820175941746982e+01 2.767246194621194810e+00
-4.907649263605483725e+01 3.446701340305280414e+00
-4.721061641074338411e+01 4.059870697831726716e+00
-4.759397656680407351e+01 6.031267703496633104e+00
-4.355398839537916444e+01 4.149640345231356164e+00
-4.113219452136667087e+01 3.672212743782942379e+00
-4.302012400603442899e+01 6.025146168555647996e+00
-4.595863521490151271e+01 7.188951429463461551e+00
-4.088017887589786881e+01 5.598170983054875371e+00
-4.453994036520552413e+01 8.825750835160116381e+00
-4.647329946267746692e+01 1.039360611693227554e+01
-4.361264804454977906e+01 1.088131152386613465e+01
-3.947099575786068471e+01 7.192541501610232757e+00
-4.122823115073315137e+01 8.232794832802781571e+00
-4.170389835092310449e+01 1.135341693146519582e+01
-4.015983378629390188e+01 1.087327366722968591e+01
-4.169408924429411911e+01 1.365782936260625924e+01
-3.861229895089881836e+01 9.204233354127980604e+00
-3.932985135495758300e+01 1.219642224558688604e+01
-3.674033787567252318e+01 9.901871824761283136e+00
-3.801532555331149155e+01 1.404940026470578118e+01
-3.769868667986316524e+01 1.142392337600662700e+01
-3.611935888731517963e+01 1.247941167207935642e+01
-3.518547574655188015e+01 1.488736497942025139e+01
-3.479551512314611017e+01 1.072881668163747371e+01
-3.431036005706822323e+01 1.263429889957860475e+01
-3.293259590520674607e+01 1.124393549906549339e+01
-3.248012408473665147e+01 1.335957707793455818e+01
-3.067032913414002593e+01 1.160456348726009601e+01
-3.144442001688754473e+01 1.574342627384955762e+01
-3.035481915745848269e+01 1.375439312214816212e+01
-2.831125503766109119e+01 1.359570989372362604e+01
-2.783698559687401897e+01 1.182016424434695878e+01
-2.699243768614178762e+01 1.612547402228635107e+01
-2.572357598518246036e+01 1.371852917249485238e+01
-2.506031089518681654e+01 1.150841902287265839e+01
-2.325640321179728431e+01 1.289280280192973827e+01
-2.237637664424369888e+01 1.516114939127932359e+01
-2.161299155442603137e+01 1.113602793727689466e+01
-2.025995215858565146e+01 1.268469590850584261e+01
-1.829229425146925081e+01 1.424258248279933170e+01
-1.806168057653504633e+01 1.100941598144733824e+01
-1.598020041333103158e+01 1.244483740277866524e+01
-1.514730742456780277e+01 1.024200194595658964e+01
-1.298194181095241362e+01 1.237860351035119422e+01
-1.261782091023820129e+01 9.452833720651746319e+00
-1.033590184948986490e+01 1.091037025997279208e+01
-1.035319229387078543e+01 8.329195072742304973e+00
-8.249287358724876285e+00 9.420097619759586038e+00
-8.314505452227576754e+00 7.305255824277802290e+00
-6.204952883973459343e+00 8.210478587428394093e+00
-6.522721514137734822e+00 6.495524249182861531e+00
-5.390957518393546088e+00 5.614155890605753818e+00
-3.959676835518039617e+00 5.718349743392449724e+00
-3.911847716910560990e+00 4.336222999101905451e+00
-2.830830136012395748e+00 3.799607019102100303e+00
-2.224697184556159169e+00 2.953221719474947271e+00
-1.621561057140493478e+00 2.226856875591626483e+00
-1.060957720234703361e+00 1.588184077000829086e+00
-8.242443242612451648e-01 8.753496982602091414e-01
-4.437921937203329059e-01 3.488055099618708188e-01
4.829489821027078272e-02 1.016269621054202155e+00
6.609154587720453833e-01 5.575584793236285641e-01
4.409584567831927870e-01 3.630842111790862914e-01
2.048560852692545842e-01 5.639787122964980137e-02
-2.720567778327507552e-15 1.198100468494782984e-15
