1.107465914103245019e+00 3.896266443254172174e+01
2.236020792488807363e+00 3.022952829858789414e+01
2.961023784397827097e+00 3.061059479446713638e+01
3.130486222807014496e+00 3.111108325144555309e+01
3.111469428910345503e+00 3.153888103439232893e+01
2.738214533290153518e+00 3.199523489497183704e+01
1.695217766976006457e+00 3.262121524164525965e+01
-2.968911947154234121e-01 3.342663605946808048e+01
-3.098162226365857030e+00 3.396121627176752611e+01
-1.345055075978887071e+00 2.955865902514061361e+01
7.996042829818642561e-01 3.591840721288580340e+01
2.248734855064399074e+00 4.303440008850684961e+01
4.428435245305141765e-01 4.342733303617612961e+01
-1.932563922648958599e+00 3.967022757381321441e+01
-2.197594015428146363e+00 4.375999479838583994e+01
-5.898393523097127833e+00 4.466947967647757167e+01
-5.254935041113749428e+00 4.051376466721752223e+01
-6.792927087341821490e+00 3.644062925921668494e+01
-8.571784559589451291e+00 4.046320961869987798e+01
-1.093621358035454527e+01 3.845316323998761021e+01
-1.224170666961071419e+01 4.120638958426080478e+01
-1.058850112211175443e+01 4.498838545469956074e+01
-1.437284075227304214e+01 4.476109104629959745e+01
-1.367413152429317691e+01 3.544979211052844903e+01
-1.627791863630555724e+01 3.974903827709729853e+01
-1.829342955699912920e+01 4.392501408937689433e+01
-1.994130974774964926e+01 3.579961268389273954e+01
-2.174682055547113890e+01 4.373000505789079995e+01
-2.125590767529478597e+01 4.105953997482757956e+01
-2.488196915181168833e+01 4.273255715999753335e+01
-2.494786777776636200e+01 3.798500172325958602e+01
-2.762629872021368627e+01 4.152851350261975227e+01
-2.595273568393994523e+01 3.410596395980633844e+01
-3.024189698949898286e+01 4.075113968504844308e+01
-3.295705118626668195e+01 4.467656051618229185e+01
-3.267970853915896612e+01 4.004067300173263533e+01
-3.430810079313668126e+01 3.869723548361428556e+01
-3.042234042088299617e+01 3.474289521740664810e+01
-3.615272417718208686e+01 3.733712816341243013e+01
-3.285446216081529514e+01 3.251762666002090185e+01
-2.947816660741740336e+01 2.987450272629519432e+01
-3.772950646850761558e+01 3.565603281605437758e+01
-3.555022316519522008e+01 3.066731560945108725e+01
-3.963739384396686205e+01 3.433371385035788848e+01
-4.061054554333168198e+01 3.255348280829349505e+01
-3.313909696249627501e+01 2.625755029967565690e+01
-4.176077515709864940e+01 3.067233353415419472e+01
-4.335450132186362993e+01 2.903723945639560355e+01
-3.765189425582212124e+01 2.734042475382864268e+01
-4.178189910954795039e+01 2.643767900908685675e+01
-3.633537790010675650e+01 2.251681466995741943e+01
-4.025831612750722144e+01 2.413176615245896173e+01
-4.478888455864527884e+01 2.532844006080164689e+01
-4.532187075781161667e+01 2.236905912041989097e+01
-4.221411723240687763e+01 1.961351626356480793e+01
-3.858435533418449381e+01 1.880508939710050598e+01
-3.655070619767838025e+01 1.766174223486423855e+01
-4.568363234015337326e+01 1.911543617992366251e+01
-4.604556040647133131e+01 1.621195111891040597e+01
-4.049037241538064791e+01 1.536129459212223303e+01
-3.768589799444826127e+01 1.253074907314836572e+01
-4.507454034186658731e+01 1.323875089947598482e+01
-4.509892305899623466e+01 1.099209452961867761e+01
-4.485516487596139257e+01 8.405751111998295499e+00
-4.261357067591200831e+01 8.556678396116881302e+00
-4.325747921015692299e+01 6.190574007594575434e+00
-4.168343145228477198e+01 5.061182148722763507e+00
-4.070251460666015220e+01 3.191803465336606749e+00
-3.786917574040472090e+01 4.876524776118633220e+00
-3.599770625269895419e+01 7.842792891445439452e+00
-3.872238280435328761e+01 1.824225636177299714e+00
-3.686220270713427283e+01 4.737052514915376933e-01
-3.401913276884013015e+01 4.239886606984191175e+00
-3.454175357723750750e+01 -9.812150973805933152e-02
-3.217722026740469232e+01 2.547782526470424802e+00
-3.264697442983790410e+01 -1.960445630260121419e+00
-3.147118060671634154e+01 2.776749364691940558e-01
-2.970740890548786695e+01 1.932960717667727035e+00
-2.966182932224333868e+01 -2.480963151918095910e+00
-2.896505716754641568e+01 1.534491312915700102e-02
-2.715079850745149415e+01 4.376955968520377938e-01
-2.672416207351843198e+01 -2.174280717766176263e+00
-2.514526031023215680e+01 -2.566388377545807398e-01
-2.346325226239695994e+01 -2.591264947354709136e+00
-2.299149272854389636e+01 -2.357726268964871752e-01
-2.087240732870811755e+01 -6.960519898359001090e-01
-1.869895586299795553e+01 -9.230083767078089974e-01
-1.637127361385402580e+01 -8.233796899865436503e-01
-1.413845655523323153e+01 -6.435679478617425398e-01
-1.215652766299090182e+01 -4.569469790592866620e-01
-1.045895217814654998e+01 -5.672300781162649130e-01
-9.096064285955151263e+00 -2.258700937651489660e-01
-7.912743836760939509e+00 -4.998027522857911853e-01
-6.833257460156767493e+00 -2.052939223774090660e-01
-5.808240582375689520e+00 -1.530999446205312253e-01
-4.785027970879244030e+00 -6.907560218237544791e-02
-3.681720164810229345e+00 1.796774783109306509e-02
-2.467473174847249595e+00 8.608955571496383630e-02
-1.167251646089439099e+00 1.236843794325991897e-01
-1.122054293264056028e-02 6.637034393257130842e-03
