-1.070091061472636795e+01 3.710928938792870557e+00
-1.353593273329924962e+01 3.981607511334469329e+00
-1.562618361874037376e+01 3.775917067838788999e+00
-1.758720815600210230e+01 3.598625063725088502e+00
-1.930660765372193310e+01 4.065658990987146559e+00
-2.065604091216836125e+01 2.666844628951794860e+00
-2.134684232097104939e+01 4.365269993013932925e+00
-2.298408052357767772e+01 4.133451192020616283e+00
-2.309536552784778252e+01 2.295482186922912948e+00
-2.442046308577431901e+01 3.636651981497137420e+00
-2.567351751363043633e+01 3.690655851255029152e+00
-2.507507907570086303e+01 1.778566745729550869e+00
-2.646397959242624864e+01 2.677902313691381764e+00
-2.663369014832227677e+01 1.043326638516609783e+00
-2.764858359068099602e+01 2.149677911473880432e+00
-2.838198230802003152e+01 3.240242390394855398e+00
-2.864067606543489575e+01 1.493489299399519910e+00
-2.795463225001318008e+01 1.297847726402420188e-01
-3.024510890440637212e+01 1.712688119197805392e+00
-2.965713309713486723e+01 5.733424058728643358e-01
-2.892798867094772319e+01 -8.969764352493116988e-01
-3.104248110366338054e+01 -6.200862674810577596e-02
-3.016712771104589663e+01 -1.166775264799554845e+00
-2.936525573916538789e+01 -2.175442142325503703e+00
-3.196203459399728430e+01 -1.445770019060128142e+00
-3.233158215469468644e+01 -2.797455767310215613e+00
-3.023869863961609639e+01 -2.957079543993206716e+00
-3.063223597556542899e+01 -4.177651477257644075e+00
-3.241669953540242943e+01 -4.489107784921885447e+00
-2.907964316051888432e+01 -4.545424782566683142e+00
-3.094072176688796816e+01 -5.830443439331251199e+00
-3.246353190262702526e+01 -6.534620766243083523e+00
-2.949202569217644765e+01 -6.289378731611682483e+00
-3.145135429297315355e+01 -8.467078627133634683e+00
-3.026206644344294006e+01 -7.638690765195174315e+00
-2.793394842111838727e+01 -7.075741928437614625e+00
-2.965187218323868024e+01 -9.502874131152852399e+00
-2.800311675665010824e+01 -8.959094374130453176e+00
-2.856278749555161056e+01 -1.082094565589786939e+01
-2.628931283889073356e+01 -9.150959648097854782e+00
-2.650301314806479880e+01 -1.089268321357893754e+01
-2.717464137651196765e+01 -1.231014297554450820e+01
-2.461603052918100332e+01 -1.056270228245552545e+01
-2.510503856532330147e+01 -1.231288534260657741e+01
-2.549374672696933430e+01 -1.347728640254568333e+01
-2.368229953023887902e+01 -1.210759667110653837e+01
-2.377301650074725003e+01 -1.398642793334204626e+01
-2.168651252028704235e+01 -1.236192492189487879e+01
-2.224790635575644515e+01 -1.471397923408277464e+01
-2.052413404250093265e+01 -1.505801337209948798e+01
-1.908105773361630497e+01 -1.318221613120186042e+01
-1.814871955454495023e+01 -1.555550981554937273e+01
-1.592749067430842125e+01 -1.367509848472428935e+01
-1.541515066691768254e+01 -1.624861661509822852e+01
-1.295422439297514927e+01 -1.540060191107195209e+01
-1.048452952738342780e+01 -1.615317772719952671e+01
-7.665018400254678177e+00 -1.591408971484773005e+01
-5.068814639375617048e+00 -1.763136300186590688e+01
-3.269863529708529004e+00 -1.509070441175581756e+01
-1.233838146181724937e+00 -1.808712674534369924e+01
2.187972783643957198e-01 -1.552697937746838619e+01
2.769835156100287854e+00 -1.499238143152560099e+01
2.355240370955888896e+00 -1.817454586563835406e+01
4.857676247776242739e+00 -1.770527521756772416e+01
6.848256883709500364e+00 -1.740151906816105765e+01
6.255909332332716843e+00 -1.438345248337232896e+01
8.672779157293737384e+00 -1.663419483344951999e+01
8.736425989287209148e+00 -1.504357978100919979e+01
1.054208071340308273e+01 -1.576432833293297797e+01
1.010361427837638360e+01 -1.338772831677846931e+01
1.238753728661669307e+01 -1.473179557800574102e+01
1.269377173587537477e+01 -1.305290255927545040e+01
1.121590307535226749e+01 -1.032439133856894209e+01
1.444922381065385331e+01 -1.271546230162115876e+01
1.412163520820716123e+01 -1.131582154199106682e+01
1.550146967136564058e+01 -1.068615950809810222e+01
1.520907271792913384e+01 -9.319093564639494787e+00
1.599761874820983820e+01 -8.357771617202997660e+00
1.535809050183659608e+01 -7.154574558146549634e+00
1.281712600968625360e+01 -6.987552941343481372e+00
1.506698528219046551e+01 -5.884402788736396772e+00
1.464057088914286631e+01 -5.006940957307030260e+00
1.423350425655481999e+01 -4.178464234223675078e+00
1.350104923206359864e+01 -3.478372839011679485e+00
1.233254113747038971e+01 -4.212097822012860426e+00
1.267343305518595997e+01 -2.741435627299239286e+00
1.180310077870822383e+01 -2.705285963317495490e+00
1.183623250267781124e+01 -2.046789444608157815e+00
1.114723363482526963e+01 -2.152436922474590286e+00
1.080374831698212112e+01 -1.724571172226844196e+00
1.025764320544261565e+01 -1.592715466956119208e+00
9.717762021163940389e+00 -1.392014240051591356e+00
9.048882032581442303e+00 -1.193447886038196293e+00
8.185172818285206375e+00 -9.566618375818238817e-01
7.051318934546328521e+00 -7.091980092748633169e-01
5.643269125293997490e+00 -4.747341262962859187e-01
4.050444991098767211e+00 -2.876854437322458047e-01
2.467122677403542408e+00 -1.521858608489721487e-01
1.087010363565001914e+00 -5.155604131779880500e-02
3.585060542218197689e-04 -1.210192837476724745e-05
