1.003384275542807202e+01 1.793449322026233261e+01
1.131792793689196586e+01 1.423012789074146056e+01
8.606231904445937886e+00 1.655374733451904490e+01
7.629781597041634278e+00 2.088925055057302060e+01
5.052363354509553872e+00 1.717358408123414648e+01
2.868824478702530545e+00 2.046609396824065996e+01
1.030216379077193434e+00 1.679521121934416072e+01
-1.556456706337652873e+00 1.940517591360158889e+01
-3.319282119736798986e+00 1.638757295556928995e+01
-6.265521051558036625e+00 1.981439942116623953e+01
-6.830138365239426967e+00 1.576185126042540929e+01
-9.752086157736320260e+00 1.505471629764072716e+01
-1.124621594312571027e+01 1.877687460968694921e+01
-1.269197504999746684e+01 1.392859218964288637e+01
-1.554202146918743210e+01 1.734379219678357131e+01
-1.577662102524115895e+01 1.350368003387137428e+01
-1.911488392719915552e+01 1.531678750596945626e+01
-1.691076210540001767e+01 1.050870735884382157e+01
-2.097607238025938159e+01 1.244698933069976121e+01
-2.417606030642002324e+01 1.237993053717654490e+01
-2.364995194151527613e+01 9.393193751776360401e+00
-1.972632333875473165e+01 8.268780257040619475e+00
-1.924122128642421714e+01 5.499097802094492948e+00
-2.522922951409396575e+01 6.133911135700621742e+00
-2.286698801309183793e+01 4.146058402655054209e+00
-2.606218096077583013e+01 2.525338190512441905e+00
-2.026732968764445175e+01 1.540342743708321693e+00
-2.242216744958102836e+01 -9.382740832718693136e-02
-2.038779368988143403e+01 -2.267774955188555541e+00
-2.646599418370150758e+01 -1.266419853747836388e+00
-2.400935025969325665e+01 -3.240446625163129202e+00
-2.654704633680894688e+01 -4.842000487370606621e+00
-2.375549838398801938e+01 -6.425695269764113426e+00
-2.582156567770704569e+01 -8.006433672381266575e+00
-2.075489988583756329e+01 -6.713792532341937402e+00
-2.397485829767607868e+01 -9.733586174539476943e+00
-2.076957233508591472e+01 -9.705885862802585251e+00
-2.411457371450484644e+01 -1.228406560017510962e+01
-2.164296784031401799e+01 -1.201799893322503721e+01
-1.931075307585962975e+01 -1.250242526887081063e+01
-2.250714471991163279e+01 -1.481745846299049241e+01
-2.025380736189205422e+01 -1.539782349666596240e+01
-2.108537841901401322e+01 -1.730665601099961748e+01
-1.716465506275843822e+01 -1.501028941827890861e+01
-1.811894119959764993e+01 -1.739700882033527662e+01
-1.919671075445218733e+01 -1.976206283098967376e+01
-1.544220425078373538e+01 -1.743137511970068942e+01
-1.648424479834388023e+01 -2.021375063460267896e+01
-1.582338928644430354e+01 -2.256997564817917734e+01
-1.224951029459981733e+01 -1.859087773888883532e+01
-1.364351486127953628e+01 -2.093104159735106151e+01
-1.263458546781637892e+01 -2.382668791234032213e+01
-1.108791558825433299e+01 -2.192182065876804131e+01
-9.357253923888377400e+00 -2.343688172014476834e+01
-8.559870813647336263e+00 -2.033574877676849724e+01
-7.023073599092219510e+00 -2.344945901254598652e+01
-5.759574852396496247e+00 -2.102582651128415847e+01
-4.570081367212103451e+00 -2.372604144992872932e+01
-3.252761292360367484e+00 -2.127266366544916210e+01
-1.973024201578767789e+00 -2.376395138602428148e+01
-8.615415673925673756e-01 -2.131868648961816959e+01
6.218744060988105060e-01 -2.365320314102759625e+01
1.631954929715552671e+00 -2.111467056660400132e+01
3.285231605057266968e+00 -2.346344018306869117e+01
4.081548474480530153e+00 -2.127028563288015306e+01
6.005150466609846305e+00 -2.255189602951558570e+01
6.623908796407254940e+00 -1.859874347801097727e+01
8.267265375770906033e+00 -2.154380705286187592e+01
1.059368327219504380e+01 -2.213682904115219685e+01
1.153679514764026770e+01 -1.983961906291961341e+01
1.421655029350420385e+01 -2.048797469237987912e+01
1.503008559386118748e+01 -1.800037310469204144e+01
1.117775430220319777e+01 -1.492799873690453616e+01
1.715742601073130658e+01 -1.606097303668804344e+01
1.961040085633263885e+01 -1.441468507273012278e+01
1.348573976557514520e+01 -1.076036161047171191e+01
1.765862389635228524e+01 -1.198329392915076141e+01
2.094935493850515940e+01 -1.139926033235807523e+01
1.855807322648218260e+01 -8.089522806066860028e+00
1.436456109199147591e+01 -6.318705167788317034e+00
2.160029763235457878e+01 -8.558014428244257843e+00
2.209052762360116517e+01 -6.249842361290963488e+00
2.164831401427061763e+01 -4.004240551915243529e+00
1.855185996742291366e+01 -4.084471311291935081e+00
2.075859869579345229e+01 -1.591119791585065224e+00
1.822933067056121814e+01 -1.029165070770503121e+00
1.889860365759648175e+01 1.330332643967733208e+00
1.597979608878811320e+01 2.313728561923971139e+00
1.502492742871592135e+01 -3.050881414135089287e-01
1.255332089505227700e+01 -1.814338244847518711e+00
1.234108466578699037e+01 1.819180605560184016e+00
9.866826916387719137e+00 1.145006861108342378e+00
7.604091900288833195e+00 1.286349377280662010e+00
5.509417280548093210e+00 1.047925966040235801e+00
3.606324030428127880e+00 7.896512073989503389e-01
2.026192506656608217e+00 5.182051109933510924e-01
2.316337372846671294e-01 3.127266367033607053e-01
5.344049494561619040e-01 9.566217936828050328e-02
9.613551433899913956e-01 3.380980415064598343e-01
-7.435407697402616648e-09 -4.876343630645775577e-08
