-3.234600321820131086e+01 2.066076621477131781e+01
-5.070584105869676250e+01 2.316915322014617828e+01
-3.224368974156929113e+01 2.204396217846215578e+01
-2.943012212932888616e+01 2.091924256588569975e+01
-2.752281118982309138e+01 2.127723195517905808e+01
-2.735443556912116136e+01 2.333585296773927098e+01
-2.516830569201055923e+01 2.216689892177941346e+01
-2.407547815424136672e+01 2.384481680050942387e+01
-2.215769083885112067e+01 2.340116379261462853e+01
-2.033323586296892671e+01 2.387040942656959430e+01
-1.852205563755676110e+01 2.407725789316857146e+01
-1.675202472490907724e+01 2.413958755355440644e+01
-1.507586395568617554e+01 2.395166291806807735e+01
-1.351690433427492977e+01 2.435705846474748171e+01
-1.213352844409181408e+01 2.349931417818383039e+01
-1.099689517564887353e+01 2.469971157177606003e+01
-9.965176934984270929e+00 2.323157188621156877e+01
-8.642875401730764295e+00 2.423038494072060800e+01
-7.903693609063055625e+00 2.276984703175648050e+01
-6.498257715555382674e+00 2.357428680378781394e+01
-6.058964512738849173e+00 2.207544788061068886e+01
-4.796043726320424305e+00 2.252032022924672461e+01
-3.771085716495726992e+00 2.181099361832740513e+01
-3.997372777843547276e+00 2.056373491046996804e+01
-2.547038243474748498e+00 2.079694924440433468e+01
-2.569069933365961678e+00 1.972631414621169910e+01
-3.262381701388935795e+00 1.877078914966875445e+01
-2.473557115391929795e+00 1.880208281187044150e+01
-1.895637105252328647e+00 1.811603568651969454e+01
-1.837261158277212481e+00 1.733756225376378168e+01
-2.856839539297327146e+00 1.706854549821703770e+01
-3.265871924272770510e+00 1.798350344906653930e+01
-4.237088987600812651e+00 1.759427625220111580e+01
-5.513415246199844688e+00 1.740177915114949769e+01
-6.997381266714771897e+00 1.677305647323982285e+01
-8.712367007626509618e+00 1.628431266840486202e+01
-1.047368970636953200e+01 1.579472078274383051e+01
-1.214451243514029777e+01 1.530611796530400959e+01
-1.374187326329740344e+01 1.478922901641930565e+01
-1.532169141210598440e+01 1.425305436281525573e+01
-1.694007717262561741e+01 1.359888390137644265e+01
-1.869167921556914891e+01 1.283899044638775422e+01
-2.045909608346114439e+01 1.198991940485553620e+01
-2.216741106731231881e+01 1.110466140694770054e+01
-2.381233909660490511e+01 1.015721550454172650e+01
-2.531650763446374697e+01 9.165220698081199657e+00
-2.667026926137096510e+01 8.106289048681141196e+00
-2.784428204682754426e+01 6.859217681903358788e+00
-2.960539277013077353e+01 5.997356415946042851e+00
-2.866100907104415896e+01 4.165918590420831791e+00
-3.117586466170850912e+01 3.729298599605023412e+00
-3.015391472669519501e+01 1.563850191701583237e+00
-3.274594903151741221e+01 8.531929798056105962e-01
-3.083424598102976688e+01 -1.658832424038008790e+00
-3.347803866575652165e+01 -2.467347217044234320e+00
-3.415348645841039854e+01 -4.951105599208887043e+00
-3.063704089890557469e+01 -6.035137592481906843e+00
-3.383153961275336741e+01 -7.837434533129471248e+00
-3.402405054845662846e+01 -1.070827280979085216e+01
-3.113417854286918285e+01 -9.876372027528979913e+00
-2.874895805901469004e+01 -1.111607141458459402e+01
-3.203006377007397987e+01 -1.360461367568370505e+01
-3.017426955271257683e+01 -1.591334880598861545e+01
-2.761326542727318056e+01 -1.449587078337446577e+01
-2.739375727130558147e+01 -1.774829546688184578e+01
-2.398841848500824270e+01 -1.593612877061437061e+01
-2.501303401700295126e+01 -1.958296699372813521e+01
-2.270373244542214408e+01 -2.019942406424057069e+01
-2.098813315985733396e+01 -2.200000602119997950e+01
-1.965162817446740107e+01 -1.818407202333158068e+01
-1.837298974389868533e+01 -2.107823514520372044e+01
-1.656845384626202033e+01 -2.294640382055660410e+01
-1.539547194221380266e+01 -1.961478320329447200e+01
-1.395495398033137135e+01 -2.167867589442436227e+01
-1.234052626245150641e+01 -2.315387630627313698e+01
-1.115582252490368909e+01 -2.035787750664849582e+01
-9.690387862091773385e+00 -2.280478732970566824e+01
-8.121116322751909422e+00 -2.035655011019998639e+01
-7.114659332014594106e+00 -2.264859279689891736e+01
-4.895912915201664717e+00 -2.201341746046506387e+01
-5.176268953515736904e+00 -1.967896429579147366e+01
-2.738503620934709559e+00 -2.055019087232492225e+01
-2.672181153511636431e+00 -1.756440953507057046e+01
-7.118649419600844297e-01 -1.926745496566923066e+01
4.751854830871385937e-01 -1.766450616480889479e+01
1.043851564183964742e+00 -1.586582274831334693e+01
1.948096163401502157e+00 -1.445769310165514199e+01
2.651658949453294056e+00 -1.293049492879174700e+01
3.124108401329524387e+00 -1.140273449978880116e+01
3.491056953632176718e+00 -9.945167707478612229e+00
3.686654615261074408e+00 -8.508833120867084432e+00
3.744993903995257778e+00 -7.131205560224577411e+00
3.544206981273586354e+00 -5.830182962744223651e+00
3.187543276985370877e+00 -4.622026561754349672e+00
2.698671731406661944e+00 -3.518495926968597143e+00
2.086353561974296777e+00 -2.554289540701609074e+00
1.561398545170780583e+00 -1.665747309367435980e+00
9.548516440838654695e-01 -9.786473318253737785e-01
3.273321407644359526e-01 -5.033251222025766358e-01
-1.728038609009531229e-06 -3.288957134483549845e-06
