2.433865252047566941e+01 2.592589805553141602e+01
2.776281101800194051e+01 2.619270178232441282e+01
2.130043438421646229e+01 2.488930821390177073e+01
2.135963237761631817e+01 2.160189483216996109e+01
2.807875597528994049e+01 2.298434294875422879e+01
2.742512140901065010e+01 1.939605436210580791e+01
2.281371805550891807e+01 1.688088559379681897e+01
2.790448186675972764e+01 1.396432750237508280e+01
2.296068192400352359e+01 1.254629981095709645e+01
2.155894095796813303e+01 8.775321072347775697e+00
2.214594035644287118e+01 5.183640036133962958e+00
2.735348879285244195e+01 8.298618719563650714e+00
2.746411711148746093e+01 4.360332530157357667e+00
2.813545439068196075e+01 9.050204293484807039e-01
2.625392494252046305e+01 -1.868138171243360901e-01
2.201423460952458200e+01 1.017874417509300855e+00
2.217468696221660451e+01 -2.325979626562200142e+00
2.561995281701128846e+01 -3.244994662602746605e+00
2.799074994550973372e+01 -3.865445795016108743e+00
2.575062435181505549e+01 -5.878660269155662199e+00
2.192074024889857142e+01 -5.694229750335818352e+00
2.378923328558017758e+01 -7.892781973207034341e+00
2.152979585265579132e+01 -8.861291529766614161e+00
2.743523708508233483e+01 -8.563417430856711476e+00
2.508575510345855619e+01 -1.025745682063140407e+01
2.607275284694027562e+01 -1.108988966709748958e+01
2.765299358964136545e+01 -1.325556980065402790e+01
2.435580662832466814e+01 -1.328993595395180982e+01
2.077200009734455222e+01 -1.316112600357928031e+01
2.037995482639675870e+01 -1.181335122061980236e+01
2.466594971501395861e+01 -1.577080148871759668e+01
2.281894881676947406e+01 -1.634029129660058288e+01
2.326268092506487406e+01 -1.920680649276129159e+01
2.134279927720952585e+01 -1.753089166970473656e+01
1.909791723562015875e+01 -1.523026797849935576e+01
1.993943279303238114e+01 -1.833192395081475112e+01
1.878909288977735770e+01 -1.930708951843704924e+01
1.717175271565154659e+01 -1.806152749872348906e+01
1.758144007972848399e+01 -1.693133664102827041e+01
1.946543764500204432e+01 -2.140323554443159892e+01
1.715798668082489087e+01 -2.005608874528145691e+01
1.584453182623346024e+01 -1.828296141741123648e+01
1.607685373068484580e+01 -2.155644744079544850e+01
1.421459700288778549e+01 -1.870305749247719618e+01
1.512019098389164284e+01 -1.980411652715075377e+01
1.425069052784100343e+01 -2.089697096867683612e+01
1.371626446905854380e+01 -2.280044603011258886e+01
1.288781900009393233e+01 -2.097850764017607261e+01
1.227781651423168441e+01 -1.909297666081941003e+01
1.151581077069319115e+01 -2.107347304297744017e+01
1.088030058143295875e+01 -2.232296254468667129e+01
1.023417857532551523e+01 -1.930966196384905231e+01
9.939623694510471452e+00 -2.111464859727391641e+01
8.815529030250866427e+00 -2.156717512400015835e+01
8.296728915401461180e+00 -1.975546805861692690e+01
7.453038413532085293e+00 -2.144648102105172072e+01
6.956405140578450386e+00 -1.967189512753537528e+01
6.185961479535466268e+00 -2.135454939731284796e+01
5.163445445148705737e+00 -2.107040203678465318e+01
5.745931497486075124e+00 -1.899986787978304648e+01
4.434777198629531902e+00 -1.981467052782917904e+01
3.903197324957885073e+00 -2.092658399503008226e+01
2.925785448374540021e+00 -2.043448824108531170e+01
4.271779189286363909e+00 -1.816235579430691516e+01
3.038352363609319706e+00 -1.906259409152409745e+01
2.849814148710573036e+00 -1.734820624461968208e+01
1.590922437277086932e+00 -1.982205133158184296e+01
1.910303918515897870e+00 -1.861477589558672108e+01
3.740307647689611326e-01 -1.898054762060366230e+01
1.072230410065903916e+00 -1.783226360937185007e+01
-8.557796210166968010e-01 -1.775435285241704264e+01
1.531854380851235264e+00 -1.620100830356108901e+01
7.531452087499463932e-01 -1.698296265912044589e+01
1.898898414013377445e-01 -1.628594565992667498e+01
-4.752171696726076311e-01 -1.536038652197213850e+01
-1.989269914762797242e+00 -1.591777582573622318e+01
5.273516197274201733e-01 -1.472753954861969206e+01
-4.863025736967657164e-01 -1.378181158841089626e+01
-2.246500413178182054e+00 -1.354973524268865148e+01
-7.273341356438410843e-01 -1.227902375392164380e+01
-2.222523909752960325e+00 -1.163520475683649735e+01
-1.108810873700959654e+00 -1.064034773392634570e+01
-2.319282464677134392e+00 -9.938756370695818632e+00
-1.322142194702270235e+00 -9.199685486338998075e+00
-2.192784980598499356e+00 -8.553210958044482837e+00
-1.444916632142176027e+00 -7.963933260143038595e+00
-2.033794340999274919e+00 -7.376732571860643795e+00
-1.417465117808843322e+00 -6.942820204659431838e+00
-1.841969290023205641e+00 -6.358464578662290201e+00
-1.289061885966961807e+00 -6.123891621222401938e+00
-1.452666673760336202e+00 -5.551094467746122696e+00
-1.246918467409934506e+00 -4.936256291317742573e+00
-1.058582909737230349e+00 -4.246902268829567006e+00
-8.803043003969847069e-01 -3.510231303628223998e+00
-7.103626983538461337e-01 -2.780180037697394191e+00
-5.464024771934734570e-01 -2.077896687041783874e+00
-3.875662129397708933e-01 -1.414974546958035484e+00
-1.419682712591934237e-01 -7.573954123441067887e-01
-7.805151776881842363e-01 -4.615009650389018114e-01
1.224134965439553191e-07 -3.708921372257109117e-07
