1.044603727298617102e+01 2.226655328356854469e+01
1.157431111246094702e+01 2.344611657913213065e+01
1.286256152188068924e+01 2.350820015179342803e+01
1.105138107620661181e+01 1.915607988651454363e+01
1.434125533213670423e+01 2.334426146289490589e+01
1.587861325083689579e+01 2.434396598403837686e+01
1.596897008903317250e+01 2.106585442282652210e+01
1.754937443313345113e+01 2.393916889975991680e+01
1.837278410674858975e+01 2.103133255939962609e+01
1.906729814072280504e+01 2.427867190697881128e+01
2.040301275199771425e+01 2.418923920871457867e+01
2.049073049006476666e+01 2.024233264458285220e+01
2.128584370649256030e+01 2.191939806201495244e+01
2.186716602655092601e+01 2.412381215595337736e+01
2.309492172291002277e+01 2.391110143932777987e+01
2.456505241218681590e+01 2.400418732266817301e+01
2.547143181565573400e+01 2.303452064373414743e+01
2.372687980612303704e+01 2.199834300893223116e+01
2.636947138720018557e+01 2.139928861944004623e+01
2.463947009489487883e+01 2.019043736349217255e+01
2.231461654798233596e+01 1.825859777024943043e+01
2.682128722877322247e+01 1.892318821142022145e+01
2.526061440571803374e+01 1.805273265202584199e+01
2.198013963252357073e+01 1.491830636854242087e+01
2.641996309666959419e+01 1.626698743570564787e+01
2.517533989507147396e+01 1.481165333123294126e+01
2.703310436877865897e+01 1.363981129960055050e+01
2.619828940441865228e+01 1.147350514210693895e+01
2.222840352745654968e+01 9.691284584571821625e+00
2.630210741582912704e+01 8.787118146097265381e+00
2.664472636400768835e+01 5.882310295895648800e+00
2.340887941325269495e+01 4.340731681155340915e+00
2.595216033039083925e+01 2.013272715490541209e+00
2.645899433784122223e+01 -1.142983881888210096e+00
2.730983096864631321e+01 -4.016006671775121717e+00
2.368720327163569195e+01 -3.332682379555588881e+00
2.570245641758274147e+01 -5.907996409819303629e+00
2.588464759330118881e+01 -8.089699060189687430e+00
2.799890611228574144e+01 -8.031374069800397919e+00
2.578719818593025437e+01 -9.892914336804553344e+00
2.509440184291152320e+01 -1.128605976030072888e+01
2.187881887523667501e+01 -9.275725063997050768e+00
2.775425730727694429e+01 -1.136464030093648248e+01
2.540016754667656684e+01 -1.301419932957464276e+01
2.768679071040249084e+01 -1.427616302993262742e+01
2.564900780217464060e+01 -1.511048256470058426e+01
2.363729607867085747e+01 -1.499382480159605713e+01
2.688143992303240282e+01 -1.650075000109489309e+01
2.618537605295556148e+01 -1.826651871274820493e+01
2.485909736142847493e+01 -1.767013402269072486e+01
2.420719672675924627e+01 -1.962095227698591771e+01
2.260178280282801921e+01 -2.054412619325763600e+01
2.148774672027053256e+01 -1.700609982708249035e+01
1.897403560775670783e+01 -1.393405626643408901e+01
1.941573968138043682e+01 -1.826705183787285591e+01
2.055413495931065526e+01 -2.156354422931681469e+01
1.880948032462787012e+01 -2.412926017606797657e+01
1.797195602967920891e+01 -2.182091609467012105e+01
1.653665061753252630e+01 -1.913127847479221444e+01
1.548406707733383136e+01 -1.616392938914187738e+01
1.537595016509206580e+01 -2.221801515683436179e+01
1.304467620721385224e+01 -1.800660770305688985e+01
1.344782311693087173e+01 -2.129745167258064598e+01
1.265265798367215666e+01 -2.410040345176601306e+01
1.111725008104017753e+01 -2.136418822997638145e+01
1.020746382566451160e+01 -1.766186475658175681e+01
9.497034155707565262e+00 -2.364069314025763902e+01
8.761118552295787509e+00 -2.145023790579194056e+01
6.715940233381101798e+00 -2.081461394848513180e+01
7.388513687942174002e+00 -1.750348390290321277e+01
6.419867577385609536e+00 -2.355584696218654628e+01
3.850378766323462099e+00 -2.318560188955618884e+01
4.441301959718899184e+00 -2.042869788395113062e+01
4.616263001413801526e+00 -1.803668145399972644e+01
1.625135585296118679e+00 -2.168716054063181531e+01
2.479487760820938913e+00 -1.970970066517393704e+01
-1.376524767643359792e-01 -2.014663435208120745e+01
1.361552893131097175e+00 -1.841362183901881977e+01
2.607754352657474795e-01 -1.775927177746750729e+01
2.637989107005623168e+00 -1.614147510143738984e+01
4.372003415599128751e+00 -1.524828297876249827e+01
4.994736445602868807e-02 -1.650807724377244057e+01
-2.333629492188763699e+00 -1.737909690934133522e+01
-7.466505104970423412e-01 -1.527217905173687917e+01
1.521707155167642433e+00 -1.381262949647438276e+01
-2.248502014214684319e+00 -1.443998365348881308e+01
-1.136881941340047941e+00 -1.326830366566538189e+01
6.153988178878474491e-01 -1.162010267838566868e+01
-2.619409016532741941e+00 -1.232828212579055460e+01
-1.628099130788673188e+00 -1.140440956639058179e+01
-2.174123593952208555e+00 -9.925300402038459424e+00
5.773659133937090321e-02 -8.940801355124968097e+00
-1.932097167966169815e+00 -7.840462564735344309e+00
-7.177880051103197045e-01 -6.491855388860552800e+00
-1.195864275694664913e+00 -4.935072977920259341e+00
-8.697022682622019829e-01 -3.298915201110053097e+00
-5.756351755497626232e-01 -1.887148244995306312e+00
-2.684400175262776078e-01 -7.637468574690862155e-01
-1.677499134674351883e-02 3.188738469022897037e-01
-1.403271761438016434e-07 -9.504492274842049475e-08
