-4.650677786875596098e+01 -2.351407723396471994e+01
-8.674859469916272303e+01 -2.399882682736282291e+01
-4.484674888503441537e+01 -2.323648759370969685e+01
-4.354603879632899854e+00 -2.247549666550922609e+01
-4.257211054611354939e+01 -2.217399234003643116e+01
-7.594785994401391349e+01 -2.187397712289249441e+01
-4.240538428247587888e+01 -2.434900453906625728e+01
-4.218202187919340673e+01 -2.682854954656080437e+01
-4.389500155596629583e+01 -2.523967260588184658e+01
-4.627063721274531360e+01 -2.570730888810074433e+01
-4.824707652331614582e+01 -2.488465928851036324e+01
-4.784320929334328554e+01 -2.751084187894512922e+01
-4.633197119032127631e+01 -3.021288367691055043e+01
-4.208277051180290584e+01 -2.955675610182582247e+01
-4.153275267037302854e+01 -3.176104723755728187e+01
-4.571428434267128438e+01 -3.323352057444914465e+01
-4.503670778422823417e+01 -3.524436642841717315e+01
-4.172066778062314540e+01 -3.455710466785612311e+01
-4.378725031905796072e+01 -3.684624660460996637e+01
-4.265380227559970905e+01 -3.790504628265154707e+01
-4.113153526957631101e+01 -3.827124340950087600e+01
-3.948825130343535506e+01 -3.838012853839195060e+01
-3.954255944618665097e+01 -3.622002523260195517e+01
-3.745676622887998519e+01 -3.780412973920920905e+01
-3.926583076697330910e+01 -3.370225276056449815e+01
-3.778494346660848180e+01 -3.556383057554670302e+01
-3.691194268366735542e+01 -3.437851109969964369e+01
-3.603288319358179592e+01 -3.507908850959385205e+01
-3.532454798910477223e+01 -3.690745335706258601e+01
-3.478374851224776165e+01 -3.473515755522245740e+01
-3.386068644278528694e+01 -3.584889718360081901e+01
-3.535440684076716167e+01 -3.275985674021596594e+01
-3.366685114742674045e+01 -3.397755417296650648e+01
-3.255172733009208486e+01 -3.481435944795862270e+01
-3.244985119245690441e+01 -3.353443352486212348e+01
-3.133656634851717016e+01 -3.351336973264457697e+01
-3.185571024552385566e+01 -3.196241475851934410e+01
-3.385053646718962028e+01 -3.015625847753048561e+01
-3.051955697403387546e+01 -3.236238787055673072e+01
-2.955011970170727409e+01 -3.138149866988434411e+01
-3.067876770079046267e+01 -3.021130046337756525e+01
-3.185101117134633952e+01 -2.745298780939050332e+01
-2.871413576132855994e+01 -2.978327408030365575e+01
-2.947772071875611388e+01 -2.847360318933190015e+01
-2.768615647287463943e+01 -2.822986449961839028e+01
-2.865060189678729685e+01 -2.640432636098975294e+01
-2.659203351358117828e+01 -2.658884614295074300e+01
-2.767286959897650434e+01 -2.465122313000686916e+01
-2.519892599186209736e+01 -2.504255859445773069e+01
-2.625465438301827348e+01 -2.348827188570862745e+01
-2.620454796814157561e+01 -2.184725678046385156e+01
-2.463683588842120642e+01 -2.210743011088061394e+01
-2.364391332682756897e+01 -2.356112686637158049e+01
-2.383201451791080316e+01 -2.083683156211087351e+01
-2.183020182702211187e+01 -2.291448792254122324e+01
-2.261069739812511514e+01 -2.122745924176737020e+01
-2.219518055660627454e+01 -1.999075186067762999e+01
-2.002515414319728038e+01 -2.226017422987463945e+01
-2.104385779371627763e+01 -2.027287748766323716e+01
-2.015254921142396327e+01 -1.837020472296732621e+01
-2.008297004746304637e+01 -1.978894771153817800e+01
-1.908533435170108916e+01 -1.975712562406074468e+01
-1.787648767958911833e+01 -2.192280346698793636e+01
-1.793715784064884744e+01 -1.976303991458692622e+01
-1.706694360683209410e+01 -1.818117941103201929e+01
-1.653581064344829343e+01 -1.977470516841631465e+01
-1.557413960908703032e+01 -2.178210476595053890e+01
-1.503474003613249010e+01 -1.955782632399465371e+01
-1.401895383666069428e+01 -1.839306367350222260e+01
-1.351108525429778240e+01 -2.095768157533609255e+01
-1.190634586311484711e+01 -2.135590695839750097e+01
-1.195270949276925343e+01 -1.971080955259764877e+01
-1.174648214525684153e+01 -1.839360467456861770e+01
-1.027014325582913479e+01 -2.034852934761443066e+01
-9.277047809935687894e+00 -1.940927532347420481e+01
-8.675446407365759782e+00 -2.003542712987609775e+01
-9.789860432485077979e+00 -1.804187615747978413e+01
-7.655820106324918939e+00 -1.886965520389615136e+01
-8.382688965517374413e+00 -1.734767788003161471e+01
-7.128467703890377649e+00 -1.768743780864408777e+01
-6.170258361872404507e+00 -1.777270261403779728e+01
-7.379388557514159785e+00 -1.650035045213002860e+01
-6.490067268047829074e+00 -1.572408984681374911e+01
-5.252599891640310936e+00 -1.629933656787965290e+01
-5.191304412269842850e+00 -1.493937667350799714e+01
-4.376563752249865935e+00 -1.396689985547877022e+01
-3.751276272736050910e+00 -1.272023321050341949e+01
-3.128768963932842873e+00 -1.140565779046103323e+01
-2.590275130835251183e+00 -1.009778472357545631e+01
-2.033701463737553006e+00 -8.820496232518452828e+00
-1.612640861377677703e+00 -7.581109186857188931e+00
-1.198323038661999629e+00 -6.377448369461169442e+00
-8.354112470854848649e-01 -5.221004852972635391e+00
-5.116118896108620140e-01 -4.116278411395402514e+00
-2.659927129215228225e-01 -3.085274957260707218e+00
-1.015708559057501431e-01 -2.164366154565158684e+00
2.843213844519593483e-02 -1.349180502360747713e+00
1.848527714536550015e-01 -6.250018648263250265e-01
3.701834309528703737e-01 4.344850166495849847e-02
4.145527901760388088e-06 2.152998472190791054e-05
