-2.707179338283082970e+01 -2.239073176092807760e+00
-2.958270580322576393e+01 -1.819642011115144564e+00
-2.994952597702942754e+01 -4.254315209735552994e-01
-3.170982778118037970e+01 -2.380121915321012360e-01
-3.278456433705717643e+01 1.178135184174364358e+00
-3.090512729505249467e+01 2.431326890737901980e+00
-3.366610508613310060e+01 2.816465307416242680e+00
-3.443809847161563198e+01 4.372182959394970148e+00
-3.244326330832794270e+01 5.045895589239589363e+00
-3.453848870990589859e+01 6.353150995066881634e+00
-3.284035698253349977e+01 7.076745599967821931e+00
-3.429345702198588697e+01 8.340661666072433533e+00
-3.217740196651564588e+01 8.720979217791022364e+00
-3.359917385333426409e+01 1.003883799482961692e+01
-3.282834598518072511e+01 1.127494967883279742e+01
-3.063307584391166927e+01 1.063529181869806806e+01
-3.194875021218902589e+01 1.252549687778733833e+01
-3.078484467643842137e+01 1.346473189130043657e+01
-2.841177727003749709e+01 1.231676472490509688e+01
-2.929740746143624364e+01 1.431933947423646636e+01
-2.769506810269848174e+01 1.488269761312317385e+01
-2.599002771911700549e+01 1.478374471572153048e+01
-2.445635193341587410e+01 1.541488969756252736e+01
-2.340391836893009980e+01 1.674801443788469868e+01
-2.205717303735447032e+01 1.759126876923530602e+01
-2.151680931419392095e+01 1.556467416141032167e+01
-2.091088482263061366e+01 1.880667977514127642e+01
-1.960231199343154529e+01 1.691437223599002948e+01
-1.837691627226170610e+01 1.771991489739777137e+01
-1.778434879509084965e+01 1.918138585888382863e+01
-1.953324293380485344e+01 2.008708897878943134e+01
-1.734891714843314503e+01 2.133368668745221441e+01
-1.961042141598032984e+01 2.173740085274608447e+01
-1.878528674570043933e+01 2.341922049329000188e+01
-1.688395711541669542e+01 2.371105657917875575e+01
-1.689708984408131798e+01 2.531131507651602419e+01
-1.660689537915553160e+01 2.686088323154320889e+01
-1.502159693373970661e+01 2.697391095444196907e+01
-1.539387235803486575e+01 2.856665565119465100e+01
-1.395512097031451049e+01 2.882480708462699681e+01
-1.398915253172967965e+01 3.017304901663615979e+01
-1.267081313366668383e+01 3.036367968762685621e+01
-1.220736262440586906e+01 3.163075003564748755e+01
-1.084445812745800808e+01 3.121817147372395596e+01
-1.034408643660532867e+01 3.248465531535710937e+01
-8.953882174963220919e+00 3.329138339969161819e+01
-8.118520863170280322e+00 3.181474166947216631e+01
-6.880353421995912377e+00 3.319765152629516791e+01
-5.480188541863784124e+00 3.225110993831970063e+01
-3.928581554291504130e+00 3.303120112987238599e+01
-3.077219292799770134e+00 3.175359139914358053e+01
-1.494047547304362622e+00 3.251126001838020585e+01
-1.134229616484085268e+00 3.053761985353305874e+01
1.891101749593758763e-01 3.187951265457535399e+01
1.298410342082060076e+00 3.105494853782150599e+01
2.191392401955388536e+00 3.020639024646513704e+01
2.584720802696410136e+00 2.914835394141433156e+01
1.052569924353310649e+00 2.869263985921836380e+01
2.574367895806879414e+00 2.795548125874098133e+01
2.497426502771099344e+00 2.682668374189901783e+01
2.386491931559105772e+00 2.571528088295755765e+01
2.227243078368002394e+00 2.457212010129642366e+01
1.936933200534584953e+00 2.337667340226663626e+01
1.656583278854407260e+00 2.218082368787887049e+01
1.397854869815183809e+00 2.108459914708527450e+01
1.306364300163727954e+00 2.006905382018104689e+01
1.170837737042234927e+00 1.915875325597019696e+01
1.652051000131306013e+00 1.845803722310098038e+01
1.019951606574155623e+00 1.782554032200091854e+01
2.072303027871332137e+00 1.745322314492557680e+01
1.500649050804222950e+00 1.671968878647162171e+01
2.304853053690391285e+00 1.625856784858566328e+01
2.882846561626002835e+00 1.559940226658970275e+01
3.689587628565853539e+00 1.497417772023819715e+01
4.656416011079309136e+00 1.428167902580084458e+01
5.752194563320297327e+00 1.360730169163998404e+01
6.864477078108595087e+00 1.296154410927822020e+01
8.040968590682126660e+00 1.272421388565554956e+01
8.580836509473048324e+00 1.160518496083060214e+01
9.694148801881297572e+00 1.236428458585225698e+01
9.832230565630952768e+00 1.095088752466605797e+01
1.103204007279176047e+01 1.148594391507364598e+01
1.088310160561727358e+01 1.020429402884447789e+01
1.200185629591679870e+01 1.052702407959828967e+01
1.185566993106073852e+01 9.432802143164023434e+00
1.312373497705609893e+01 9.336210196450190679e+00
1.217715112129596378e+01 8.447711915741502153e+00
1.292163580030790371e+01 7.637505266404170712e+00
1.305436972907786242e+01 6.335067726107856956e+00
1.145005878657579501e+01 6.370037811618830759e+00
1.222283085114628065e+01 4.538110227746943615e+00
9.953617437389610245e+00 4.800021328496725914e+00
1.052644061348419591e+01 2.968310092179591742e+00
8.425074509803740952e+00 2.805879848880943772e+00
6.600108057279721052e+00 2.174605926297441094e+00
4.799944659598695651e+00 1.615411237597912608e+00
3.196068925633613222e+00 1.165969108939323817e+00
1.866485878947634625e+00 7.379641516317908545e-01
8.209124614760476835e-01 3.425302001600659119e-01
1.124388434161433477e-07 6.981901513375756627e-08
