-1.225554093094802788e+01 3.085512655987635355e+00
-2.378721042979567457e+01 5.294202541497391445e-01
-9.884069147381529419e+00 7.113707861993131543e-01
2.624987359384601593e+00 8.977933669425979257e-01
8.546004742834004020e+00 1.017117386412677238e+00
-1.029340036366556710e+01 1.671663441799748462e+00
-1.155481964508660830e+01 2.517721851512777498e+00
-1.314020604674294113e+01 2.024729300653572039e+00
-1.424868687102394382e+01 3.321199430117816043e+00
-1.301719778293070995e+01 4.542024542593971148e+00
-1.413883726436228905e+01 5.549441710896717339e+00
-1.591266035562133219e+01 5.155949278917209000e+00
-1.678084752777201061e+01 6.931655320658312469e+00
-1.466390757285677893e+01 8.372340988090543945e+00
-1.699029440116959577e+01 9.295401169287478282e+00
-1.754069481746461534e+01 1.114860117226709946e+01
-1.481860856382498248e+01 1.241247836733138854e+01
-1.790880954876895714e+01 1.336754940645082712e+01
-1.678628834733481767e+01 1.498300768159297292e+01
-1.827527251420228183e+01 1.626979284906736467e+01
-1.512253780338413556e+01 1.709206743552552510e+01
-1.798981339027341164e+01 1.877227475513108956e+01
-1.594733207171745093e+01 1.976153145304256853e+01
-1.786053005310292363e+01 2.178075186577801148e+01
-1.542799552552625464e+01 2.255568849184011881e+01
-1.215629266391726304e+01 2.209949025609502016e+01
-1.675571396518428458e+01 2.498780224904154323e+01
-1.478220221053688910e+01 2.529660160957362436e+01
-1.374905377858767075e+01 2.709906924734861633e+01
-1.495392501461108381e+01 2.856810904493696057e+01
-1.306198454617430649e+01 2.955965482859209459e+01
-9.680200968569920406e+00 2.680651853681067465e+01
-1.172608175377016337e+01 3.065892686888320640e+01
-7.766217456967333455e+00 3.060559314830490152e+01
-1.097441339357606260e+01 3.241270427121260411e+01
-1.260506936450513571e+01 3.332880230121184439e+01
-1.037912821946571285e+01 3.441111179184962765e+01
-9.424019779306396671e+00 3.618763836895913499e+01
-1.108825571009915656e+01 3.701272607704430584e+01
-6.388736346247429587e+00 3.446261561519045102e+01
-5.766386144322261487e+00 3.751580043818590582e+01
-8.707071059767192978e+00 3.825649334587471628e+01
-1.044712420323003421e+01 4.007276112615812735e+01
-8.417619260445119878e+00 4.023502917121169276e+01
-8.647395499422986020e+00 4.214297339377308305e+01
-8.449056988805700996e+00 4.411053690687560902e+01
-7.497871140475299789e+00 4.598549719880345066e+01
-6.765968584973904854e+00 4.870821443908572945e+01
-4.938834099558018664e+00 4.635322033650029283e+01
-3.455061451275827977e+00 4.473435443550576451e+01
-2.632652978151682088e+00 4.278883910095607490e+01
-4.999872008298251735e+00 4.080116604643535538e+01
-2.811905602298657048e+00 4.036464202252075495e+01
-8.699490873910988853e-01 4.057935556935673560e+01
-1.866916016294593694e+00 3.828452857339807025e+01
6.243510262581618564e-01 3.789988776564089790e+01
-7.424414668507309800e-01 3.578167916200887078e+01
-4.228436974078355060e-01 3.316490411978577413e+01
2.128762134022593511e+00 3.470398844420582662e+01
3.168435087525853788e+00 3.255082790793521497e+01
1.180374725763166044e+00 3.002401856886922005e+01
4.257298713184860972e+00 3.047015617801237397e+01
4.599210835911904383e+00 2.873900747420015023e+01
3.027012620444794244e+00 2.663196326198551844e+01
5.975561332883335020e+00 2.704425779964220666e+01
6.813766550353916429e+00 2.528489602094035504e+01
4.593367420859531869e+00 2.404209828192908560e+01
7.428702193405843701e+00 2.333541362501947702e+01
5.755640006253251784e+00 2.195291022073340059e+01
7.852380446583527629e+00 2.137768886085357067e+01
6.007151600930048296e+00 1.948336332054262598e+01
7.966550321638964149e+00 1.972873272439104042e+01
8.942915266768894256e+00 1.854612113987652577e+01
7.465581351762121010e+00 1.738150347130258666e+01
8.889976836123752335e+00 1.619565924844503613e+01
7.337660855822481842e+00 1.504019386603639141e+01
8.897570385974187701e+00 1.367770713405438698e+01
7.113780103731841997e+00 1.277452343341189689e+01
8.567555186887728880e+00 1.087238954731076213e+01
6.578978224154565346e+00 1.083275217945363345e+01
6.046908184135777020e+00 9.233107681299443925e+00
7.691955656721449763e+00 7.817293401735991409e+00
5.434365875665614354e+00 7.692995233260073284e+00
4.732879034104757743e+00 6.361885799903611804e+00
6.176376622963253737e+00 4.911636038962481798e+00
4.053133255006269309e+00 4.925324405974516040e+00
3.540907352664254493e+00 3.627137649720531432e+00
2.711516152693825177e+00 2.756453773086971815e+00
1.818622768143789425e+00 1.969998350219249517e+00
1.089931216448433604e+00 1.200962910315399812e+00
4.289570887424961620e-01 6.343547402928920720e-01
8.838165902336854174e-01 1.500530302958989759e-01
4.374982508187127972e-01 -1.658910342719726871e-01
1.165219426908985362e-01 -3.356440801766777948e-01
-3.354795329956716116e-02 -4.873178814987996210e-01
-1.242860677965005461e-01 -4.948821619096703817e-01
-1.280024437902894940e-01 -3.506122853762071445e-01
-2.231812078556909829e-01 -2.515450733270105377e-01
-1.230938885594787813e-01 -9.854307071068175994e-02
-2.274541470188284938e-09 4.139441003743115980e-07
