-3.206822597190187452e+01 4.411141236632203544e+01
-6.296870318935535238e+01 4.196290211306534701e+01
-3.697683682227057744e+01 4.396069300080100817e+01
-1.477796123019296104e+01 4.595830760840038920e+01
-2.914225828302128463e+01 4.420245918995347267e+01
-3.354577950838041289e+01 4.244246601966614207e+01
-3.050005516978695042e+01 4.243725681833731755e+01
-2.967330756068504627e+01 4.284916928223528032e+01
-2.996092213042100028e+01 3.998007318098655816e+01
-3.048120916127772517e+01 3.706237744944385071e+01
-3.678482124783951690e+01 3.905490982570145064e+01
-3.412082379824985878e+01 3.862830029536092269e+01
-3.424475041557999333e+01 3.524551040436585936e+01
-3.684605358627189986e+01 3.428401159826684363e+01
-3.025621002019454053e+01 3.297810908003806674e+01
-3.440636867250805864e+01 3.152030346623456936e+01
-3.379722372308108902e+01 2.905540646143355588e+01
-3.417546655490350815e+01 2.680365092211323841e+01
-2.945378927632794230e+01 2.822722763437089810e+01
-3.205049070394844790e+01 2.485210032007999814e+01
-2.902853164138318576e+01 2.423217711981618905e+01
-3.271834058005027401e+01 2.209008029395403483e+01
-2.897132762649992088e+01 2.108702375518905825e+01
-3.148263500876700149e+01 1.953978197372083869e+01
-2.881681284771536156e+01 1.870143976333784153e+01
-2.898798613003550528e+01 1.682425894711759895e+01
-3.392945148272362843e+01 1.769516108261914411e+01
-3.168473656595136489e+01 1.636073725431235104e+01
-2.923883994286287447e+01 1.469886435982733275e+01
-3.260752512406930492e+01 1.408379333064282157e+01
-2.960734654141702293e+01 1.262646486830293391e+01
-3.216136074642840015e+01 1.237288000301680491e+01
-3.177677485073166253e+01 1.090324292722907629e+01
-3.370689103166095890e+01 1.077886981078166961e+01
-2.921664712534619213e+01 1.040574705443448345e+01
-3.141646384873064690e+01 9.436740077727863607e+00
-2.951194257784512587e+01 8.298605576252203520e+00
-3.121494812390353601e+01 7.785287946699897432e+00
-3.015614385240667872e+01 6.532720176718834537e+00
-3.337300167267790840e+01 8.010156578967352559e+00
-3.189428842129983011e+01 6.582555320731653836e+00
-3.361376008670587368e+01 6.194194903582252110e+00
-3.115372411663829055e+01 4.952441905774477959e+00
-3.127634953706440157e+01 3.520425229597535566e+00
-3.073116400779948520e+01 1.746623438324064637e+00
-3.235078050475276967e+01 2.128630981009191014e+00
-3.422714875812003044e+01 3.648758445216559565e+00
-3.421121612457601202e+01 4.746779732102197613e+00
-3.446727844306316513e+01 2.518940262022230314e+00
-3.443204027744534557e+01 1.276366692196167829e+00
-3.192251460930361873e+01 3.776261522075405330e-01
-3.297707896848056919e+01 2.975026556914655007e-01
-3.462047831543549847e+01 2.376224256112345889e-01
-3.431113963714400938e+01 -5.870578800202865821e-01
-3.569605228010132691e+01 -1.225847641369291363e+00
-3.399237809063900073e+01 -1.549594565309130756e+00
-3.583474702097827702e+01 -3.269974126536832948e+00
-3.660066408679929850e+01 -6.057198844380469183e+00
-3.423413745107645667e+01 -4.834246531250466994e+00
-3.315637877947769852e+01 -2.305607774585944014e+00
-3.203204139932841343e+01 -1.209582449703166196e+00
-3.206922282543079916e+01 -2.805441076794628508e+00
-3.123558254981843163e+01 -2.291125595163176598e+00
-3.172935489947251142e+01 -5.278187766024610816e+00
-3.083294482624518196e+01 -3.322653022352160423e+00
-2.951246964614574608e+01 -7.433955914971464018e-01
-2.973072018508340264e+01 -3.491910959102985323e+00
-2.917583893008502471e+01 -5.541571017072105754e+00
-2.857031318100721862e+01 -3.948570492151965983e+00
-2.810598162438420999e+01 -2.517129666273614230e+00
-2.720686460852464350e+01 -4.235885821807567453e+00
-2.630102059110795309e+01 -3.285349943005029250e+00
-2.573873832612557422e+01 -4.572994866873910880e+00
-2.468793184501205928e+01 -3.481714577939094557e+00
-2.387320453735648940e+01 -4.657706835989119831e+00
-2.280146054139772360e+01 -3.644722911618770489e+00
-2.137295062368772491e+01 -3.781362346142408182e+00
-1.992819520541908673e+01 -3.537556075949396917e+00
-1.847856481166936859e+01 -3.283059463968194702e+00
-1.701432813964499147e+01 -3.103826582652125410e+00
-1.554607431063142720e+01 -2.921577015377588626e+00
-1.408052071501728442e+01 -2.610332265791077688e+00
-1.256196947438979983e+01 -2.412100211628343427e+00
-1.105191660255002972e+01 -2.225137845465697151e+00
-9.617552635681979822e+00 -1.963234110867127402e+00
-8.260222392830952387e+00 -1.507675040435464853e+00
-7.316822493850860809e+00 -3.034790307477882809e+00
-6.957924135416921452e+00 -1.281597630145817845e+00
-5.913377914707707461e+00 -9.589361994982584791e-01
-4.959015188314107370e+00 -8.785882939202932507e-01
-4.637334012168027542e+00 -2.442518594089293060e+00
-4.044739699931252375e+00 -7.603451797570188742e-01
-2.734328533048464571e+00 -1.659454249858637542e+00
-3.208063125553952677e+00 -5.451641189890921169e-01
-2.536981320805481666e+00 -3.068298211508813655e-01
-1.874765543646864652e+00 -2.594670752440232930e-01
-1.315885192335673803e+00 -1.389495172419425439e-01
-8.251871787256913615e-01 -5.213362715316655766e-02
-3.861535332714534641e-01 5.002235487104570062e-03
-6.532416979970470415e-07 3.313348442401499063e-08
