-2.106362467731673149e+01 -1.854465319068373219e+01
-2.452486236950214504e+01 -1.547146395624577409e+01
-2.024225515651867369e+01 -1.179972349112501107e+01
-1.960184607091282771e+01 -7.021796858521022422e+00
-2.353055292375188756e+01 -5.078763628943438135e+00
-1.883637676800600147e+01 -2.171137291827136995e+00
-2.207611097784199217e+01 -4.740544613669915863e-01
-2.323305448748298119e+01 1.987233071542695795e+00
-1.858627176025490968e+01 3.057122585907300572e+00
-2.282188178535107781e+01 5.540706678641494243e+00
-2.103438727577685796e+01 7.052871628596491860e+00
-1.780458505319169760e+01 7.135707306683733542e+00
-2.244831191350498401e+01 9.306214254635127858e+00
-2.041567044980611101e+01 1.055786863512312124e+01
-1.756139096884670181e+01 1.056768979435191902e+01
-2.161469722711884600e+01 1.257221033839677560e+01
-1.923798177681038268e+01 1.360650587659385380e+01
-2.057462523982052005e+01 1.534484207194450356e+01
-1.567731758444471524e+01 1.383560488756031326e+01
-1.813937996934757990e+01 1.613856931801409189e+01
-1.935290915609773421e+01 1.777175408235908449e+01
-1.442986758531526448e+01 1.725580194736425810e+01
-1.686972951698029988e+01 1.886263882218919008e+01
-1.859720286918857468e+01 1.993319991882569298e+01
-1.708743084145026359e+01 2.125947933248639643e+01
-1.194088578984827720e+01 2.047213650709569777e+01
-1.589214764607201680e+01 2.308087196603946012e+01
-1.522489935961922569e+01 2.153562116746192245e+01
-1.401848726848561810e+01 2.312180939733788421e+01
-1.413732442298297798e+01 2.477578699887542513e+01
-1.217941356693080124e+01 2.441306921404796881e+01
-1.237820731808727182e+01 2.607975564936539570e+01
-1.061995487192482379e+01 2.705360305227434026e+01
-9.618203946227767531e+00 2.452297219922125393e+01
-8.365649066589410765e+00 2.690092783479071770e+01
-6.953180120534203645e+00 2.817268722425209404e+01
-5.786048355570087232e+00 2.353981981471939022e+01
-5.176260802805948025e+00 2.683774113088638202e+01
-4.157797055423711363e+00 2.878363302868597629e+01
-2.299106482928667816e+00 2.799743970571228502e+01
-1.401972898823984126e+00 2.465471306510761806e+01
-3.016014661666287511e-01 2.844091476638238447e+01
1.546441743559983539e+00 2.850780572365436782e+01
2.511172423491095262e+00 2.498156155319666993e+01
3.468819660836373053e+00 2.848978983831637635e+01
5.242133515441959268e+00 2.820690438098113617e+01
6.571811266345206626e+00 2.444281705704785423e+01
6.886682157712796126e+00 2.848257945851246475e+01
7.912795601995404660e+00 2.745914392167783902e+01
9.466602292205259062e+00 2.808697534475241397e+01
1.036488858955805270e+01 2.660371936792963510e+01
1.174690078567657281e+01 2.711959595289542335e+01
1.086401695448581961e+01 2.370191719114357198e+01
1.326313342284238672e+01 2.644000741654596354e+01
1.389077371941018590e+01 2.507470481873950519e+01
1.550128699346165284e+01 2.538268055288771308e+01
1.650801287478711643e+01 2.412981703020123092e+01
1.350355463279316304e+01 2.183578181939736496e+01
1.622239741806046354e+01 2.248151200865784105e+01
1.825234037597777359e+01 2.233646601159085066e+01
1.496508218703514714e+01 1.899893223452302138e+01
1.719513677950546793e+01 2.073397644461185152e+01
1.942218587644309835e+01 2.020218362771088394e+01
1.794483972050623422e+01 1.916008604884987676e+01
1.890948349815825225e+01 1.802365327267667894e+01
2.004515955944723871e+01 1.709998199935199636e+01
1.718359679238367477e+01 1.591025117865428129e+01
1.989571443660280536e+01 1.524123041991536098e+01
1.879412860038824462e+01 1.417596049142976256e+01
2.019408796483388002e+01 1.281762075535318957e+01
1.761601947204589180e+01 1.308080299742052688e+01
1.762281722390148531e+01 1.177971907399146012e+01
1.946527806738178157e+01 1.026164636171700195e+01
1.711135911574720936e+01 1.065173457035963089e+01
1.660051134967913811e+01 9.705997243693481380e+00
1.825038762144269100e+01 8.038867553909664565e+00
1.599202504426203220e+01 8.757961757684984860e+00
1.529347020175694460e+01 7.857833560125057737e+00
1.657803772853540991e+01 6.090544500928097627e+00
1.441073730534048458e+01 6.895266786463800202e+00
1.343752241579010409e+01 5.973038253863103719e+00
1.488637500670215452e+01 4.618915762666421010e+00
1.329430570270018741e+01 4.051861543791725140e+00
1.197587445884251345e+01 5.032072441462562828e+00
1.183919957378601850e+01 3.392785034407310718e+00
1.061824918508641424e+01 4.144910767058749279e+00
1.044035690973613484e+01 2.750597284232430439e+00
9.327558562848784263e+00 3.382952883902371699e+00
8.902570260003372482e+00 2.135684820351320123e+00
8.096046631024027107e+00 2.850869181975553168e+00
7.269454357446469395e+00 2.150215768702237185e+00
6.173412586836342975e+00 1.932747663472508481e+00
4.944805407689052856e+00 1.573342800151343646e+00
3.583614937551777846e+00 1.261415148037225764e+00
2.269520020690680706e+00 9.895074250296282958e-01
1.161755806503377730e+00 7.404067979456845361e-01
-2.289122113269679085e-02 4.752178502402573668e-01
3.864088670213051135e-01 6.441801624386431779e-01
2.227801458085723330e-01 2.611296463165115322e-01
-1.872585118996575550e-16 4.848158744428474716e-16
