4.063428073678729646e+01 4.768775132287733953e+01
7.717091615863328968e+01 5.158284024571361925e+01
3.876779397114283654e+01 4.920801253933484531e+01
3.807615514307881455e+01 4.682497684864365795e+01
4.120556655650809574e+01 4.571753320913322227e+01
3.829736032788702005e+01 4.482249157014623364e+01
3.975832679459365693e+01 4.326868287492123244e+01
3.753763659032980371e+01 4.294744753940147319e+01
3.610492253596634527e+01 4.264509820498025761e+01
3.847003059022807037e+01 4.091832303015704042e+01
3.748976718459751822e+01 3.937750199248475269e+01
3.544492083109226854e+01 4.081519438436468761e+01
3.416664474850080779e+01 4.025074942330090977e+01
3.574006393945600024e+01 3.852350517559420240e+01
3.660851643720820192e+01 3.718495879136947480e+01
3.428917774457399048e+01 3.774544099338501013e+01
3.306237773471963237e+01 3.920171228716767331e+01
3.141149204831491559e+01 4.058542390630076113e+01
3.460063354249060552e+01 3.734287713029488032e+01
3.562685331665091581e+01 3.553603328951215445e+01
3.425143022102169965e+01 3.456088698936868298e+01
3.271325696721834220e+01 3.412107967729676261e+01
3.355879294147670322e+01 3.599056951476443089e+01
3.314148784119902302e+01 3.807667745386383018e+01
3.230227222207994942e+01 3.782709319282620442e+01
3.159194335411501697e+01 3.701590154176408021e+01
3.065423913417181012e+01 3.428311131156192459e+01
3.175932102734827822e+01 3.587758940691493592e+01
3.030211585445966804e+01 3.646411389542578974e+01
2.820057815791102485e+01 3.532719307793134789e+01
3.028361009835699136e+01 3.750142467209737873e+01
3.058091172739240804e+01 3.843240979070692731e+01
2.892787842671359755e+01 3.740458891026835175e+01
2.541109752669729005e+01 3.715851436380351913e+01
2.811856111278016712e+01 3.861285606442988438e+01
2.863266639516472623e+01 4.158417078764609442e+01
2.698336162598004151e+01 3.945949646691863677e+01
2.553322381504086280e+01 4.016465138021904124e+01
2.537616383665021402e+01 4.228379538261287252e+01
2.275976290534529767e+01 4.040090027979663034e+01
2.334352173437512690e+01 4.333459249706000094e+01
2.183014384247990591e+01 4.455286797528345488e+01
2.009582371715470117e+01 4.158145103550526045e+01
1.974519711493208973e+01 4.317805109507276740e+01
1.993410822069212784e+01 4.562132960838040674e+01
1.836797521350185747e+01 4.598521234658387868e+01
1.770111459743528570e+01 4.353841825941928789e+01
1.667920436447350241e+01 4.642221697950775194e+01
1.577385883340672912e+01 4.441768208655317807e+01
1.518711994582172053e+01 4.225552196801275784e+01
1.483633988497708778e+01 4.663543103053680738e+01
1.367314166443328105e+01 4.487823980683616298e+01
1.292337627124232569e+01 4.679448076852060723e+01
1.116520122064463116e+01 4.660752060822166953e+01
1.145342459540453994e+01 4.453492024884432965e+01
1.174360416354563341e+01 4.167136413433535580e+01
9.655793265862568475e+00 4.542467272956165658e+01
9.143867360506760633e+00 4.426682786865612940e+01
7.656758258031872266e+00 4.434370646530798155e+01
7.517439623287297756e+00 4.291452720092881634e+01
6.344230612457418594e+00 4.308768503834257757e+01
8.645841796655751921e+00 4.032901716340698073e+01
5.657946406939221795e+00 4.169289962319494691e+01
4.793970756261528798e+00 4.056180238560396134e+01
6.896792948347714614e+00 3.812734280786005314e+01
4.143429368922696199e+00 3.923624174563526879e+01
3.481598651165020541e+00 3.809632152594615917e+01
3.248913286733995154e+00 3.682182296471248151e+01
5.428377551122697930e+00 3.579388547030482215e+01
2.982944494116964051e+00 3.546506198386816777e+01
4.417000942310759015e+00 3.392725887173331500e+01
2.580868608521600827e+00 3.404334740717939667e+01
2.392855650558006975e+00 3.256430799843599999e+01
4.041355375516972437e+00 3.118235699725596533e+01
2.127115497090115159e+00 3.084248210032953352e+01
2.310869565638886680e+00 2.908614155760963271e+01
2.264122599639923905e+00 2.722385936892676739e+01
2.166096277236430723e+00 2.517882038245459952e+01
1.766388017123898369e+00 2.306162459430300871e+01
1.750897191170596612e+00 2.093262636432477208e+01
7.693166043389801922e-01 1.889950993867111251e+01
2.659114017483531711e+00 1.756990243969590892e+01
4.428759828833795376e-01 1.597398170504930803e+01
2.188917169588038725e+00 1.405087811509682538e+01
-5.871842252155648478e-02 1.306173949858363237e+01
8.020656512951327421e-01 1.100411788823631021e+01
5.570111745574817252e-01 9.092881704582058688e+00
4.224857916667435487e-01 7.336130219164256339e+00
3.476396570537468311e-01 5.747324086085230377e+00
1.733519110157848431e-01 4.332372064562463265e+00
2.448693209470961113e-02 3.083178877126778961e+00
-8.465613048486576864e-02 2.022063268429181715e+00
-9.832591721502231819e-02 1.198599171778859995e+00
-6.077191551448086759e-01 8.518395325876882973e-01
-6.037601063474328233e-01 2.256021044220797300e-01
-2.819721722806477482e-01 -2.208163088927714290e-01
-2.038329829051348518e-01 -3.043244311397602653e-01
-2.103696701692933657e-01 1.192911294358327129e-01
-8.827402847172249878e-02 5.199227953283427350e-01
3.782633866661572635e-10 4.332666118921838081e-10
