1.276934693741188731e+00 4.393455845435590845e+01
2.587535524959994504e+00 4.539896430359595314e+01
-1.117912805993058978e+00 4.125444234388909592e+01
-2.229582919654737427e+00 3.812763367048177088e+01
4.870640445364885496e-01 3.798462198579903770e+01
-4.736020674524777374e-01 3.801593563560898303e+01
-4.789909200415415569e+00 3.820235492115750731e+01
-7.828627551530624729e+00 3.884172269745202755e+01
-1.486025742832014940e+00 4.520461545200651443e+01
-5.974919149609972946e-01 4.921136168530873078e+01
-3.862303066749420033e+00 4.387266960248957304e+01
-6.196237276245065928e+00 4.524765662964165358e+01
-7.862527808401761575e+00 4.178277769339061365e+01
-8.147280231201852629e+00 4.901530183228679505e+01
-1.045082241321342842e+01 4.528305927502239570e+01
-1.374940062561542220e+01 4.062519600543956955e+01
-1.391813275143643303e+01 4.690771241057851171e+01
-1.728613097562923429e+01 4.631949852752654806e+01
-1.958992371584846381e+01 4.189102985867980067e+01
-2.303755992866653202e+01 4.169732362146871907e+01
-2.121785892971395171e+01 4.703289520150086389e+01
-2.402402358147155326e+01 4.729658711264505655e+01
-2.650671507215120215e+01 4.628492399696501280e+01
-2.758176402146828821e+01 4.880811270554215753e+01
-2.670073963895352875e+01 4.357384326846445788e+01
-2.878226022625036151e+01 4.576822724348347293e+01
-3.110197409169105498e+01 4.831750313148712195e+01
-3.025943398364086079e+01 4.524322067587196017e+01
-3.144026072700588870e+01 4.526079242519553958e+01
-3.309747663910329152e+01 4.583395971228009103e+01
-3.249177077516721113e+01 4.412246743777735247e+01
-3.428984007347774110e+01 4.426087285158447315e+01
-3.352729916045964131e+01 4.247844963738218382e+01
-3.494028086509300834e+01 4.182357869910268278e+01
-3.113572362807984106e+01 4.138952421861820596e+01
-3.017425713302068857e+01 4.261546403641571601e+01
-3.381160611061113741e+01 4.035119483875200785e+01
-3.189633449969790036e+01 3.940891218939724183e+01
-3.409502506020086088e+01 3.837001040843741606e+01
-2.714651848332060524e+01 4.005863266178516113e+01
-2.946671300094862289e+01 3.910123959212987188e+01
-3.116509670244975183e+01 3.759756875438055346e+01
-3.190990415602376729e+01 3.600390715739930414e+01
-3.433313901649948008e+01 3.575191418057367088e+01
-3.216377901479371104e+01 3.410572256251386847e+01
-3.427413789306483949e+01 3.330407923349493871e+01
-3.238664296227381101e+01 3.177175005300629707e+01
-3.464546020577759577e+01 3.066325172251657705e+01
-3.267791871641723844e+01 2.929806838772316979e+01
-3.550125492372337987e+01 2.705999450989096289e+01
-3.281017306497887631e+01 2.705095774000427511e+01
-3.291549933405977413e+01 2.501327305049893113e+01
-3.298030549022656288e+01 2.289362411369975092e+01
-3.572820598501765232e+01 2.193036966410251054e+01
-3.291878235964853161e+01 2.040617396659816407e+01
-3.374237319379093947e+01 1.838578068973210478e+01
-3.269445976654125019e+01 1.632197878708802818e+01
-3.548809941937629731e+01 1.555160209334011867e+01
-3.268747185789663234e+01 1.340730198865582601e+01
-3.542105061974813651e+01 1.212043132508341081e+01
-3.258518738808188431e+01 1.032588406094921041e+01
-3.545532245986793640e+01 9.247067316543992277e+00
-3.276314933141200214e+01 7.432474404208863739e+00
-3.563912795054970672e+01 6.864253274798707061e+00
-3.608518302912141706e+01 5.085000030667534254e+00
-3.543022554433566995e+01 3.434791063338205053e+00
-3.314751552618783137e+01 4.975858034729959911e+00
-3.391101415475620229e+01 2.865664901230287498e+00
-3.360017454024525563e+01 1.755509534999288190e+00
-3.406696971104913274e+01 1.126315425235397072e+00
-3.299324451703375871e+01 5.532512547372755440e-01
-3.233296456645511086e+01 1.184920615395070431e+00
-3.201678307780372279e+01 7.060720830172513285e-01
-3.186094855777834667e+01 3.686912292715605943e+00
-3.158027351345898026e+01 2.465220417346567494e+00
-3.172255948326873565e+01 9.904083012880551817e-02
-3.111851916081616665e+01 2.370917149133915935e-01
-3.094827139869365240e+01 -4.023745962668024423e-01
-3.029789719277780335e+01 6.424782020675229299e-02
-2.995839478245121867e+01 -6.096321832156127440e-01
-3.000142977629215579e+01 1.308440561495425536e+00
-2.931921419149747621e+01 1.127563093143175849e-01
-2.868461801306328596e+01 -6.313734790542814279e-01
-2.811197823697633069e+01 2.073218076402826363e-02
-2.686949574005659258e+01 -2.946521604733268740e-01
-2.514828605720870414e+01 -3.180167785475593867e-01
-2.301131372460010027e+01 -3.271772945368630614e-01
-2.050456627049457836e+01 -2.901533138175376170e-01
-1.771345263089027000e+01 -2.406668534112739177e-01
-1.484047623778660707e+01 -1.935540926618208035e-01
-1.204030627381166774e+01 -1.231726841893513863e-01
-9.471545896434529155e+00 -4.670619150943823572e-02
-7.270163960935700942e+00 1.810784896504337416e-04
-5.481427372428957057e+00 1.279353824892494676e-02
-4.077230653051111986e+00 2.218531301300921341e-02
-2.979383182720594547e+00 2.644148362410793027e-02
-2.087570477082612452e+00 5.154547739956874541e-02
-1.315567924724450055e+00 7.240027659567528640e-02
-6.081631256521334850e-01 8.011888223181073965e-02
-1.949065918688592772e-07 9.220975392510215471e-08
