-4.698177219879448074e+01 1.441916037047374255e+00
-8.044511111047718543e+01 3.650024962546481344e+00
-4.955984441080214253e+01 3.212697209867423354e+00
-4.562042050139958604e+01 2.776612104947075998e+00
-4.495732586724461299e+01 5.278217666090960769e+00
-4.735087088908776565e+01 7.037851564978912400e+00
-4.412395664746118484e+01 8.018917846429454599e+00
-4.557369319393180973e+01 1.025191763125983968e+01
-4.303195340916374079e+01 1.056796792756860981e+01
-4.422806037787881905e+01 1.305043552318410072e+01
-4.171360176225133642e+01 1.247071427085039907e+01
-4.224353286848582911e+01 1.438990866311613637e+01
-4.001758178276212874e+01 1.419849035752331723e+01
-4.300271775475236780e+01 1.645282454358465785e+01
-4.137785486866873441e+01 1.636119035278998268e+01
-4.060364371240425641e+01 1.782180294749318605e+01
-3.928388211934627350e+01 1.852064935411306479e+01
-3.796703070013426640e+01 1.831296951243338356e+01
-3.801258782006988923e+01 1.546748611547867291e+01
-3.658283823492232756e+01 1.806593723193679324e+01
-3.674587430556501744e+01 1.657150447908242796e+01
-3.544275541651479244e+01 1.756356440120730511e+01
-3.441933215961880421e+01 1.709206098483784686e+01
-3.387267418139258268e+01 1.618947217979576081e+01
-3.542124382370060687e+01 1.488106010186882777e+01
-3.316897017162555272e+01 1.527081921414873378e+01
-3.392874783438856667e+01 1.410122028970919139e+01
-3.257936101197642387e+01 1.405612150782044800e+01
-3.333901738443855578e+01 1.270068274210689552e+01
-3.213399276769141011e+01 1.276918985737648526e+01
-3.194959661708646692e+01 1.153068778500239056e+01
-3.168164691126161614e+01 1.031973991877104879e+01
-3.142950583583636970e+01 8.883107087396531654e+00
-3.068622679385826046e+01 7.432942904276651497e+00
-3.113614788888488150e+01 5.808329634009108844e+00
-2.964554072191720380e+01 4.666327824018159376e+00
-3.107254625594966768e+01 3.246339557666140685e+00
-2.934008618915739319e+01 2.162742230197399973e+00
-3.053154691819538868e+01 4.985846695540143148e-01
-2.851187967720282757e+01 -2.095417547477746445e-01
-3.008362716256458569e+01 -1.664640830146085548e+00
-2.946976011956944674e+01 -3.240427251565123790e+00
-2.782429265484275760e+01 -2.460586879804268712e+00
-2.846168958625050749e+01 -4.542818886770167985e+00
-2.709680846984353764e+01 -4.050715159125681808e+00
-2.633252900210883851e+01 -4.901036337094210715e+00
-2.738235526026135958e+01 -5.785867738006436944e+00
-2.627814013947802962e+01 -6.612796313363217493e+00
-2.562655509750713634e+01 -5.769734873112871476e+00
-2.479254198049112645e+01 -5.446621072572428446e+00
-2.474537614363432780e+01 -6.816548868068111666e+00
-2.408932952052870391e+01 -6.178570434142322654e+00
-2.350104346270973821e+01 -6.865005748401625141e+00
-2.301914977570213949e+01 -5.441122619118563541e+00
-2.248398677052470518e+01 -6.755247668748287637e+00
-2.168086221177738437e+01 -5.706060832476994804e+00
-2.156461323409705955e+01 -6.686627002027315747e+00
-2.082011418357036092e+01 -6.418460597343121243e+00
-2.116632289582939919e+01 -3.940947184675878567e+00
-2.025131646153612408e+01 -5.731253887302797168e+00
-1.926015082791590416e+01 -6.027188512618465666e+00
-1.940933004192128664e+01 -4.878711377257239690e+00
-1.824828400151123375e+01 -5.175242987205606937e+00
-1.853156145765254692e+01 -3.662914697809440234e+00
-1.701059764266117114e+01 -4.216237149152440189e+00
-1.714620207168999144e+01 -2.961184551432013201e+00
-1.725699229563320003e+01 -1.661107414418424577e+00
-1.541574204761680633e+01 -1.750344231361397052e+00
-1.608276874590443128e+01 -1.395141091403589995e-01
-1.469027390908142650e+01 7.350117739649971726e-01
-1.412208856910060462e+01 2.217451039639644517e+00
-1.331166554349914222e+01 3.551082619464667633e+00
-1.241969481379339868e+01 4.721041988953908586e+00
-1.220887975978969031e+01 6.203613779324671285e+00
-1.076152434233386757e+01 5.904072593446557882e+00
-1.121079597776277481e+01 7.183052823401507858e+00
-1.113462682333077858e+01 8.182086413196016039e+00
-9.726548991682820500e+00 7.554733185088638336e+00
-1.003440451607151473e+01 9.086932704666981664e+00
-8.345000747300904465e+00 8.261564643586572387e+00
-8.965838311272765537e+00 1.001587656219809297e+01
-7.829655466352442694e+00 1.059197856488336775e+01
-6.011732584439690719e+00 8.358867764349261265e+00
-5.601698696257694898e+00 1.061375905941670794e+01
-6.960763506568289571e+00 1.193678237804267894e+01
-5.657429749237174121e+00 1.242673573076645255e+01
-4.159174788458471106e+00 1.241036053173531428e+01
-3.153760656040330623e+00 1.143226768554464812e+01
-2.528627794286226749e+00 1.032035404182976812e+01
-1.137665950057810349e+00 1.036465493388355696e+01
-1.369763779670698067e+00 8.880425234459004002e+00
-3.354838070589766907e+00 6.584524269758565751e+00
-7.157267437089666062e-01 7.586054816291820657e+00
-3.688679579534190900e-01 6.230739544672853292e+00
-6.452173516482038185e-01 4.742531207075862731e+00
-4.041736187659274449e-01 3.425632057777349804e+00
-2.380670141479031277e-01 2.187788673125162120e+00
-1.156186344413084321e-01 6.646802680420738074e-01
-1.303289811407208620e-01 1.215448264317781968e+00
-3.697261212603356925e-09 1.787059640423584508e-08
