3.544101252980432548e+01 2.592422817453032735e+01
6.291840418037534732e+01 2.205441831662789198e+01
3.537611112280243475e+01 2.377585894650273701e+01
3.188682212753516509e+01 2.549861783487842004e+01
2.896062424936102531e+01 2.388844315399537876e+01
2.584092987957571452e+01 2.296656256468565260e+01
2.293375532315721088e+01 2.258937386673855841e+01
2.223141571654989335e+01 2.014885313259846455e+01
1.986856881889860915e+01 2.088024891264952032e+01
1.987386853807665332e+01 1.851908069152575109e+01
1.785458113727197826e+01 1.823046263202336448e+01
1.858262484032149686e+01 1.647359790868430807e+01
1.689445601058804058e+01 1.555192555904412011e+01
1.832778264068743468e+01 1.451762779345455279e+01
1.690707071382037441e+01 1.338582750724300929e+01
1.844969914312040515e+01 1.282586765974882681e+01
1.767370368378035295e+01 1.126802699473990366e+01
1.943090013768346225e+01 1.185803532309143726e+01
2.053160249012274363e+01 1.111026661902188017e+01
1.887822723019665005e+01 9.965725699535257220e+00
1.977582436210415651e+01 8.950565874669202060e+00
2.131338515322238436e+01 8.647733679789672223e+00
2.212719902465241972e+01 1.043582153138497226e+01
2.359371147153029113e+01 8.262930635662215195e+00
2.395756231579388285e+01 1.016056316140564064e+01
2.574157823779748355e+01 9.595011585873368887e+00
2.753088251338249748e+01 9.446447649658017198e+00
2.944703680305655880e+01 9.626933425668211086e+00
3.133689965062145433e+01 9.783527044514066517e+00
3.311708311302513152e+01 9.923360576130704658e+00
3.474876577200773653e+01 9.894702256095772697e+00
3.625858302467435834e+01 1.011583798776853271e+01
3.770464219925691651e+01 9.718619473734774417e+00
3.934368935456807037e+01 1.020716906941020419e+01
3.988667337181261274e+01 8.455207416687537503e+00
4.154582707989057866e+01 9.871491791811539684e+00
4.219400951712324144e+01 8.290161650688528283e+00
4.397736110015731725e+01 8.859187463102228932e+00
4.354006230470508854e+01 6.287251334211546805e+00
4.527389232694131493e+01 7.398186703406341103e+00
4.777018638772800330e+01 6.867230209042443079e+00
4.600899733985653484e+01 5.603387325323520685e+00
4.532416276221098173e+01 4.162209848674997659e+00
4.705855619933734602e+01 3.317161738959621964e+00
4.554397923417163696e+01 2.327130085359902623e+00
4.596877141527055244e+01 9.817933500795262836e-01
4.486155896520822495e+01 4.970216996976767887e-01
4.506717149377433884e+01 -7.448601120517405194e-01
4.387189997583643475e+01 -8.502419128996158149e-01
4.409434960710051143e+01 -2.149516324248391008e+00
4.288991448474122592e+01 -1.961748207829306034e+00
4.252156048692966550e+01 -3.132261922991055325e+00
4.139439329275268875e+01 -3.800017709300357538e+00
4.027068190638465239e+01 -4.633991832205610173e+00
3.897703955459710556e+01 -5.403984702320921762e+00
3.756835159645667233e+01 -6.080510943983126637e+00
3.613982414166596868e+01 -6.727539048716780101e+00
3.470939720358630609e+01 -7.364359693324281864e+00
3.321206778439698581e+01 -7.244589148504847032e+00
3.222897405811823290e+01 -8.574536900709986753e+00
3.084797771193608895e+01 -7.269495039144320714e+00
2.964632035392041942e+01 -9.049286543213659328e+00
2.856172054382877334e+01 -7.447075262745350699e+00
2.699419813483503816e+01 -8.239735665051696856e+00
2.546652190892450918e+01 -7.167784508907910634e+00
2.426533999680615139e+01 -9.254703367092430355e+00
2.358839996796039884e+01 -6.774487063771136519e+00
2.199094007934271033e+01 -6.308384650921627923e+00
2.108805096520892164e+01 -8.582714572718906254e+00
2.027468817519955380e+01 -5.785859834067821339e+00
1.850715940245563829e+01 -7.237177480249616046e+00
1.858413557519035209e+01 -4.728300363932536499e+00
1.656468236991528897e+01 -5.230280023639651610e+00
1.663977648693111178e+01 -3.357362925544263632e+00
1.500329986098457624e+01 -2.322561282719127096e+00
1.378834778718653098e+01 -6.432573468538832495e-01
1.255654649848789539e+01 9.988119595855526889e-01
1.161344264451188302e+01 2.942711304275793971e+00
9.531419756614720740e+00 1.967635202372767900e+00
1.010544742365006421e+01 4.547030192229381207e+00
8.687572801043812021e+00 5.671463616990129353e+00
7.275144981381698628e+00 4.114802860826968889e+00
7.115494637138735534e+00 6.364944334185770991e+00
5.492794141049554213e+00 5.511128009668627037e+00
5.595310839322520380e+00 6.870509725539493573e+00
4.219122074338830686e+00 6.995909203543602572e+00
3.660155563232105003e+00 6.073418684846729754e+00
2.463208232392443353e+00 6.110899029438614960e+00
1.378839493907429548e+00 6.662598516112694824e+00
9.163048208670866446e-01 4.932247494501321938e+00
-1.540364242121330662e-01 6.354489081247147730e+00
-1.407877411657489253e+00 5.626959579956227309e+00
-1.952204425847911873e+00 4.217190583284673444e+00
-2.829323823829281714e-01 3.404411830694399121e+00
-1.785810110705727594e+00 2.581236688564784387e+00
-8.642593149098034555e-01 1.883335246366225402e+00
-1.050831007761616753e+00 1.133299692094744904e+00
-5.896370111485196297e-01 6.465360954999400667e-01
-3.122088311633619551e-01 2.289383570911374954e-01
-2.413823325581087421e-09 1.996409620757354263e-09
