-4.830169831339966180e+01 1.748256761876177678e-01
-9.553951420746949452e+01 -2.140977577127401332e+00
-4.970347994767257660e+01 -1.752062219891221462e+00
-4.746770246416697603e+01 -1.330598195496894176e+00
-4.573934226607684650e+01 -6.960043055292969294e-01
-4.604146974201889009e+01 1.634857258959596216e+00
-4.350750279832431033e+01 3.136292780185263342e-03
-4.170148140313273899e+01 1.160224715596781753e+00
-4.004825804542801393e+01 -7.583739466147860764e-01
-3.870460804325461623e+01 1.429427261764949053e+00
-3.722050791447926343e+01 -7.743866798497450743e-01
-3.583744666232615828e+01 1.299576124792484189e+00
-3.488777636465652421e+01 -7.562212854349779079e-01
-3.347156575509636411e+01 1.141210251265941222e+00
-3.304996935619396226e+01 -8.390043437779748370e-01
-3.168855065274695093e+01 -9.211571260580663223e-01
-3.142937391582170292e+01 9.248217300581699218e-01
-2.999497312392730919e+01 5.435442206646138308e-01
-3.035929875992070848e+01 -1.035689874333595384e+00
-2.938431798899117453e+01 -1.450821404275829396e+00
-2.884753888458755711e+01 -2.527635958626371360e-01
-2.830361017622281850e+01 -1.646959676475831635e+00
-2.774438838817858866e+01 -3.246425777210878993e-01
-2.689223048660574378e+01 -6.674969023457735240e-01
-2.628587886961574327e+01 -1.291728317571853912e+00
-2.743112541105650592e+01 -2.318051422709890286e+00
-2.583399944211520349e+01 -2.176494808445613938e+00
-2.696107954932167772e+01 -3.316262482115362786e+00
-2.524533202584506597e+01 -3.056540784595768834e+00
-2.650379693992786656e+01 -4.471605546848515189e+00
-2.469326116483390976e+01 -4.100364337466570142e+00
-2.430625152383233711e+01 -5.155208397566878986e+00
-2.612537331928824713e+01 -5.933887360890942375e+00
-2.410768939178640480e+01 -6.426081221212864847e+00
-2.589509661088472470e+01 -7.387534648400144732e+00
-2.550754401656424974e+01 -8.579950053764694218e+00
-2.330848944562758618e+01 -7.780323805505192425e+00
-2.299690804562349555e+01 -9.217981535088746625e+00
-2.568630873584966423e+01 -1.024559889219865738e+01
-2.388370419336157369e+01 -1.052109700135556203e+01
-2.253904123428409889e+01 -1.137064803489749742e+01
-2.535330658839665929e+01 -1.203319763388241270e+01
-2.385722761240943157e+01 -1.286720822931635055e+01
-2.513669909877209108e+01 -1.359575097966011370e+01
-2.464665432963395730e+01 -1.474666438919529377e+01
-2.203641484685654106e+01 -1.320171534246667022e+01
-2.382162468583086934e+01 -1.589930036910764422e+01
-2.189161675144238828e+01 -1.467474365070395059e+01
-2.061359270403065125e+01 -1.483984878734722557e+01
-2.297286751548818984e+01 -1.717027360713481343e+01
-2.192496457078305738e+01 -1.731174927718772594e+01
-2.028145131174048288e+01 -1.644783285696377106e+01
-2.147286001419247725e+01 -1.837237585348122337e+01
-2.035287040300233130e+01 -1.887059149856842311e+01
-1.825266305123162880e+01 -1.593193995833840049e+01
-1.871525910022940309e+01 -1.749050605752257326e+01
-1.916100995464156753e+01 -1.941313388471826329e+01
-1.799977153692647036e+01 -1.969215392748949256e+01
-1.723747321827672963e+01 -1.832168023863326667e+01
-1.662229706070754531e+01 -1.979104400420850496e+01
-1.565068646153902954e+01 -1.878963450776564414e+01
-1.546533370215371050e+01 -1.692993211354266592e+01
-1.491047996764433847e+01 -2.016209693590867857e+01
-1.396530545451382110e+01 -1.907687200613193568e+01
-1.285197158992209943e+01 -1.712895927244258942e+01
-1.295379400269639447e+01 -2.005180897315685229e+01
-1.201130779543063021e+01 -1.918128248887236964e+01
-1.113183259740578457e+01 -2.005623852970316534e+01
-1.014229441439369239e+01 -1.916640190584284653e+01
-1.010157474793315124e+01 -1.683175378684365597e+01
-8.897158000439477021e+00 -1.892005747980598329e+01
-8.150503984956758430e+00 -1.838760234691770989e+01
-7.351366474586328081e+00 -1.822205613029189664e+01
-7.493760256032340195e+00 -1.637445992733687206e+01
-6.434189941346111219e+00 -1.761185873065733887e+01
-5.595575409586817095e+00 -1.708855822536062519e+01
-4.832453740141822607e+00 -1.643695968804923879e+01
-5.629394145018261852e+00 -1.529844077860488660e+01
-3.950530032311490913e+00 -1.561032960370616784e+01
-4.281663850891899159e+00 -1.438210975981373174e+01
-3.013417883180955492e+00 -1.457935117623048882e+01
-3.474610529979664797e+00 -1.304210016048971355e+01
-2.229848222718959772e+00 -1.351926835689398487e+01
-1.621482320444358916e+00 -1.249569350957335168e+01
-2.454800571736900139e+00 -1.143596161563361591e+01
-1.038333975809954346e+00 -1.131732977047982125e+01
-1.113110510524615515e+00 -1.021836126260750888e+01
-2.790681108670514110e-01 -9.644198957724425370e+00
-8.024422922903871047e-01 -8.669592153554789959e+00
1.322422276916394301e-01 -8.166509321400376109e+00
-3.610750292991700694e-01 -7.267702086679804552e+00
2.851232295866982028e-02 -6.296986177232501092e+00
2.925714537042723492e-03 -5.159664566550688392e+00
1.777549447481632239e-01 -4.010122183999656365e+00
2.972554124143109711e-01 -2.881032190902637957e+00
3.989054760215220985e-01 -1.829140771210033600e+00
1.386078632426116508e-01 -9.841676190090988818e-01
5.165402744848616168e-01 -4.990256657024824127e-01
3.502576306738318102e-01 1.511146020365202423e-02
3.531311002688057849e-06 -1.239791548621658291e-05
