3.578921969132002090e+01 4.483967267464998230e+01
3.798188299404134938e+01 4.705818551127694604e+01
3.433493958946417735e+01 4.217542131937610606e+01
3.096756199684474353e+01 4.657292452541680916e+01
2.734928595785169136e+01 4.371986761405247535e+01
2.399892479642223719e+01 4.577499542426025414e+01
2.020630594197261587e+01 4.464660654818606389e+01
1.646312753471144674e+01 4.491072058367423381e+01
1.308247348685302924e+01 4.431610594303601403e+01
1.000015857728277169e+01 4.468540811590182216e+01
8.414005072653791828e+00 4.203901527879912692e+01
6.674843056577596023e+00 4.408356098780665633e+01
4.193804782633063333e+00 4.323775841061436154e+01
3.967706576775834382e+00 4.043801175996527064e+01
1.788743875452467380e+00 4.216587620590006935e+01
-2.032171742887399490e-01 4.105121535606771488e+01
2.423520851172571433e-01 3.829853047314922065e+01
-2.270157253561388089e+00 3.958603413826570261e+01
-3.829411231139539851e+00 3.792820610971916295e+01
-2.122612545677423856e+00 3.582601718651346800e+01
-5.398418532824186045e+00 3.583025422933975079e+01
-3.548066733155109453e+00 3.376731873886418356e+01
-6.448886454587652750e+00 3.325510020320371751e+01
-3.597306048151188484e+00 3.143271143212379215e+01
-6.570109453543099498e+00 3.070891408495000974e+01
-5.876390928640621958e+00 2.876289972811784779e+01
-3.068578700578221241e+00 2.890876998273063592e+01
-4.597259186270287401e+00 2.705410929321100610e+01
-3.283661900271761525e+00 2.607835588863871479e+01
-1.679063408058132589e+00 2.696212472361494150e+01
-2.000822469590755937e+00 2.486061278043316136e+01
-3.051810057446929236e-01 2.550322760420131374e+01
-5.269295336792183537e-01 2.358400494098640721e+01
1.189258033649579716e+00 2.471050203614633745e+01
1.064110763543050453e+00 2.254644766154290991e+01
2.707305256293944140e+00 2.188033037876495968e+01
2.972484612497388934e+00 2.419333389242966703e+01
4.734223502341404100e+00 2.369379612940773683e+01
5.057105946222892001e+00 2.138915005979290029e+01
7.059625844832654096e+00 2.307215516773135633e+01
7.870644860043498170e+00 2.080616095435590296e+01
9.849165711390098110e+00 2.227385841013982670e+01
1.234108799957660629e+01 2.164932345762698063e+01
1.524542428016774132e+01 2.154382746668490256e+01
1.828370335576574846e+01 2.142406741697264394e+01
2.128566547404445330e+01 2.137006486078621847e+01
2.406198976882549445e+01 2.116037509952352380e+01
2.649254241559946976e+01 2.120210082074355995e+01
2.820667860799214210e+01 1.996450393251484101e+01
3.003036895113206839e+01 1.949278293478012714e+01
3.041666909622068360e+01 2.218906859464526349e+01
3.183686208132098372e+01 1.909307359092878187e+01
3.382910532231193201e+01 2.148285606641526257e+01
3.347979934834233973e+01 1.828158230717434307e+01
3.492867366459059753e+01 1.744553558187982389e+01
3.699233567747594975e+01 2.025003145415034211e+01
3.672476491014445799e+01 1.704013619932742429e+01
3.952827657934285810e+01 1.839170552768334588e+01
3.717661954535013535e+01 1.512076159605319603e+01
3.933360113622955367e+01 1.578533798219975282e+01
4.250579255807321744e+01 1.607656411869626822e+01
3.951109017366977127e+01 1.412882805759863558e+01
3.787647451007973132e+01 1.273128567284028279e+01
3.983196735886703976e+01 1.253880098078923844e+01
4.333413426993489992e+01 1.186179494304424509e+01
3.967818334426532800e+01 1.086525393862021005e+01
3.828380964803255893e+01 1.039143253034769643e+01
4.037628234814297912e+01 8.713833609652432699e+00
3.772773875968736235e+01 8.623179806435326000e+00
3.936615670214959550e+01 6.763342471595958472e+00
3.814698895195263617e+01 5.605984386508996664e+00
3.650734123811158582e+01 7.137186787345349614e+00
3.626217682335749259e+01 5.033349727982468380e+00
3.504450972240806550e+01 6.169525550795761148e+00
3.466622769277659444e+01 3.937051902931927749e+00
3.367442034105292947e+01 5.465851315352291628e+00
3.246170041864058931e+01 4.950689584779333963e+00
3.266575235901813556e+01 2.985947695446320882e+00
3.124558229137213061e+01 4.336396044384349224e+00
2.992325355122230590e+01 4.209624789371393838e+00
3.014714917407223638e+01 2.260943672572254926e+00
2.827851423159570743e+01 3.548259455514326088e+00
2.735344535101543073e+01 1.549758139613751196e+00
2.619015920401787767e+01 3.362304547888451012e+00
2.465215531886495981e+01 2.297104446995268390e+00
2.287469336835276934e+01 2.283857666065768122e+00
2.089112600116790119e+01 2.028871450187141878e+00
1.866523776475626661e+01 1.707617289348080547e+00
1.616862697117176495e+01 1.607312715267856573e+00
1.344632631366309994e+01 1.491020873895363419e+00
1.063357007606250626e+01 1.288062256372913383e+00
7.944319114193816311e+00 1.038745942439003977e+00
5.444459768972698122e+00 8.381612894054982776e-01
3.226872227241381008e+00 6.558613548397417281e-01
1.559484286065945025e+00 4.953484280977878407e-01
-3.808143989883497338e-01 2.890251404104052235e-01
-3.810373520406281633e-01 1.873156831238919906e-01
1.511091667887614620e-01 4.269742829003522200e-01
5.969290208443598367e-01 3.623799175667521966e-01
6.383435982556447502e-09 4.698367949452521689e-08
