-4.829742072083291760e+01 -1.889482972220485113e+00
-8.944533607646677353e+01 -7.247093387927185937e-01
-4.707358032958118343e+01 -2.117562418361116805e+00
-9.564603891768637567e+00 -3.510428302943936263e+00
-4.403253532051567021e+01 -2.283014119780831130e+00
-4.591324767587271793e+01 -1.053682631455759910e+00
-4.377636762913419943e+01 -1.434741187915277161e+00
-4.307323867337763090e+01 -3.443278706008940371e-01
-4.190088405362266855e+01 -1.905143644512237167e+00
-4.072605174694594865e+01 -1.484358996146678100e+00
-4.113900679832627105e+01 4.724891702606489607e-01
-3.974578852240195204e+01 1.404664585738059746e+00
-3.896146810214265344e+01 2.588157025928838340e-01
-3.920755180234605319e+01 -1.710114963873306193e+00
-3.853543767754529625e+01 8.680454612261793157e-01
-3.965777172335248224e+01 -4.048649714480595518e-01
-3.793352922427623497e+01 -1.363393342404928932e+00
-3.682627657911555730e+01 -8.389994232811179842e-01
-3.598257992136427674e+01 -1.500351858697455132e-01
-3.487635577148607524e+01 1.207419903855716958e+00
-3.557169057966725489e+01 6.004951413713477404e-01
-3.786592347790256952e+01 1.970036821354172130e+00
-3.851981389292010505e+01 2.942369159810266588e+00
-3.367097274491309378e+01 3.606341701084882168e+00
-3.423887637870384992e+01 2.381049067834356325e+00
-3.710333746950036016e+01 3.284785333979806765e+00
-3.791523915260899713e+01 4.873537731751843793e+00
-3.648345762495583955e+01 4.528027972098005449e+00
-3.588557899189572709e+01 5.776988203309024961e+00
-3.301004680757665000e+01 5.334328358189873498e+00
-3.516805387346016687e+01 6.911634326071486534e+00
-3.459757212802487913e+01 7.934779985946479819e+00
-3.210944759869617116e+01 7.056501348924111738e+00
-3.370923265120804757e+01 8.688742869623103715e+00
-3.347128640499082763e+01 9.662870970446565622e+00
-3.265942031984554461e+01 1.014341270109729187e+01
-3.114773342895356123e+01 8.675039180725516275e+00
-3.192734065409824495e+01 1.076947219780617715e+01
-3.028045671975495878e+01 9.798155651593390303e+00
-3.129264290545939531e+01 1.145934659243040343e+01
-3.210133849300849107e+01 1.321751422913296281e+01
-3.060449203264024476e+01 1.196941884016943014e+01
-2.934578218158790719e+01 1.060297457700823287e+01
-2.981575251753974953e+01 1.216782409052157021e+01
-2.840211237567300273e+01 1.127673029464755139e+01
-2.923489915674513284e+01 1.268029321535179044e+01
-2.852245873251902708e+01 1.289204909958779766e+01
-2.708559165970834925e+01 1.169335621290482408e+01
-2.778441213028645507e+01 1.299147414563806358e+01
-2.726595010489285897e+01 1.335982445701640842e+01
-2.657159889795045515e+01 1.328049952660825284e+01
-2.581905779622294972e+01 1.330547165328022352e+01
-2.535829208996766937e+01 1.192297678331911648e+01
-2.495950403747336566e+01 1.339327537324586714e+01
-2.411403866651139438e+01 1.325116895786043791e+01
-2.324616357852442405e+01 1.328069863637374937e+01
-2.358263309097691263e+01 1.186049531047612149e+01
-2.254458409790623818e+01 1.234725649703557160e+01
-2.193960230068068995e+01 1.306734540989913285e+01
-2.160143881520491860e+01 1.184668024822401478e+01
-2.066916363678615554e+01 1.255703848660068367e+01
-2.063722511644226287e+01 1.151484725018881328e+01
-1.953492252504521431e+01 1.185939270881311280e+01
-1.997813916084323083e+01 1.092495908283477846e+01
-1.931572791602199501e+01 1.069402367667328591e+01
-1.856113587300320944e+01 1.087994303990407019e+01
-1.884357831732263833e+01 9.718334327364901881e+00
-1.798355012205513148e+01 1.002007239097697600e+01
-1.784090078036784277e+01 9.178197365700205168e+00
-1.725880650056784305e+01 8.697159405643015262e+00
-1.697575988463752950e+01 7.975420793176299483e+00
-1.793192052270719472e+01 7.704843376035490188e+00
-1.668815806845189798e+01 7.117034155520233440e+00
-1.743491821450326640e+01 6.351455686012086765e+00
-1.637808588579663294e+01 6.141916257846351535e+00
-1.711756421061364009e+01 4.933789582027156229e+00
-1.600066734835065674e+01 5.159731718578460580e+00
-1.564863839739999563e+01 4.265051036819846431e+00
-1.669445759752442271e+01 3.326798442616238471e+00
-1.518235248789384428e+01 3.330081054538165386e+00
-1.443835445100170389e+01 2.744332282448045390e+00
-1.429985694535568008e+01 2.049585465591308164e+00
-1.608913740156102179e+01 1.936808925665935766e+00
-1.542764823442932709e+01 1.030951752256535459e+00
-1.448848442309747853e+01 3.673628934340221197e-01
-1.360908546436080613e+01 1.451315291222108561e+00
-1.342116983750138104e+01 4.527894703205980198e-01
-1.287143854693080591e+01 1.062893972358514905e+00
-1.247196201251147407e+01 -2.800160014373567208e-01
-1.209183075069689473e+01 2.067586240764287098e+00
-1.204682554845450326e+01 9.097082039724008196e-01
-1.123879415819127559e+01 4.997504565329935478e-01
-1.064630307150277311e+01 -5.394316372131657822e-01
-1.011985633497679515e+01 6.869657427721239662e-01
-9.173931116079833359e+00 4.109122193858758248e-04
-7.854753436173925074e+00 1.611338304869690541e-01
-5.233013849381747740e+00 6.066557234968852907e-02
-6.438698642690345864e+00 -1.860734086389097958e-02
-2.789490454555144439e+00 9.633556828130149241e-02
-1.297625396293959274e-02 4.409174359728675746e-03
