-4.554088113248495517e+01 2.353408929180366371e+00
-4.286898299788012423e+01 2.824586043872360230e-01
-4.416302536349935082e+01 2.902627226092056034e+00
-4.950520316265167509e+01 1.697365546966133065e+00
-4.694698122237917914e+01 -1.739077756411674169e+00
-4.322815229828349715e+01 -2.574683212107611308e+00
-4.271929290821528724e+01 -5.696547752294280009e+00
-4.692224907541441326e+01 -7.100381015741664470e+00
-4.353573637132884500e+01 -1.006466554241825229e+01
-4.674950882823932830e+01 -1.323427578863555354e+01
-4.322496408558718883e+01 -1.466383996585707727e+01
-3.901838529387060817e+01 -1.643092362915644600e+01
-3.897546601936806354e+01 -1.934155387092444656e+01
-4.491016478720047900e+01 -1.847410113383357100e+01
-4.486454192166141297e+01 -2.165864112368971561e+01
-4.222686540481451800e+01 -2.249290238147518295e+01
-3.975565724313909044e+01 -2.143509977475675399e+01
-3.658050973941066530e+01 -2.016427641567156925e+01
-3.756568607184706110e+01 -2.230021579939963772e+01
-3.942424567727637452e+01 -2.338517103009612441e+01
-3.816888220754297834e+01 -2.413375331875227658e+01
-3.649585178732698409e+01 -2.494497882812895284e+01
-3.528296626311137629e+01 -2.524607863560792964e+01
-3.444199213968312989e+01 -2.522027468357957147e+01
-3.377586378089787189e+01 -2.504165095005784636e+01
-3.307798163804859115e+01 -2.471156549680863534e+01
-3.235666256975770239e+01 -2.420661478894059115e+01
-3.152468688703729782e+01 -2.342025901266666565e+01
-3.055853907512787870e+01 -2.230899646922359736e+01
-2.945262340193038852e+01 -2.085875283963217086e+01
-2.930591761838699938e+01 -1.889014023771226292e+01
-3.549125474709448014e+01 -1.786268314884762276e+01
-3.513972875018956188e+01 -1.545468411800070818e+01
-3.352019864789893688e+01 -1.335952460208232573e+01
-2.793540793608992345e+01 -1.496721206960904560e+01
-2.712204057773049826e+01 -1.232199095417430357e+01
-3.230198409637087309e+01 -1.085260062576141316e+01
-3.178425664151922803e+01 -8.562384846167239161e+00
-3.051460807486675009e+01 -6.662129126565687010e+00
-3.022692709408309497e+01 -4.110119156565816390e+00
-2.788250082287379428e+01 -4.786667277416237987e+00
-2.873604875442833517e+01 -1.818059869339238244e+00
-2.701959883679228014e+01 -3.982855160141630102e-01
-2.592641165796790048e+01 -2.355127163220873232e+00
-2.489872703197663384e+01 -5.876407750571037703e-01
-2.334931301283659266e+01 -1.673637245390237283e+00
-2.370352141648256250e+01 -3.696476767154934340e+00
-2.201515449904266220e+01 -4.639750157001593323e+00
-2.352087971728552773e+01 -6.291776169498249693e+00
-2.165596191743824406e+01 -6.504349275332409697e+00
-2.006874600615472559e+01 -5.705369901812472833e+00
-1.851366960923068206e+01 -7.390229623605583775e+00
-1.758500629286469419e+01 -9.806247581724642615e+00
-2.145083343863462844e+01 -8.400451688581542342e+00
-2.371655455909304067e+01 -8.889435908004980291e+00
-2.143294826995372659e+01 -1.046784409099338120e+01
-2.272550778208712785e+01 -1.137450712288600663e+01
-1.718712226879812732e+01 -1.329292816355187057e+01
-2.145513320179200178e+01 -1.301559342150930298e+01
-2.146188407449603730e+01 -1.485314985790525633e+01
-2.114028860819659528e+01 -1.682344644798103417e+01
-1.798296073625099467e+01 -1.716022750426429866e+01
-2.039094019365139232e+01 -1.896372525759368344e+01
-1.961162100076810333e+01 -2.085143581933743917e+01
-1.787494288691916822e+01 -2.060283054330637142e+01
-1.809043551984163045e+01 -2.245158652019393486e+01
-1.659244206767095520e+01 -2.248556401794913384e+01
-1.580413249990409241e+01 -2.334146939620925210e+01
-1.461612049451538375e+01 -2.005991558769559191e+01
-1.440016189034819760e+01 -2.342876461901011709e+01
-1.318567781794565619e+01 -2.373264825380525878e+01
-1.241743118117050138e+01 -2.255054141138705859e+01
-1.186287426662756950e+01 -2.375406701740954318e+01
-1.119311357843160692e+01 -2.286357570786169546e+01
-1.040792154535749070e+01 -2.375699503676343127e+01
-1.024492151557745778e+01 -2.254418074204962608e+01
-9.277561945868427529e+00 -2.310749273593402009e+01
-9.513513636784187710e+00 -2.171944316795573471e+01
-8.651342578895272695e+00 -2.251072355401433711e+01
-7.997218510632072785e+00 -2.212065937831638252e+01
-8.541744385622587643e+00 -2.060123618343958185e+01
-7.261980813022180570e+00 -2.144978803719174110e+01
-6.560020589817500358e+00 -2.060587049141685156e+01
-7.516267174551895636e+00 -1.924352197418087584e+01
-5.754086671124157171e+00 -1.927522855998388707e+01
-6.562845959965376785e+00 -1.756186665113196099e+01
-4.791161426370267762e+00 -1.762664903023166829e+01
-5.163354166327049022e+00 -1.596778973902031495e+01
-4.146857143008499058e+00 -1.480583960988755621e+01
-3.687423912967923378e+00 -1.313948944021201015e+01
-3.000325618270581973e+00 -1.138567890922065118e+01
-2.335991084268962847e+00 -9.447547006924740032e+00
-1.706571275673841814e+00 -7.364155631747792974e+00
-1.163783535500970023e+00 -5.257595564502197227e+00
-7.053950265173093426e-01 -3.322140375812794755e+00
-3.552330302019289787e-01 -1.718253969321552610e+00
-1.231372774254863439e-01 6.566487224084902041e-02
-4.187908713622897489e-02 -7.459098300741633381e-01
5.579292608102379702e-01 -2.235054215082081797e-01
-3.291288246504466641e-08 -6.612988677279154898e-08
