-4.013010965156166066e+01 4.241509291075491461e+01
-3.033183063801504531e+01 4.288697679852938194e+01
-1.542561722282091807e+01 4.174761203359214790e+01
-2.061100558062915411e+01 4.012878720421335998e+01
-1.998173595623024212e+01 4.644013405851423215e+01
-1.058258558062188825e+01 4.633599947203662595e+01
-5.182560206963726657e+00 4.530895860949689791e+01
-4.956252793971660076e+00 4.159670796833486150e+01
-3.935488810614901301e+00 3.896044097795387984e+01
-2.408686367635134662e+00 4.335161768649391689e+01
-8.186232001023784344e-01 4.196849898581372429e+01
-1.385975329463517536e+00 4.022231958664946916e+01
-3.681424965928226101e+00 4.024748152915763200e+01
-6.082447902547822416e+00 3.876000032684259367e+01
-4.664740738413996723e+00 3.803710491984561060e+01
-2.816207667250492985e+00 3.848294188688733186e+01
-1.376362039001921334e+00 3.820805574314176312e+01
-6.217041354956761579e-01 3.741746042314721166e+01
-8.964508271781465032e-01 3.648463189401309847e+01
-2.117221169214179355e+00 3.625949196398207164e+01
-3.369803728578935509e+00 3.645821453773486809e+01
-2.415528337019597682e+00 3.723098701259377918e+01
-1.905999322456419565e+00 3.561865130400143187e+01
-2.470238040846148397e+00 3.463184717691456882e+01
-1.649434405123819669e+00 3.177595327917633483e+01
-3.386821265033426176e+00 3.369133525636202364e+01
-6.279946211467338557e+00 3.716859400463923180e+01
-9.933323570161455507e+00 3.989589279711427139e+01
-8.419058929598330465e+00 3.791976067081485269e+01
-5.512607278836858526e+00 3.488764228696058467e+01
-4.666312527600987359e+00 3.232812188456589553e+01
-6.295642929067405191e+00 3.115992014751438788e+01
-7.862899643975048036e+00 3.526725462859158711e+01
-8.810806798056074030e+00 3.397634503101418346e+01
-8.767837234730185614e+00 2.926422562402109762e+01
-1.072413353043467588e+01 3.315980697347823991e+01
-1.275036318129667734e+01 3.185525099872619492e+01
-1.224106156829821579e+01 2.666719640860882734e+01
-1.538774450196366139e+01 3.034467030222644723e+01
-1.819375640472082978e+01 2.862296052847432293e+01
-1.655414089125312671e+01 2.377137055998515081e+01
-2.148720039997232689e+01 2.635552187658324286e+01
-2.076486739552057870e+01 2.079256415661355462e+01
-2.497944647053884282e+01 2.425910612058510551e+01
-2.784029998518586524e+01 2.230362171179858777e+01
-2.516271205385475440e+01 1.741103120605147936e+01
-3.012918630694237976e+01 1.993200071606022661e+01
-3.268541562499725472e+01 1.935810563983658739e+01
-2.880087390798176372e+01 1.452987392221738894e+01
-3.293062945654681073e+01 1.666411543485607183e+01
-3.560980917419473712e+01 1.697457745275847785e+01
-3.186764600203824216e+01 1.177148270860387846e+01
-3.593847579173412754e+01 1.421635925321054295e+01
-3.903706281535551881e+01 1.489873875014885662e+01
-3.420030953293529308e+01 8.843639895107745730e+00
-3.769621746876476465e+01 1.170668281564832647e+01
-3.964814924100084426e+01 1.151983016441953822e+01
-4.263911232093111892e+01 1.222864631933853197e+01
-3.962622054691907181e+01 9.304471603571315086e+00
-4.114271508174257974e+01 8.286557316852096733e+00
-4.029391844501566311e+01 6.571220499196090081e+00
-4.319697073973891577e+01 7.418439213679980604e+00
-4.315782092276484150e+01 5.305159124579200025e+00
-4.282359841931081235e+01 3.503559362260772136e+00
-4.127046082881302880e+01 4.424501651608267139e+00
-4.080260362157600440e+01 2.728729636527337021e+00
-3.988371094228556757e+01 3.535878393470517356e+00
-3.925328872025419713e+01 2.076464978912968107e+00
-3.596579232003329452e+01 5.427014465739637750e+00
-3.671712710994943762e+01 3.217191766781123174e+00
-3.822757052848204040e+01 9.724874810252871482e-01
-3.721581534612885633e+01 1.215508899038691304e+00
-3.621482904651511348e+01 9.583284208993998465e-01
-3.664641398581275666e+01 -2.858215975324968072e-01
-3.533048570715053671e+01 3.637769512866749766e-01
-3.438590485754777148e+01 6.309170114197747148e-02
-3.462213888017954133e+01 -1.243080829631939777e+00
-3.329078717845047208e+01 -2.768858915996350034e-01
-3.285870792034559429e+01 -1.305170006965982177e+00
-3.213601691851433628e+01 -5.217219592760259372e-01
-3.154009853169717914e+01 -1.886783176076904267e+00
-3.101302226112678895e+01 -6.922370509793456250e-01
-2.990127296633041354e+01 -8.639405671410305132e-01
-2.921652435056667940e+01 -2.473353823319926814e+00
-2.859930349442635134e+01 -1.036155754673406593e+00
-2.718665130309695499e+01 -1.294953308039774154e+00
-2.567868293272048064e+01 -1.399333784394897640e+00
-2.403992869780674368e+01 -1.408344507264613243e+00
-2.237531859009003554e+01 -1.328345559093597084e+00
-2.076332210639508702e+01 -1.278102997142823494e+00
-1.924814996357904917e+01 -1.187725670796505595e+00
-1.782638852696546294e+01 -1.087380645356813558e+00
-1.642170851830209344e+01 -9.732731059426913411e-01
-1.502361965189599324e+01 -8.784196819622872576e-01
-1.355400531477889459e+01 -7.534640713582351212e-01
-1.181282709493391536e+01 -5.995771686123611000e-01
-9.642539890448148299e+00 -4.222209562543024486e-01
-6.830578507115565579e+00 -1.981861688011029576e-01
-3.438518706266626701e+00 -3.170310832812474333e-02
-1.232292751900013021e-04 3.001357794206576693e-06
