-4.573576648800203515e+01 -1.174864405702171100e+00
-4.374869930516049266e+01 -2.724276100024050962e+00
-4.471626050524214691e+01 -2.464201178014795879e+00
-4.855191347335442487e+01 -7.799394128080123778e-01
-4.395913746717422299e+01 -1.036025062941064112e+00
-4.328676424977646775e+01 8.438648599308158360e-01
-4.700766065984202413e+01 1.867736680868613997e+00
-4.260062366234110698e+01 3.189344520666151706e+00
-4.579186160980027154e+01 5.514706374967480507e+00
-4.161199729422806826e+01 6.345223329704492876e+00
-4.428846670188058710e+01 9.620281641301362541e+00
-4.011128127694141199e+01 1.016260083283578552e+01
-4.191302712269212094e+01 1.341004465748501318e+01
-3.958771286773662013e+01 1.555230992061569317e+01
-3.889691545889864699e+01 1.805643024458291990e+01
-3.884771617715214376e+01 2.094173773065539024e+01
-3.522748729978980009e+01 1.937574309577442477e+01
-3.750864895967662704e+01 2.351611136666596025e+01
-3.359356229685901951e+01 2.303942205107981778e+01
-3.652318059870749067e+01 2.583514104822205582e+01
-3.571005059085099020e+01 2.782731059933271922e+01
-3.238956396130191706e+01 2.587141293808964093e+01
-3.490752900475041542e+01 2.957053071100040142e+01
-3.147118840793622141e+01 2.809059190624237345e+01
-3.413654181122691256e+01 3.110374042364381353e+01
-3.060017403789864332e+01 2.994321988828269099e+01
-3.319574153452015253e+01 3.238206357653376699e+01
-2.964264487228122746e+01 3.177008185029074383e+01
-3.306538463532321259e+01 3.413341349666843882e+01
-3.158978192649962580e+01 3.366645958749918321e+01
-2.840321636921426673e+01 3.363421728839324487e+01
-3.214434853725920505e+01 3.581232094814385647e+01
-3.108404191741748690e+01 3.726697564354316228e+01
-3.038283164779441847e+01 3.511045875459881671e+01
-2.914020153148006997e+01 3.606015006174657600e+01
-2.905371165861003036e+01 3.787486229082282563e+01
-2.999799706946204125e+01 3.890733765920752774e+01
-2.711795524936449198e+01 3.559090045449033823e+01
-2.859425582354268514e+01 4.027364755234723503e+01
-2.770588367749977010e+01 3.854666563266200541e+01
-2.605343779557506068e+01 3.753372436689103608e+01
-2.565414510675864435e+01 3.615483618877616578e+01
-2.689514602296374690e+01 4.081904080835334270e+01
-2.517901777124384921e+01 4.145948591641160874e+01
-2.431994044945620459e+01 3.556871229697809156e+01
-2.313941737246631547e+01 3.569542410043057146e+01
-2.511092118058231648e+01 3.975319767229505175e+01
-2.378344134028181500e+01 4.028437200692739140e+01
-2.288912615897455893e+01 4.111679071828211107e+01
-2.159662556623675655e+01 4.116571373415102642e+01
-2.178090478071317193e+01 3.938615224508743751e+01
-2.040790176262974143e+01 4.060695242626454160e+01
-1.884734059952825191e+01 3.978101226904792043e+01
-2.022939481836459308e+01 3.846943904263383018e+01
-1.742455500303863758e+01 3.779588911206396773e+01
-1.958030439696753078e+01 3.711880601609915686e+01
-2.174655878570718315e+01 3.471489268186426358e+01
-1.895720454695702273e+01 3.580552928698983806e+01
-2.228941244501971042e+01 3.243560973474180997e+01
-1.912300830162101306e+01 3.397715883052824637e+01
-1.638603966580981108e+01 3.518762225460643833e+01
-1.810846971939301042e+01 3.244059139473329623e+01
-2.087344624678312144e+01 2.959247962854705349e+01
-1.506255843988150112e+01 3.261631588856349850e+01
-1.696094802624051923e+01 3.049274692187055535e+01
-1.359836517220588803e+01 2.970467285172540173e+01
-1.910765095318877016e+01 2.649697114721710633e+01
-1.554066696047291529e+01 2.826565795065874553e+01
-1.363138635516008534e+01 2.631837277861361102e+01
-1.693261944935031593e+01 2.347410405902994057e+01
-1.098145808131982371e+01 2.572994587084993867e+01
-1.249164132538108518e+01 2.304940846353491324e+01
-1.439910814189181210e+01 2.058603038578720401e+01
-9.202827602136835594e+00 2.327009488968448636e+01
-1.124012608180142969e+01 1.989029858763324654e+01
-7.406546066775465675e+00 2.064357559456169966e+01
-8.928422657621137404e+00 1.820609017147523545e+01
-6.122084065326780511e+00 1.755001187700580800e+01
-1.058293268015950339e+01 1.644577668293539219e+01
-8.392742999386046066e+00 1.437339412525150983e+01
-4.474896115258617968e+00 1.518307466224293556e+01
-5.374227438506347099e+00 1.319026311617120584e+01
-7.173280979221186904e+00 1.145309029524973532e+01
-4.764949724415763477e+00 1.036219510414400702e+01
-2.789601884181494906e+00 1.165515072936475427e+01
-4.863657531809672641e+00 8.256866452871355122e+00
-2.522483309748562608e+00 8.484245176778786757e+00
-3.538662738775096184e+00 6.264218272807356769e+00
-1.447967292214653812e+00 6.636941187745323489e+00
-1.864328028652492364e+00 5.192628098137683779e+00
-2.189531116420602608e+00 3.946221533546048654e+00
-9.650006519002936045e-01 3.914494694161664068e+00
-1.082772096571178455e+00 2.775411028809772862e+00
-6.910975110623837070e-01 2.000498159913678631e+00
-4.576005420832273130e-01 1.389130168648170960e+00
-5.865664271773468608e-01 8.798513383055520665e-01
-1.479762031527046828e-01 8.709034283138560317e-01
-3.406623045186988885e-01 4.261824977282351878e-01
-4.187801640342241061e-02 3.897844744848800724e-01
-4.729047625483449868e-02 8.887665494947107059e-02
