-1.065786315392254657e+01 -4.267802624241542553e+00
-1.697303326890757802e+01 -3.846023955498079072e+00
-2.283807864440912283e+01 -3.768234282439383964e+00
-2.708297625217963400e+01 -3.763480562078287850e+00
-2.975834711767332053e+01 -3.443788452087366281e+00
-3.145837301443028622e+01 -4.988910956352351711e+00
-3.353591624098571344e+01 -4.901672988227485206e+00
-3.243706877618973294e+01 -2.347876344384291603e+00
-3.519307105873548380e+01 -4.860861752175236639e+00
-3.506708780964501670e+01 -2.243318979978328187e+00
-3.669306558527877371e+01 -4.985410336439787926e+00
-3.716919097156948482e+01 -1.943778144027048516e+00
-3.770031198263875893e+01 -4.154723339986712283e+00
-3.909145349380725776e+01 -3.961318262247633726e+00
-3.859670619577788386e+01 -5.293786541889868857e+00
-3.886079889107057284e+01 -1.361569964121569720e+00
-4.054733930452744772e+01 -5.241815800133135639e+00
-4.032438907364463176e+01 -3.393504917194328563e+00
-4.020369139096388267e+01 -4.067445253153114115e-01
-4.146753206743807851e+01 -4.010056520896232435e+00
-4.330192658667068883e+01 -5.161543166261001403e+00
-4.277806434645466993e+01 -3.424480130106339892e+00
-4.195681651397503487e+01 -2.233109149821067785e+00
-4.360280119050070624e+01 -9.402352091182747396e-01
-4.416001094192300513e+01 -2.604345290528642831e+00
-4.599976636925600104e+01 -4.205544513410758967e+00
-4.226696472114716840e+01 -1.183881843226481934e-01
-4.548679675313294268e+01 -1.444969956727402582e+00
-4.096333755690910294e+01 1.391103431897525500e+00
-4.797737826837489905e+01 -2.201467767834329070e+00
-4.420669136982527192e+01 1.015823874970342988e+00
-4.658011505814511111e+01 1.198882522161873604e-01
-4.903246577271275441e+01 5.711236727578985484e-01
-4.714725653363099411e+01 2.131638986994294882e+00
-4.412457220551029025e+01 2.951591208087189333e+00
-4.930767469141608927e+01 3.465823797356076152e+00
-4.696097530047162394e+01 4.387438108798118463e+00
-4.872692830742549575e+01 6.378528653461454923e+00
-4.115582339803822975e+01 3.294166406915655543e+00
-4.603105699451757005e+01 6.746498832319661965e+00
-4.338095350107548853e+01 5.013236815248547806e+00
-4.731574074860110102e+01 9.196873163039056109e+00
-4.053164779707365284e+01 5.161061069522917322e+00
-4.447998321602931071e+01 9.017164879484147022e+00
-4.223315494031764672e+01 6.999963466107477217e+00
-4.517359919247483901e+01 1.178011386021155893e+01
-3.954173496620475703e+01 6.890125706681578421e+00
-4.085637174165242413e+01 8.760915782721257372e+00
-4.239706608886346828e+01 1.097654812246018352e+01
-3.930703137500586308e+01 1.026470029418665142e+01
-4.205475269006786476e+01 1.399629231437515919e+01
-3.829238484346576854e+01 8.390068933188953082e+00
-3.993822377051708372e+01 1.246124051475803363e+01
-3.679204081512506264e+01 9.592006923299596366e+00
-3.798443163960062918e+01 1.414267929368561383e+01
-3.759304897164638959e+01 1.133335871987043042e+01
-3.588592187068807249e+01 1.234678859077072133e+01
-3.527434851913313452e+01 1.590262483993576836e+01
-3.499267222930612320e+01 1.040889063874059417e+01
-3.462338489897295801e+01 1.353888507931104002e+01
-3.322214097225730001e+01 1.130978107440967406e+01
-3.246158810458279476e+01 1.353949415704209081e+01
-3.081080329893098835e+01 1.132230984097099658e+01
-3.130797887830362569e+01 1.639973248249179960e+01
-3.043041604443921599e+01 1.367604519542475927e+01
-2.823615077894995196e+01 1.372414571221482937e+01
-2.804772121530617213e+01 1.157929563425099140e+01
-2.700945960998850737e+01 1.656473326944640689e+01
-2.574306423844230807e+01 1.365154249044494073e+01
-2.511064696373940919e+01 1.131306560952216422e+01
-2.324218476607899220e+01 1.276312671391631071e+01
-2.262374665372562887e+01 1.549075171540633278e+01
-2.119984785750884271e+01 1.112762284516100486e+01
-2.045872448556072243e+01 1.318467626654651781e+01
-1.822192000323970262e+01 1.435762318638919233e+01
-1.806182384646558603e+01 1.098019381150676566e+01
-1.551426938757634844e+01 1.337772440560538811e+01
-1.525212601689699632e+01 1.029699800193024650e+01
-1.265808034578330066e+01 1.255659013197740315e+01
-1.276355782895001489e+01 9.310655987155159963e+00
-1.028405740600200247e+01 1.113475886317151620e+01
-1.047674642404966683e+01 8.262473064461888228e+00
-8.174558132313455516e+00 9.644261372938323973e+00
-8.448842433983040578e+00 7.235022158139799764e+00
-5.980281251187842706e+00 8.472462527959745415e+00
-6.581377360233505946e+00 6.594644118897778462e+00
-5.390748297897066443e+00 5.588018132439215968e+00
-3.843538663554419532e+00 5.845712218796307091e+00
-3.958850826008197821e+00 4.318618857614398010e+00
-2.795199996806570386e+00 3.837223452998207218e+00
-2.256534790894637155e+00 2.948075869706779262e+00
-1.630039731481273568e+00 2.243706652669141377e+00
-1.067638970004505916e+00 1.610685172230217566e+00
-8.376293549277959993e-01 8.979937345553125061e-01
-4.415629011169125984e-01 3.151796236745648128e-01
3.793419283316751961e-02 1.095446572261604246e+00
6.818027087809842568e-01 3.698522232135589283e-01
3.837112591407897955e-01 4.755022325731083632e-01
2.131251493303487066e-01 5.602031525239425935e-02
-1.671527654388570501e-08 6.942822364486213211e-09
