1.107465913977913052e+00 3.896266443185199790e+01
2.950962127600321949e+00 3.064041692828186925e+01
3.109161474071965081e+00 3.100596491837442059e+01
3.153226741920153842e+00 3.130403816236617942e+01
3.091805167700780732e+00 3.159913528570831431e+01
2.836222671826672315e+00 3.191838004694910325e+01
2.271739018596860227e+00 3.230899978439804698e+01
1.137895486422935365e+00 3.286536049215362709e+01
-9.093336665321289924e-01 3.354827405266598106e+01
-4.002561085164384913e+00 3.419875042921571406e+01
8.496371616014286587e-01 3.575135163114652670e+01
2.293734987075632503e+00 4.317189943078181358e+01
3.741012135462898902e-01 4.394569243924426871e+01
-1.849503699867707240e+00 3.946240655010834075e+01
-2.091218817361168991e+00 4.391867417979432275e+01
-4.691929198667025069e+00 3.957515747858720090e+01
-6.005102005350230421e+00 4.467484072310919885e+01
-7.854390010800494260e+00 3.598986489807023048e+01
-8.400850368837939897e+00 4.093081861386878728e+01
-1.106593774892451165e+01 3.871076933939085052e+01
-1.016928548697163315e+01 4.497623940974547452e+01
-1.330118206309914441e+01 4.119946888559932319e+01
-1.422025376320529055e+01 4.499498562792899037e+01
-1.342611818586794037e+01 3.524181246470691775e+01
-1.706604800527277632e+01 3.981014204003071910e+01
-1.805193764126128997e+01 4.471864737504053977e+01
-1.885893119514345173e+01 3.390566808128806997e+01
-2.143130671965270651e+01 4.357579790857505486e+01
-2.107417289874521416e+01 3.818754141304338390e+01
-2.472401886773476676e+01 4.291747300252018249e+01
-2.522023731794401868e+01 3.700648542800154672e+01
-2.768300437973556427e+01 4.196518784813290637e+01
-2.442913840470970044e+01 3.205274644189019995e+01
-3.026634312780328528e+01 4.094913502159483443e+01
-3.258354043380760601e+01 3.990011199747693382e+01
-2.888439531110168446e+01 3.505556031238403136e+01
-3.468995821856714912e+01 3.875799719543792321e+01
-3.215546528285654659e+01 3.294117236549890748e+01
-3.448996571609161066e+01 3.521145437278925527e+01
-3.656338800828356028e+01 3.737027838215870190e+01
-2.921336335438175524e+01 2.952005495536020874e+01
-3.825100953004251636e+01 3.589682954776007051e+01
-3.499378075027726709e+01 3.050050683127293283e+01
-3.971058146687282431e+01 3.427467328942911706e+01
-4.098908140090849628e+01 3.244744558721476579e+01
-3.267248930321652978e+01 2.587125449963843593e+01
-4.264733921056311061e+01 3.078584301680793445e+01
-4.192005659957568753e+01 2.881575563772108239e+01
-3.716494552507189297e+01 2.733666515258919461e+01
-4.403415933079380551e+01 2.804584003758574440e+01
-3.628675409693141773e+01 2.205132990044739572e+01
-4.035083887052730489e+01 2.455811314970519277e+01
-4.430140485078610624e+01 2.563180647613618390e+01
-4.519544900544533306e+01 2.347077488978217019e+01
-4.196855533732507837e+01 2.003533490045620624e+01
-4.560152857850273733e+01 2.106810035652484103e+01
-3.731220351040483507e+01 1.792895384293937511e+01
-4.591830990940390933e+01 1.848670729581596817e+01
-4.602560072156108362e+01 1.564944067279974149e+01
-4.081078245056140474e+01 1.574440308550729561e+01
-3.743414705215541005e+01 1.272166753662448180e+01
-4.602366332644699298e+01 1.258437324380617106e+01
-4.341895280542365754e+01 1.181345442060210083e+01
-4.522207576116532124e+01 9.018313436829648921e+00
-4.259471878917037913e+01 8.465025611824451346e+00
-4.321745901244316457e+01 6.039414476416531841e+00
-3.941447815702849056e+01 5.784393530810068462e+00
-4.151272757372839806e+01 3.981962726081611059e+00
-3.971511163373644848e+01 2.327580424161703299e+00
-3.618164977038595964e+01 8.600452730576735760e+00
-3.776098355142889318e+01 8.227298119351951211e-01
-3.575974911980023307e+01 2.494776357521554022e+00
-3.394676755229222209e+01 5.578076404447299019e+00
-3.523415827432172875e+01 -4.624881500431435311e-01
-3.185484434332585124e+01 3.409993224567466452e+00
-3.279273574301156202e+01 -2.178714986051332847e+00
-3.206755438250635137e+01 5.252527661240158352e-01
-2.958368676330622193e+01 2.134557506111482539e+00
-2.983004577850378425e+01 -2.727719087571690348e+00
-2.928033453360744076e+01 1.170322264717114785e-01
-2.720779585482269880e+01 2.300358988386390635e-01
-2.665735307552718680e+01 -2.891281507629115843e+00
-2.522671576247342173e+01 -1.288953419925571164e-01
-2.305014756767628725e+01 -2.918017569310056736e+00
-2.306432730868489145e+01 -1.595812232940475583e-01
-2.086003588568025791e+01 -6.201361828038017832e-01
-1.873120308541703949e+01 -9.080094215119163259e-01
-1.643367455510441033e+01 -8.335563231382850935e-01
-1.421832374609571126e+01 -6.651193274549651591e-01
-1.225434921441827285e+01 -4.772575257219610068e-01
-1.055089620888524671e+01 -4.668618396897898926e-01
-9.132719184089834741e+00 -4.110053997514838686e-01
-7.905049315147487654e+00 -3.599033219674015460e-01
-6.803221928554152420e+00 -2.460676713493439860e-01
-5.782308865925558372e+00 -1.598604714200854149e-01
-4.768178907870238348e+00 -5.844349605588163021e-02
-3.681926995767165867e+00 1.788541918104388090e-02
-2.461800976886069581e+00 8.115431000655964899e-02
-1.147473321618280862e+00 1.322979599340681489e-01
-7.879876269973027332e-06 4.244931848825183012e-06
