-1.069806539785031241e+01 3.711116204376149863e+00
-1.279112922818999643e+01 4.092250651818704732e+00
-1.521928667021727399e+01 3.810174940554123424e+00
-1.748207325180633731e+01 3.421592663522603939e+00
-1.919170035087906356e+01 4.549535227183244324e+00
-2.040979071577819681e+01 2.603011515066214976e+00
-2.137320989426174833e+01 4.358421714839459504e+00
-2.319288376380293215e+01 4.086142426683830209e+00
-2.292692111816979050e+01 2.240339730276407426e+00
-2.481730928681444581e+01 3.319116693478146196e+00
-2.532496561919255385e+01 4.602905315036527334e+00
-2.494781420891231960e+01 1.710757289312569984e+00
-2.646627076990761651e+01 3.080581658253144006e+00
-2.658103897498557444e+01 9.914940136499047485e-01
-2.759182334382949975e+01 2.222109897158201175e+00
-2.858461731251756177e+01 3.181194169929602911e+00
-2.874510577170038061e+01 1.491322791103130152e+00
-2.786071536712254826e+01 8.767379653224383063e-02
-3.069171541031344219e+01 1.682114783563573024e+00
-2.884770694495488996e+01 -9.873505972840507239e-01
-2.973020698764259606e+01 5.978876177718110974e-01
-3.049330987584856700e+01 -4.474922172365184969e-01
-3.184429171483479593e+01 -5.083875471471629437e-01
-2.961702217589498787e+01 -2.169630187320573889e+00
-3.307327586318853463e+01 -2.117607367411778352e+00
-3.180222166562589337e+01 -2.380518265077165019e+00
-3.128473515518825465e+01 -4.208117405868391003e+00
-3.015646238565291526e+01 -3.458741271072090839e+00
-3.293446966905731443e+01 -4.484554121454414677e+00
-2.890053986118341456e+01 -4.473271261288337186e+00
-3.099630003464853445e+01 -5.830457107302515318e+00
-3.252236840249555172e+01 -6.664062274903431948e+00
-2.928937126002368529e+01 -6.169837562508298845e+00
-3.150401086409377527e+01 -8.594393148491310086e+00
-3.029444027937842066e+01 -7.670373597721504844e+00
-2.786330841694641691e+01 -6.759098606681103405e+00
-2.974751865354652480e+01 -9.672743040468976261e+00
-2.773693223256784890e+01 -8.608027921210874567e+00
-2.849694463217102225e+01 -1.096719626689075078e+01
-2.586217083058674859e+01 -8.138700118793451566e+00
-2.627570066117239733e+01 -1.014273805567587949e+01
-2.712721215985959589e+01 -1.221009449026879423e+01
-2.385432875806915121e+01 -9.878952232792681087e+00
-2.494702264792059054e+01 -1.171986518778150987e+01
-2.565592130916014568e+01 -1.348481485834582116e+01
-2.306735013733353767e+01 -1.206087082254532028e+01
-2.393983421970478886e+01 -1.407374908667465085e+01
-2.123708896284584569e+01 -1.233333916208318115e+01
-2.232727656150813189e+01 -1.477259212700161406e+01
-2.044626102701459303e+01 -1.503274130206965431e+01
-1.874776781250177748e+01 -1.289194059291745731e+01
-1.824579745959448118e+01 -1.565005044036854898e+01
-1.568031729784941142e+01 -1.356013878604625233e+01
-1.546084373149266078e+01 -1.644661961494239577e+01
-1.277378474992582191e+01 -1.507648354908337573e+01
-1.049347889118776855e+01 -1.663633015313578412e+01
-7.694266852847800209e+00 -1.553241791830529195e+01
-5.170696751925617285e+00 -1.787686276829463949e+01
-3.455436371140331975e+00 -1.483992845271166949e+01
-1.389370303940002938e+00 -1.802170544333041846e+01
7.975245395262056114e-01 -1.465907722152730841e+01
1.678290455590974117e+00 -1.789405278299195601e+01
4.196886879213149513e+00 -1.813606411778097538e+01
4.776682938434706038e+00 -1.573844875282363809e+01
6.619590625470598511e+00 -1.757991388650647124e+01
5.217450654091169149e+00 -1.306329554186715924e+01
8.750934057513276798e+00 -1.679891188870000818e+01
7.985017605452074285e+00 -1.493619740721603328e+01
1.055095486950578554e+01 -1.587794885658898814e+01
9.662019357851960422e+00 -1.320349327246222160e+01
1.216970012875458806e+01 -1.481785673071118126e+01
1.286038374239066862e+01 -1.327869474852693443e+01
1.077407588019455709e+01 -1.023553774156080642e+01
1.464688505641976590e+01 -1.266547429320916862e+01
1.380026923843192144e+01 -1.129222186566470576e+01
1.550812386615021765e+01 -1.069473047106256480e+01
1.505407982214516061e+01 -9.285798608030569667e+00
1.595384151835117414e+01 -8.446216952217794116e+00
1.544422644671205802e+01 -7.061484903411015424e+00
1.237750725264794660e+01 -7.810114853600618190e+00
1.501446290461382915e+01 -5.702329879105563215e+00
1.249774317013122804e+01 -5.549733691024968607e+00
1.435597524068778874e+01 -4.497453341713347541e+00
1.360402325610259666e+01 -3.496331833074498796e+00
1.241208465254952387e+01 -3.580570657701347859e+00
1.272797178967844545e+01 -2.605870568999381298e+00
1.172912563842849210e+01 -2.868342112867412474e+00
1.182816008986835321e+01 -2.042365269921568416e+00
1.102901697849994456e+01 -2.241419564050507240e+00
1.093748231175747776e+01 -1.635480167597255008e+00
1.028797142349863769e+01 -1.648458579963857362e+00
9.723064616952946437e+00 -1.390834707146063831e+00
9.034973031006590105e+00 -1.182342361278145404e+00
8.173816261426452456e+00 -9.580711692848218330e-01
7.052615753732477621e+00 -7.094879845699537668e-01
5.634040988974843067e+00 -4.731261633924290777e-01
4.030421946399783906e+00 -2.859763399860325572e-01
2.447039556525497428e+00 -1.495988508010172580e-01
1.066100891126976036e+00 -5.138801206020693346e-02
6.902986015892425024e-06 -1.808764567686405221e-07
