1.003383572393111578e+01 1.793449353452522743e+01
1.118616357222446922e+01 1.421452430862659355e+01
8.453087460079066418e+00 1.659518067244231432e+01
7.785633118538870079e+00 2.129066640515991438e+01
4.837982021888895368e+00 1.691645931589130214e+01
3.098852627152161254e+00 2.118587386768966141e+01
8.472151545050868870e-01 1.671549779313944484e+01
-1.745469432656160169e+00 2.078304190006615215e+01
-3.169357651086706973e+00 1.631985916313933416e+01
-6.499358239688513450e+00 2.024150621086677404e+01
-6.792428837382217033e+00 1.570027521891753075e+01
-9.931372437884277815e+00 1.494716617482889198e+01
-1.100852717334548103e+01 1.934524698214712046e+01
-1.277066214845530290e+01 1.366779728129362148e+01
-1.526233929810016754e+01 1.799914480979905917e+01
-1.586552869574584257e+01 1.305867512487790272e+01
-1.897418236327231611e+01 1.633022485173671967e+01
-1.678645004082137859e+01 1.013811403695589597e+01
-2.091819388370272037e+01 1.356449441445931825e+01
-2.307603954889810538e+01 1.147268051301994163e+01
-2.438284939495151349e+01 8.812890866692830727e+00
-1.967067390091165890e+01 8.398048438892464773e+00
-1.877339844172448124e+01 5.564707685323846853e+00
-2.561470004140364765e+01 5.860526124494013445e+00
-2.156392872053923071e+01 4.112922548864776040e+00
-2.633019463251581982e+01 2.534137776764886496e+00
-1.983991335898047481e+01 1.301663427600027179e+00
-2.313214729484382914e+01 1.514311630579015799e-01
-2.013502047664738015e+01 -2.248779982948099665e+00
-2.678695317720932678e+01 -1.156147900947660290e+00
-2.340523562119100376e+01 -3.402533554905769808e+00
-2.658092259343397856e+01 -4.571665227629737593e+00
-2.316238772333423768e+01 -6.779846378642598204e+00
-2.614921018194367619e+01 -7.620972201322675055e+00
-2.023210071431031665e+01 -6.220917962653200739e+00
-2.460382917485924992e+01 -9.983684861733058469e+00
-2.058669628268045670e+01 -9.618717622579062265e+00
-2.430223001265835236e+01 -1.245244588969240596e+01
-2.218935165125003905e+01 -1.262720342060436529e+01
-1.938766963422317602e+01 -1.206918993104846649e+01
-2.276283666358244062e+01 -1.508787961674332756e+01
-1.948053771147119306e+01 -1.469333828535869912e+01
-2.109392718537784006e+01 -1.762009021891132932e+01
-1.697489373670711643e+01 -1.469558972656214380e+01
-1.808714044897516615e+01 -1.740615738662937773e+01
-1.903574512661183959e+01 -2.013786176242632919e+01
-1.509114210736967721e+01 -1.669890313445036512e+01
-1.589597272711526976e+01 -1.982161806064962306e+01
-1.610982963912782395e+01 -2.266914870956130201e+01
-1.276680444043708285e+01 -1.816861708054363689e+01
-1.288589337593308315e+01 -2.128099070625708222e+01
-1.259214567729198997e+01 -2.400166238430781362e+01
-1.028974336216456997e+01 -1.924182265610577858e+01
-9.844536437130544826e+00 -2.286978828252322771e+01
-7.914301141010726681e+00 -2.039353667081648069e+01
-7.213089056408114708e+00 -2.376767827569520009e+01
-5.554851933885180948e+00 -2.078914687922599924e+01
-4.573118424179462238e+00 -2.388581127531769965e+01
-3.112584725174193601e+00 -2.100031575330158162e+01
-1.967584206972476046e+00 -2.390993228191009479e+01
-7.119052605267409684e-01 -2.104540227698075583e+01
6.374725998521948434e-01 -2.380697071913941798e+01
1.707514355298966002e+00 -2.090665819554402916e+01
3.276877901900541179e+00 -2.356796830478106131e+01
4.108615626538730581e+00 -2.063810120676858162e+01
6.000855676815593398e+00 -2.277714869804383824e+01
6.767741504521007201e+00 -1.790214869242878137e+01
8.270822237885594674e+00 -2.162016664605678429e+01
1.120035288691490294e+01 -2.244609219477020190e+01
1.101366963681733147e+01 -1.998587122820375939e+01
1.380454476088833715e+01 -1.986705069900073894e+01
1.556124080421907507e+01 -1.795231068955638776e+01
1.003761959675032678e+01 -1.485836984288871498e+01
1.735232980142415116e+01 -1.594437281717151222e+01
1.990714590433768194e+01 -1.413594917972298859e+01
1.261353579658272395e+01 -1.098903105952196491e+01
1.756825302113227494e+01 -1.215407491854123734e+01
2.118550766098482896e+01 -1.102801206655730404e+01
1.391659933019846918e+01 -6.645497923213602220e+00
1.849631747021787120e+01 -8.806879166136699411e+00
2.188446747177975382e+01 -7.804184531604463793e+00
1.867433504803904398e+01 -5.825243776062826839e+00
2.185791788204244668e+01 -4.632056586503720652e+00
1.803691140380578162e+01 -3.311537981883710291e+00
2.090120851963364146e+01 -1.777169648100095589e+00
1.728379209757729384e+01 -1.057306838598658372e+00
1.917219314477489078e+01 1.007855812193677592e+00
1.594760790266276373e+01 2.375507252439224448e+00
1.430142351492869857e+01 -4.471388139915019599e-02
1.276220131951117054e+01 -2.293050964355580756e+00
1.198104069030058305e+01 2.573319326508057170e+00
1.004794071014233303e+01 1.906331696424528321e-01
7.883360927214597247e+00 1.699021758212982292e+00
5.627713218412042195e+00 9.652734549464805358e-01
3.610931757422110255e+00 8.033971127519803357e-01
2.031541735425431927e+00 5.150950957143165532e-01
8.546526159576410819e-01 3.409001409341846367e-01
5.217101043229481760e-01 -2.299651740875172656e-01
-9.943730942971409914e-02 -1.865959417222594896e-01
1.583971898955136311e-09 2.587960880838853388e-09
