-3.234607483737887890e+01 2.066084368277730121e+01
-3.082336447661812429e+01 1.908055876882459856e+01
-3.143677415328980729e+01 2.205565849087726704e+01
-2.941689597628847963e+01 2.197910947869746678e+01
-2.757446016792356858e+01 2.106387900930980095e+01
-2.710561262651974701e+01 2.352088576975760503e+01
-2.491736160124099086e+01 2.208869697520255215e+01
-2.413208456584710859e+01 2.445679279262057193e+01
-2.228541876479483363e+01 2.301980377916487797e+01
-2.043846549959667414e+01 2.401205117783090515e+01
-1.854113325407858426e+01 2.401198278668330488e+01
-1.676185813925490109e+01 2.420418199667295767e+01
-1.503254911158377993e+01 2.379390240345512808e+01
-1.357727116617495255e+01 2.451801914394041404e+01
-1.211345269970807870e+01 2.343734528220883462e+01
-1.105111311865650414e+01 2.495641649823395980e+01
-9.991038637955190538e+00 2.318931864292014211e+01
-8.576982102503473371e+00 2.443160292327405259e+01
-7.994207686931344981e+00 2.269958534524208105e+01
-6.464486356369431697e+00 2.366966617921255889e+01
-6.122893098313197058e+00 2.203561103376858910e+01
-4.771063416064356133e+00 2.252178261414561788e+01
-3.509839439526879712e+00 2.192479666679681216e+01
-4.138069099161397979e+00 2.066186787165610994e+01
-2.491110589437117717e+00 2.083456954928391269e+01
-2.643923343444097185e+00 1.975126135210154743e+01
-3.394007202273386703e+00 1.833012838248469478e+01
-2.505981723203293043e+00 1.886582991509098761e+01
-1.999805658059316649e+00 1.811971423167542028e+01
-1.722793785746256523e+00 1.746182383238605240e+01
-2.092300594106699219e+00 1.714634557268359671e+01
-3.129845762356367800e+00 1.700458990533466519e+01
-4.333226955874414976e+00 1.749319660935223197e+01
-5.579662502239650657e+00 1.743042453890133103e+01
-6.995695686945111902e+00 1.676906975537926670e+01
-8.700305169996880750e+00 1.628306821475626265e+01
-1.047551820880489792e+01 1.579447032015261065e+01
-1.214470258349965093e+01 1.530651110679902338e+01
-1.374181610311829793e+01 1.478824971281508205e+01
-1.532219932156127129e+01 1.425400987154972654e+01
-1.693793183705982131e+01 1.359891664161219005e+01
-1.869186979730408638e+01 1.283956559784378726e+01
-2.045977222208233215e+01 1.198901859928889380e+01
-2.216671765125479254e+01 1.110512229727658351e+01
-2.381318635946257345e+01 1.015690114573230751e+01
-2.531628551082157585e+01 9.164266404979480640e+00
-2.672659177852753842e+01 8.140397937439313836e+00
-2.781580217465263871e+01 6.765327257856474930e+00
-2.981691049471388055e+01 5.942284815624736538e+00
-2.847441360450711301e+01 4.110366633809023007e+00
-3.140158111016109999e+01 3.685987309851207261e+00
-2.999636967123212017e+01 1.579251792066905802e+00
-3.304547089420755412e+01 7.499879108684218698e-01
-3.064991468118310181e+01 -1.427242189209788403e+00
-3.341788114996865744e+01 -2.726432552669738829e+00
-3.477575984475018345e+01 -5.586019008191366098e+00
-3.015671308486584223e+01 -5.387400788439835608e+00
-3.207818267763518350e+01 -7.366189093488435091e+00
-3.428017875486947474e+01 -1.001893824483031814e+01
-3.108151050621653155e+01 -1.015447098448297503e+01
-2.848769202062560879e+01 -1.089429294487857014e+01
-3.229323371017322586e+01 -1.346521748444974165e+01
-3.007840556373395913e+01 -1.607717652365069938e+01
-2.760522086882786397e+01 -1.407238803030651830e+01
-2.730776109288873954e+01 -1.796744018029700385e+01
-2.384401755715256499e+01 -1.534169343666869523e+01
-2.466067960102780887e+01 -1.983397145696467589e+01
-2.158503106119354342e+01 -1.895086472695611590e+01
-2.168719557887742511e+01 -2.176354221372416831e+01
-1.917860098623454945e+01 -1.667707351564033402e+01
-1.874964428470262234e+01 -2.117050026863436685e+01
-1.658010698890696233e+01 -2.306396933129277826e+01
-1.563418677493096176e+01 -1.937140471346049608e+01
-1.402773034733311697e+01 -2.163107665919153177e+01
-1.230955474620837897e+01 -2.329446213769909235e+01
-1.116977762280349395e+01 -2.008939310809464374e+01
-9.713356318059110706e+00 -2.299167041616296459e+01
-8.067726509037681737e+00 -2.019251457763095914e+01
-7.189735184763710762e+00 -2.271620508302794050e+01
-4.800739500671264537e+00 -2.203058143263266899e+01
-5.339964520498769573e+00 -1.950252663259091079e+01
-2.673953350632013226e+00 -2.053296303989346328e+01
-2.985220439613337717e+00 -1.639168277104242577e+01
-8.300557379715707285e-01 -1.924202034771612801e+01
4.325097218375792973e-01 -1.767911765422443793e+01
1.401971309429055790e+00 -1.606460238281066921e+01
1.711150261239900328e+00 -1.433035701435663434e+01
2.745590183081284330e+00 -1.297358747363065845e+01
3.092301018594322493e+00 -1.140253294619880897e+01
3.492077335028554774e+00 -9.946006154424198442e+00
3.685033399436293600e+00 -8.508676903253986623e+00
3.746938962714844834e+00 -7.131385099591599719e+00
3.521337371132085892e+00 -5.842115957540155335e+00
3.278070656521855586e+00 -4.614152158821804406e+00
2.620613245341324671e+00 -3.605189591977561392e+00
2.152554728755338598e+00 -2.549032669207634605e+00
1.561857573967227575e+00 -1.691085431139274453e+00
9.736524052409568641e-01 -9.788306513010326393e-01
3.210862490548870851e-01 -5.212353742347567431e-01
-2.383202149182233678e-08 -4.314024647361499847e-08
