2.433862466604712793e+01 2.592592564968395763e+01
1.966776738200911723e+01 2.378116973490088881e+01
2.184941292499294008e+01 2.519407834035135707e+01
2.806720552285127823e+01 2.577522299937668038e+01
2.286705258318242429e+01 2.076704723973124800e+01
2.828583480861440691e+01 2.027082889288046985e+01
2.240763309634769485e+01 1.654443495505232065e+01
2.825088630624570740e+01 1.463962340772772741e+01
2.254176312051134801e+01 1.217661146547527018e+01
2.751602589729698067e+01 9.544997673839532126e+00
2.178994904155635126e+01 7.618952715265192133e+00
2.747342195038872958e+01 5.589864884548679136e+00
2.197224234981343116e+01 3.681207365306422563e+00
2.736291944072835491e+01 2.276993077534299470e+00
2.718828443789749727e+01 -5.365853413233832025e-01
2.198049973079407948e+01 2.447162379055191350e-01
2.219045383508557379e+01 -2.737042021825204952e+00
2.612382186881461621e+01 -3.007717492088648470e+00
2.857134013438365017e+01 -4.237017392396756676e+00
2.590039085531908114e+01 -5.677047145037517062e+00
2.182088106159887175e+01 -5.407308537839339735e+00
2.569840502125230586e+01 -8.147163388508765536e+00
2.139969005046090089e+01 -8.066345785859200035e+00
2.848233229002263300e+01 -8.572730113713941336e+00
2.093565843290161865e+01 -1.077050599815798648e+01
2.530263892303753437e+01 -1.047431127926510186e+01
2.785720088415593665e+01 -1.299355955876175450e+01
2.467178822140159866e+01 -1.265690486772612289e+01
2.380137421629937577e+01 -1.470297867543720649e+01
2.012640737026207560e+01 -1.328812827017305054e+01
2.590084905056435005e+01 -1.670320384376353573e+01
2.268653005704334191e+01 -1.643930678478979601e+01
2.313915111266490854e+01 -1.953563590765071112e+01
2.130988925532179579e+01 -1.767563254011010798e+01
1.884855907674354469e+01 -1.537831864967658468e+01
2.002059286948117034e+01 -1.891198725965947602e+01
1.939126832730092076e+01 -1.804521336729866832e+01
1.827481163155917443e+01 -1.951973755182212145e+01
1.742886709510419507e+01 -1.704822589964042123e+01
1.972475476387761617e+01 -2.158766046853885356e+01
1.677810494661081364e+01 -2.021212177077893912e+01
1.595274127135349573e+01 -1.827902336941097161e+01
1.671114964283501791e+01 -2.259281334247700457e+01
1.414405048220932315e+01 -1.855466156044778003e+01
1.527359058018688920e+01 -2.086357561333769794e+01
1.445045034427420561e+01 -2.019155806482563875e+01
1.380329456870824778e+01 -2.289761609417949728e+01
1.313988389111789523e+01 -2.101105557953619396e+01
1.228488682850492708e+01 -1.900970806853943174e+01
1.158094195748426536e+01 -2.116318729263291232e+01
1.101753891065829727e+01 -2.268679090957959588e+01
1.026180293555551870e+01 -1.917920309971850301e+01
1.003671791867383334e+01 -2.121826747042153372e+01
8.838362640443158114e+00 -2.160338237955925322e+01
8.351732970147033086e+00 -1.961554054397277369e+01
7.568780759663038538e+00 -2.161700205957188103e+01
6.980238321006160263e+00 -1.949880518189920053e+01
6.438649053866424055e+00 -2.145437503708619786e+01
5.381033008861816569e+00 -2.119089195798259340e+01
5.771520246780007746e+00 -1.906428414119359260e+01
4.305676123616160034e+00 -2.089961672193768649e+01
3.992662784294800371e+00 -1.962128072310294868e+01
3.021986266344542482e+00 -2.057011457499908502e+01
4.639764493194665995e+00 -1.820225492736791395e+01
2.590270425766179496e+00 -1.902466637304250696e+01
3.447761421161454454e+00 -1.755574890105356545e+01
1.649181073187081292e+00 -2.004076907985121636e+01
2.357589662370245254e+00 -1.685616848706858661e+01
5.151690952919631972e-01 -1.920699568215613340e+01
1.513816944679399867e+00 -1.804441580028410641e+01
-5.390607442468539068e-01 -1.829269988488681875e+01
1.389862471379718745e+00 -1.584064708793743215e+01
6.037381054524704194e-01 -1.695894799386813645e+01
-1.554067451911504527e+00 -1.710042931147848932e+01
-1.922786448073790233e-01 -1.566022924425656804e+01
-2.268597021879473985e+00 -1.550928440073263204e+01
5.340208541759979832e-01 -1.453591476862741949e+01
-5.969569129256183659e-01 -1.384729587334745737e+01
-2.390295623901616207e+00 -1.349959881477329837e+01
-5.957731870845187627e-01 -1.226550284806276103e+01
-2.324178240709244392e+00 -1.170049753504530976e+01
-1.003127192253783884e+00 -1.066845126494381368e+01
-2.406415931887964987e+00 -1.002444732580147146e+01
-1.245673639907418861e+00 -9.235460972255150836e+00
-2.269048290862048844e+00 -8.605493604868797775e+00
-1.382981705651633364e+00 -7.978211853603308867e+00
-2.078360052922223922e+00 -7.391245814578866202e+00
-1.379917149296040924e+00 -6.949561091479846020e+00
-1.884699788107140561e+00 -6.359265175157609029e+00
-1.257005785180701940e+00 -6.133340113261462001e+00
-1.479826311497550062e+00 -5.559489280905861364e+00
-1.239504193042966440e+00 -4.944626848255826879e+00
-1.058663993920160085e+00 -4.247465099306404035e+00
-8.846928574498144071e-01 -3.514153264037714663e+00
-7.093627652079775858e-01 -2.795260016463601893e+00
-5.443717900292781575e-01 -2.096581804068825328e+00
-3.977311683707179801e-01 -1.430385051350699266e+00
-1.104904357921860647e-01 -7.440734873623464640e-01
-8.398693409684088174e-01 -5.142815840666338234e-01
7.317883213435591477e-10 -3.757625865979533286e-09
