1.044603732873471102e+01 2.226655325425345566e+01
1.155545394277865867e+01 2.357447153278982910e+01
1.312528930697995655e+01 2.316048106038211429e+01
1.068199621430758306e+01 1.883405591487172615e+01
1.453890678072412435e+01 2.426053760436927575e+01
1.637920286589811880e+01 2.421381522582185042e+01
1.554330394050632336e+01 2.083447972555471850e+01
1.805511685914963138e+01 2.450960017186441675e+01
1.823033623385167346e+01 2.082248669327879398e+01
1.932208885468121551e+01 2.301360575702344136e+01
1.980583811445300668e+01 2.454435225667248233e+01
2.048136245872506933e+01 2.010174362784819380e+01
2.141768079551136950e+01 2.430247473058916796e+01
2.207733612091606901e+01 2.282837063104257780e+01
2.300162991231247389e+01 2.405283314595260791e+01
2.459682877608067386e+01 2.393269959810877623e+01
2.581709817403256579e+01 2.280689526792313515e+01
2.365411077558816544e+01 2.200274468430977137e+01
2.664125173122813806e+01 2.105798878337245483e+01
2.465057746937805661e+01 2.039739868949734358e+01
2.539590367430482942e+01 1.845166615521461040e+01
2.209233728880646908e+01 1.796423473057025788e+01
2.716307372553319510e+01 1.874443187944395106e+01
2.165631662875172125e+01 1.374815403223913890e+01
2.641986211172201493e+01 1.635744891252439359e+01
2.426714418510872662e+01 1.524053798123847869e+01
2.680057689314706693e+01 1.412746116743800329e+01
2.630414619692794531e+01 1.181792487232875111e+01
2.194280615890430752e+01 8.567035151910960877e+00
2.635685778484837272e+01 9.191799202592674689e+00
2.667332833498644717e+01 6.129800633834895152e+00
2.360367086585280205e+01 3.884479492093016795e+00
2.627933893293112888e+01 1.982173266481450202e+00
2.645158888710138712e+01 -1.275163372870264267e+00
2.627133312799795206e+01 -4.056062108162628022e+00
2.212983270228512112e+01 -3.014375049493990488e+00
2.764786814642516077e+01 -6.078674600643291903e+00
2.549889388564888293e+01 -7.360879831856077971e+00
2.825886981655793662e+01 -9.121629059108219195e+00
2.494113168652447854e+01 -1.029530257439505725e+01
2.638048222956733468e+01 -1.045635234321487950e+01
2.113431733251651323e+01 -1.038578790868592883e+01
2.815541226987119217e+01 -1.279300418550289642e+01
2.450174004804338779e+01 -1.295221701982536899e+01
2.587763404924884725e+01 -1.308225982537225640e+01
2.672554788532507430e+01 -1.495682764847594015e+01
2.327712562737248803e+01 -1.528083702895793294e+01
2.717577265628500882e+01 -1.666981224007057349e+01
2.612755002790552084e+01 -1.841653949362010323e+01
2.513977814468217176e+01 -1.691756559081234101e+01
2.438932118735442600e+01 -1.913810790284230023e+01
2.329366573581999234e+01 -2.029925983278299029e+01
2.133437094554371782e+01 -1.713659599324319061e+01
2.184931958257670104e+01 -2.106548786564174947e+01
1.906874573628053682e+01 -1.845817687553140019e+01
2.006689504896113263e+01 -2.162134272367550381e+01
1.897065482415186466e+01 -2.406751315592671148e+01
1.748309684941079922e+01 -2.185995502055317274e+01
1.599121464857536701e+01 -1.925146168114769196e+01
1.765203235323066622e+01 -1.475596356996602054e+01
1.542005519210708009e+01 -2.329881747873992381e+01
1.386569335221597044e+01 -1.654931079903402491e+01
1.341900935288764884e+01 -2.168518596394689624e+01
1.177773607855975868e+01 -2.438756144182256591e+01
1.121864060463791901e+01 -2.002690521442895033e+01
1.041687627998073751e+01 -1.635908534023047878e+01
9.736377850541032331e+00 -2.253658472921201295e+01
8.255454928442205187e+00 -1.853385878541463683e+01
7.656777767163305271e+00 -2.109876082624020199e+01
7.040590346847985792e+00 -1.609721228601950571e+01
6.880989300620317550e+00 -2.403292641895935589e+01
3.981085578046963835e+00 -2.319310376965317388e+01
4.953443893327481362e+00 -2.059879203405120052e+01
5.000574848629747216e+00 -1.779836273465599916e+01
1.678776912405634647e+00 -2.199732516759333478e+01
2.797596343506049354e+00 -1.963445375724255726e+01
5.814661110357624563e-02 -2.055779090204622150e+01
1.453600024618246556e+00 -1.837556395478097215e+01
-8.826226067269600239e-01 -1.863718832943565218e+01
5.331914534707833386e-01 -1.678503370776650883e+01
3.555750349585434122e+00 -1.550007558730712631e+01
-8.270714593390690039e-01 -1.701582357981163796e+01
-4.612346489229626201e-01 -1.520519299358618959e+01
-2.052850275946088487e+00 -1.598702278941168586e+01
1.699719515618193011e+00 -1.405497256349078405e+01
-2.784228660658330856e+00 -1.406783459884426790e+01
-1.182476223184675934e+00 -1.353849903973375568e+01
1.114889449141258648e+00 -1.195353239000433376e+01
-2.306968432846159711e+00 -1.207192077543022535e+01
-5.415357551378352507e-01 -1.100487849166858467e+01
-2.374494759634883323e+00 -1.014486893280315094e+01
2.563890594197191786e-01 -8.905077513245002407e+00
-2.081874869719335219e+00 -7.893242139174711625e+00
-4.732533141737953475e-01 -6.510029071866537009e+00
-1.370141204426348569e+00 -5.011021926697636353e+00
-8.134723536786375719e-01 -3.358929277798536450e+00
-6.039780569953326905e-01 -1.936573101469409197e+00
-2.871095129943841973e-01 -8.539763526410683037e-01
-1.155303078428452160e-02 3.534749231355819865e-01
-4.607317833051747439e-09 -5.733677219672336821e-09
