-4.650677790129482503e+01 -2.351407718486691678e+01
-4.301801294081752047e+01 -2.191964372930326022e+01
-4.282962465280088082e+01 -2.198594327673272986e+01
-4.263036377526794496e+01 -2.209991409366097059e+01
-4.240175813405195981e+01 -2.235718831637524318e+01
-4.213639015357232154e+01 -2.299324355502951533e+01
-4.182025019555058520e+01 -2.433090676816913245e+01
-4.165497453920646365e+01 -2.675401208379513207e+01
-4.475736652659134762e+01 -2.335956033690072786e+01
-4.444047694925387759e+01 -2.600003540718318717e+01
-4.826097725554266304e+01 -2.521017010893359966e+01
-4.299331584906943959e+01 -2.847108166607791802e+01
-4.712154694854928039e+01 -2.915149610699953087e+01
-4.155537838989597788e+01 -3.018735027492906653e+01
-4.152035810605324428e+01 -3.223352912987772356e+01
-4.602416276562649244e+01 -3.267087483600150932e+01
-4.513538410878886253e+01 -3.523385979778747412e+01
-4.146143978314803036e+01 -3.463864441745097622e+01
-4.390757941489318483e+01 -3.692579513454320761e+01
-4.254615877019040937e+01 -3.794146184657871146e+01
-4.104049742587440619e+01 -3.819234002276554207e+01
-3.940483690431121744e+01 -3.860275051575226257e+01
-3.924880702060845294e+01 -3.612578786928392560e+01
-3.753680227815069514e+01 -3.835403329093547597e+01
-3.930257970982696492e+01 -3.352328078873331663e+01
-3.643141327801291851e+01 -3.717425685297135374e+01
-3.750848848332508112e+01 -3.503781443876047774e+01
-3.611538651908989550e+01 -3.463399214941368598e+01
-3.492426625593534339e+01 -3.683664946667596496e+01
-3.469989838027687767e+01 -3.448335748992020200e+01
-3.365479421622199396e+01 -3.583793854727855432e+01
-3.546814067208342180e+01 -3.224678010986592369e+01
-3.357581619144632157e+01 -3.401476487389464864e+01
-3.246511094328050007e+01 -3.479172422513239837e+01
-3.259567384338502904e+01 -3.334050884895527389e+01
-3.140087789220661563e+01 -3.354662468476691117e+01
-3.174697039066159121e+01 -3.187976015503903326e+01
-3.389771586511736956e+01 -2.978747809500078603e+01
-3.044911074825589736e+01 -3.251160082166213527e+01
-2.953554255020844010e+01 -3.128857702577002442e+01
-3.067183323396233519e+01 -3.026310144982258876e+01
-3.196773244554586313e+01 -2.712293451240935482e+01
-2.856404432588405484e+01 -2.986271655013330673e+01
-2.959510396037971347e+01 -2.842372938637855739e+01
-2.753894188200630211e+01 -2.827390246580802113e+01
-2.873994318426474948e+01 -2.637821481081480357e+01
-2.639205944390540992e+01 -2.663618239446308777e+01
-2.789583427689825612e+01 -2.464652274874623572e+01
-2.506425597927632509e+01 -2.509418572205938958e+01
-2.651520014658654745e+01 -2.349699159154662809e+01
-2.598506174033011717e+01 -2.194739494874149344e+01
-2.448350263545527739e+01 -2.191933839041674403e+01
-2.362235263766118010e+01 -2.380304942221841813e+01
-2.393930556898299145e+01 -2.028876961801763557e+01
-2.169551578178351647e+01 -2.304057628227010213e+01
-2.292325625616027196e+01 -2.139078964448876974e+01
-2.229329257380476648e+01 -2.023255513215173806e+01
-1.983044533886791783e+01 -2.236178436302838080e+01
-2.110355231117868868e+01 -2.023031691134025323e+01
-2.118862621273197888e+01 -1.864867411075972470e+01
-1.977064628754674303e+01 -1.989183266728579014e+01
-1.923165620630872397e+01 -1.842974109316117293e+01
-1.782528762943836043e+01 -2.202222337779309669e+01
-1.796026335537500529e+01 -1.987092971829456900e+01
-1.758445791429241112e+01 -1.816242018136500036e+01
-1.623165518315147438e+01 -1.901910225542706101e+01
-1.572500059872591471e+01 -2.188601137447628275e+01
-1.483453641276872936e+01 -1.978546770435066904e+01
-1.413702569730091163e+01 -1.831120874394478903e+01
-1.340428415696250575e+01 -2.168531799731642451e+01
-1.243509485940205472e+01 -1.985842721495772523e+01
-1.123700276324337999e+01 -2.114236497194695374e+01
-1.225921736752233215e+01 -1.836106948032000830e+01
-9.994031097679547671e+00 -2.003868860113860606e+01
-1.066871935029042540e+01 -1.816916940210502673e+01
-8.593095041360594877e+00 -1.966040299143179482e+01
-9.394626133879324215e+00 -1.778372063842328643e+01
-7.335353748004446395e+00 -1.899809580682209997e+01
-8.333372193169179099e+00 -1.721031636724256586e+01
-7.256560916005305728e+00 -1.787043764603555474e+01
-6.083901918071548565e+00 -1.764500882150555228e+01
-7.390171123708509704e+00 -1.645581590143125084e+01
-6.359042827998414360e+00 -1.568805170210598199e+01
-5.029159117511032839e+00 -1.634672310862382361e+01
-5.250100322006674425e+00 -1.485558961264909072e+01
-4.327932678394707189e+00 -1.399457354803227638e+01
-3.768802009642095996e+00 -1.271215658141637483e+01
-3.126875711113401568e+00 -1.140499017566805762e+01
-2.583534863808090165e+00 -1.009444981225867366e+01
-2.035224332733603703e+00 -8.811329670907596778e+00
-1.614566051268480518e+00 -7.581341261601881598e+00
-1.197729715548887963e+00 -6.377327885735289748e+00
-8.436728204287965438e-01 -5.225133848960062721e+00
-5.192057119527584419e-01 -4.132302077904005166e+00
-2.575001887586857996e-01 -3.107718892427416169e+00
-1.026151069394051069e-01 -2.185976343758596396e+00
1.661544730645838838e-02 -1.381390733814809257e+00
1.534560969408909625e-01 -6.782353919027660494e-01
3.867075276564573283e-01 4.764195027266410198e-02
6.365876410901797636e-08 3.207609415710529309e-07
