-2.707260530885107741e+01 -2.239276697478208789e+00
-2.847534430821050577e+01 -1.874151400834820125e+00
-2.994122181079792000e+01 -1.081586482799716142e+00
-3.165117884929702541e+01 -3.010447168455153144e-01
-3.284969713643998546e+01 1.171523015299064996e+00
-3.046453728809470363e+01 2.085658703189285923e+00
-3.374583264249998393e+01 2.787459503283888029e+00
-3.452695343977489273e+01 4.517234749269448457e+00
-3.221510684920950496e+01 4.751947104462492355e+00
-3.466359136268168584e+01 6.443390846832420138e+00
-3.257572865400477014e+01 6.920545681823263351e+00
-3.442945055659355091e+01 8.379091782347511952e+00
-3.196701551642315309e+01 8.767137100647705239e+00
-3.360270827642497693e+01 9.983181939716100572e+00
-3.290850237735079986e+01 1.131749763976265655e+01
-3.040964906931957756e+01 1.065664391173785042e+01
-3.202441311383030609e+01 1.247182625259112498e+01
-3.088932673046945609e+01 1.347866865199726405e+01
-2.818178619678818819e+01 1.227143691203786169e+01
-2.946556278204182888e+01 1.432155828950920728e+01
-2.775375368979062074e+01 1.490511503642290059e+01
-2.599445914926719325e+01 1.476536597821597141e+01
-2.452324272964174767e+01 1.552273044938583801e+01
-2.333170757170532639e+01 1.678554952207970175e+01
-2.191634727350663425e+01 1.779190788380649479e+01
-2.172772399156061596e+01 1.518158959754899939e+01
-2.136067270891157577e+01 2.014764694529757350e+01
-1.949155220638943220e+01 1.669737488302148876e+01
-2.055088768671017974e+01 1.885899995780918914e+01
-1.795887056848837560e+01 1.852099134192372532e+01
-1.957514909423889549e+01 2.028390515342529810e+01
-1.734156101135672046e+01 2.076139234214878826e+01
-1.934755298579207050e+01 2.227693773757324536e+01
-1.686100392123494984e+01 2.276030942014154235e+01
-1.825421219695653363e+01 2.438996992892359472e+01
-1.620489225449901127e+01 2.496157132066428375e+01
-1.686180740455341720e+01 2.675682905425470537e+01
-1.499439841382377736e+01 2.693501408442837786e+01
-1.550632483533228978e+01 2.859264563693126959e+01
-1.389479685151981236e+01 2.872965694352683030e+01
-1.405244741619606330e+01 3.018365502385929133e+01
-1.261758715334864078e+01 3.033113780095605350e+01
-1.217444869862904433e+01 3.168972038744538722e+01
-1.062170496199916236e+01 3.118263439347768795e+01
-1.041567313294956776e+01 3.263178058372326973e+01
-8.807543594385021990e+00 3.344642892565288861e+01
-8.202428839365310864e+00 3.177048419977130678e+01
-6.672217931108084699e+00 3.332525856636117823e+01
-5.592713796619579902e+00 3.196415463779278099e+01
-3.836656046968970557e+00 3.305736718347528580e+01
-3.458531229479986813e+00 3.098185678545340949e+01
-1.642540125070443446e+00 3.260622603268175368e+01
-1.225693642015429186e+00 3.031215749949705796e+01
1.228423610849943698e-01 3.196286832570858039e+01
1.249438984429016575e+00 3.101208734511634901e+01
2.172544452563472284e+00 3.023425082090185967e+01
2.505655612567718737e+00 2.909191283966945463e+01
5.948686881908039625e-01 2.859650358374879531e+01
2.641052968117288735e+00 2.794618197138476745e+01
2.439512749102803468e+00 2.683258175747186058e+01
2.415334345512952563e+00 2.575424482278986460e+01
2.240989766704100550e+00 2.459563846969831502e+01
1.935866411886567828e+00 2.337737073296163004e+01
1.659603281162859378e+00 2.216218155992982730e+01
1.373064321427476253e+00 2.105491236863019466e+01
1.339624121689648506e+00 2.001906887990244854e+01
1.094287579960302903e+00 1.909518520586921397e+01
1.711699350712720724e+00 1.846092109837533002e+01
9.810588070317318721e-01 1.773107161320243819e+01
2.107796262645628360e+00 1.747228938774994944e+01
1.574282974117140466e+00 1.652302048163117121e+01
2.673297241122597256e+00 1.644179170198835038e+01
2.689122350146265550e+00 1.550926238175139638e+01
3.692736092905415823e+00 1.501221959074963763e+01
4.661317938366342339e+00 1.425885577109329994e+01
5.810816614636821420e+00 1.362292086887263487e+01
6.906493363640853644e+00 1.282075792865273201e+01
8.261372106294601281e+00 1.302508364424392973e+01
8.424441114705784273e+00 1.163422645605749928e+01
9.845365704909829319e+00 1.239246901990913230e+01
9.748103759242408017e+00 1.090056088870396955e+01
1.112313358205206626e+01 1.153270830080981213e+01
1.081939350713700776e+01 1.016266479428633396e+01
1.212171787930917866e+01 1.061906203824996631e+01
1.182896656848746453e+01 9.429217364694178372e+00
1.351842562118563151e+01 9.375685921220265229e+00
1.213663658401378598e+01 8.466734635606366410e+00
1.290011829330203774e+01 7.618005694797687077e+00
1.311670692543846251e+01 6.239809596215276422e+00
1.131797591155399196e+01 6.388352154326464749e+00
1.239329576480804640e+01 4.494732047576916578e+00
9.783120629750852615e+00 4.842696358741267026e+00
1.074825947824587580e+01 2.956467528016156088e+00
8.456075609544688731e+00 2.790333629524676340e+00
6.623541328240066584e+00 2.158497136864564681e+00
4.808458829949677771e+00 1.634291426712767503e+00
3.195068986173311920e+00 1.166944020205333166e+00
1.866183637268892248e+00 7.380374985470543603e-01
8.191629475730947130e-01 3.435532565822990714e-01
1.411666993851509247e-09 7.183881519518630060e-10
