-1.225554089353862786e+01 3.085512648455156715e+00
-9.762937066094590222e+00 6.306312850069005771e-01
-1.005519733142726757e+01 8.217619477160226227e-01
-1.037064469361200025e+01 1.113756331963198010e+00
-1.073110476295495275e+01 1.514710159264934797e+00
-1.112447639599496974e+01 2.034417205016036068e+00
-1.152372387639783824e+01 2.632875893751227103e+00
-1.299825444064578228e+01 1.952655605875451617e+00
-1.436207230477589647e+01 3.343347444368263588e+00
-1.291930142934178249e+01 4.516869078834161222e+00
-1.411696924465027614e+01 5.513384797910980240e+00
-1.601815866876777150e+01 5.312433535824157005e+00
-1.734894953819085117e+01 7.536974681822423250e+00
-1.447702786269346120e+01 8.149497564502141245e+00
-1.614154393100934826e+01 9.771269036382468798e+00
-1.782230272119284464e+01 1.096889785653382710e+01
-1.447549532281778717e+01 1.255877814986143548e+01
-1.804204463155100413e+01 1.336302202761560487e+01
-1.655565009154534550e+01 1.507651610942079223e+01
-1.855653927942787362e+01 1.625540496103342036e+01
-1.509721666046174882e+01 1.712603865674430281e+01
-1.847066163188307897e+01 1.906661812202002793e+01
-1.583658078108639167e+01 1.950550680254595193e+01
-1.797185294912704734e+01 2.189992074644733577e+01
-1.553687735449282670e+01 2.233874451889217028e+01
-1.186575673313564927e+01 2.182577044215682704e+01
-1.692900404665440561e+01 2.499411089690344312e+01
-1.465251162939173746e+01 2.488243473331431233e+01
-1.479522787044214915e+01 2.715919087801068343e+01
-1.326001554617941380e+01 2.837973969111574490e+01
-1.414398713642840377e+01 3.062620653861029751e+01
-9.398942507377572753e+00 2.618599145872016720e+01
-1.220432565806787473e+01 3.013540475219580017e+01
-1.171243547187030920e+01 3.195602614237813199e+01
-7.453001340858148360e+00 3.027129610321563646e+01
-1.127419869399286156e+01 3.345889569889974524e+01
-1.040329622093244488e+01 3.479177327234731365e+01
-9.243642576842647784e+00 3.649602277037353559e+01
-1.116765316980847977e+01 3.754991978713024992e+01
-6.322246059837038246e+00 3.394224808657055092e+01
-5.734098814113056441e+00 3.698760169621306204e+01
-8.605818811971184701e+00 3.878763307246522629e+01
-1.037896120841055314e+01 4.090468972857894414e+01
-4.889182987985413398e+00 3.938041235799236972e+01
-8.237221384510171163e+00 4.131655797209597836e+01
-8.563023066948993289e+00 4.382406444085627584e+01
-7.516002835073833488e+00 4.585421323784232328e+01
-6.835691471527872487e+00 4.882747787329249434e+01
-4.916602257862821901e+00 4.631808461859817072e+01
-3.491984625634195982e+00 4.472810013516576078e+01
-2.467222483452812920e+00 4.290625836272754157e+01
-5.121037796954706067e+00 4.103275415728976583e+01
-2.398339135282066881e+00 4.087267940520126785e+01
-5.352244328408487517e-01 4.040308938109419046e+01
-1.825907010680209774e+00 3.822804863438801704e+01
7.754231617234633722e-01 3.749856876993803212e+01
-1.559950074628316363e+00 3.511986530178408827e+01
8.725453596112145993e-01 3.491369401404689654e+01
1.346736762320592806e+00 3.242462061226757442e+01
3.604781909145491792e+00 3.404247411991716632e+01
4.071739135432107526e-01 2.981766000326980048e+01
4.378629549176341840e+00 3.069373933863435866e+01
3.282837509813392618e+00 2.866931282787547275e+01
2.882247509382488193e+00 2.629896606004874471e+01
5.887758355389883569e+00 2.763486800368704266e+01
6.853132970462366913e+00 2.533268798930637544e+01
4.442933368853003273e+00 2.408209133375397215e+01
7.610008911343054905e+00 2.341869077913452912e+01
5.616068845748769967e+00 2.186290338583297910e+01
8.191873369988607934e+00 2.162156628521297463e+01
5.823362676201552901e+00 1.922683408718907572e+01
7.855305529025620181e+00 1.994619264913942303e+01
9.080702584344514605e+00 1.860529875920127907e+01
7.478759500152517781e+00 1.738962331024550068e+01
9.221642655526842702e+00 1.615871668372810532e+01
7.288574804374806426e+00 1.506611648087121047e+01
9.232269702989206905e+00 1.350477465769122176e+01
7.069911973433999464e+00 1.290119194767645361e+01
8.729275795588906206e+00 1.072096228132210882e+01
6.562307053499456089e+00 1.092551950627891699e+01
5.967830467358274937e+00 9.176724718544960524e+00
7.863960165116704815e+00 7.818522354181159706e+00
5.448822397615028734e+00 7.617809529011991820e+00
4.670436472713988429e+00 6.345291304547933109e+00
6.312725752757332387e+00 4.822420393507150571e+00
3.973731640476829696e+00 4.953926166665754138e+00
3.586305286377761359e+00 3.576375950490087607e+00
2.736310530102063598e+00 2.674119208282217386e+00
1.918835532280630085e+00 1.908165082550527192e+00
1.115382771064216127e+00 1.220034798641036033e+00
4.348666746745546985e-01 6.267418463478536816e-01
1.974926917131389237e+00 4.681013935166251083e-01
6.881697378281786959e-01 -3.260000500081401686e-02
1.962611947922251188e-01 -2.909641306825163642e-01
-4.853732060562161721e-02 -4.942890310143810417e-01
-1.419272359415374718e-01 -4.580968805963979151e-01
-1.038259003689527005e-01 -3.294617829531832354e-01
-2.322119892131362939e-01 -2.570162046393120736e-01
-1.231608714187953368e-01 -1.025592239971790109e-01
-2.862736686142471087e-11 5.026722075922085968e-09
