2.700156985871270265e+01 4.497645211930925058e+01
2.764338791702913412e+01 4.278178413065115393e+01
2.529667116330002585e+01 4.501383916896224946e+01
2.209358613726627496e+01 4.714608450161434661e+01
2.648632406681211648e+01 4.652050492207208521e+01
2.938262169307472504e+01 4.496212512072303724e+01
3.303819732230103057e+01 4.260324898149703898e+01
3.057936805552424886e+01 3.944199626836361006e+01
2.400302011817851167e+01 4.326127756218593134e+01
2.647368920562659511e+01 4.084604317470690660e+01
2.489674612194590964e+01 3.833497188580254544e+01
1.622357202620584715e+01 4.501500240487636262e+01
2.262243244504709239e+01 4.153415595758140455e+01
2.033549102681516985e+01 4.299902692813231653e+01
2.117208985268773347e+01 3.970793324596151308e+01
2.824487159396936065e+01 3.642071347624148814e+01
2.612369034541239543e+01 3.385571299525556554e+01
2.294508835617030229e+01 3.544104931348738319e+01
1.940464292705516769e+01 3.888403275991274199e+01
1.854625331010283418e+01 3.668514186817586875e+01
2.385525466692865493e+01 3.103752414293338546e+01
1.448736648487864009e+01 3.959588911024285096e+01
1.748179713043403538e+01 3.467748740472571001e+01
2.075750584449951219e+01 3.212630467145385893e+01
1.631789171422252238e+01 3.284463613909600355e+01
2.181907532911605685e+01 2.819565403526518210e+01
1.305102557808560171e+01 3.498090893925665057e+01
1.566330604818625361e+01 3.087254940348313781e+01
1.226052572367619931e+01 3.070928331279121437e+01
1.857400382435615427e+01 2.895039048372630930e+01
1.542685935461521396e+01 2.852514885363437358e+01
1.348038536282036759e+01 2.724127897517085017e+01
1.663128370167056147e+01 2.590564069674691794e+01
1.948777715608571626e+01 2.515245358002315967e+01
1.324526381622712456e+01 2.486399481969861824e+01
1.061535282899761157e+01 2.798250415773146571e+01
1.722542968032232835e+01 2.246939410782568203e+01
1.497370365843860185e+01 2.335823786190345075e+01
1.096596123870590134e+01 2.543151748489399822e+01
1.361409075973196003e+01 2.136117012416892180e+01
9.731342549946818465e+00 2.348585997456239838e+01
1.513796504275924271e+01 2.001618859910278658e+01
1.182075131750995212e+01 2.248052592651360726e+01
8.596706163639245446e+00 2.160266988839793356e+01
1.032075516679457650e+01 1.989253693670605116e+01
1.231338601328701188e+01 1.952955668954557211e+01
1.341926944363335394e+01 1.790464893065780672e+01
1.106704853556496104e+01 1.775233501202357544e+01
7.760935272002596363e+00 1.966069791733844241e+01
1.187601920037371173e+01 1.597734697278161065e+01
6.558002590296177381e+00 1.757020362120005430e+01
9.929370864159643872e+00 1.602587744888220200e+01
8.804043516365409161e+00 1.722626863064238378e+01
6.786795695112317617e+00 1.543857985675499656e+01
8.866234067854868783e+00 1.431133807083667264e+01
1.037990644149267894e+01 1.393866658463380404e+01
9.100666312496487720e+00 1.213770245532294467e+01
7.531123283139581126e+00 1.301812897854168405e+01
5.009946566855904670e+00 1.407421724161236121e+01
6.705876797057833016e+00 1.175126094686659606e+01
6.017998716050464658e+00 1.050389192216811729e+01
7.888277988322378143e+00 1.037577873377963122e+01
7.006693089344120828e+00 8.981972823460019129e+00
5.562108855178260036e+00 9.142610813448197149e+00
4.252707185706044335e+00 1.187652386687337724e+01
4.442826677020770276e+00 9.955946608918681662e+00
3.340211910901911274e+00 9.490065566268405917e+00
4.770750387238666512e+00 8.230593267541122415e+00
6.137010106467410075e+00 7.889946356967604046e+00
5.376674510944316587e+00 6.938413646572140436e+00
4.763051285618340458e+00 6.105919858368028308e+00
4.390114594552257721e+00 7.201429779707376078e+00
3.495529621128214970e+00 7.842134362437839457e+00
2.552691740355748529e+00 8.123495791144103251e+00
3.843564830004406740e+00 6.469580841913677993e+00
2.851020587263982442e+00 6.929689133494274067e+00
3.395153891669453472e+00 5.733596335698880608e+00
2.571657446964730642e+00 6.195429408290647366e+00
2.234879724738442874e+00 5.524620589520218061e+00
4.180518038400859560e+00 5.373430021721516958e+00
3.584644394629838970e+00 4.675546790262306018e+00
2.971178453132952590e+00 4.937094093998415367e+00
2.813784052334018959e+00 4.153504578097308553e+00
1.927104604733938409e+00 4.844223561831983993e+00
1.690294061612535703e+00 4.213475367181949593e+00
2.359963940543610139e+00 3.592594237334342910e+00
1.464204544047810419e+00 3.634908113638625871e+00
1.187045540072181993e+00 3.097103263307968035e+00
1.995076148840977170e+00 3.035461180674917880e+00
1.701316495164370002e+00 2.567793856803596508e+00
1.433864641018645081e+00 2.188033642676088242e+00
9.192063836973076718e-01 2.557373393012927210e+00
1.168339737967278191e+00 1.833390241578684687e+00
7.166362845358542621e-01 2.013526642115498255e+00
8.092165435451897926e-01 1.532205910754725453e+00
5.900082035131694047e-01 1.231562073929996615e+00
4.388709395857902651e-01 8.486971972614711923e-01
2.775939375461273229e-01 4.898860376184895338e-01
1.275706411218370251e-01 1.560214872813175946e-01
3.277045291884597786e-03 -6.077948133936975778e-02
