-3.206711860955503823e+01 4.411095263890649676e+01
-3.032308546621264256e+01 4.260022479912291971e+01
-2.989495973099049664e+01 4.333074637691856879e+01
-2.960799770299365363e+01 4.319632042873175948e+01
-2.906522427394024177e+01 4.433917569756716404e+01
-2.932818081081396144e+01 4.386219341463559118e+01
-2.956824819541617799e+01 4.257048067095979604e+01
-2.984458211942276051e+01 4.135254883930564063e+01
-3.023670955738283794e+01 3.956313625279489088e+01
-3.032905642359819609e+01 3.671588071132023146e+01
-3.696356692515592357e+01 4.367897985644082581e+01
-3.405361035032265704e+01 3.999614171604848423e+01
-3.419934597995155912e+01 3.548379757483397157e+01
-3.781947168975200668e+01 3.669192638711098908e+01
-2.993031047045876747e+01 3.294791604444906596e+01
-3.531370585624571135e+01 3.164515381007591444e+01
-3.317225882715134588e+01 2.964246808105315267e+01
-3.422751994994893465e+01 2.693219362033817177e+01
-2.917575614541191342e+01 2.829727922846027610e+01
-3.228129089703440968e+01 2.426424625222938047e+01
-2.876192007471991374e+01 2.419807855149533538e+01
-3.481986451546954697e+01 2.199039937303970760e+01
-2.868357961934958311e+01 2.067951162676961374e+01
-3.180386859733899385e+01 2.083254938233744369e+01
-3.177778467865553225e+01 1.789207036608854295e+01
-2.876836714484998225e+01 1.774148458799012573e+01
-3.425716336640306992e+01 1.720270702310816091e+01
-3.014068767127348281e+01 1.598749963400038787e+01
-2.894956017945701987e+01 1.454460418546465661e+01
-3.212424076057887845e+01 1.447868963605041692e+01
-2.935668862277130486e+01 1.252007838339951817e+01
-3.330817891480666759e+01 1.291621012879949504e+01
-3.159555449608844313e+01 1.115913861027959086e+01
-3.385838474616821969e+01 1.075979151499199027e+01
-2.899564389389034247e+01 1.033805857768038550e+01
-3.162851451714457696e+01 9.275286910945666818e+00
-2.939097652244920766e+01 8.304024664109977749e+00
-3.349650110302361128e+01 8.647777868391592904e+00
-2.996077196319408387e+01 6.510658483067714997e+00
-3.363079364157659512e+01 7.041876500426352159e+00
-3.154350362814405884e+01 7.061253167753360316e+00
-3.397927072415885874e+01 5.478817330024917887e+00
-3.107045711284025202e+01 5.117846114038394845e+00
-3.125433876202018624e+01 3.677957282058493593e+00
-3.071547599866157796e+01 1.830156550070408894e+00
-3.218840736333960706e+01 2.596418750273519649e+00
-3.426144735674085240e+01 3.964490240119743714e+00
-3.261964793735872803e+01 1.368568114369346223e+00
-3.444229202719147054e+01 2.583094172695913571e+00
-3.451634560682561670e+01 1.346363294560594337e+00
-3.177178911861938815e+01 3.162067646995539438e-01
-3.298160542779519488e+01 -8.709799514513615060e-02
-3.470149991643446441e+01 2.665639398135354332e-01
-3.422212926381406106e+01 -5.330054322466776240e-01
-3.583541441961367013e+01 -1.309271894591135910e+00
-3.394229646961844082e+01 -1.396425861157392534e+00
-3.585499296957554805e+01 -3.319426628083167685e+00
-3.350577889946622179e+01 -2.134169230198584177e+00
-3.416905296691312088e+01 -4.891226860044976199e+00
-3.276187101008669345e+01 -2.747227050656578573e+00
-3.201293770889698465e+01 -1.080754899731488861e+00
-3.179843572657300754e+01 -3.321539042632262184e+00
-3.135806629522310729e+01 -2.070556020377497752e+00
-3.179495633629485951e+01 -5.492077642587721797e+00
-3.071322333628270584e+01 -3.127338619555889654e+00
-2.955023257470973164e+01 -4.050882890986813312e-01
-2.976015260985891686e+01 -3.596311583054180083e+00
-2.914217444715587035e+01 -5.580317004992225272e+00
-2.855537858990475186e+01 -3.955377621806733579e+00
-2.817718886488378160e+01 -2.349621780882097610e+00
-2.724219485904405147e+01 -4.289137784740556292e+00
-2.595858573899774413e+01 -3.163950029995471702e+00
-2.598336107123800787e+01 -4.610165236729302229e+00
-2.452354006149102617e+01 -4.655864822970201544e+00
-2.385896503244876854e+01 -3.228289022170404365e+00
-2.259368250496800812e+01 -4.576286267288964815e+00
-2.154987101804302085e+01 -3.262457435497440272e+00
-1.998145540999978209e+01 -3.739849158794492645e+00
-1.850088826975110479e+01 -3.248364003894377294e+00
-1.701030206105679810e+01 -3.131270815798884222e+00
-1.555842713166425817e+01 -2.840866743057103516e+00
-1.406819546471765747e+01 -2.728810289017082003e+00
-1.260018060655510119e+01 -2.332591197568145702e+00
-1.107861355649053081e+01 -2.256912709153713337e+00
-9.643748693362017121e+00 -1.982359544606758117e+00
-8.276554799949813912e+00 -1.460855177463427745e+00
-7.365925649530825403e+00 -3.283527222158704628e+00
-6.989309753112078916e+00 -1.245814894628234581e+00
-5.901202493896896328e+00 -1.004420227159299461e+00
-4.942344229259620469e+00 -8.341220623930266642e-01
-4.757300234007519002e+00 -2.778949863751036364e+00
-4.085272627601030493e+00 -7.021390828756224334e-01
-2.631167898929151594e+00 -1.961800268809070102e+00
-3.273112446692530320e+00 -5.368290255766737795e-01
-2.540454792050307109e+00 -3.255503913835308683e-01
-1.893805102821613406e+00 -2.158243960315124332e-01
-1.325142869479355223e+00 -1.964340850397725269e-01
-8.372102565867451940e-01 -3.923299526681012922e-02
-3.869756945870073683e-01 5.457774157223212186e-03
-8.748268832220320664e-09 2.907567436962250742e-10
