-4.522167471850645626e+01 -4.399013989617019860e+01
-4.107533798673538428e+01 -4.360619959593106643e+01
-4.913418273162979943e+01 -4.125410834924552717e+01
-4.186916371074458709e+01 -3.931682338892017015e+01
-4.575204274805655302e+01 -3.529615900162944087e+01
-3.990938708526474699e+01 -3.420482137541539913e+01
-4.113523429893547956e+01 -2.978585754381918349e+01
-4.419585661806519283e+01 -2.617778663489233537e+01
-3.832443841216672098e+01 -2.440540284472908894e+01
-4.269825351830426285e+01 -2.014753346972994308e+01
-3.724675513044291364e+01 -1.878923446845280054e+01
-4.124591327186147538e+01 -1.450471116635051771e+01
-3.594987879083602422e+01 -1.420442348847522851e+01
-3.515988835212033337e+01 -1.043133236668585440e+01
-3.962224446780459886e+01 -9.851872011409346541e+00
-3.904282045383668276e+01 -5.344075479572595100e+00
-3.405649480779678129e+01 -7.545509042734381389e+00
-3.583336203414545906e+01 -5.974264694091933059e+00
-3.339483993041897492e+01 -4.124312440935559820e+00
-3.679623804013760235e+01 -2.293984110598789261e+00
-3.249072268470109037e+01 -1.847024021733219667e+00
-3.792919534472216725e+01 1.275877789070282597e+00
-3.461504733208735729e+01 5.135444566742524142e-01
-3.530800367636456372e+01 3.940028822739304548e+00
-3.248070138199904733e+01 2.661761357627568714e+00
-3.205924660015032401e+01 6.709610765317651770e-01
-2.986454371392107277e+01 -1.421132556014073511e+00
-3.051196736445908186e+01 2.338677573688852096e+00
-2.904798415708200565e+01 2.126372960016509328e+00
-2.784588943766087610e+01 1.588095647461467586e+00
-2.690686380358724250e+01 6.719159201204427667e-01
-2.801191899121224793e+01 -4.733001680096030062e-01
-2.643586490297637681e+01 -6.712827960912955971e-01
-2.822851536029162034e+01 -2.838296229082603706e+00
-2.566218728516569314e+01 -4.202611739489223175e-01
-2.562766832479193368e+01 -2.143163469621422568e+00
-2.451796864077134686e+01 -1.068083677042765745e+00
-2.337300555175654893e+01 -2.501031557324460586e+00
-2.508105047155930123e+01 -3.817621422920197904e+00
-2.248839250980487492e+01 -5.129725512102293550e+00
-2.460208705805870011e+01 -5.988874231330191478e+00
-2.728796964619990462e+01 -5.227883026083480544e+00
-2.612657876248621136e+01 -8.387300743287280369e+00
-2.302932469902036772e+01 -8.737079950608380940e+00
-2.406118260894525918e+01 -1.170443306034348652e+01
-2.301759436185016838e+01 -1.488063428912966479e+01
-2.343066515372001035e+01 -1.832478811595860435e+01
-2.113178689818613520e+01 -2.088642919184003333e+01
-2.356342659756671054e+01 -2.353864641665166246e+01
-2.009076460050455992e+01 -2.534402017871030210e+01
-2.250766516950813667e+01 -2.807319360718214085e+01
-1.943668551229925967e+01 -2.978099843905875233e+01
-2.183066961768507142e+01 -3.234019057994225221e+01
-1.881339453598904043e+01 -3.348379822700091069e+01
-2.056608996069303075e+01 -3.566452570748775486e+01
-1.859984311343325913e+01 -3.684622614384416295e+01
-2.256813572858128580e+01 -3.737001993726931914e+01
-2.143005691639907440e+01 -4.048346986034191275e+01
-1.987106476024391100e+01 -3.859407168531853927e+01
-1.904681709742073181e+01 -4.077869537178690962e+01
-1.826559478062032582e+01 -3.944523481344371874e+01
-1.754151751698474371e+01 -4.098064489671403265e+01
-1.691882284488083954e+01 -3.869408435244613997e+01
-1.644001400802958202e+01 -4.135652569176725279e+01
-1.589191393016881371e+01 -4.002300829594003062e+01
-1.533515111078521542e+01 -4.167682494131395998e+01
-1.465013601250765873e+01 -4.002945264439872375e+01
-1.423465743361641778e+01 -4.159872729238365707e+01
-1.320590928081016102e+01 -4.135725343377784924e+01
-1.360142496996047257e+01 -3.951395901344232442e+01
-1.228643927776022693e+01 -4.097776675398994684e+01
-1.136385322264778885e+01 -4.046340393986692874e+01
-1.243302539649339522e+01 -3.925426847700364874e+01
-1.234662168291943907e+01 -3.782561258830232021e+01
-1.062953383931134432e+01 -3.958901224208539560e+01
-9.728341006972488714e+00 -3.871453967933521056e+01
-1.115994530093052362e+01 -3.676220890454310108e+01
-8.150653437906886012e+00 -3.793577568725479665e+01
-9.117392363057096105e+00 -3.700333339350854800e+01
-9.929666343932280981e+00 -3.490821389027060917e+01
-7.766517780373392910e+00 -3.565483066038814997e+01
-1.172326682670065701e+01 -3.186152717258276468e+01
-6.682175126772683882e+00 -3.367474521556803069e+01
-8.523553431304000227e+00 -3.200154143906733140e+01
-5.867166646671718055e+00 -3.057702406001856943e+01
-8.846443185867187253e+00 -2.822452663989093224e+01
-5.448726698430410131e+00 -2.686948309443023675e+01
-8.619093045331245762e+00 -2.383704663601783835e+01
-4.785985849079847476e+00 -2.288682960578177017e+01
-5.600673471678212501e+00 -1.947385620440454090e+01
-4.155182540845915540e+00 -1.648295209356831847e+01
-3.514799547852380357e+00 -1.326776559098129127e+01
-2.516851222124396159e+00 -1.025468507060204182e+01
-1.798844961763130801e+00 -7.522508623103603576e+00
-1.273564162861753779e+00 -5.216044905715892632e+00
-8.699957735973137263e-01 -3.306286695920673147e+00
-4.644150722220065086e-01 -1.777487930242700465e+00
-5.274102698696668812e-01 -6.157971270495369298e-01
2.109355331768763553e-01 5.678634299338859437e-01
-1.971611387815873357e-08 -5.013048315188579202e-09
