4.062789805686527700e+01 4.767053922709888525e+01
3.809484854652671970e+01 4.918280576549562255e+01
3.811612097333267002e+01 4.667757332931041248e+01
4.149289483289336999e+01 4.593288987550835856e+01
4.041409673888782095e+01 4.432556172918784654e+01
3.747126444913041610e+01 4.472530702370232802e+01
3.941955945430554209e+01 4.241345014314233453e+01
3.721158891278656000e+01 4.288790655145383113e+01
3.578848897532507323e+01 4.213759306809082972e+01
3.839724106456040431e+01 4.065490202451429269e+01
3.733760737215576597e+01 3.920311117279593560e+01
3.520551450605999122e+01 4.046279165632711283e+01
3.347003389357480785e+01 4.077871674713904326e+01
3.678368903510245502e+01 3.738853887448453861e+01
3.535648380726188122e+01 3.833765595562229578e+01
3.392371466896030086e+01 3.893339062312048782e+01
3.247379434658639497e+01 3.933194616885339912e+01
3.295435227079284601e+01 3.787659407218323793e+01
3.516421169721265727e+01 3.673137575739343674e+01
3.567325918590653799e+01 3.556947221135658310e+01
3.353274928400926314e+01 3.428426248385833475e+01
3.458337659536831410e+01 3.476489156462104546e+01
3.381223124111341605e+01 3.601297125975219160e+01
3.250287141403125446e+01 3.583294365229370015e+01
3.188482360103640900e+01 3.784025544804803332e+01
3.193227796301582444e+01 3.687748287594806129e+01
3.154101674932178767e+01 3.404619903406607051e+01
3.122261645993902945e+01 3.617864768972794565e+01
3.015215725035188044e+01 3.659003415117017255e+01
2.913572839997742747e+01 3.466782534013115935e+01
2.660850782249383428e+01 3.619208063191785385e+01
3.076730736026987501e+01 3.785736919404430267e+01
2.941457009176258452e+01 3.830816401336728205e+01
2.877518419938094141e+01 3.736237917335261471e+01
2.760339303721604765e+01 3.895039155019171773e+01
3.010004092205477733e+01 4.117647515923341217e+01
2.500176455857449298e+01 3.884707333982512978e+01
2.698579506228089997e+01 4.143675003352176844e+01
2.513271506822452750e+01 4.240044919453793426e+01
2.280462551015587636e+01 4.026343026670429737e+01
2.340847014987646446e+01 4.349856988559259463e+01
2.170729030355387223e+01 4.429946650252435347e+01
2.041456426101803956e+01 4.146850332132980554e+01
2.024570366756416107e+01 4.553729361829189060e+01
1.858088274062411216e+01 4.348492750448701116e+01
1.845645827221746771e+01 4.612715711865697443e+01
1.719137540291162125e+01 4.178555948628978456e+01
1.667270156707366269e+01 4.659110485244745803e+01
1.603897041761657150e+01 4.431972929047014986e+01
1.409021618755702399e+01 4.193397881277990535e+01
1.486509136906071582e+01 4.690507381438001033e+01
1.374073716420140734e+01 4.475440388358189381e+01
1.299922800429698100e+01 4.689084561805759677e+01
1.119228169723340471e+01 4.654288250633626234e+01
1.151511890172706565e+01 4.458896880225501747e+01
1.105954520369069982e+01 4.092911871602116491e+01
9.367559592112025157e+00 4.581870553375109267e+01
9.528525429058651852e+00 4.427472822774991101e+01
7.696741454768057267e+00 4.437147366841188045e+01
8.256033332801360203e+00 4.304569032485400726e+01
6.311317860641820765e+00 4.327048120461355296e+01
6.906752880346202161e+00 4.202809929664962851e+01
5.450499962388857256e+00 4.176681877772328022e+01
4.763175843116198571e+00 4.055668225054409248e+01
8.363342021198381104e+00 3.886607305139393986e+01
4.111973296850973902e+00 3.934885846041738944e+01
3.595024559758716265e+00 3.810599769409166981e+01
3.185614361650021653e+00 3.685025952545862538e+01
6.339285502480120904e+00 3.642825798101569035e+01
2.879009821253828871e+00 3.555824399013904724e+01
5.057350278308747171e+00 3.389881331655112007e+01
2.609636981476104012e+00 3.414338564347249871e+01
2.363667936414701742e+00 3.254733608255032351e+01
4.394661685614817515e+00 3.094544155641581895e+01
2.070514693974425224e+00 3.083910392442906101e+01
2.372312827163445714e+00 2.904756348239289210e+01
2.184726722446646452e+00 2.721912682642072312e+01
2.239650228085559025e+00 2.513086957767139751e+01
1.666419919193570687e+00 2.303886698526465793e+01
1.849027890327640922e+00 2.090563704015159274e+01
6.544057760396644330e-01 1.882217860516922769e+01
2.865303710787490576e+00 1.751108527740018062e+01
3.348065471176247532e-01 1.593377386686040253e+01
2.437224666891401270e+00 1.389753217232348348e+01
-1.814898726497399251e-01 1.318157796664229942e+01
7.329380975642362239e-01 1.103702704093038278e+01
6.910192466406972489e-01 9.120045680483054085e+00
3.006723539791890110e-01 7.417865580119912927e+00
4.333110858663122289e-01 5.802653287235135515e+00
1.418315926152646511e-01 4.360481711153818551e+00
2.615273366609971450e-02 3.073790835020615120e+00
-1.046535122659666694e-01 1.964533571942458146e+00
-8.174565170499374644e-02 1.099813980643598921e+00
-7.208945067414093133e-01 7.346005041069556540e-01
-1.178415458678574446e-01 4.820585660017133178e-01
-3.833839558963089700e-01 9.343711522947570347e-02
-2.362945300059384746e-01 -2.814190447074317314e-01
-1.855436581546312802e-01 -3.308842195420179655e-01
-1.812347187180612940e-01 -1.615485412296677192e-01
-6.768536931943668937e-11 6.364127297505367142e-11
