3.039083557994995743e+01 4.595687331486206517e+01
2.801223097860470190e+01 4.929150002851888246e+01
2.442186677336516709e+01 4.664534792531878082e+01
3.125487793368941425e+01 4.074445946423810483e+01
3.010394111368104575e+01 4.446809636464380588e+01
2.879597555948721421e+01 4.404814192649438098e+01
2.746046724576742193e+01 4.279496872416316222e+01
2.558528615372546611e+01 4.136733445226371941e+01
2.493323260112978446e+01 3.902211860627748763e+01
2.055637219087826750e+01 4.354248694969371059e+01
2.188188667900829643e+01 3.823145000220219458e+01
2.293821889257927538e+01 3.493950253293271402e+01
1.936084181772546486e+01 3.625959476064898013e+01
1.715997878748995475e+01 4.039244939659629807e+01
1.494533348139525053e+01 3.719787858993780105e+01
1.709212439452026189e+01 3.438895042078339515e+01
1.613301116266026014e+01 3.290259270682888371e+01
1.340946070845044780e+01 3.424214147405243125e+01
1.524313562428985946e+01 3.188076598389001504e+01
1.578824456272229781e+01 3.037082948834489216e+01
1.912671377947795293e+01 3.213861057522764497e+01
1.687961377753347847e+01 2.981933903873885683e+01
1.440303511255007685e+01 2.991992443172087945e+01
1.802653216233531808e+01 2.860553989052021606e+01
1.553906180045460594e+01 2.881588287319518571e+01
1.650715439810651830e+01 2.848524729325313842e+01
1.636590392428670171e+01 2.777851860239476167e+01
1.633395646437192994e+01 2.723524498153629381e+01
1.687103875180730839e+01 2.735295934287965736e+01
1.839030586203604045e+01 2.692001222412832107e+01
1.746253286319828035e+01 2.706401515346341213e+01
1.643032106626538891e+01 2.681119805406723700e+01
1.654083655409047537e+01 2.650413891272819455e+01
1.671778499191276168e+01 2.625443242677594213e+01
1.700323221383533934e+01 2.600260735475981022e+01
1.743895464785881089e+01 2.578082846842476883e+01
1.815094362866491906e+01 2.557129138126171597e+01
1.990270839117146195e+01 2.693323235120788084e+01
1.923170688845219800e+01 2.531529824816006524e+01
2.072400006669750638e+01 2.509599764224358154e+01
1.963380558279374810e+01 2.833852337182037573e+01
2.142364770167978705e+01 2.797688136012611082e+01
2.212718059254631342e+01 3.129129264501845498e+01
2.263653511302139520e+01 2.489151577451966091e+01
2.318574251977133471e+01 2.793907539899078429e+01
2.493793977336173029e+01 2.730568590197389156e+01
2.491671484248997359e+01 3.029914718611413704e+01
2.640956830429684032e+01 2.905185261411500619e+01
2.697759094264901591e+01 2.744996134531563570e+01
2.664145232861523738e+01 2.598647190043333310e+01
2.617789184894514065e+01 2.501442006785081773e+01
2.707924520819505076e+01 2.470778881397054150e+01
2.822815181640386584e+01 2.671565986700172601e+01
2.847347846296759499e+01 2.550115224200844466e+01
2.585843585327466343e+01 2.403119565601695484e+01
2.855982050749506485e+01 2.429774127612925483e+01
2.794421498506490664e+01 2.333623924803934457e+01
2.677624878585270096e+01 2.360662184297902755e+01
2.712035827546540290e+01 2.267344453777782576e+01
2.607018818179786024e+01 2.285262367749307089e+01
2.682104169151642381e+01 2.191350175470024553e+01
2.466507523930446411e+01 2.435136586201877407e+01
2.641963957211601866e+01 2.105303789861390129e+01
2.467165412477405084e+01 2.292741547986080874e+01
2.538652701847181703e+01 2.203140304225386004e+01
2.521239412177552097e+01 2.057478729082257729e+01
2.347909713406396293e+01 2.223656422105013775e+01
2.596951661573572778e+01 1.968706158916142712e+01
2.445852314490244694e+01 2.146786016306890588e+01
2.344577567676518015e+01 2.083638068201417681e+01
2.490933591084334608e+01 1.851558784453784767e+01
2.398940284289269087e+01 1.957011147931092054e+01
2.333037294291318986e+01 1.735027985529160688e+01
2.209982485816750497e+01 2.113827277396932658e+01
2.224378027043263373e+01 2.000842409666370969e+01
2.249819372919722227e+01 1.848235868209990684e+01
2.085052009312697763e+01 1.929064080548211635e+01
2.126202571196619218e+01 1.673256478552228899e+01
1.942107174903049938e+01 1.807788049123268337e+01
1.955290234123668469e+01 1.571778622440513118e+01
1.778093090963910328e+01 1.674313766570820050e+01
1.771359512692098548e+01 1.445416496077379875e+01
1.611533746618031415e+01 1.523771048382979565e+01
1.508520907889775664e+01 1.382793569514640097e+01
1.383122638162408258e+01 1.290043480312635360e+01
1.266340138600303256e+01 1.185427321885949326e+01
1.149032606430400882e+01 1.072287168059232521e+01
1.028763292213360003e+01 9.591459103267448327e+00
9.074602637449967091e+00 8.500610366079079938e+00
7.943203981648067291e+00 7.512509961826568272e+00
6.882483508436523678e+00 6.615238414404975842e+00
5.906000789506577142e+00 5.775507671832792234e+00
4.997927802066737257e+00 4.970945485575823497e+00
4.101023131040377301e+00 4.202019965489331987e+00
3.205407297450268533e+00 3.448509265930375545e+00
2.379505470585683735e+00 2.697233408450999459e+00
1.649174055181196641e+00 1.990159185295464539e+00
9.674591673984634932e-01 1.310800763730077589e+00
3.528541861475033015e-01 6.657810861352660980e-01
-4.019757297743261872e-05 2.913228182350719356e-05
