1.276938905745655495e+00 4.393456389533978523e+01
3.110105304083169986e-01 4.249944036785355905e+01
-9.153684295907319468e-01 4.114305093213334885e+01
-4.515246776297083819e+00 4.109725404058252707e+01
4.994578272546875697e-01 3.798994984558547117e+01
-8.177376065690703522e-01 3.804623129242007451e+01
-2.845497337803911453e+00 3.820591959592582043e+01
-5.747853253506495896e+00 3.837377947299761161e+01
-1.337991806509157611e+00 4.506005259559546516e+01
-3.730297166537958065e-01 4.936323244791989850e+01
-9.170056251062998598e+00 4.037328239352494563e+01
-5.328212939337145571e+00 4.521995983351001058e+01
-9.883398310254019492e+00 4.504805668390538642e+01
-6.593935200067120306e+00 4.898568644980267806e+01
-1.144453532136787111e+01 4.900481641765045993e+01
-1.454090295681187328e+01 4.029418646649854452e+01
-1.398949424342164960e+01 4.600378923747772575e+01
-1.731175251008075833e+01 4.656736373008129704e+01
-2.108488816934180221e+01 4.497269175829686816e+01
-2.062398599389262088e+01 4.040570826205487265e+01
-2.147168019512784198e+01 4.854774611998422529e+01
-2.464012344606838312e+01 4.634251231578380725e+01
-2.546857693184118787e+01 4.278842360241083753e+01
-2.693761267453039565e+01 4.915452758559418811e+01
-2.725470245251598200e+01 4.613859582602793097e+01
-2.906042087172048483e+01 4.570024674700831468e+01
-3.090790280222888242e+01 4.857149595314376000e+01
-3.020304989680287377e+01 4.504152605741550985e+01
-3.144820538787996256e+01 4.529219466890307899e+01
-3.311011168616884959e+01 4.605079173177198015e+01
-3.212658460604615129e+01 4.397288393480308599e+01
-3.422059471997507529e+01 4.447334497597910286e+01
-3.285499713298545998e+01 4.238565341964799416e+01
-3.485772409398153826e+01 4.250423726128461510e+01
-3.370635815956465109e+01 4.062622989860691547e+01
-3.006091150899596798e+01 4.247078538227309963e+01
-3.519368141015696239e+01 3.972027876991199236e+01
-3.070826639225893473e+01 4.022451874040906716e+01
-3.532073586094026041e+01 3.669655630857580775e+01
-2.684488971135008839e+01 3.962602886687828629e+01
-3.073452690148942779e+01 3.822603209210108588e+01
-3.380722240462919359e+01 3.813715461606937396e+01
-3.165638722727969778e+01 3.642362853755306418e+01
-3.334920979864043034e+01 3.508738631545134012e+01
-3.189821201728213751e+01 3.395583784609444677e+01
-3.549955992177018516e+01 3.356992639540853673e+01
-3.249312944654118240e+01 3.179116226923323296e+01
-3.563495880610680189e+01 3.036646516553602382e+01
-3.259829096794994285e+01 2.945281727301201613e+01
-3.583582217106530265e+01 2.653212502942502127e+01
-3.272592913345264520e+01 2.721835311573838112e+01
-3.287336171254784745e+01 2.506262289640100249e+01
-3.291591046031672363e+01 2.270352694682507888e+01
-3.594974399907439988e+01 2.236931556146063116e+01
-3.279290307640597746e+01 1.998287546615221544e+01
-3.526466396320282115e+01 1.847596184985678747e+01
-3.265384304738046950e+01 1.653581873277246572e+01
-3.564980700909887901e+01 1.513906182236893905e+01
-3.238751961328841844e+01 1.330232742486491304e+01
-3.571315178855031292e+01 1.220322352824901735e+01
-3.244182350901022716e+01 1.024277115767529089e+01
-3.585982377867632209e+01 9.315356435821053438e+00
-3.252445189340301823e+01 7.505012548529940375e+00
-3.618420413205548414e+01 6.538452163556719654e+00
-3.399847980394812907e+01 5.541368111671017616e+00
-3.576211911505654228e+01 3.789847226009236625e+00
-3.247653893671675718e+01 4.764978129699018794e+00
-3.417472751439194667e+01 2.614496166481699913e+00
-3.199213118343245554e+01 2.227194667431216413e+00
-3.376271480759509558e+01 1.379859947481111071e+00
-3.306871845909692098e+01 5.684869874604073781e-01
-3.234774203029642337e+01 1.183464856718798419e+00
-3.218490732221729900e+01 3.709703348691335556e-01
-3.173021887743878011e+01 3.364418545321031573e+00
-3.175652554871085442e+01 6.968120781589864920e-02
-3.127366339381375226e+01 -1.154565190899919658e-01
-3.131555832056173116e+01 6.086352566872387237e-01
-3.071511298073731311e+01 -6.542760029829223223e-01
-3.044873028574416551e+01 1.033907419434198088e-01
-2.956566718955571460e+01 -8.747247593028554258e-01
-3.027736957385814165e+01 1.623080521247273200e+00
-2.952697679014383425e+01 1.577344778225787392e-01
-2.877805807193488619e+01 -1.931398196398941003e-01
-2.796206846117156886e+01 -7.519758187826841578e-02
-2.674983797537938912e+01 -3.083549564722177783e-01
-2.507658359604771547e+01 -3.162584711106787294e-01
-2.296915595680675892e+01 -3.385898219721713009e-01
-2.048414124369689304e+01 -2.834548824817791912e-01
-1.772415330078551676e+01 -2.410416591333454095e-01
-1.485155369983312035e+01 -1.935810634174389977e-01
-1.204018793404333998e+01 -1.233745960933984448e-01
-9.469753864516546216e+00 -4.633266577300480110e-02
-7.269241110691785579e+00 4.856074212659089169e-04
-5.481806492934095054e+00 1.236341246903337708e-02
-4.077484391053167734e+00 2.244290095394340864e-02
-2.999173807668627845e+00 2.943035619134394890e-02
-2.111300662152300944e+00 4.863450551299863117e-02
-1.324650276524786952e+00 7.059906944105158455e-02
-6.100261540346216815e-01 8.146247576028949056e-02
-2.492963404429078092e-09 1.000020572248244730e-09
