-4.698189134422142388e+01 1.441985245180106512e+00
-4.505995666103199682e+01 -4.181072408118156614e-01
-4.907713177010103323e+01 3.266873829174155919e+00
-4.573911716963434770e+01 2.789177057079536226e+00
-4.491264611904607307e+01 5.422448287581624449e+00
-4.776539712635754142e+01 6.915631595639532669e+00
-4.399107395378144503e+01 8.047287806829730883e+00
-4.634758311166999789e+01 1.025955513478171355e+01
-4.305893545014255608e+01 1.037999434827525214e+01
-4.458179383061472834e+01 1.301512530361511821e+01
-4.183420294086825209e+01 1.222554837722954169e+01
-4.282169702914580967e+01 1.467368973815480437e+01
-4.027853397736899410e+01 1.372435131922254214e+01
-4.214915671346012260e+01 1.649612789799389034e+01
-3.885214774068504795e+01 1.495214316649787811e+01
-4.075425226594437333e+01 1.747855923047324467e+01
-3.952401363683030411e+01 1.841983071022361784e+01
-3.804336683316942924e+01 1.843727060797360195e+01
-3.752892406097370070e+01 1.612320254383954676e+01
-3.660502765388090296e+01 1.826128399241169120e+01
-3.673435607615657261e+01 1.515686847839226026e+01
-3.553740075291369038e+01 1.758785933114297606e+01
-3.449532725638910335e+01 1.706284536495670423e+01
-3.376264443365197110e+01 1.622763556486013314e+01
-3.532673903483264866e+01 1.474919030654881702e+01
-3.309475055062961246e+01 1.532018106992471829e+01
-3.402899579376759931e+01 1.397422934650035309e+01
-3.253889152193940504e+01 1.411257715223372244e+01
-3.349735975910780894e+01 1.236613964864742954e+01
-3.214702714525702021e+01 1.284486235403626608e+01
-3.194244172789849046e+01 1.151560115987867583e+01
-3.161858183493485441e+01 1.027063131356350745e+01
-3.150995068159150492e+01 8.786137104688258148e+00
-3.049616864392537252e+01 7.436665662494926110e+00
-3.128158600441337711e+01 5.822999438980460241e+00
-2.954839701007346520e+01 4.639201228048559500e+00
-3.127154514457629730e+01 3.220758696034989210e+00
-2.926995167385655350e+01 2.193556884430590159e+00
-3.067291868731618010e+01 4.553635111307221539e-01
-2.834900534500713576e+01 -8.784658601053424443e-02
-3.012976432991025177e+01 -1.629331415199814170e+00
-2.945121866580483072e+01 -3.373750486242283131e+00
-2.779879458327921071e+01 -2.190313504063443606e+00
-2.849376979769147056e+01 -4.676990862354132972e+00
-2.712120834926889756e+01 -3.877356688831890885e+00
-2.632738341777093183e+01 -4.943256405757095351e+00
-2.744380138106991396e+01 -5.807832987350354692e+00
-2.618109582441484662e+01 -6.670832317333039718e+00
-2.552250434925647937e+01 -5.632903859707803385e+00
-2.447126589297448618e+01 -5.988533221819976049e+00
-2.481846168242188000e+01 -6.851644071545251791e+00
-2.388646924194064169e+01 -4.858982597568732409e+00
-2.363051728071677360e+01 -6.878890781132088073e+00
-2.314484136372704270e+01 -5.865978135646650493e+00
-2.257891277022045173e+01 -6.867061868932052171e+00
-2.186360349227852851e+01 -5.360522629822432883e+00
-2.161804725140558858e+01 -6.700312067658905413e+00
-2.078598381952439667e+01 -6.465830230359141950e+00
-2.085704768960418320e+01 -4.389362513584170955e+00
-2.006201713062118230e+01 -6.004623003003168868e+00
-1.912029743532824000e+01 -6.040069114475833167e+00
-1.939112700873472761e+01 -4.791083739802963315e+00
-1.811458317962094000e+01 -5.366591519208954608e+00
-1.852990371188581165e+01 -3.515538104668311625e+00
-1.700734841476393200e+01 -4.421303256152638639e+00
-1.701009371864111230e+01 -3.023777768339224625e+00
-1.717619754631522611e+01 -1.621329069096054454e+00
-1.505336543627772450e+01 -1.868255134113107729e+00
-1.619010463967592628e+01 -1.026439532717632608e-01
-1.458207581109229523e+01 6.592666732170285870e-01
-1.420791583200827901e+01 2.225551315344217684e+00
-1.336243228926308646e+01 3.563672287463728328e+00
-1.225114295349223603e+01 4.535701042898187652e+00
-1.235341999364939269e+01 5.883079678897062514e+00
-1.165375612501641633e+01 7.084507595205661978e+00
-1.043954390763732221e+01 6.212707928319525230e+00
-1.091999696713457801e+01 8.156881678220832654e+00
-8.953364273307110821e+00 7.691908580071941337e+00
-1.010486179414422558e+01 9.220291940949172371e+00
-6.383182717950453444e+00 8.155521678524069173e+00
-8.911600048965404142e+00 9.673861802308060476e+00
-8.476838207530827063e+00 1.077274709583224777e+01
-7.168023505040308940e+00 1.055443269594634081e+01
-5.079240090484775649e+00 1.068157891553902061e+01
-7.004933751221120275e+00 1.198343479575663295e+01
-5.607061112385452795e+00 1.243051131649633056e+01
-4.129446324602889185e+00 1.234296212583185337e+01
-2.922086889460425052e+00 1.148253947318703716e+01
-2.631422151749567728e+00 1.011085795007845789e+01
-1.258001027850759623e+00 1.049189660686200654e+01
-1.245758300867424007e+00 8.940628341598772622e+00
-3.653191215580585460e+00 6.432991196792934296e+00
-6.550355682210040609e-01 7.648101970669896055e+00
-3.963095472374821293e-01 6.189774964981822336e+00
-6.637780690975039199e-01 4.713915462706273374e+00
-3.784168929772075973e-01 3.457895836325499239e+00
-2.548393960398314118e-01 2.276303511538967150e+00
-1.359838968661213343e-01 1.313736324353789398e+00
-1.103801881771620252e-01 5.702147200965971274e-01
-1.171869570836754832e-11 3.776997226753803617e-11
