3.544125334445746489e+01 2.592402710273245248e+01
3.514011851970777656e+01 2.397964843907609378e+01
3.186532269676396467e+01 2.359528396645709591e+01
3.285083603470867786e+01 2.752175345017118246e+01
2.861236497276423663e+01 2.436218380605707523e+01
2.583292779671417350e+01 2.279308761313018294e+01
2.276648899431356909e+01 2.281366860031867816e+01
2.247365633719943290e+01 2.004682317606372166e+01
1.987438400125679649e+01 2.109370307909749442e+01
1.985924098653199010e+01 1.847635410685747459e+01
1.728617420373754854e+01 1.862897064815924963e+01
1.861455927782117570e+01 1.657284815483436802e+01
1.655936977515746733e+01 1.557691382187016060e+01
1.840118080930524869e+01 1.461787980024389633e+01
1.667898690178721921e+01 1.338980603815624626e+01
1.850248222240022855e+01 1.297884606579313704e+01
1.705937755805411982e+01 1.101336162764059168e+01
1.902523561816592590e+01 1.188018323838021217e+01
2.008476743449147150e+01 1.141056692551622653e+01
1.901730106701156586e+01 9.612825440059669546e+00
2.109882081695732481e+01 1.085078151021019899e+01
2.101551412833325116e+01 8.520792363638145517e+00
2.243978730746822237e+01 1.045850032818029085e+01
2.362509845886294002e+01 8.057404829112165601e+00
2.410700161772351535e+01 1.021480386687121822e+01
2.582486751644302103e+01 9.492491115967938597e+00
2.755255444595068326e+01 9.479029913015391884e+00
2.943708742867028505e+01 9.621197288161667416e+00
3.132446911821390856e+01 9.789694399880872311e+00
3.309385938904133440e+01 9.908264368732012883e+00
3.474035671354530308e+01 9.877509678540967286e+00
3.628196600546077377e+01 1.025957343538287958e+01
3.762863608393082870e+01 9.637942675784774593e+00
3.942706099216123050e+01 1.027737269794656960e+01
3.960761826783857487e+01 8.312030654498959947e+00
4.169237945973502235e+01 9.773594335282918877e+00
4.187235687264950457e+01 7.479057175828335957e+00
4.379528600518973036e+01 8.962946603092207809e+00
4.373484145148169233e+01 5.785249241356486216e+00
4.524066470691949604e+01 7.680821082216527707e+00
4.801050334091382155e+01 6.647782741713584187e+00
4.594126461827932673e+01 5.763319077476609209e+00
4.562382932255709278e+01 3.994515792339344618e+00
4.803939849055232969e+01 3.209833249125798815e+00
4.552925864846756099e+01 2.393582301469185936e+00
4.609543646336883427e+01 9.572961008821350148e-01
4.483797119701297618e+01 5.590756031319163988e-01
4.512080459000458887e+01 -8.230340111398695147e-01
4.382258667713315248e+01 -8.011684091334652091e-01
4.411655275509465923e+01 -2.242615140537197682e+00
4.284043360986257909e+01 -1.906779869064302524e+00
4.255096224013027495e+01 -3.169807421888243493e+00
4.136162199731072064e+01 -3.771065516630818681e+00
4.024630571186476402e+01 -4.666285359989236881e+00
3.891561066490022824e+01 -5.413004616779557132e+00
3.746392427988965323e+01 -6.144419831705757673e+00
3.597962779104934583e+01 -6.971005637716910286e+00
3.438891419605716493e+01 -6.842692334090442863e+00
3.344063400231217287e+01 -8.350908187419065598e+00
3.208425984256415830e+01 -6.958219012301322337e+00
3.099491146457430801e+01 -8.986602450117135987e+00
2.991783615509216432e+01 -7.289389286226628073e+00
2.836754707391505548e+01 -8.087852087758312436e+00
2.690508534013296327e+01 -8.491020468733069038e+00
2.556886449919497650e+01 -7.073009541797227406e+00
2.417808421365203131e+01 -9.429693074867900648e+00
2.360516064992320295e+01 -6.721250788603385651e+00
2.191225342705692114e+01 -6.242374285301369063e+00
2.113846173829169928e+01 -8.849945946235612482e+00
2.028815780288626769e+01 -5.628710758621045862e+00
1.844894712693437810e+01 -7.535279166287420338e+00
1.863578196556714062e+01 -4.697762624777858775e+00
1.631877306912545222e+01 -5.257118599807014903e+00
1.693147650936662529e+01 -3.223171910634464510e+00
1.500314007981426911e+01 -2.425998115124539556e+00
1.377897601312884746e+01 -6.464694194909524905e-01
1.262244506881805250e+01 1.018811673214099045e+00
1.164479748050440477e+01 3.024963253930907925e+00
9.587596768042066842e+00 1.483859100414957277e+00
1.015227282162413935e+01 4.563732137035769298e+00
8.644709086878314963e+00 5.719513620641044405e+00
7.364408825924669166e+00 3.622943747400139358e+00
7.128547383138593041e+00 6.449304558906638007e+00
5.417822346949253465e+00 5.336593450234820679e+00
5.630315974382969380e+00 6.901588807189543928e+00
4.132655396369262490e+00 7.030428032775319025e+00
3.660912091157723314e+00 6.076317189695712884e+00
2.377933461131483739e+00 5.967975711402748296e+00
1.443767769248132105e+00 6.886599191581849411e+00
9.300113986806221034e-01 4.859712233115835112e+00
-1.304103883859698831e-01 6.448112906592428750e+00
-1.403195840580256704e+00 5.598937985563922304e+00
-2.062011354467992774e+00 4.152588732010663364e+00
-1.529975630669512532e-01 3.526177976942028280e+00
-1.820265418770707022e+00 2.531277424609788440e+00
-4.350261244717809617e-01 1.967775833615467374e+00
-1.303213007257454592e+00 1.279007453589495302e+00
-6.035470622970402488e-01 7.205960686596148967e-01
-3.332300973376719488e-01 2.389247093105893449e-01
-3.839009959994092317e-11 2.874620296949059638e-11
