-4.830169830370840600e+01 1.748251791985035997e-01
-4.878827299883360524e+01 -1.626248795402993164e+00
-4.757570921930778951e+01 -1.414180359433139245e+00
-4.633162131425176966e+01 -7.397673410146102801e-01
-4.408086644906979501e+01 -8.683319580181991793e-01
-4.641939397618682506e+01 1.742995732174850154e+00
-4.361222994036688760e+01 1.672620698483298307e+00
-4.159378379195748465e+01 6.365062632640184903e-01
-3.982414661744848416e+01 -9.472647942442722346e-01
-3.885319941065561977e+01 1.655709999825445422e+00
-3.716629978469320150e+01 -9.029712847509975271e-01
-3.589967527399757330e+01 1.534982121377080011e+00
-3.492473862004612783e+01 -8.879418225080348837e-01
-3.349985123660812292e+01 1.317195617078671832e+00
-3.308642644147245448e+01 -8.889213438787806343e-01
-3.161062281593671486e+01 -9.546730018635692927e-01
-3.151909002647618152e+01 9.892560326483750277e-01
-2.992477601754493222e+01 5.445654875391706673e-01
-3.036957302623904553e+01 -1.057960770308437271e+00
-2.934827257802821876e+01 -1.491601032779694469e+00
-2.875942406281395236e+01 -1.412303809929852383e-01
-2.847718430819762148e+01 -2.001979365268172995e+00
-2.747006024655664547e+01 -3.824489441941020806e-01
-2.792995946181397571e+01 -1.514173374523000604e+00
-2.645005068947970628e+01 -1.058900492933901649e+00
-2.746362890007160118e+01 -2.521113187359012464e+00
-2.577400356092006817e+01 -2.032812074415100589e+00
-2.703117913817498774e+01 -3.550938498315872049e+00
-2.516597671552534266e+01 -2.953103376710377148e+00
-2.659514464717088345e+01 -4.690755522226242924e+00
-2.469890028506054591e+01 -3.998014431217050912e+00
-2.429808167356345550e+01 -5.130186382128369971e+00
-2.627916654646752548e+01 -6.018832369158010565e+00
-2.391445877817987409e+01 -6.335730516926902922e+00
-2.584315355833334138e+01 -7.377350605628142155e+00
-2.559103150120089509e+01 -8.703995741074885828e+00
-2.332583773346036082e+01 -7.693127610967374963e+00
-2.287977241777086590e+01 -9.163103189720285258e+00
-2.581087103708523500e+01 -1.026050401923868449e+01
-2.380949740311127627e+01 -1.048984489006104148e+01
-2.231847295635527928e+01 -1.131245402427092017e+01
-2.555440506862828087e+01 -1.193337661641553638e+01
-2.368087349563953126e+01 -1.283870580913773018e+01
-2.520183291717400209e+01 -1.351875520621856275e+01
-2.470908655158292788e+01 -1.492627785855808042e+01
-2.183547299297735478e+01 -1.304301461784070426e+01
-2.394020378747470090e+01 -1.608334084025670663e+01
-2.174228051443801490e+01 -1.469690140157667635e+01
-1.995298600353212848e+01 -1.450582277607277071e+01
-2.318669383159338082e+01 -1.710766321442751803e+01
-2.224332709308490763e+01 -1.765202939198053045e+01
-2.053813379009756446e+01 -1.606986007632789892e+01
-2.153088365601607634e+01 -1.842884279920747659e+01
-2.049197643967896809e+01 -1.891209145288049243e+01
-1.911288177908624064e+01 -1.679569046708127900e+01
-1.936171427976399073e+01 -1.936481258267468064e+01
-1.778403116534490636e+01 -1.800309892080150931e+01
-1.812210571960753569e+01 -1.968748270140095968e+01
-1.697391158363274855e+01 -1.634899079615653861e+01
-1.674758419918407171e+01 -2.001866286897125491e+01
-1.595458948867841187e+01 -1.878317296232631506e+01
-1.486915758043233637e+01 -1.683386441442032933e+01
-1.494852111187454469e+01 -2.025990574282007017e+01
-1.403772408029303875e+01 -1.907414114744018008e+01
-1.286662776089955251e+01 -1.692124963089293388e+01
-1.299539465766229895e+01 -2.021755100435006014e+01
-1.202999315142965386e+01 -1.906927385807327013e+01
-1.121674747557614715e+01 -2.005036597897654005e+01
-1.006704924040936611e+01 -1.924605398496643716e+01
-1.091517164583587274e+01 -1.673408114738758812e+01
-8.727516538611970631e+00 -1.882783939862294176e+01
-9.038346337927787744e+00 -1.639517227031429059e+01
-7.524719381227090054e+00 -1.820042089170635435e+01
-7.233306303804028836e+00 -1.618482443090062617e+01
-6.401856174389033427e+00 -1.767607694896311088e+01
-5.676074978469049626e+00 -1.697889225491393717e+01
-4.814342943375077510e+00 -1.650144540872706145e+01
-5.770790470913240711e+00 -1.521355877744447760e+01
-3.927824896714381619e+00 -1.568733095757345275e+01
-4.552456397602727911e+00 -1.411923533494559635e+01
-3.045732153262069808e+00 -1.468057906881089281e+01
-3.451240093532566888e+00 -1.276864306965725326e+01
-2.253760790452711937e+00 -1.359535301124661011e+01
-1.636077236630423037e+00 -1.247676405321842097e+01
-2.500162182532681854e+00 -1.094036002221122317e+01
-1.081882543443045464e+00 -1.138667659169239599e+01
-7.650537470023907050e-01 -1.036530816133576316e+01
-3.100659039996914723e-01 -9.443870680015784558e+00
-1.120970315468064804e+00 -8.654395280120297684e+00
1.480622933164394694e-01 -8.179418885685530327e+00
-4.653166810119113150e-01 -7.232813302839490532e+00
1.363053858560561438e-01 -6.333814393435089229e+00
-5.093138631625038215e-02 -5.179310790553789623e+00
1.935871008004954597e-01 -4.016524990341203249e+00
2.834235582326937175e-01 -2.891802351467074761e+00
3.958583963625794677e-01 -1.893793853820742390e+00
3.175150846295992646e-01 -1.119702839315488863e+00
5.081643241757576313e-01 -2.532349537124292671e-01
-4.373717849709624766e-03 -5.441179007137997292e-01
1.922271291910902452e-07 1.532537537188121646e-08
