3.578947545273776853e+01 4.483968768193206245e+01
3.367048240250563396e+01 4.669401044663113964e+01
3.533278329761455439e+01 4.163616544693566368e+01
2.941541200984293170e+01 4.646244823191268836e+01
2.751909416523429996e+01 4.250995451010954440e+01
2.409171208083443005e+01 4.640373395663490186e+01
2.043878153917640006e+01 4.404719776464698100e+01
1.652755904222678396e+01 4.542589435862812053e+01
1.320315282984731731e+01 4.387577942036026002e+01
1.014140210681939891e+01 4.512596528916456862e+01
8.714616368117964029e+00 4.194182668056525642e+01
6.836092973961389596e+00 4.415997448039048123e+01
4.167747210210408504e+00 4.328500614485432152e+01
4.174546548360432929e+00 4.031566854049785320e+01
1.809781780496755532e+00 4.224680272082699872e+01
-2.672637286366443821e-01 4.105815947396253307e+01
3.584860368050201695e-01 3.816993951495880566e+01
-2.368251285718166343e+00 3.960752929686650958e+01
-4.017119452473719043e+00 3.768698361601289548e+01
-1.749699184443712197e+00 3.578963484912553383e+01
-5.845789926185280372e+00 3.580287493667827192e+01
-3.381855159223845941e+00 3.383699113826943261e+01
-6.728899066376971660e+00 3.329377370573989481e+01
-3.418560423765860889e+00 3.139404976187728735e+01
-6.719401234980027837e+00 3.085442870014817629e+01
-6.013252186524595366e+00 2.873677389317975184e+01
-3.013319485039256396e+00 2.908856487532013446e+01
-4.809666295403972391e+00 2.703426458893030571e+01
-3.230886410261220032e+00 2.575747788492054013e+01
-1.954235030998094702e+00 2.725024615144641515e+01
-1.836444030928179760e+00 2.458260837362142581e+01
-2.182619039705175346e-01 2.575358668384690475e+01
-3.792869429072623366e-01 2.334653310400907600e+01
1.566665914964386230e+00 2.469100033144112416e+01
8.452354274565809789e-01 2.263447847388064815e+01
1.949747365331452986e+00 2.207017502518982610e+01
3.802400692536172411e+00 2.399664436699928771e+01
3.595358783288837845e+00 2.154801774862832531e+01
5.588747022577571499e+00 2.111995360694521295e+01
6.526015308769689049e+00 2.338521882929820705e+01
8.333883847599487638e+00 2.053796559075713546e+01
9.521878111511924203e+00 2.277549885810466179e+01
1.220356738423154930e+01 2.161018626266891829e+01
1.521755002538035129e+01 2.156636748183039387e+01
1.831083314247221949e+01 2.143333034277311100e+01
2.135131854396198037e+01 2.132944737920064782e+01
2.420793651809227498e+01 2.132760250135221725e+01
2.666962178228583369e+01 2.018383378345491153e+01
2.798579985652359525e+01 2.224098949996860242e+01
2.949999123916687083e+01 1.957313530753429021e+01
3.113232404356245553e+01 2.236404983733737595e+01
3.168409038287547119e+01 1.893890974557822204e+01
3.409943347407539704e+01 2.167851272790327144e+01
3.339945277973145465e+01 1.826266021935174777e+01
3.492081394569083130e+01 1.748456415596583824e+01
3.713866770796211370e+01 2.050864650347345020e+01
3.649322839919067007e+01 1.667482114797764936e+01
3.984042448052365870e+01 1.870398632156459229e+01
3.717797072723768537e+01 1.485490291032330568e+01
3.933906154842868119e+01 1.616787670518392517e+01
4.271537709597142651e+01 1.600681678482943582e+01
3.957390003206183593e+01 1.429891855008621881e+01
3.785888666753962184e+01 1.259521407134876547e+01
3.979832019985577318e+01 1.262141722669540655e+01
4.354110292197069754e+01 1.187357686603286844e+01
3.965441247168499928e+01 1.068288025240336481e+01
3.818289581495793072e+01 1.049233279846706068e+01
4.087177123655621358e+01 8.167491592652197596e+00
3.783075377283982021e+01 8.962567833859015565e+00
3.702184039735886500e+01 7.839453723103749105e+00
3.901010491825897475e+01 6.040979575424815451e+00
3.615691440244240340e+01 6.884902789171315263e+00
3.658031451526104405e+01 4.759858840685305736e+00
3.493694710427170236e+01 6.221184503169784996e+00
3.464505741620479995e+01 3.782522946773554828e+00
3.365325941267218468e+01 5.521203840958019526e+00
3.227785071643168635e+01 4.973233379171562163e+00
3.263418858234635422e+01 2.875353100455843247e+00
3.114539972663571987e+01 4.241385390553697121e+00
2.987999182953321053e+01 4.309692705739472274e+00
3.007515588825635078e+01 2.092937959901191025e+00
2.820626350182911679e+01 3.750037302470896172e+00
2.739571274091171915e+01 1.497103614134490890e+00
2.598397448576426072e+01 3.531982134468755863e+00
2.470061536422827686e+01 1.727880054376378816e+00
2.290749350257970463e+01 2.658818170332725828e+00
2.091793012762780180e+01 1.873044722428687248e+00
1.866081822841423588e+01 1.743047147950816278e+00
1.616980082083215819e+01 1.608363752575817207e+00
1.344841677046941797e+01 1.491952158162318964e+00
1.063221843430777191e+01 1.288899963402607263e+00
7.972916133067839084e+00 1.040691496055967891e+00
5.483961750785101508e+00 8.421738992693735826e-01
3.266816040367410690e+00 6.556458656237326155e-01
1.628211818208844974e+00 5.007401472715913293e-01
5.973787490194545358e-01 4.015780732584627866e-01
-4.679628295575820052e-01 2.504181917316662398e-01
4.172017912026992903e-02 3.937132903756930258e-01
-1.887642770782228252e-01 4.200783496146293788e-02
5.660281213397316242e-11 3.223688701283023961e-11
