-4.639619980222686024e+01 -1.530087440306681090e+00
-4.519364750219577331e+01 -2.519478697599948358e+00
-4.272075396744068598e+01 -3.389041483491336493e+00
-4.238508138496244015e+01 -2.843156977776931438e+00
-4.202638054790412525e+01 -1.714974826214613168e+00
-4.324398406753022073e+01 -2.334206669356881036e+00
-4.259491964856964330e+01 -1.518796121785061182e+00
-4.176997394046347267e+01 2.584367706468991277e-01
-4.111629603215433093e+01 2.924677865823917866e+00
-4.431329443538776758e+01 1.306893257236680705e+00
-4.752995023900595584e+01 -3.401131745594403455e-01
-4.705832375495060660e+01 1.131295846871601007e+00
-4.641673265692588757e+01 2.716250219954388534e+00
-4.587958845939638053e+01 4.323625254756487735e+00
-4.532669798245542836e+01 5.989197094640456243e+00
-4.478754669534717436e+01 7.822031681140246384e+00
-4.016983485580143309e+01 6.103825790293551989e+00
-4.418932706029892898e+01 9.867859548374605438e+00
-3.915968447945105879e+01 9.490003032575135222e+00
-4.362111116183861270e+01 1.202655628046352376e+01
-4.218184278817011545e+01 1.373157382025316231e+01
-4.334354871243600371e+01 1.473165392546334296e+01
-3.820461911572541425e+01 1.269009712780344401e+01
-3.717796731020877132e+01 1.545489444029246151e+01
-4.203079753540531271e+01 1.607566969825334979e+01
-4.197059346762939924e+01 1.782144206112521090e+01
-3.997752015992346486e+01 1.735530854150976765e+01
-4.113538628990418999e+01 1.932393578915983312e+01
-3.571252477498912725e+01 1.720390426518843441e+01
-4.006622446594882092e+01 2.068475766550183081e+01
-3.877994829346097561e+01 1.954608987311301149e+01
-3.934742357673489010e+01 2.239402630277112749e+01
-3.774132258797296657e+01 2.163973338400129265e+01
-3.776745675801510060e+01 2.472598276589413047e+01
-3.358460816369099433e+01 1.847440549689999401e+01
-3.628075101652625989e+01 2.293269356172986662e+01
-3.501230193055405948e+01 2.439792990654214577e+01
-3.376981047427991456e+01 2.607558737472009724e+01
-3.097380771332436211e+01 1.911934932485587879e+01
-3.200032250361484643e+01 2.373802407888860699e+01
-3.093347807717274733e+01 2.626496251607919419e+01
-2.895781724306986149e+01 2.444640653288695020e+01
-2.777770480012187448e+01 1.947435638948832803e+01
-2.410537489712434223e+01 2.001420128974830703e+01
-2.622845488408496450e+01 2.461049489860682371e+01
-2.757473219834837153e+01 2.656928280975744272e+01
-2.491166839416339229e+01 2.675559599645593778e+01
-2.387522710094275524e+01 2.497405502967471591e+01
-2.257631931985622131e+01 2.712057253799398637e+01
-2.193010361070809822e+01 2.519226892898361925e+01
-2.039253725790364413e+01 2.733246320106073313e+01
-2.023772871658787764e+01 2.526735442594528891e+01
-1.996732817649577285e+01 2.032293406901981569e+01
-1.954611906371838970e+01 2.261664856913201049e+01
-1.872108987350548048e+01 2.532986270616705227e+01
-1.827851681954488683e+01 2.752056111346577438e+01
-1.721422990416119347e+01 2.535116066089563347e+01
-1.593412647882114008e+01 2.763240070981143504e+01
-1.570696528560321426e+01 2.555826996830941056e+01
-1.641408704043065470e+01 2.062563239464085640e+01
-1.319967357028597377e+01 2.028918132124084295e+01
-1.414409577438537013e+01 2.492662452091462200e+01
-1.371369636665354719e+01 2.718264745452230713e+01
-1.237427505769273672e+01 2.436783186830252745e+01
-1.168885756440681689e+01 2.711561539133914778e+01
-9.710847746016572302e+00 2.732048117091408912e+01
-7.927963173019073828e+00 2.621820480133505171e+01
-9.690922533242128267e+00 2.511597877161513992e+01
-7.257644371529473837e+00 2.412496556702776829e+01
-1.106314520202947094e+01 2.163255244518416731e+01
-6.083737021099092424e+00 2.229504182309284488e+01
-9.210255489064518741e+00 2.065421877121686478e+01
-7.158674733640168597e+00 1.977413086000428422e+01
-5.137145684604488949e+00 1.982546825921060218e+01
-1.036716347138176708e+01 1.739718592553758825e+01
-4.481533602811282435e+00 1.774757400196538626e+01
-8.115646737149814882e+00 1.443008541339947470e+01
-5.990181290587510254e+00 1.621473826252487882e+01
-3.523152710437575941e+00 1.554478498286191623e+01
-4.698018815818664429e+00 1.387968558091153604e+01
-3.008774158829401912e+00 1.311583768644842962e+01
-5.784705966836544810e+00 1.185781551126867051e+01
-2.356445703613124110e+00 1.121466633452701700e+01
-3.844724015069640899e+00 1.069939247516346192e+01
-3.417872987730807832e+00 9.060476205472639322e+00
-1.732000755401492675e+00 9.271628911581293764e+00
-2.647511822816232652e+00 7.550602516683195375e+00
-7.419610607645789058e-01 6.987517054962678387e+00
-2.147245819219767426e+00 5.878399195651651254e+00
-1.413681392733874054e+00 4.676526190263100347e+00
-1.050269252592536784e+00 3.620309675219475221e+00
-1.130903900693601916e+00 2.570046175298327906e+00
1.863303483350568779e-01 2.882208995432741006e+00
-2.201872667165930830e-01 1.702747668081954435e+00
-1.031117381088553442e+00 1.411732823829102923e+00
-5.471238268944374900e-02 8.137049871398382983e-01
9.450027753773556638e-01 1.172920931655760279e+00
-5.460127345308845026e-01 4.527720054160454533e-01
4.251772108912640902e-01 1.853188969177880230e-01
-6.198847793652227636e-10 1.502701271891237900e-09
