-4.829734359463449778e+01 -1.889534457368057696e+00
-4.715453876604124872e+01 -2.295157149087917681e+00
-4.685051732600207686e+01 -1.141578126174191743e+00
-4.531904116857697318e+01 -2.392093524123381165e+00
-4.532554829051966294e+01 -9.390319857451838725e-01
-4.392848118696361581e+01 -7.559353171040557040e-01
-4.331952105285953536e+01 -2.288057970347337822e+00
-4.257979413894855725e+01 -3.311182092909306651e-01
-4.149976029707085701e+01 -1.966293166655632030e+00
-4.048889338802202786e+01 -8.419231522218081354e-01
-4.120622212138425056e+01 4.894405508892293311e-01
-3.994849865206443695e+01 1.198993590363354844e+00
-3.929477927666263071e+01 -7.038555342666988346e-02
-3.955564784697537561e+01 -1.910934750479102773e+00
-3.842765780232539186e+01 1.196381856790085685e+00
-3.859736802480351514e+01 3.930914682202230059e-01
-3.793126861172492426e+01 -1.396150335346992399e+00
-3.669786779223611006e+01 -7.312841203214924812e-01
-3.577914616999419906e+01 1.006338582441830970e-01
-3.768487589965901208e+01 2.250103318653119633e+00
-3.498458561917314569e+01 1.111516369771374135e+00
-3.904760454015911364e+01 2.334246700640233207e+00
-3.838439325484144860e+01 3.634285371231683825e+00
-3.621289558571194078e+01 2.959581428905682099e+00
-3.422804869829418806e+01 2.289883969168059696e+00
-3.700452964096901809e+01 3.460191827698959166e+00
-3.681332039047892835e+01 4.728369587458784551e+00
-3.356520860151216823e+01 3.567602287287795715e+00
-3.593872987960278209e+01 5.781056222971249881e+00
-3.299069860507000129e+01 4.839280427831226916e+00
-3.507191134559980128e+01 7.238381486539871901e+00
-3.245011081914297790e+01 6.032273129168178372e+00
-3.188389390143850477e+01 7.123246504514279209e+00
-3.402438416775223828e+01 8.624893861924050498e+00
-3.130746984509181274e+01 8.106333993017383222e+00
-3.307392516854790898e+01 9.837740488316196519e+00
-3.070486507298074841e+01 8.993189331941284337e+00
-3.217028744421025976e+01 1.068680092826073036e+01
-3.003874284408172812e+01 9.801864342182236456e+00
-3.164993905229304616e+01 1.150707123353844885e+01
-3.093990761110205767e+01 1.139591879219796056e+01
-3.054732167013708732e+01 1.206486437515994226e+01
-2.928725496146669371e+01 1.050513223294591647e+01
-2.988382074119830634e+01 1.233919291454030187e+01
-2.843486991266519937e+01 1.110960605325202444e+01
-2.923857119340812005e+01 1.265980634900763135e+01
-2.852622655139085950e+01 1.293252371590133798e+01
-2.746882871616137223e+01 1.151837620960115949e+01
-2.772117046884684299e+01 1.314037152337838954e+01
-2.635665488564405834e+01 1.174155632651893555e+01
-2.683657714824452256e+01 1.326901904374887842e+01
-2.590085677746436232e+01 1.334959849292030398e+01
-2.499051144910178834e+01 1.178515662399484754e+01
-2.491988923386281840e+01 1.347957372377393170e+01
-2.410127316660786079e+01 1.304390829840925292e+01
-2.329088538791836527e+01 1.349671781771861312e+01
-2.345363888584563483e+01 1.204503165798065645e+01
-2.245620874363221375e+01 1.230808954284300683e+01
-2.198665925908905905e+01 1.314047078066260532e+01
-2.160596571013541478e+01 1.176124203035143800e+01
-2.065503654633745967e+01 1.263470431862261556e+01
-2.074015054645679612e+01 1.142814509281854640e+01
-1.948440159754096612e+01 1.188103402999446523e+01
-2.003577127248957623e+01 1.098789218821980285e+01
-1.942645234753772243e+01 1.048248407703392537e+01
-1.856682239679811630e+01 1.091908654509210130e+01
-1.879264772822922680e+01 9.527776245779428166e+00
-1.798588423188938634e+01 1.007185103088622569e+01
-1.751108430143166572e+01 9.366532752297025866e+00
-1.763931031919803516e+01 8.715626384602886745e+00
-1.697643317751775527e+01 8.054865374906983178e+00
-1.806322498527610421e+01 7.620747989162548919e+00
-1.664768410868511594e+01 7.141099564185538817e+00
-1.761940683358971427e+01 6.165849146946360548e+00
-1.633413395428215864e+01 6.196677034460066125e+00
-1.718987174789109318e+01 4.654795186347699953e+00
-1.601154644601056631e+01 5.215310133743306764e+00
-1.562015922322792782e+01 4.262854278097282013e+00
-1.672679614500495404e+01 3.093921009627407681e+00
-1.512989094196042039e+01 3.384050601150482951e+00
-1.467299855848777135e+01 2.618153784614168700e+00
-1.403673498658927876e+01 2.189467945841173879e+00
-1.595823364831015034e+01 1.685947719867517014e+00
-1.444806394416522011e+01 8.738548864150292861e-01
-1.507712696687877063e+01 3.949075731312221005e-01
-1.364589897254500350e+01 1.530072043916113289e+00
-1.386899794661204233e+01 -3.552127741548343764e-01
-1.295615495039779930e+01 1.018309313891021972e+00
-1.243121275556692851e+01 -7.673244385641634357e-01
-1.192041178404240043e+01 2.140131928423882890e+00
-1.212388353223017567e+01 7.538305013858042081e-01
-1.124176379895889255e+01 5.549624471650503876e-01
-1.083417830720765629e+01 -6.284880261089945686e-01
-1.018118092168844768e+01 6.535407269203507008e-01
-9.367044681518873261e+00 -6.697971312156245638e-01
-8.923001845010094968e+00 3.949354785782551169e-01
-7.458359074479776751e+00 1.975494846765231058e-02
-5.393714695904816558e+00 4.349449111036414461e-02
-2.745090742725302402e+00 1.022366507783416811e-01
-4.828790505969181713e-04 1.566230199115286378e-04
