-4.554087538692424175e+01 2.353426949135245749e+00
-4.097060492914486929e+01 -2.279063336914853299e-01
-4.406512444918910631e+01 2.727386062589850280e+00
-4.973017109545236281e+01 1.720746710117274203e+00
-4.688400019378207162e+01 -2.523044652447071767e-01
-4.539363955923671057e+01 -2.672145429330858413e+00
-4.259202706429628194e+01 -5.523605691025533559e+00
-4.714808036167593031e+01 -7.507094602859101684e+00
-4.236327775932608830e+01 -9.848630639203193482e+00
-4.686120100370911956e+01 -1.296534614708971311e+01
-4.351557968881834881e+01 -1.470763290860402961e+01
-3.982515916184784999e+01 -1.514473021362932315e+01
-3.805012771937502691e+01 -1.916238166499146089e+01
-4.518907070289749583e+01 -1.826056052113241535e+01
-4.470003349484957766e+01 -2.183557971587110202e+01
-4.202871905086924897e+01 -2.241287698388645921e+01
-3.953894671358843027e+01 -2.112486580666887193e+01
-3.635771621973044176e+01 -2.100185464109020117e+01
-3.921709048042684032e+01 -2.326977647558516793e+01
-3.782143469571292371e+01 -2.369956694635395067e+01
-3.685182970588606111e+01 -2.479367173076747477e+01
-3.590435067906832245e+01 -2.514724805043643840e+01
-3.507972666784088744e+01 -2.525467379716692307e+01
-3.440358397730108919e+01 -2.520850184822548812e+01
-3.377862819707728903e+01 -2.504104105300179128e+01
-3.311688017057902300e+01 -2.473519830758447924e+01
-3.243478554911909129e+01 -2.426797829305596821e+01
-3.168106082387560818e+01 -2.358377272087189525e+01
-3.083540236280893154e+01 -2.263569266279667502e+01
-2.991725145958845644e+01 -2.141048120564810731e+01
-2.901648817982483308e+01 -1.983905773167438724e+01
-3.557310633340634354e+01 -1.722304989764491978e+01
-2.808087551515810176e+01 -1.769790531705491787e+01
-3.424730357042262341e+01 -1.434924051342185969e+01
-2.706821174316428369e+01 -1.488844177802340063e+01
-2.603585594645526058e+01 -1.146498232521399885e+01
-3.279998259304379360e+01 -1.152114195124074136e+01
-3.177116219637190042e+01 -8.838412700901079333e+00
-3.040100815942860990e+01 -6.835728928656762626e+00
-3.038133194498243483e+01 -4.161211591526019937e+00
-2.761371375885874002e+01 -4.841288674782331825e+00
-2.890282036850069858e+01 -1.941994784868413815e+00
-2.713383333709434453e+01 -4.005520611045957913e-01
-2.512400341299645135e+01 -3.172418630899833225e+00
-2.512840918114782696e+01 -4.905948840041200465e-01
-2.356794647800230891e+01 -1.397797352156981754e+00
-2.366716493059725224e+01 -4.868998389256200099e+00
-2.231149649477562136e+01 -3.205099511287794911e+00
-2.367121583332119883e+01 -6.744522449934574837e+00
-2.163125410496371259e+01 -5.163013357045451279e+00
-1.934247262311054172e+01 -6.297551299581311213e+00
-1.769600707112129712e+01 -9.290428151196589823e+00
-2.147542616696378559e+01 -6.907656791140064811e+00
-2.132126235327124775e+01 -8.851433513401717690e+00
-2.376537790429132713e+01 -8.713322334798141000e+00
-2.105771183375831157e+01 -1.120660934114724583e+01
-2.294723553459333587e+01 -1.098876026359189773e+01
-1.659000402867057744e+01 -1.317658340921327742e+01
-2.217782554583081733e+01 -1.341960338393590568e+01
-2.052574762597426883e+01 -1.474090181267724375e+01
-2.144052846761646691e+01 -1.653330354690028514e+01
-1.701470679889614246e+01 -1.688339202453713028e+01
-2.053114538478538620e+01 -1.879471663880332599e+01
-1.959750063193142111e+01 -2.099353025856905219e+01
-1.809977471112600611e+01 -1.999542232595999280e+01
-1.797591632216778379e+01 -2.258832773705884378e+01
-1.644270431111737096e+01 -2.184102192922853902e+01
-1.608120908771565283e+01 -2.343950670069850872e+01
-1.455371588639139802e+01 -1.966864953718769016e+01
-1.451025638162443343e+01 -2.348163784903531592e+01
-1.315731189514311694e+01 -2.367565581193432322e+01
-1.251998900101059853e+01 -2.227952647500773153e+01
-1.188155546596520118e+01 -2.386032034049853578e+01
-1.121268347969406953e+01 -2.279680383850510594e+01
-1.037101334003679654e+01 -2.390509691282964511e+01
-1.017767694634085629e+01 -2.245523622808345365e+01
-9.130583547194980554e+00 -2.337460577037161968e+01
-9.447534549803664916e+00 -2.149004751337963626e+01
-8.846846607727387735e+00 -2.253026891654359076e+01
-8.008528254852382844e+00 -2.225836206722539146e+01
-8.545045829675162352e+00 -2.048987486747583020e+01
-7.292013885820541219e+00 -2.153957237917548895e+01
-6.486688114910178271e+00 -2.058863017792529604e+01
-7.619067914610886838e+00 -1.918819061981088936e+01
-5.632928603007138157e+00 -1.928539212909670297e+01
-6.677328403912857091e+00 -1.751044379452957145e+01
-4.654360512892387725e+00 -1.756027560167342472e+01
-5.503091137118775400e+00 -1.575335364129724525e+01
-3.963425922450899197e+00 -1.496423223521141566e+01
-3.771272333296903589e+00 -1.313677394627158357e+01
-2.995583315144201286e+00 -1.139778909244984817e+01
-2.345576928608306133e+00 -9.473096655432438951e+00
-1.717214773754169199e+00 -7.412837027216354180e+00
-1.193209395285167451e+00 -5.320669062538342153e+00
-7.170734215810113943e-01 -3.412572456441277158e+00
-3.892751111727436597e-01 -1.923361640628449054e+00
-1.680554627786736699e-01 -8.777513285534428444e-01
6.671807709300987543e-01 -4.378874058715569451e-01
5.072924789496005005e-01 -2.412128840771522037e-02
-2.460197436347483815e-07 1.745972945595134890e-08
