-4.014016302634725974e+01 4.241366138551858711e+01
-2.929101668001258219e+01 4.292173421488471519e+01
-1.988827280087846106e+01 4.298525691076695665e+01
-1.324803395783924920e+01 3.916112643477274702e+01
-1.269272165788246376e+01 4.449932006153762387e+01
-7.494776921747064335e+00 4.189968021355265648e+01
-9.229156628073207358e+00 4.686356672475799456e+01
-4.042559759326334934e+00 4.112069860130479526e+01
-4.630630836476667511e+00 4.510620419668006775e+01
-2.099236903142591260e+00 4.333272829526695347e+01
-7.635648701627212320e-01 4.177938382608980561e+01
-1.414412512251141285e+00 4.012507708872873735e+01
-4.963872900589287873e+00 3.834253726362430825e+01
-3.379857724559268473e+00 3.891932731095263875e+01
-3.053847219569812310e+00 3.781639288637287422e+01
-2.241368511566538047e+00 3.870437678759637379e+01
-1.166525438487537425e+00 3.799391231944196079e+01
-5.830952891445133623e-01 3.742750629199757384e+01
-6.823089403319722024e-01 3.677770515346794156e+01
-1.144873251962402749e+00 3.619762824208775243e+01
-2.112941236850883975e+00 3.699040404507370283e+01
-1.831026218905267511e+00 3.596144645641339110e+01
-2.037486637960281843e+00 3.540039081099794060e+01
-3.401182873656503514e+00 3.637915612183409308e+01
-2.445594408229428307e+00 3.478840339686970395e+01
-3.016852682389675966e+00 3.406747941345589936e+01
-4.940565137786569139e+00 3.572006901634561160e+01
-7.093231808588837062e+00 3.797470278200863447e+01
-3.877660029739622427e+00 3.319260678163276168e+01
-6.270882163512546015e+00 3.419153679011085245e+01
-5.046636014343337528e+00 3.202307362575847094e+01
-6.719956217792293351e+00 3.055580842911597728e+01
-7.463369428223582069e+00 3.574230691386170378e+01
-8.760405434787665868e+00 3.427568154931949351e+01
-9.117463834321402061e+00 2.858338315803957741e+01
-1.052828805498887021e+01 3.338932293396388928e+01
-1.269842915527357974e+01 3.200949344236804706e+01
-1.237146891624228395e+01 2.609512155313296233e+01
-1.538312570999869600e+01 3.041419305376203042e+01
-1.845455325294938476e+01 2.857767901052126902e+01
-1.629907997421410215e+01 2.328021034227515784e+01
-2.182852093870861054e+01 2.648716725569828867e+01
-2.054695455275256677e+01 2.028748661864234393e+01
-2.525063643955817483e+01 2.419322271435839866e+01
-2.840767168533249531e+01 2.201712966469697363e+01
-2.479898923056436644e+01 1.724255973689304966e+01
-3.054558737064720475e+01 1.901724999081828926e+01
-3.265395398700373875e+01 2.043821515914981291e+01
-2.840921811003144271e+01 1.450298399278890216e+01
-3.324650534717857653e+01 1.666406232298639978e+01
-3.590419897956093820e+01 1.782481838223749904e+01
-3.137709092756320217e+01 1.185077268205182399e+01
-3.604751160400349619e+01 1.448172930824681259e+01
-3.984092177266494161e+01 1.561407769847664362e+01
-3.345983797727463838e+01 9.329639602242508545e+00
-3.807618339199516555e+01 1.218904359173085972e+01
-3.962900338741297901e+01 9.842668775839875650e+00
-4.266736717301466797e+01 1.278153369795882277e+01
-3.507264889869681923e+01 6.942693368943069210e+00
-4.324482339651306262e+01 9.190920308814465756e+00
-4.017570677605714735e+01 7.227537696650044197e+00
-4.299148515704624174e+01 6.964059870971698096e+00
-4.313788554082733384e+01 5.129255375775936265e+00
-4.279220878756051150e+01 3.281815000663155679e+00
-4.123946079313709134e+01 4.871275257552288629e+00
-4.071013236238569277e+01 2.755510851851494802e+00
-3.983096124111966674e+01 4.235331871829188799e+00
-3.932664062936860461e+01 1.945491072101217744e+00
-3.627012181511214095e+01 4.824723759877234563e+00
-3.673180751588200366e+01 2.944046418529952636e+00
-3.826591935605414108e+01 9.000471814387392966e-01
-3.718154344707679115e+01 1.234987834082764246e+00
-3.612791897464683899e+01 9.415905653913653195e-01
-3.681101804266499045e+01 -3.018423210674848201e-01
-3.532206958764995619e+01 3.367694914457067812e-01
-3.433589648609832068e+01 6.619349893945099261e-02
-3.503059773909881613e+01 -1.465181879095510231e+00
-3.324982583220134558e+01 -2.332060809015748248e-01
-3.313084428760897282e+01 -2.143423197347264608e+00
-3.213337454382553915e+01 -4.776942357261358407e-01
-3.115210741501585545e+01 -2.542513660019866339e+00
-3.103818623690428069e+01 -6.740563064845308539e-01
-2.989743238199175224e+01 -8.463312861441908419e-01
-2.871181379140931611e+01 -2.774614226061589140e+00
-2.861361181357557371e+01 -9.969751488781295468e-01
-2.716444281756706403e+01 -1.237863516284928300e+00
-2.568078578009588853e+01 -1.398962529190115545e+00
-2.402740942852453188e+01 -1.404664306027341825e+00
-2.236285017998978120e+01 -1.330361478550179388e+00
-2.076286367825737145e+01 -1.279157995717166152e+00
-1.924752305847954403e+01 -1.187331566940480476e+00
-1.781499208217167407e+01 -1.087411302691431825e+00
-1.640953142323527203e+01 -9.709280624004158478e-01
-1.492805954080436415e+01 -8.616822991489014871e-01
-1.332140729721047023e+01 -7.397286587896767518e-01
-1.153842060584369023e+01 -5.829266664445261759e-01
-9.366399704684974736e+00 -3.981631170370014683e-01
-6.606749443077942985e+00 -1.822399984601976441e-01
-3.319077908264997046e+00 -2.600360130583334942e-02
-5.211455529652072319e-05 9.230598423079648917e-07
