-4.568649039712384052e+01 -1.083743867209289391e+00
-4.611105638385421202e+01 -8.920375842174431691e-01
-4.608264408210559537e+01 -8.025051496479134183e-01
-4.602897871238803162e+01 -6.812306266179827263e-01
-4.595674301276041263e+01 -5.325119856587554601e-01
-4.560455077755913322e+01 5.353618210862500781e-01
-4.498479571633744456e+01 2.343377859656328610e+00
-4.464772408193815068e+01 3.262791201169056077e+00
-4.438333072367733223e+01 3.921256154442084529e+00
-4.329388458931013872e+01 6.750070807774965154e+00
-4.295311807207269084e+01 7.527465307499686453e+00
-4.134059948524298278e+01 1.143462589700594734e+01
-4.029807057052344987e+01 1.382910554044117291e+01
-3.883491042813724192e+01 1.728170845966215907e+01
-3.809067033814537240e+01 1.896749551104522524e+01
-3.681079736913275724e+01 2.196406935428779406e+01
-3.625616497423325058e+01 2.323930573121348786e+01
-3.573433233514428764e+01 2.448812310859108976e+01
-3.527774002168556677e+01 2.563225787232777719e+01
-3.483694330449870336e+01 2.678048413777210612e+01
-3.425907694506982892e+01 2.838333843602248763e+01
-3.387645688693749690e+01 2.933593734426456834e+01
-3.361299691741577078e+01 2.991985851038537447e+01
-3.329441823436179249e+01 3.060255088208869623e+01
-3.301516563583186326e+01 3.114787914471963859e+01
-3.277739461766704210e+01 3.156887196983546673e+01
-3.242368564679106413e+01 3.218021251325124865e+01
-3.211018435822077777e+01 3.266150348247135327e+01
-3.178494824687168219e+01 3.311237742159907782e+01
-3.133365822172575221e+01 3.370270511314215156e+01
-3.094118466199241979e+01 3.416673447460057389e+01
-3.060194345812833561e+01 3.452002026004291224e+01
-3.024899420161317565e+01 3.484788777073430310e+01
-2.981216923174000755e+01 3.521291963456747709e+01
-2.929638916683803984e+01 3.559584026216775499e+01
-2.878366512809947153e+01 3.593199913866259010e+01
-2.822340077739220732e+01 3.626045035616179035e+01
-2.793413548143143643e+01 3.639518455835700195e+01
-2.764927429038438689e+01 3.651410297847045427e+01
-2.718980216425140384e+01 3.669458670591720306e+01
-2.692082153696350133e+01 3.676780624800351660e+01
-2.666158156175465166e+01 3.682391505119809949e+01
-2.646292407232049371e+01 3.685089711124584255e+01
-2.621322274841395483e+01 3.687953296320016250e+01
-2.596513768433180047e+01 3.689432506238591003e+01
-2.571651671665867056e+01 3.689636997709894928e+01
-2.541242955418980998e+01 3.688549926281745428e+01
-2.510491083693317904e+01 3.685245656097620071e+01
-2.479282382857718403e+01 3.679543219451790748e+01
-2.447538924662640980e+01 3.671272174086772822e+01
-2.415371463180968092e+01 3.660355773422970316e+01
-2.382970266883323163e+01 3.646875958322331712e+01
-2.350497273966325906e+01 3.630892043143031600e+01
-2.318166804546492443e+01 3.612359880769530918e+01
-2.286174853611445812e+01 3.591241810450608796e+01
-2.254432544050591503e+01 3.567737284120527619e+01
-2.217119044720682197e+01 3.537678536921310268e+01
-2.174277083685480605e+01 3.500951202097810722e+01
-2.126899163205019150e+01 3.458196545097323593e+01
-2.086770990750138566e+01 3.420117537537120711e+01
-2.053580242751797869e+01 3.386711956758288267e+01
-2.017300558888652873e+01 3.347660635408485064e+01
-1.973832808685937223e+01 3.297433096930005547e+01
-1.932060882529134105e+01 3.245938973272019012e+01
-1.887435858407432576e+01 3.187299411405091121e+01
-1.843267399766977022e+01 3.126030918725419028e+01
-1.781547845987289236e+01 3.035348240104501372e+01
-1.618234342693483896e+01 2.783642243441002151e+01
-1.477908504426787495e+01 2.571659299347001948e+01
-1.402636128459688969e+01 2.460687287690951308e+01
-1.335140461041966375e+01 2.364712253483656568e+01
-1.285922168877419836e+01 2.297576147613221309e+01
-1.248326623427510107e+01 2.248670437789878562e+01
-1.135215671294680284e+01 2.106978935149657772e+01
-1.086140386624845888e+01 2.044701275854627909e+01
-1.038639327603816476e+01 1.981926612716666014e+01
-9.981051494135625646e+00 1.925948698304617679e+01
-9.645937142251206353e+00 1.876802409060250554e+01
-9.317461208108598569e+00 1.825731057780882693e+01
-8.335008495343121382e+00 1.663913400158941158e+01
-6.757645196194528303e+00 1.399155841488874863e+01
-6.409287063722648448e+00 1.338694726131650370e+01
-5.538454997577304084e+00 1.176719685643037216e+01
-4.814123517321860390e+00 1.044717563169911223e+01
-4.211837584976904303e+00 9.315099338052835520e+00
-3.767512920710089919e+00 8.417544643745605626e+00
-3.430879550993291005e+00 7.656891601462171515e+00
-3.149019723596164777e+00 6.955780319447418591e+00
-2.800256464503120046e+00 6.026856597307687302e+00
-2.444505642418597358e+00 5.027889201885733961e+00
-2.125154543199902601e+00 4.097178619800898147e+00
-1.931990169112177691e+00 3.610478931517697276e+00
-1.602340064508717132e+00 2.827485815346785447e+00
-9.868814213500382015e-01 1.425439960351748026e+00
-6.992892553038816406e-01 7.328956363287586484e-01
-6.213112355455299163e-01 6.034101818838150111e-01
-5.334232145465228614e-01 4.819315930032815332e-01
-3.358563653483048195e-01 2.461589858196931990e-01
-2.008249257268780730e-01 1.303995802848341157e-01
-7.785402451350482023e-04 -1.282148481025127595e-08
