-1.065415919906821429e+01 -4.271337850891263166e+00
-2.768378241836222031e+01 -4.249807667157175395e+00
-2.848890204207000920e+01 -4.237165252542445693e+00
-2.911955542447342538e+01 -4.235780645055640115e+00
-3.135310671046741504e+01 -4.334870252366700427e+00
-3.206236370093797206e+01 -4.340079294179052916e+00
-3.303077426037408060e+01 -4.333015359907396835e+00
-3.444016496302519670e+01 -4.306262488592164317e+00
-3.503999236642512471e+01 -4.264713461751716395e+00
-3.554851186833985821e+01 -4.207737191258454246e+00
-3.596648691282555177e+01 -4.137866201734715865e+00
-3.637126069296955677e+01 -4.047424205060217162e+00
-3.676022677493926949e+01 -3.934252189459668703e+00
-3.713455173197327497e+01 -3.793865686225988743e+00
-3.749160815924928869e+01 -3.622661138340346199e+00
-3.776353004737696040e+01 -3.457744744515317326e+00
-3.795905593473100481e+01 -3.314958160362792672e+00
-3.814586102809460044e+01 -3.162408220713382345e+00
-3.832497732023151116e+01 -3.000686411958279010e+00
-3.849590244262978445e+01 -2.830863141210337997e+00
-3.865713893578018912e+01 -2.653967605728043466e+00
-3.880841945036232943e+01 -2.470755879310505332e+00
-3.895053009766133556e+01 -2.281485814181293481e+00
-3.912639540216248690e+01 -2.029587558815595827e+00
-3.939942043497897117e+01 -1.596356931754661979e+00
-3.950798830734080269e+01 -1.388245561128652827e+00
-3.963593982483915568e+01 -1.119120693792764909e+00
-3.975051383763724999e+01 -8.446473709528996565e-01
-3.985380985193837233e+01 -5.635800256329072111e-01
-3.994547221547031057e+01 -2.754751117385838555e-01
-4.000584636186416532e+01 -4.710529471737850971e-02
-4.005645734636100030e+01 1.858053599370195763e-01
-4.009644127843832706e+01 4.264676628644167300e-01
-4.013661839644318263e+01 8.244769983287905113e-01
-4.014622924575402863e+01 1.084383765673291755e+00
-4.014270025918552420e+01 1.349534838630006561e+00
-4.010591384726027542e+01 1.781354386837164405e+00
-4.006660058875156238e+01 2.060548630967813821e+00
-4.001488797924557872e+01 2.346110660991741703e+00
-3.990332943431659629e+01 2.811475713858147873e+00
-3.975667873400723096e+01 3.279066149619469961e+00
-3.965094343226563467e+01 3.571330953928300023e+00
-3.953417349517848578e+01 3.860505482214032558e+00
-3.940718241223548546e+01 4.146417608632763319e+00
-3.926959333138830033e+01 4.429021178952808668e+00
-3.901956944676869199e+01 4.867991748783188299e+00
-3.868683058823975784e+01 5.368283102486162583e+00
-3.826817506243362743e+01 5.921157578368571706e+00
-3.782188017687514758e+01 6.448731371368191745e+00
-3.741717080580098553e+01 6.878194035253952343e+00
-3.693836733623933810e+01 7.335017076195748054e+00
-3.665863666872498072e+01 7.586684605711254470e+00
-3.644329724781744773e+01 7.771996762763565769e+00
-3.600574263798036156e+01 8.091236370546560863e+00
-3.555083389446576803e+01 8.382021461688252018e+00
-3.531112074423529634e+01 8.528365097803140671e+00
-3.506323159951170965e+01 8.666648551241012299e+00
-3.463552145119513170e+01 8.862638506086714330e+00
-3.418784489873893762e+01 9.035196183104828194e+00
-3.371664541393608516e+01 9.187277724884628682e+00
-3.301516927369634402e+01 9.372213196145626313e+00
-3.226358486071843856e+01 9.545396282228479024e+00
-3.123481245745824708e+01 9.744261371673424321e+00
-3.028072215382278998e+01 9.898950620880821560e+00
-2.943465029485428985e+01 1.001215481142590136e+01
-2.856952893278991468e+01 1.009389461692915368e+01
-2.768637301379157023e+01 1.014081466716531033e+01
-2.691062625695569110e+01 1.015319499549365467e+01
-2.600023001523454624e+01 1.013128905626614973e+01
-2.509083072680735071e+01 1.007801133970131957e+01
-2.393433757658078775e+01 9.962842001166407613e+00
-2.278270957990259049e+01 9.812284458928120401e+00
-2.152212916702358925e+01 9.616964132228368101e+00
-2.038270813739418230e+01 9.409423931002741881e+00
-1.934950853110463953e+01 9.191438097775330718e+00
-1.818609270862258853e+01 8.908819079576614897e+00
-1.715440798630372043e+01 8.633396524109755887e+00
-1.575547843382168978e+01 8.220128319512024717e+00
-1.380537090885060358e+01 7.588253063139632104e+00
-1.229788891482546553e+01 7.088890417360312668e+00
-1.126430396337436157e+01 6.737514591415726173e+00
-1.057200366153489313e+01 6.491756560291475964e+00
-9.669375948909634033e+00 6.129336222238584320e+00
-8.676883041086618675e+00 5.696043519427012924e+00
-7.724857638936881266e+00 5.239289965370103275e+00
-6.925929328677142394e+00 4.833076198057127293e+00
-5.771578278369864812e+00 4.194975090726702049e+00
-4.794418539366627208e+00 3.634642119522184522e+00
-4.097806735618949148e+00 3.200924266287471731e+00
-3.524702814005437723e+00 2.813028810215735476e+00
-2.860845666546511179e+00 2.337548380371905044e+00
-1.481925253075787374e+00 1.304429576901766863e+00
-9.532529385465124960e-01 9.130860725788582100e-01
-5.955994842038375703e-01 6.384575888675259048e-01
-2.463552862453369241e-01 3.415136574923762769e-01
1.119356767376701450e-01 -7.694438064609433747e-03
1.451563447423563080e-01 -3.544465513163719966e-02
1.431677341831481820e-01 -3.632505743732288711e-02
1.039163783366589267e-01 -2.223584620881201290e-02
4.721721363670807457e-05 -2.465600080308395049e-08
