1.128013674677573075e+00 3.896266443254174305e+01
1.290612411273489801e+00 3.916104133363068485e+01
1.447788325740777760e+00 3.949612877898621832e+01
1.506308667214329544e+00 3.973560839437840286e+01
1.475139520878962829e+00 3.986031195090130552e+01
1.358915096226741337e+00 3.998160084824249338e+01
1.147908225865881260e+00 4.009892025030904250e+01
7.612874632954493848e-01 4.027983930741179108e+01
2.848997976300250423e-01 4.046885150455072022e+01
-2.069960990826676672e-01 4.061832832458963338e+01
-8.228709280926850278e-01 4.077535208654705912e+01
-1.791483189359834416e+00 4.101923195991250992e+01
-2.483785227951655905e+00 4.113790432331100533e+01
-3.582714396292935533e+00 4.131162341518885484e+01
-4.731050024197230641e+00 4.145844469943710919e+01
-5.596090422253378271e+00 4.151833611346478392e+01
-6.404538111121829580e+00 4.153291263789832044e+01
-7.627382900825102396e+00 4.156505324293021886e+01
-9.371772980813634746e+00 4.160354825279638646e+01
-1.277503429633423693e+01 4.170808536429616709e+01
-1.410819298448378412e+01 4.165328701517199761e+01
-1.469131071264427568e+01 4.155392978188063324e+01
-1.526720845119057124e+01 4.143122248970752253e+01
-1.609329175671487633e+01 4.125520951088230959e+01
-1.705594656484777616e+01 4.102990468028101390e+01
-1.779172776510666054e+01 4.080738946050006177e+01
-1.854296216081404225e+01 4.055218816395526460e+01
-1.944308951154165044e+01 4.023496667880089461e+01
-2.012032716118256559e+01 3.994889677710763465e+01
-2.276390983349456221e+01 3.901370665491613465e+01
-2.465937472663678065e+01 3.824969597476351879e+01
-2.593313747970388050e+01 3.766350540372450695e+01
-2.736802309548447099e+01 3.694690905973366313e+01
-2.796464632594187805e+01 3.656337720094703059e+01
-2.840850604124283407e+01 3.622906872703293857e+01
-2.892891038138634840e+01 3.582445762433619052e+01
-2.941244043984603707e+01 3.541654088432449043e+01
-2.977351870878522888e+01 3.506671926134763595e+01
-3.020078044722875532e+01 3.464225991308323671e+01
-3.061034384574425005e+01 3.420099786733491953e+01
-3.108057353698584180e+01 3.367774185465366088e+01
-3.145368136192015029e+01 3.320916803827760333e+01
-3.181397433851810419e+01 3.272051250968091551e+01
-3.230653287055375955e+01 3.204556270821556296e+01
-3.270977987260891950e+01 3.142646584273047949e+01
-3.316826479397028749e+01 3.068448368805430704e+01
-3.368567426587225100e+01 2.981125581840412053e+01
-3.412048186387680460e+01 2.901050733658306768e+01
-3.458310971893553187e+01 2.810390362038317846e+01
-3.489976865373741788e+01 2.740569844662685028e+01
-3.523468992073799200e+01 2.661177647784044709e+01
-3.554465518764883569e+01 2.581565150942286735e+01
-3.574165235793378770e+01 2.521883207096516699e+01
-3.594674476547293551e+01 2.453077534208566846e+01
-3.611780518089020831e+01 2.385061896124758718e+01
-3.627874336952274348e+01 2.307968414686268588e+01
-3.640712155462775712e+01 2.230326827929126310e+01
-3.650757539999396784e+01 2.152597850386550249e+01
-3.657086322691004909e+01 2.076314627230952325e+01
-3.660662331735721153e+01 1.957150699183139153e+01
-3.659046458799663526e+01 1.712046906926087075e+01
-3.654054932362345198e+01 1.595088913442944722e+01
-3.645120157773109781e+01 1.494960486868421690e+01
-3.629200489227987703e+01 1.391649172373139898e+01
-3.603318626267682134e+01 1.274887677593556745e+01
-3.576228752011737555e+01 1.183552476957434330e+01
-3.538847739046905616e+01 1.087637247595309198e+01
-3.511774596390125680e+01 1.027949604683746543e+01
-3.476987656375168712e+01 9.623139229311068021e+00
-3.434053708233292213e+01 8.909340818310814925e+00
-3.390172335887020694e+01 8.228979301644962163e+00
-3.344616297815554162e+01 7.585697211806624374e+00
-3.249049309281581088e+01 6.392741777397772829e+00
-3.115237011613610818e+01 4.712483419485274716e+00
-3.047950108224797106e+01 3.932241469753432916e+00
-3.008731540063842047e+01 3.494510830917901600e+00
-2.974281574720286159e+01 3.129208197162054894e+00
-2.938137664627040380e+01 2.779777023381201140e+00
-2.900071115887031326e+01 2.446516045025322050e+00
-2.835919241457818529e+01 2.013336163977066384e+00
-2.763107190353474962e+01 1.632742556665689682e+00
-2.667295610547460072e+01 1.259492971486698698e+00
-2.569198635837248545e+01 9.564499518809832512e-01
-2.461866291252207972e+01 7.034439993896532961e-01
-2.359067752641905003e+01 5.172675091253492452e-01
-2.190957426944092035e+01 3.336678457600742442e-01
-1.991876357943507259e+01 1.634327227439673347e-01
-1.807604866326498083e+01 3.996791914747806207e-02
-1.158477395510465868e+01 -5.176521913724267676e-02
-1.058465630706859706e+01 -1.284588533715646796e-01
-9.888968728243371586e+00 -1.889361636131205446e-01
-9.010133541825153358e+00 -2.079532126056232999e-01
-8.070568542959680514e+00 -1.778084719818021631e-01
-7.063368537158782878e+00 -9.396920439411153569e-02
-5.219954838840040523e+00 1.933900491280677314e-01
-4.662021855902416689e+00 1.902952801483184242e-01
-4.038306487275203693e+00 1.734052719373074536e-01
-3.349948708346453863e+00 1.368299668874331521e-01
-2.459233824233276966e+00 8.270088283889966141e-02
-5.165093139345515428e-05 1.514895867683033024e-14
