-1.068884739036611364e+01 3.711134306620757162e+00
-1.338530153219084085e+01 3.714138861443648576e+00
-1.699646806539881894e+01 3.828134623377154711e+00
-1.888751901856367965e+01 3.815402993699969603e+00
-1.989703544671575131e+01 3.771839518181910655e+00
-2.097136469428932770e+01 3.687783165734614510e+00
-2.198266081691549090e+01 3.565003643173946912e+00
-2.289453304686900381e+01 3.411017385295877613e+00
-2.385858147879448055e+01 3.195051343865468851e+00
-2.467038803141520731e+01 2.955533005778073097e+00
-2.541081293366543647e+01 2.672488247787642379e+00
-2.579794023176338413e+01 2.486200959683267264e+00
-2.609292958060951051e+01 2.320451412667534186e+00
-2.637571939964490753e+01 2.141507653541680600e+00
-2.671231431275740675e+01 1.901143820486253189e+00
-2.720774358022310579e+01 1.482214608034508219e+00
-2.743971101683607827e+01 1.242661012178799318e+00
-2.765238823077256924e+01 9.925995755337003734e-01
-2.784917487947477355e+01 7.276226126170944886e-01
-2.807286601229070655e+01 3.817459204569069731e-01
-2.826913194346898450e+01 1.772535627867492455e-02
-2.843199881969212228e+01 -3.589817297123671924e-01
-2.855994855592179604e+01 -7.456956532826670703e-01
-2.865150541056403100e+01 -1.140352747378068354e+00
-2.869658554152682584e+01 -1.465120333014305887e+00
-2.871770496094096004e+01 -1.871386989782936050e+00
-2.870116285180993287e+01 -2.281329909768848641e+00
-2.864973970702900630e+01 -2.692018578392568973e+00
-2.858060175186225749e+01 -3.022700602608739739e+00
-2.845982860067209685e+01 -3.428690180475918226e+00
-2.833352491451956112e+01 -3.758197750626580458e+00
-2.814555479064217636e+01 -4.169934084996119061e+00
-2.792060759091349453e+01 -4.591251858360414495e+00
-2.766113320473589354e+01 -5.024326736580062125e+00
-2.737142965223109670e+01 -5.469070205616334945e+00
-2.705238905124970472e+01 -5.921474403033171185e+00
-2.663088411812515588e+01 -6.467805074429556100e+00
-2.624362750488034379e+01 -6.932172686825456509e+00
-2.582889121997685322e+01 -7.397200534982284914e+00
-2.538810847759480893e+01 -7.857071329855312314e+00
-2.491974965813145104e+01 -8.307367927711595712e+00
-2.452265800084937908e+01 -8.658701674787552705e+00
-2.410825820591003676e+01 -8.994408495389746960e+00
-2.367614235441305937e+01 -9.311464085017693293e+00
-2.322454903087993117e+01 -9.608749510451563225e+00
-2.275474619431255974e+01 -9.887598188191734749e+00
-2.226834886288861881e+01 -1.014687533432915956e+01
-2.176345292025124323e+01 -1.038715766086947312e+01
-2.124148903129355759e+01 -1.060817346158904861e+01
-2.069730749462626918e+01 -1.081228565684791043e+01
-1.958235608082587831e+01 -1.115273025219933523e+01
-1.855557910607766559e+01 -1.140401242045681762e+01
-1.721807309129479790e+01 -1.166479099137436037e+01
-1.586567897362839297e+01 -1.187827412158029006e+01
-1.435050984953808850e+01 -1.206340745714148177e+01
-1.048747002618414825e+01 -1.241594414317164308e+01
-7.713051773333750027e+00 -1.265023254529758390e+01
-4.118331022157840415e+00 -1.299134085132026861e+01
-2.144696740538974300e+00 -1.311987604276256114e+01
-5.277984225410061736e-01 -1.316017550477998554e+01
9.760949050536719129e-01 -1.312865654839681540e+01
2.396182373978630764e+00 -1.303477274482329129e+01
3.578029478036085287e+00 -1.289829129709116984e+01
4.763180013843464344e+00 -1.269269524440902686e+01
5.830691103631888694e+00 -1.243352078543865069e+01
6.427913029342133377e+00 -1.225836200715330904e+01
6.903002848094154764e+00 -1.209850458381404259e+01
7.821161565501824953e+00 -1.172005534027073281e+01
8.379971364480990559e+00 -1.144937342488595711e+01
8.806970776832027781e+00 -1.121848990567733395e+01
9.498055235889303560e+00 -1.078501689642938643e+01
1.012789904548789011e+01 -1.032118202760663905e+01
1.068463635540333101e+01 -9.839157979226175854e+00
1.116892346863325436e+01 -9.340260322871463572e+00
1.152118289159087716e+01 -8.901554212126010057e+00
1.184843448752482864e+01 -8.390391564922255796e+00
1.212860602975098523e+01 -7.815812628732998313e+00
1.232175964460131112e+01 -7.260590955345513464e+00
1.243531758304220602e+01 -6.719456064148330299e+00
1.246771132917420566e+01 -6.251637192239433816e+00
1.242630239359112743e+01 -5.715041221646216307e+00
1.231757932328222971e+01 -5.180664946141215310e+00
1.211203981135436436e+01 -4.509951827082821829e+00
1.184410357455015372e+01 -3.846572794088717995e+00
1.153014075883470824e+01 -3.234747236938761539e+00
1.135930940888263940e+01 -2.961666500290441206e+00
1.118251540757442797e+01 -2.718393565429907177e+00
1.091998736913524048e+01 -2.417986947729396263e+00
1.067563702182871666e+01 -2.194037499267444069e+00
1.040960856901839904e+01 -1.999295027243931600e+00
1.007300783934455879e+01 -1.799529798988586782e+00
9.613511826492137757e+00 -1.573668449287217275e+00
9.080634326242432053e+00 -1.354664119473319772e+00
8.546539545872400723e+00 -1.167790072513841260e+00
8.067047401314354715e+00 -1.037322174127615071e+00
7.345955567000108211e+00 -9.066286084308264881e-01
3.764767179170825262e+00 -4.234436265930773824e-01
1.478003968926908218e+00 -1.789713348406085924e-01
1.344487556213481150e-01 2.204811569082117464e-03
-9.265692570617229534e-05 4.706169936021614521e-07
