-3.230184299774785472e+01 2.066084357305965113e+01
-3.229266711081847063e+01 2.088345700468340382e+01
-3.027454841131722318e+01 2.216859541350580898e+01
-2.917967604378102209e+01 2.278836197079366244e+01
-2.833859316385777305e+01 2.320707218827039142e+01
-2.767674710872306676e+01 2.348664923373822688e+01
-2.669758065095440003e+01 2.385765325836588246e+01
-2.369428389455026362e+01 2.495546187938119331e+01
-2.279425201832624381e+01 2.519238074598875343e+01
-2.186153373022925805e+01 2.538422576654379270e+01
-1.988880982538288222e+01 2.568761571044708347e+01
-1.763347470889912572e+01 2.584463013768297301e+01
-1.546070359574318687e+01 2.588271755107706795e+01
-1.448523916484202090e+01 2.580479018059903851e+01
-1.336018736482088443e+01 2.565083393445038595e+01
-1.230212767763924120e+01 2.545219504720366643e+01
-1.114687580287121094e+01 2.518349262132153754e+01
-1.015236355527623680e+01 2.489205166567421301e+01
-9.243493152464756335e+00 2.456609069594367156e+01
-8.223629844410373479e+00 2.414782249748684251e+01
-7.345401304721079327e+00 2.372542821436003635e+01
-6.575135879077925516e+00 2.329297000168119780e+01
-5.826076930635032625e+00 2.280694355117125838e+01
-5.036960850453812810e+00 2.223918092661194024e+01
-4.477945539348127113e+00 2.175714673372013408e+01
-3.995441015572003707e+00 2.124197029931355019e+01
-3.505490059423586491e+00 2.059586134021957093e+01
-3.038865648754979443e+00 1.987245719420080547e+01
-2.776424845142047459e+00 1.931483924123084961e+01
-2.740104799034237537e+00 1.915418932907092397e+01
-2.760229769083465179e+00 1.903007773718024609e+01
-2.842854745414137962e+00 1.893355895398638822e+01
-3.024772024274357651e+00 1.885283896360440536e+01
-6.051531918730808535e+00 1.841774611655168314e+01
-7.904202186666965169e+00 1.808509264647651449e+01
-9.828651605080269249e+00 1.768285432941975444e+01
-1.166866678263463442e+01 1.720564645854562613e+01
-1.325490851801755277e+01 1.669521684917304682e+01
-1.462831788502395547e+01 1.617370857225356673e+01
-1.588369340539356145e+01 1.561657985266518267e+01
-1.734332739886526298e+01 1.488242360308115764e+01
-1.898562509228350947e+01 1.394648732140637470e+01
-2.077461943489667462e+01 1.279790429532950746e+01
-2.230444191540970067e+01 1.167517704085821428e+01
-2.370544465603026651e+01 1.051300596727833891e+01
-2.496796876960336675e+01 9.316708728464499600e+00
-2.598567144350324654e+01 8.191839046710867933e+00
-2.689394973424760593e+01 7.008901289241920907e+00
-2.766660162740230078e+01 5.806630751464184392e+00
-2.807088601514129067e+01 5.044245802119447397e+00
-2.834796665477465538e+01 4.422752306430221658e+00
-2.880201128583422587e+01 3.194523983793311039e+00
-2.912056564350000798e+01 1.901568664251047869e+00
-2.933147868731807861e+01 3.663978825865168987e-01
-2.940379914068354239e+01 -1.426639616239318897e+00
-2.933442559363371416e+01 -3.502625181997641057e+00
-2.914494854466227736e+01 -5.380101904177840844e+00
-2.897928027058431155e+01 -6.300405595883376009e+00
-2.880514928845407496e+01 -7.012525737117514701e+00
-2.847697103816756581e+01 -7.994313093336235632e+00
-2.804536806555941197e+01 -8.917153859612231059e+00
-2.751088036340959064e+01 -9.769309948138108268e+00
-2.676019133803394112e+01 -1.068724655395620537e+01
-2.587248442251487290e+01 -1.155850124466112838e+01
-2.471876156571361705e+01 -1.250909020368797897e+01
-2.344112133768034312e+01 -1.342493888402542090e+01
-2.207327011156993990e+01 -1.428708986457055019e+01
-2.082449185544241388e+01 -1.499101174709075757e+01
-1.956462743206554933e+01 -1.562286805483420693e+01
-1.846194213008602958e+01 -1.610665328882057068e+01
-1.733250739410248897e+01 -1.653306228836277469e+01
-1.616631851570942757e+01 -1.690057198134633865e+01
-1.476818216821038554e+01 -1.725215688802618530e+01
-1.354877903680458395e+01 -1.749396534927769054e+01
-1.234523823501315398e+01 -1.766716923543069484e+01
-1.097669711821902538e+01 -1.777395384529602396e+01
-9.828575003099530250e+00 -1.779647998543112308e+01
-8.745444541862637422e+00 -1.774637642537053495e+01
-7.737403496480534493e+00 -1.761687137039201545e+01
-6.821830726805679035e+00 -1.741298046928864096e+01
-6.006605475750990131e+00 -1.713932536582444754e+01
-5.161038868849380457e+00 -1.674589935051502820e+01
-4.396954210631820459e+00 -1.629253928166664878e+01
-3.424168284743932311e+00 -1.556209565380117077e+01
-2.326281797736482915e+00 -1.454475899878955225e+01
-1.369741432438399409e+00 -1.350096585823398954e+01
-4.703931167448816564e-01 -1.232992795156312127e+01
3.090655696448894041e-01 -1.115976579168149385e+01
9.833369262945674816e-01 -9.937215924979962978e+00
1.419878404224426349e+00 -8.930154228963600005e+00
1.785300068464620749e+00 -7.769306145783795969e+00
2.034792941856100157e+00 -6.611736883149217370e+00
2.148826742189881234e+00 -5.485281824452363786e+00
2.120424978992534903e+00 -4.439596458814285995e+00
1.945404911027651673e+00 -3.367489543081156889e+00
1.659228215058137446e+00 -2.433869490426466164e+00
1.286729413268502542e+00 -1.657796437391851896e+00
7.023158148953787538e-01 -7.950096307008366336e-01
1.974806600605271134e-01 -1.858176405424577793e-01
-4.468778998121012238e-04 3.975551483472509468e-07
