1.043093963194510998e+01 2.226655325404281882e+01
1.499209005652655158e+01 2.226226553807410369e+01
1.608787474304117637e+01 2.224048617858316845e+01
1.664126628234264160e+01 2.220390213066993823e+01
1.713464112448196275e+01 2.214895453894895638e+01
1.772090403151699789e+01 2.205997331389131944e+01
1.829691718410509083e+01 2.194908465625738714e+01
1.868262823973570264e+01 2.185556922756764919e+01
1.914466143595507575e+01 2.172857698388187941e+01
2.048748414761203662e+01 2.133664779759353181e+01
2.107820494405269329e+01 2.111629474243355986e+01
2.165319182420461175e+01 2.084536237345439602e+01
2.185677375690749003e+01 2.072476648703085900e+01
2.201334944309606456e+01 2.061343167894266060e+01
2.213097514789410170e+01 2.050616986855493096e+01
2.224390036242749957e+01 2.037497294520878199e+01
2.235095497077153581e+01 2.021639631206852172e+01
2.245010326102357467e+01 2.002994855952063347e+01
2.253911634756099147e+01 1.981708367246158886e+01
2.259461258127186412e+01 1.963710060383404254e+01
2.270308697336919224e+01 1.924958944265735283e+01
2.278606641657444598e+01 1.881999673749034940e+01
2.284270350937688576e+01 1.834987772617281365e+01
2.287931292447033726e+01 1.775622197973284955e+01
2.288525022292293087e+01 1.721901319609813541e+01
2.287634360934793420e+01 1.665628484801732156e+01
2.286055040136264083e+01 1.275765109048116130e+01
2.286572288306655665e+01 1.167683703293950437e+01
2.287920790970010998e+01 1.108192496848232445e+01
2.291718799659488681e+01 1.039161750351909497e+01
2.320363503207699907e+01 7.548123959761465329e+00
2.322346606475162645e+01 6.933897814707544960e+00
2.321775324602011281e+01 6.178558220397877498e+00
2.319868208366776940e+01 -5.299065709614744435e+00
2.316286669468028947e+01 -6.383666535056024216e+00
2.310819926384547784e+01 -6.950952157346024229e+00
2.304168612618949297e+01 -7.411466545849433984e+00
2.295516920963320473e+01 -7.877505978603178249e+00
2.286890236850824110e+01 -8.232537780673380823e+00
2.276728731611478551e+01 -8.587367336805613149e+00
2.261728255275966504e+01 -9.053651841937220723e+00
2.244612292853271995e+01 -9.514222269059290582e+00
2.229903882351159794e+01 -9.857013364725604632e+00
2.209450563533144773e+01 -1.029652499616383210e+01
2.182144661394321616e+01 -1.081786772354886317e+01
2.152688813350729191e+01 -1.131405936747616181e+01
2.116060919110963212e+01 -1.187825665028869615e+01
2.083717048862189358e+01 -1.232657140018978659e+01
2.050204095032934148e+01 -1.274403680348689427e+01
2.015950954052589594e+01 -1.312762921476463518e+01
1.981673242204127661e+01 -1.347490181577312107e+01
1.947311483199509397e+01 -1.378537037419499889e+01
1.906418453042871874e+01 -1.411440641055520118e+01
1.865018844747232762e+01 -1.441157360227552608e+01
1.822725714040062073e+01 -1.467900833338014266e+01
1.780030653546384301e+01 -1.491221530857727373e+01
1.738032370624636513e+01 -1.510617798670637590e+01
1.697252078470816627e+01 -1.526414869254277917e+01
1.645553054827616535e+01 -1.543424312735618287e+01
1.575590554414728750e+01 -1.562475227725987281e+01
1.509392420394552303e+01 -1.576457859507327441e+01
1.419838775461198033e+01 -1.590262478980832661e+01
1.337995159090121433e+01 -1.599889987461362928e+01
1.275435678148543062e+01 -1.604495688921632635e+01
1.210888639298420877e+01 -1.606696219853382246e+01
1.034499576582736324e+01 -1.607352490810493961e+01
9.670799679670651017e+00 -1.606696296440945204e+01
9.018111543407906439e+00 -1.603715032524127082e+01
8.300806464790579042e+00 -1.597395229523586124e+01
7.668031047348981666e+00 -1.589339865709447963e+01
7.114367975820229617e+00 -1.579435885770168646e+01
6.636667854034289604e+00 -1.567747547968595079e+01
6.159288973063349104e+00 -1.552801961894501304e+01
5.612236847838238951e+00 -1.532483904986542100e+01
5.080557595209813648e+00 -1.510199813992347018e+01
4.513639853021254034e+00 -1.481862148223111397e+01
4.234517797078193979e+00 -1.465905817335847061e+01
3.972843035877697382e+00 -1.448778765591084294e+01
3.727553259012879483e+00 -1.430500384478945008e+01
3.498721649872145623e+00 -1.411148941333077467e+01
3.285060691140768707e+00 -1.390424213578285162e+01
3.084753434522126803e+00 -1.368039549538360689e+01
2.895202243284175747e+00 -1.343836490219955593e+01
2.713257308819265301e+00 -1.317557453846816173e+01
2.536834400696640124e+00 -1.288950399890501153e+01
2.364833116509742705e+00 -1.257941438397838851e+01
2.162908765565988656e+00 -1.216767964767654320e+01
1.971108861656132527e+00 -1.173830314640605899e+01
1.822153128700546798e+00 -1.138339217273493631e+01
1.654207309958526162e+00 -1.092810182770296201e+01
1.399351651227529025e+00 -1.010024908980331304e+01
1.177431036580207868e+00 -9.291324169231129915e+00
9.977339522668519090e-01 -8.516220419161330213e+00
8.687449802128749399e-01 -7.811296251846656880e+00
4.586573385193420949e-01 -4.434295337641089851e+00
1.762271077317357493e-01 -1.808923978700211821e+00
8.013887286396260967e-02 -8.229299166163600576e-01
4.105098729834022464e-02 -3.154443835360866699e-01
1.958617474917695792e-02 3.395498753226628419e-01
3.796523606352703614e-05 4.729827731073911887e-14
