2.432167587978486267e+01 2.592592592592602685e+01
2.454786809353062083e+01 2.544022330561241318e+01
2.452187258944673331e+01 2.507290042579445100e+01
2.458445166602507115e+01 2.388641387752095824e+01
2.464609131721400104e+01 2.261475046469771755e+01
2.484362189444070168e+01 2.011063757953199982e+01
2.495113366202423677e+01 1.801694913989447855e+01
2.495373554648935155e+01 1.698335413575531305e+01
2.491986677982739451e+01 1.591227201251986045e+01
2.487189869942212184e+01 6.549315582196833851e+00
2.483624354626013186e+01 5.939376364800081021e+00
2.481693509669787900e+01 5.391414779235590871e+00
2.499861539430105140e+01 2.904718165925832096e+00
2.498335843587700467e+01 2.389119978768997399e+00
2.495863113719736148e+01 1.803786297203640476e+00
2.492053189893339393e+01 1.032831786975774380e+00
2.486836166096661671e+01 -1.313422691824857491e+00
2.480414764566285157e+01 -2.065299089674432764e+00
2.472586534656009150e+01 -2.701490133429140350e+00
2.463277983290647200e+01 -3.318968446860103061e+00
2.450623065803764788e+01 -4.167320557893043009e+00
2.425990981725579942e+01 -6.261884685439851772e+00
2.412084042823599006e+01 -7.061017031243352449e+00
2.398899718719711061e+01 -7.621188244357087527e+00
2.383611617685896533e+01 -8.188926801875824779e+00
2.366280698226894685e+01 -8.764147189750858047e+00
2.349029973537443183e+01 -9.254307032890791263e+00
2.323653630895420719e+01 -9.936397848424125101e+00
2.290929105614106476e+01 -1.073731791776125100e+01
2.237504751883288634e+01 -1.200062364285059147e+01
2.198697778122269852e+01 -1.283135326806671195e+01
2.168701920146589046e+01 -1.336211796746281166e+01
2.140442593207627553e+01 -1.378980595381342056e+01
2.105153121331468569e+01 -1.427351324473221261e+01
2.067671305071423404e+01 -1.472518106574199948e+01
2.034202827531785474e+01 -1.507637102968725884e+01
1.999770648472846446e+01 -1.539870311876293485e+01
1.964373463427937949e+01 -1.569482763261214053e+01
1.927931011118796079e+01 -1.596903209273876456e+01
1.890583091941221028e+01 -1.622217673107999758e+01
1.846563862655045440e+01 -1.649069488812041939e+01
1.802632610250947920e+01 -1.672490021956686235e+01
1.764830538846125307e+01 -1.689851617142295837e+01
1.720195016676892052e+01 -1.707432953430732425e+01
1.674461821377777326e+01 -1.722807800578135584e+01
1.627121750031863456e+01 -1.736637362509639715e+01
1.578224505835742519e+01 -1.748697902090641776e+01
1.528171569810646524e+01 -1.758760876092825853e+01
1.469522108035182661e+01 -1.768102456363611807e+01
1.409756129706386751e+01 -1.775564194414331709e+01
1.350223627566130169e+01 -1.781191832003126763e+01
1.298568644020799390e+01 -1.785073198479065937e+01
1.238966403040851283e+01 -1.787949916978186593e+01
1.051420611554184070e+01 -1.789806557920607233e+01
9.886940120112463148e+00 -1.790895743028202602e+01
9.485402552594965897e+00 -1.791131932197709631e+01
9.090245033704782429e+00 -1.789822090698318036e+01
8.762574838062958449e+00 -1.787604448448598404e+01
8.365565698044507670e+00 -1.782438657654945047e+01
7.828192018213720793e+00 -1.771507286221033439e+01
7.220227912949992444e+00 -1.755632511338738766e+01
6.687957808195816867e+00 -1.739460189546242574e+01
6.235162981778005431e+00 -1.723807606229211942e+01
5.852794697703189719e+00 -1.709661758982790047e+01
5.054816805138690583e+00 -1.673796818164442968e+01
4.649884222421610147e+00 -1.656815347728049659e+01
4.431676297405090281e+00 -1.648568486293776303e+01
4.223734811005910750e+00 -1.639765686636382114e+01
4.024173912706195289e+00 -1.630180607089074840e+01
3.832046624902348153e+00 -1.619713234701164950e+01
3.645946228797606103e+00 -1.608309403588406283e+01
3.462467737485285468e+00 -1.595798383926901209e+01
3.079779846834022283e+00 -1.557665285137156097e+01
2.750866944181286300e+00 -1.521963101329032853e+01
2.518728957703165516e+00 -1.494676192929920511e+01
2.336407638079361249e+00 -1.471311815167739034e+01
2.134137872781713074e+00 -1.439007771644443956e+01
1.524772931257928787e+00 -1.295455780350148878e+01
1.319343181811553078e+00 -1.253547983449622727e+01
1.128621887561219506e+00 -1.209932662395817538e+01
4.870397899313848034e-01 -9.969581768570463964e+00
3.029679183292446898e-01 -9.438766068659599995e+00
1.199642540121447359e-01 -8.848825830987005148e+00
-1.634789296239589143e-02 -8.402205990676163694e+00
-1.512031093898502654e-01 -7.869449145266257162e+00
-2.857052136817601617e-01 -7.175824564590246091e+00
-3.716922666549311582e-01 -6.632995939979740463e+00
-4.276027585992005497e-01 -6.324829538225352543e+00
-4.734994590763075273e-01 -6.095936069233982124e+00
-5.105371040803351468e-01 -5.864358200214273786e+00
-5.373805404564929722e-01 -5.626337149623223510e+00
-5.256559344949356394e-01 -5.208435471273004325e+00
-4.546207341161442872e-01 -4.592786281971861229e+00
-2.291223470360133352e-01 -3.392196384771519302e+00
-2.002254597770806652e-02 -2.335379751687113981e+00
5.048530042180504607e-02 -1.740875452421605463e+00
4.831859600780784303e-02 -1.439898354986864470e+00
9.072732551822824953e-02 -7.516319018409330921e-01
5.120859527971962505e-02 -5.523942835553347086e-01
1.716123805347284528e-04 2.543864679963907473e-14
