-4.649453186690871576e+01 -2.351407716371221568e+01
-4.677980209587305893e+01 -2.354561939336592147e+01
-4.655879643809406332e+01 -2.361441557403957958e+01
-4.639296516664870751e+01 -2.367329635441872782e+01
-4.625857349649209738e+01 -2.373498928839234523e+01
-4.613670466262582437e+01 -2.381329183830991880e+01
-4.601375918524637854e+01 -2.392814323292082079e+01
-4.581096956183241531e+01 -2.428376890507960084e+01
-4.560675784135565181e+01 -2.478195418196414579e+01
-4.543579415322594173e+01 -2.529468290877356296e+01
-4.479150691554887231e+01 -2.869976217292731846e+01
-4.455354222873057068e+01 -2.959889538646930873e+01
-4.435409822230775490e+01 -3.015558891828914057e+01
-4.408884741164911247e+01 -3.075468211505274141e+01
-4.300211734621140636e+01 -3.328746736844843923e+01
-4.283119722937303209e+01 -3.353452337853449450e+01
-4.265067957811725563e+01 -3.375327436777577361e+01
-4.244711376122139512e+01 -3.396121639291780525e+01
-4.225538018366396642e+01 -3.411649804652090268e+01
-4.195985639959928193e+01 -3.434174755041878768e+01
-4.162786661139603694e+01 -3.455022840651197669e+01
-4.121355869136660033e+01 -3.476781919978920143e+01
-4.083182325773433519e+01 -3.492105377095959540e+01
-4.044256435288575346e+01 -3.503996842825940661e+01
-4.004815414743952573e+01 -3.512678601096483533e+01
-3.958582717900292636e+01 -3.519876240969885828e+01
-3.909502917997944849e+01 -3.524577811344088474e+01
-3.850048360278873361e+01 -3.527371827102421520e+01
-3.780346552704477858e+01 -3.527500181420727898e+01
-3.724143971308763668e+01 -3.523877743447992827e+01
-3.674920422522284724e+01 -3.517623267836699341e+01
-3.617584181962011769e+01 -3.506956884156112864e+01
-3.567874639891135047e+01 -3.493873903878527898e+01
-3.520457287418956582e+01 -3.477556823066677794e+01
-3.482741240764163138e+01 -3.460873677356469358e+01
-3.447808764935255965e+01 -3.441309928020567810e+01
-3.409801654987060004e+01 -3.414235446453359657e+01
-3.363368072999686120e+01 -3.374097579945090075e+01
-3.318648420382166364e+01 -3.331194114397817430e+01
-3.285352182601255322e+01 -3.297064555300633515e+01
-3.247690286418868055e+01 -3.254713825377199754e+01
-3.117642778381377511e+01 -3.088649161573252400e+01
-3.077684332760236074e+01 -3.038027461511573080e+01
-3.041289080423334923e+01 -2.986896615572322133e+01
-3.011665016485644841e+01 -2.941519482276897079e+01
-2.949212730277551486e+01 -2.833448674982829019e+01
-2.864694064257610151e+01 -2.699818338340628543e+01
-2.796092076115634484e+01 -2.603571986734706911e+01
-2.761262981943111328e+01 -2.561173856694207984e+01
-2.723708171164985714e+01 -2.518162073872445106e+01
-2.596423219392477577e+01 -2.372079070287606584e+01
-2.541362050687935081e+01 -2.314550446938470074e+01
-2.494247971771954653e+01 -2.268056633759888285e+01
-2.453990101172549387e+01 -2.231396293252383600e+01
-2.407121165754623959e+01 -2.191690560407833743e+01
-2.362016627321857598e+01 -2.156541480661598342e+01
-2.319110223371503210e+01 -2.126541783182733525e+01
-2.284071634810320361e+01 -2.104942624859848621e+01
-2.250195702949775267e+01 -2.086538020845363661e+01
-2.211176276964672027e+01 -2.068234786750655374e+01
-2.171763295170353203e+01 -2.052554674294710679e+01
-2.131290805577959446e+01 -2.038922319720948551e+01
-2.077162936334857690e+01 -2.023555532129621781e+01
-2.014762882106613517e+01 -2.008165069657527368e+01
-1.956677478469732279e+01 -1.995426131990045704e+01
-1.897730367635245941e+01 -1.984297706782372828e+01
-1.837983830495291571e+01 -1.974723382459429999e+01
-1.592700957467114797e+01 -1.945643054292814966e+01
-1.506376292346052104e+01 -1.937917226758813527e+01
-1.381626242393830850e+01 -1.932466236397772619e+01
-1.320633609657188501e+01 -1.925857459983938114e+01
-1.251573663928004798e+01 -1.913946525673817689e+01
-1.177106143830089557e+01 -1.895876950303994235e+01
-1.125418614721782262e+01 -1.879682167629816902e+01
-1.075385844985538775e+01 -1.860739976254057026e+01
-1.027648435106173253e+01 -1.839181672238702703e+01
-9.885260047692506546e+00 -1.818535248777336122e+01
-9.524524520594914279e+00 -1.796579346200396898e+01
-9.149512369857614402e+00 -1.770144227316603747e+01
-8.718292924071310068e+00 -1.735024753177915358e+01
-8.349261553766622157e+00 -1.701650722107075353e+01
-8.071982926236529465e+00 -1.674180919246039068e+01
-7.799690550768488606e+00 -1.644713946663524595e+01
-7.188673469117335735e+00 -1.567070975429104784e+01
-6.684419747773317155e+00 -1.498071636479459734e+01
-6.166131156690582316e+00 -1.418277000909223595e+01
-5.576399528614459200e+00 -1.317709966649618991e+01
-4.052588913173461371e+00 -1.030994045689007166e+01
-3.501781209985446619e+00 -9.286691021402546653e+00
-3.081734929445850035e+00 -8.472378993936960256e+00
-2.639999335218190968e+00 -7.518577143166193189e+00
-2.214729186318453724e+00 -6.462206795267405823e+00
-1.803442151993617015e+00 -5.369375561295970378e+00
-1.046365085228905922e+00 -3.139399888781616799e+00
-8.905583758572468422e-01 -2.751914920713801838e+00
-7.508182310096837009e-01 -2.361682163183418837e+00
-4.104773684034742076e-01 -9.390742338509875387e-01
-2.524044900570833749e-01 -4.512682696447256059e-01
-1.493265652315262648e-01 -2.522649711991277188e-01
-3.083650895295354707e-05 -4.003861504862982028e-15
