-1.222960905711424928e+01 3.085512648352257248e+00
-1.248488325207313565e+01 3.112473745439714001e+00
-1.268663536788243462e+01 3.254108648814924898e+00
-1.292494302608136003e+01 3.472977081659731180e+00
-1.320216635051589371e+01 3.776723746081462885e+00
-1.343966140575554746e+01 4.076768934250234011e+00
-1.365109898738653627e+01 4.381052044472824925e+00
-1.410785783195789023e+01 5.131699021802160310e+00
-1.450196637787854392e+01 5.926921645134938466e+00
-1.485697720088814933e+01 6.792062974193647129e+00
-1.516303825404795802e+01 7.710369183861559783e+00
-1.541805575119460769e+01 8.659198469986117530e+00
-1.562580663477535126e+01 9.621410062324592616e+00
-1.580673519956114781e+01 1.069882876593534071e+01
-1.592532039266432875e+01 1.169208873951473393e+01
-1.601185896086190041e+01 1.284214659247507484e+01
-1.606976367209177070e+01 1.441338183393871830e+01
-1.606812562575458259e+01 1.578211818314966131e+01
-1.601115081089925241e+01 1.690742910960114642e+01
-1.589457003946924551e+01 1.800157075262861639e+01
-1.571632480498289119e+01 1.904643204429297043e+01
-1.547355700585202598e+01 2.003037911536851112e+01
-1.532048683529739108e+01 2.044878815428116070e+01
-1.511105049112348020e+01 2.096257578579915659e+01
-1.469626017006511098e+01 2.188303970733092285e+01
-1.426034765107536550e+01 2.269838884848394400e+01
-1.367932394702638099e+01 2.371268545155286489e+01
-1.311861199662032895e+01 2.462039021530641492e+01
-1.166545086336486037e+01 2.701097140919588924e+01
-1.099313905621819210e+01 2.814154989251180439e+01
-1.052109863650642652e+01 2.895456063425580240e+01
-1.006947452795714248e+01 2.976672006818866478e+01
-9.654171704320221536e+00 3.057837759140915068e+01
-9.242980093950960097e+00 3.148264510579840092e+01
-8.953827082150548122e+00 3.217521472823944606e+01
-8.524656425555148687e+00 3.345339386320965502e+01
-7.996890082273182543e+00 3.525335188601823688e+01
-7.743755548979232017e+00 3.612222623100879559e+01
-7.531121514508498649e+00 3.698337849935487043e+01
-7.381822819436245631e+00 3.769494276870765503e+01
-7.285844296330743042e+00 3.829475106327229383e+01
-7.231710464781457404e+00 3.875466757362237757e+01
-7.167749281378804405e+00 4.019184397804414033e+01
-7.017238216597307954e+00 4.158734359178206574e+01
-6.926068216421375823e+00 4.199956136602332890e+01
-6.841520979974204053e+00 4.219370864143632360e+01
-6.745543978886338721e+00 4.226497921813948011e+01
-6.602781229726851109e+00 4.226818543767713265e+01
-6.439318484826774380e+00 4.221787110102825125e+01
-6.297138870477979822e+00 4.213693204434623141e+01
-6.162280176479283611e+00 4.201777594462051724e+01
-6.013827204718192654e+00 4.183868697873489140e+01
-5.634046772939326431e+00 4.119683229373422506e+01
-5.294162513245700197e+00 4.048983369623750406e+01
-4.905555425886485743e+00 3.953790526564819174e+01
-4.473144939422522448e+00 3.835872670164899745e+01
-3.481731058235782772e+00 3.529735490823190247e+01
-2.898422761725482300e+00 3.363888839849393975e+01
-2.334246098783640644e+00 3.225254855817695443e+01
-1.696530815381219082e+00 3.090540050506193381e+01
-1.134458512405967179e+00 2.988500154141383192e+01
-4.589552055763984062e-01 2.879669797088403271e+01
2.812217843854855071e-01 2.768899452783526272e+01
1.697234891705817761e+00 2.563206461793414448e+01
2.251416028593691721e+00 2.479185797809812897e+01
2.766319441402781187e+00 2.392472057812045705e+01
3.229948721577208026e+00 2.301718483633082357e+01
3.504148644022230474e+00 2.241328880081472263e+01
3.757068067098240149e+00 2.179265953194767746e+01
3.990328452571314521e+00 2.114680229091535679e+01
4.168718907437546584e+00 2.060199663293197148e+01
4.364101067218443930e+00 1.991066050188414494e+01
4.536979308458049864e+00 1.919329848789147874e+01
4.761987452660531694e+00 1.789434664530997665e+01
4.923339841143317130e+00 1.656541893265982779e+01
5.012420107288680704e+00 1.534627879428244235e+01
5.040841707592108811e+00 1.425596379838946426e+01
5.008557837925006417e+00 1.317043934274251704e+01
4.922015895326239843e+00 1.209536725826280978e+01
4.755717605489317101e+00 1.090059657961203676e+01
4.525748011111186742e+00 9.735617275321775566e+00
4.239224958650030572e+00 8.624148332237757231e+00
4.045951061730204579e+00 7.953971438069881827e+00
3.799522655247410619e+00 7.207731194506357575e+00
3.550859836310923168e+00 6.507440350130081264e+00
3.291695604616122761e+00 5.841472354796763966e+00
2.562998968907592712e+00 4.291872862724988025e+00
1.656689650627695576e+00 2.552589298223783221e+00
1.245749307789527860e+00 1.804044040934416282e+00
8.530641359857968897e-01 1.139254984643769175e+00
4.870622602084169195e-01 5.774987962980641099e-01
1.145025567399900052e-01 6.476238161109959535e-02
-1.790140478248355149e-01 -2.718517803213877926e-01
-2.323303691831296036e-01 -3.573578838792341728e-01
-2.573285532272537313e-01 -3.935328416234528115e-01
-2.487561961942590938e-01 -3.989184574082089152e-01
-2.333613729052955443e-01 -3.515801899865417801e-01
-1.864577059188331221e-01 -2.651735705288289502e-01
-1.136872293254654748e-01 -1.422976599080874871e-01
-2.624256345649353698e-04 4.502993334950653221e-14
