-2.702145656548356811e+01 -2.239276904832664172e+00
-2.790582902244464947e+01 -1.589700089185539511e+00
-3.104349898033567356e+01 1.367023028090850634e+00
-3.214423230330513803e+01 2.479966273410508570e+00
-3.267965446057790757e+01 3.109410333264457815e+00
-3.306912305290708076e+01 3.648119583592647874e+00
-3.337396383475069683e+01 4.153717676150373350e+00
-3.363940582203863983e+01 4.704193216166861369e+00
-3.392253922799807242e+01 5.502591062770389563e+00
-3.412173689420526301e+01 6.373442256365395409e+00
-3.425654427961521264e+01 7.409570124197201402e+00
-3.428532448289050194e+01 8.358286112290755909e+00
-3.421797644467702781e+01 9.275346363121418136e+00
-3.405986054475943092e+01 1.012528015292333627e+01
-3.378802240913413613e+01 1.097091434844539570e+01
-3.345756650353743566e+01 1.163386487090785870e+01
-3.298668308548546690e+01 1.227415725729009921e+01
-3.239739504728402153e+01 1.280423169826617880e+01
-3.168086522739321964e+01 1.324193120977274241e+01
-3.074440817285700334e+01 1.365581476623181345e+01
-2.975434178060701385e+01 1.398013117683922246e+01
-2.860473159123125697e+01 1.426980043495233375e+01
-2.439974861295405972e+01 1.507486346076771788e+01
-2.243433371597621573e+01 1.552863227868471618e+01
-2.171919617361303523e+01 1.575086219248930597e+01
-2.107520415319104856e+01 1.600790727015863268e+01
-2.057477487422456619e+01 1.626315894131280970e+01
-2.003192936783807454e+01 1.661741311377020480e+01
-1.947050070575589231e+01 1.709262965087536656e+01
-1.904392977899059858e+01 1.755709801768400524e+01
-1.860832911039956983e+01 1.816027070921219888e+01
-1.823127375977143672e+01 1.882969205962361059e+01
-1.790598255229672375e+01 1.956021736870663119e+01
-1.761717980266551464e+01 2.035296329581430896e+01
-1.668246949897541143e+01 2.376443336008521001e+01
-1.617574741934021176e+01 2.522112632920682529e+01
-1.577924850206141727e+01 2.610280655703612851e+01
-1.533321185755094085e+01 2.693942517738939557e+01
-1.488252901956693464e+01 2.764516842440153610e+01
-1.442381655913519189e+01 2.823096837412112592e+01
-1.382308133958663987e+01 2.884543716541338298e+01
-1.321131965672038788e+01 2.933939852268808224e+01
-1.252487502403503328e+01 2.977398665336917816e+01
-1.176144823738956191e+01 3.014364746685258112e+01
-1.081897021494395972e+01 3.048766955134614776e+01
-9.825079483341532693e+00 3.075096461988741581e+01
-8.797256651029925933e+00 3.094564722971156101e+01
-7.622528199327026854e+00 3.108536422459258475e+01
-6.267613077953255285e+00 3.114384276845855481e+01
-5.002611471365625562e+00 3.110844598877717715e+01
-3.713776019736391820e+00 3.097906675737290172e+01
-2.597537727309510824e+00 3.077437406051848612e+01
-1.570380993845224005e+00 3.047352229423329462e+01
-7.747507115230419794e-01 3.013101151384903531e+01
-1.116120334302709988e-01 2.971954966059029601e+01
4.809520569787987809e-01 2.918256339274716993e+01
8.610385048224679094e-01 2.865688737006707498e+01
1.144634551428145741e+00 2.800574725967618051e+01
1.304162266381667212e+00 2.731488579280070184e+01
1.354121806140198503e+00 2.657947123220105468e+01
1.308993897870837531e+00 2.580108263920374867e+01
1.166321857614468716e+00 2.487229790322632894e+01
9.276808054781108259e-01 2.378188739569205978e+01
2.722086457341291732e-01 2.130026794752345154e+01
1.086632575683355445e-01 2.042402885732894902e+01
2.073838720154531218e-02 1.967054227939756572e+01
-6.911056034070652172e-03 1.882439573734002281e+01
5.953107361323627111e-02 1.809951412507762214e+01
2.318272520925470648e-01 1.740662699698608762e+01
5.200413601782367667e-01 1.676268217676576100e+01
8.669381936102595887e-01 1.625724497126080337e+01
1.230328997571407790e+00 1.588149889354307831e+01
1.747754805802777200e+00 1.549505747191439298e+01
2.352859337204645573e+00 1.517239513112540905e+01
3.604806490881107273e+00 1.471649902993970294e+01
5.989837641019725822e+00 1.407187896641059588e+01
7.159099294537002223e+00 1.371743109452340903e+01
8.247116967036337343e+00 1.328945621038900526e+01
9.130671815490385868e+00 1.282579878265624629e+01
9.903991299829350226e+00 1.226957489613973529e+01
1.054693310504195125e+01 1.162262073072738566e+01
1.102278262639555173e+01 1.090715958531827390e+01
1.120375488912688589e+01 1.052519207121543232e+01
1.133112136136693771e+01 1.013205550581585079e+01
1.140448163033324214e+01 9.632723177382210622e+00
1.140165817808806992e+01 9.223406199671277506e+00
1.131168130356918056e+01 8.712598181553110166e+00
1.117911510681814136e+01 8.307112341211324136e+00
1.099165132560726121e+01 7.910339631472804278e+00
1.068250850243981098e+01 7.434473413685958043e+00
1.030527285041992869e+01 6.983715501238708434e+00
9.871887771582308346e+00 6.560587687916438426e+00
9.089068180370295735e+00 5.936207927484494995e+00
8.123707145884621283e+00 5.295506606203795208e+00
4.871180621435859059e+00 3.463023413576792109e+00
3.453651497860728892e+00 2.581656947741678199e+00
2.330922888844517260e+00 1.808516881652083130e+00
6.027644004941604683e-01 5.450328599900242654e-01
7.990911903128669613e-02 1.202742103169975596e-01
-2.197773250681175992e-03 -8.446381275661908952e-08
