2.699722672353867381e+01 4.497645182607775638e+01
2.736890233093648561e+01 4.519391261865519027e+01
2.743546879855381349e+01 4.527905505948150733e+01
2.746875013030249590e+01 4.530308060802203585e+01
2.748685753082626348e+01 4.529407239736278257e+01
2.749943009783308057e+01 4.526984915759018691e+01
2.749807893959530247e+01 4.523167811750345635e+01
2.747805426093589887e+01 4.517207358226268354e+01
2.717820892261401156e+01 4.472867136452543235e+01
2.673781815917169880e+01 4.404885319740792227e+01
2.647621393277162127e+01 4.361445851185287381e+01
2.551289459765686018e+01 4.204054841668813935e+01
2.528903593611874356e+01 4.165988547680653653e+01
2.500166323030522619e+01 4.119907002891893200e+01
2.445980172750676473e+01 4.038496423502673593e+01
2.414234206119019177e+01 3.990947647557622702e+01
2.387846498996745837e+01 3.952575629361212606e+01
2.315929423184206115e+01 3.855439000893420598e+01
2.242164555485350164e+01 3.757332453128632466e+01
2.213876005313226258e+01 3.717079314998542827e+01
2.157319551612156872e+01 3.637151371807713929e+01
2.083914243244291598e+01 3.532851900013699264e+01
2.045840379658858765e+01 3.475457520835095693e+01
1.960416459512811826e+01 3.346059155006238939e+01
1.931862240289705213e+01 3.300041077621843755e+01
1.878593801100009841e+01 3.214953157032744002e+01
1.827391420942963052e+01 3.134434205174692778e+01
1.808988025878733907e+01 3.102795506707816742e+01
1.791181750550097718e+01 3.071211579459483332e+01
1.726540846846247845e+01 2.960445117872912846e+01
1.699411400943586870e+01 2.911326124857268027e+01
1.633600490985289966e+01 2.793841591941378866e+01
1.576109241937082217e+01 2.692789302880291302e+01
1.552101487381843015e+01 2.650674352669269140e+01
1.532501561985675131e+01 2.617333473541436817e+01
1.490136940192316573e+01 2.549939271804298002e+01
1.437910537625413454e+01 2.468982375756012004e+01
1.412761621253180344e+01 2.429675386870099985e+01
1.357270747100260344e+01 2.348655542532341656e+01
1.341644699591139123e+01 2.323078847274067726e+01
1.326678821918628159e+01 2.297643171329387357e+01
1.279529293713284943e+01 2.219681051797151383e+01
1.251579287904883131e+01 2.173577461679703404e+01
1.237439396579748951e+01 2.148346238428089094e+01
1.220233162261711790e+01 2.116987653186572516e+01
1.180413353107131158e+01 2.046070837214214322e+01
1.156166782955425809e+01 2.003636235197551230e+01
1.134567139168469296e+01 1.967745456674671800e+01
1.089480787098068681e+01 1.898154089507884024e+01
1.073253344479363136e+01 1.870371116251669719e+01
1.055427639588223343e+01 1.839221917508573512e+01
1.031100807594188495e+01 1.796058981584701897e+01
9.856427314620882285e+00 1.715177944985067526e+01
9.133996253344227156e+00 1.587360832092480756e+01
8.628747952328188475e+00 1.496344320960766083e+01
8.497273241094148943e+00 1.471529450411024875e+01
8.386722683635381870e+00 1.451010155306594029e+01
8.179165903282036965e+00 1.416370009384676010e+01
7.632066176251026235e+00 1.332806034445938081e+01
7.034879835776886914e+00 1.240195156688125344e+01
6.136919674503168665e+00 1.097166971728555218e+01
5.792091233690748631e+00 1.038066593261718928e+01
5.652197933351079229e+00 1.013262615694350366e+01
5.517384227486532566e+00 9.906278242362775543e+00
5.270573474525162894e+00 9.529887532918907667e+00
5.133275275913390168e+00 9.297307836789363122e+00
4.962808806002144024e+00 8.995515284595882122e+00
4.615187972088710566e+00 8.379153281253911345e+00
4.491964914435470746e+00 8.157171194097983857e+00
4.382003669908634436e+00 7.975167187254743162e+00
4.265792226868440729e+00 7.804020087211279488e+00
4.143084184741390175e+00 7.640869119164052314e+00
3.880616911669268809e+00 7.339164795441643463e+00
3.744424894077423183e+00 7.156897793387859252e+00
3.618623690157605211e+00 6.967195113684583774e+00
3.518922366613939090e+00 6.790825520025761008e+00
3.470892630125633538e+00 6.683144201485070823e+00
3.410757925808601598e+00 6.546166340047489207e+00
3.353339914373060449e+00 6.404098112843372270e+00
3.297843202063361900e+00 6.256660224223669964e+00
3.203898991294677145e+00 6.009693042423287501e+00
2.930882628391049405e+00 5.316578017720955174e+00
2.780209671222042545e+00 4.948588894308041830e+00
2.648403744478980748e+00 4.655861480720020928e+00
2.488107550439404569e+00 4.338193457109242424e+00
2.298746812894650660e+00 3.988086206996512395e+00
1.897072643511049428e+00 3.288881971499940882e+00
1.769532163708632977e+00 3.052954963326135029e+00
1.667391331847410507e+00 2.867811275220160994e+00
1.580457447181360608e+00 2.717828287485048122e+00
1.491040042017348188e+00 2.576521488343171296e+00
1.241738289794409589e+00 2.263017015897057060e+00
1.159565419142599918e+00 2.136370573198656420e+00
1.095770384738217196e+00 2.024185206554982575e+00
1.025183075667549293e+00 1.891262017622476366e+00
7.111353271055464997e-01 1.332433818204787679e+00
3.527379869402679224e-01 7.254646396723234414e-01
2.335788865182238105e-01 5.001184515971449640e-01
1.180249891076590035e-01 2.641562056357613097e-01
4.386413046199600247e-05 2.305787749468886883e-06
