-3.191990343005227260e+01 4.411094248458899614e+01
-3.211317968153154112e+01 4.409259405653885011e+01
-3.198366867153334780e+01 4.406034989463172735e+01
-3.187149915757467866e+01 4.402234774570063536e+01
-3.177326871674296882e+01 4.397597762281227318e+01
-3.170705355554122917e+01 4.393288759298312840e+01
-3.164858200030196755e+01 4.387584656089531876e+01
-3.158343378506143395e+01 4.373659069384434162e+01
-3.145914418430912463e+01 4.298386093585089185e+01
-3.131308724950097400e+01 4.218598017249307475e+01
-3.099308224341154627e+01 4.046513611784544651e+01
-3.083502460203218831e+01 3.961343792198778146e+01
-3.028069300224681726e+01 3.580327104680161909e+01
-3.014292613608071036e+01 3.491662902233255750e+01
-3.001723428448057973e+01 3.400699979742137202e+01
-2.987506838019095667e+01 3.264979443340006071e+01
-2.973647911217795681e+01 3.091630804004940813e+01
-2.961307261702513216e+01 2.897505098632160525e+01
-2.947058396024349136e+01 2.601860677839357905e+01
-2.940690007189986233e+01 2.445283580935317858e+01
-2.937626031693055495e+01 2.291272797792909088e+01
-2.936318125326390671e+01 2.191963639157625465e+01
-2.937575201494324872e+01 2.102937853901564225e+01
-2.942541337067839891e+01 2.005308847997892485e+01
-2.952066796476426092e+01 1.891787596389655590e+01
-2.961333318648039992e+01 1.801038732402444964e+01
-2.978191484455606997e+01 1.671155918336313206e+01
-2.983419354563087467e+01 1.606914242112419089e+01
-2.998904059648868525e+01 1.392894160889974131e+01
-3.005684789176126870e+01 1.308480242147861894e+01
-3.011486099675776273e+01 1.248013855202142430e+01
-3.019223517337412943e+01 1.187274661803995635e+01
-3.031736715569414997e+01 1.111215570253505014e+01
-3.045416074540105811e+01 1.036940207290823324e+01
-3.055034287889901279e+01 9.870749334822651377e+00
-3.067543990207682114e+01 9.309647766300418681e+00
-3.090173086726507634e+01 8.478116110519922088e+00
-3.103114345675352581e+01 8.021961424638231364e+00
-3.114489348524261914e+01 7.642735037327927472e+00
-3.126945621491499594e+01 7.263643089700844158e+00
-3.143910836907086548e+01 6.808458275687603312e+00
-3.189552983555691412e+01 5.786676557234371465e+00
-3.230161921273700898e+01 4.931845281534511294e+00
-3.262656402541977485e+01 4.304297177560359344e+00
-3.320894983191945471e+01 3.338115687975700130e+00
-3.351719934840799198e+01 2.770095774922725518e+00
-3.372879342735843977e+01 2.304454395868603012e+00
-3.380956678566516871e+01 2.052169916159269469e+00
-3.386014520372469150e+01 1.839573854823652876e+00
-3.392496196904296113e+01 1.511400530589609881e+00
-3.394806375512071384e+01 1.219990942170793735e+00
-3.394281179141277249e+01 9.255876841540620070e-01
-3.390610985963726876e+01 6.338280451416197225e-01
-3.384557695311990955e+01 4.000623021642065735e-01
-3.374335111227083672e+01 1.212521104398505689e-01
-3.360601762370657752e+01 -1.452706075072847103e-01
-3.346410397930080904e+01 -3.519731044769750516e-01
-3.333379968915747327e+01 -5.042910939639235757e-01
-3.322848944572588437e+01 -6.080242601199915553e-01
-3.302520565556496734e+01 -7.914507069708367482e-01
-3.279567658824590382e+01 -9.604405491835477093e-01
-3.248770752280062624e+01 -1.141268186296010345e+00
-3.215304984807351474e+01 -1.296240339865353253e+00
-3.179790010947998624e+01 -1.432938181650920351e+00
-3.135919427735396781e+01 -1.576406539957917019e+00
-3.074990472353249160e+01 -1.752387327563898811e+00
-3.016472009787769437e+01 -1.904002484128928474e+00
-2.945586474647982556e+01 -2.061495191568303742e+00
-2.869939286113863020e+01 -2.207314834466773679e+00
-2.799957252165693689e+01 -2.323489934715092353e+00
-2.737010817721727562e+01 -2.405726659476547180e+00
-2.681971081928107381e+01 -2.457883627196296050e+00
-2.636187185617345463e+01 -2.485818535923070449e+00
-2.578946503399957280e+01 -2.495255485971454856e+00
-2.520611376535187276e+01 -2.483491103719360549e+00
-2.438339627673109433e+01 -2.437812192479594575e+00
-2.118429974871716226e+01 -2.137358822015178461e+00
-2.035895888713058710e+01 -2.082705209560397730e+00
-1.879474177271053392e+01 -1.984022497287466713e+00
-1.786417604600322306e+01 -1.911154127285479953e+00
-1.532348894347446411e+01 -1.613141810767483975e+00
-1.466784805224900978e+01 -1.558980009210283013e+00
-1.311327647027303733e+01 -1.428766823455366541e+00
-1.189424203881888609e+01 -1.307869672974725672e+00
-9.481897645272642450e+00 -9.977388388794472540e-01
-7.773234281397229495e+00 -7.645342680810764957e-01
-7.104925987375954932e+00 -6.987957100838824154e-01
-6.737988674311394810e+00 -6.807273868261156657e-01
-6.308734138752792653e+00 -6.699327784024752264e-01
-4.879017002521115920e+00 -6.632775783596933650e-01
-4.515892180166350300e+00 -6.591533408962227947e-01
-4.224400317739578803e+00 -6.465632941288445013e-01
-3.782742665890011402e+00 -5.980803471891404932e-01
-3.276435942543967084e+00 -5.129801962223444756e-01
-2.694121547135698957e+00 -3.885420192559679853e-01
-1.733199110872248649e+00 -1.449029911978155227e-01
-1.154066421225282468e+00 -3.685427903253946785e-02
-8.737846947695296906e-01 -7.115837405254877256e-03
-6.043818634373077092e-01 7.652956911946381079e-03
-3.674733040108350574e-04 5.222882614521839250e-07
