-4.521005531654609655e+01 -4.399014778325113184e+01
-4.559179514633112973e+01 -4.357392029281259482e+01
-4.536335173403801946e+01 -4.247593631741400344e+01
-4.488895006363959794e+01 -4.042899773257620666e+01
-4.407800240882050957e+01 -3.720698173516981200e+01
-4.295089907687438568e+01 -3.291351625115203916e+01
-4.229352430371835680e+01 -3.039103387538206746e+01
-4.138437842428606217e+01 -2.658918495128545700e+01
-4.058609077277493782e+01 -2.301190352677324569e+01
-4.005700962634485052e+01 -2.057079110839119096e+01
-3.965956658371806753e+01 -1.860828655632311524e+01
-3.905964053057968499e+01 -1.512271973740574538e+01
-3.829593442548683413e+01 -1.016065490009198413e+01
-3.804735656292009338e+01 -9.051974708429829874e+00
-3.769291534078419659e+01 -7.602657148224301942e+00
-3.744037145924258425e+01 -6.812651401399689277e+00
-3.712400072149052477e+01 -5.917528202450715646e+00
-3.681556068985363339e+01 -5.164204232227399771e+00
-3.648028155166662856e+01 -4.450744533414732196e+00
-3.616054000345209118e+01 -3.889996559286002853e+00
-3.575254448083735070e+01 -3.262481118843120420e+00
-3.536536779125778907e+01 -2.774520083268068760e+00
-3.493356642096356524e+01 -2.322518236603081654e+00
-3.437280116069268132e+01 -1.825789803117294108e+00
-3.385336899693814416e+01 -1.448916338954399752e+00
-3.329539010542274013e+01 -1.115212813662337599e+00
-3.259893949590998119e+01 -7.728850391547921195e-01
-3.187867310937669885e+01 -4.880001286890227052e-01
-3.115847536116013217e+01 -2.705784549974367126e-01
-3.077047414264767511e+01 -1.942341061586162487e-01
-3.039044934316152080e+01 -1.418644684513623577e-01
-3.001648003544177001e+01 -1.123139613613534926e-01
-2.964871304979004307e+01 -1.064162892663602644e-01
-2.910147213595080729e+01 -1.495491167092150853e-01
-2.858638994045007919e+01 -2.651162514989033325e-01
-2.811021242444699908e+01 -4.465395355167268154e-01
-2.767650984133030079e+01 -6.892006445220461019e-01
-2.728634401808418986e+01 -1.000487887427182310e+00
-2.693007985668823778e+01 -1.379594907955528083e+00
-2.659858360704037494e+01 -1.822715676433488419e+00
-2.624372575349668324e+01 -2.424568021794270223e+00
-2.588442242913826519e+01 -3.203652044135427257e+00
-2.556785657377226073e+01 -4.053366611657014396e+00
-2.521110119088119461e+01 -5.242022170923926971e+00
-2.464333845913911247e+01 -7.446213827349342118e+00
-2.287620853047106095e+01 -1.573066194855296906e+01
-2.211085301569052675e+01 -1.933067721710251874e+01
-2.173204030525634067e+01 -2.109675938670002893e+01
-2.140774220206795420e+01 -2.276961160927039884e+01
-2.117165291226508117e+01 -2.421546987508489579e+01
-2.086809296990648122e+01 -2.660260000868855101e+01
-2.048061208695673940e+01 -3.038470621496141533e+01
-2.031933047598610642e+01 -3.139280848082380615e+01
-1.987060734500319015e+01 -3.431394893069600016e+01
-1.958285918845299278e+01 -3.636126903103788521e+01
-1.944600467286863932e+01 -3.692242589294797028e+01
-1.930778730143662258e+01 -3.733696532425157244e+01
-1.912025743556166901e+01 -3.779030089696640715e+01
-1.888722463040301136e+01 -3.819637331880253583e+01
-1.872067438199085387e+01 -3.838142747837183322e+01
-1.853704095170123267e+01 -3.854782952741135205e+01
-1.823142773572633146e+01 -3.877568501862477035e+01
-1.799977764045994277e+01 -3.888932345279722824e+01
-1.774913063556853388e+01 -3.898398108195753764e+01
-1.726361508374527887e+01 -3.911645491291253762e+01
-1.673384256192903052e+01 -3.918685810190154228e+01
-1.618116383172725747e+01 -3.918749143796357970e+01
-1.578800838281917862e+01 -3.914695872831376278e+01
-1.539952872780669324e+01 -3.906998174266907853e+01
-1.501527558291356357e+01 -3.895514743320979534e+01
-1.463613912802190598e+01 -3.880410209464967153e+01
-1.426404949272334122e+01 -3.862081600605306875e+01
-1.382782539911692687e+01 -3.835559186461479442e+01
-1.340881238713679302e+01 -3.805205324150648494e+01
-1.307619837775970950e+01 -3.777911422232362071e+01
-1.275806193350535445e+01 -3.748054731069895240e+01
-1.239269665588582647e+01 -3.707792029944970125e+01
-1.203955543536049788e+01 -3.664419763720301404e+01
-1.163916984644854402e+01 -3.608610233225233799e+01
-1.124996053787809025e+01 -3.548945617535267161e+01
-1.093068622219458064e+01 -3.496452473599372013e+01
-1.062822514391990403e+01 -3.440869312141127523e+01
-1.038541620431437451e+01 -3.392810873371738722e+01
-9.961022544145242463e+00 -3.279204475226853077e+01
-9.547118140628041871e+00 -3.140699107978517546e+01
-9.109268460987816951e+00 -2.959409567967373178e+01
-8.465875887593158566e+00 -2.647127984783212895e+01
-8.050794795667084003e+00 -2.469487065390593017e+01
-7.609036558376353732e+00 -2.306962305311792960e+01
-6.777564354428458948e+00 -2.013148146163024421e+01
-5.395721652005978974e+00 -1.549644897749192296e+01
-4.687875606608431056e+00 -1.316306874988194942e+01
-3.536529017864595392e+00 -9.440777311821824114e+00
-2.468531507223788335e+00 -6.194570971753029731e+00
-1.734996397081394193e+00 -4.118906634191094263e+00
-1.091217218385358789e+00 -2.412973558414763353e+00
-6.154355480198742123e-01 -1.137803881540397688e+00
-2.157940093210633792e-01 1.883123284248060855e-03
-5.608899194377347380e-02 4.608748059464440328e-01
-1.174790119901253008e-04 3.924681229688205529e-14
