-2.105868534606231890e+01 -1.854775189879724806e+01
-2.125313874450445439e+01 -7.995582706152000618e+00
-2.118484808423043830e+01 -5.864910574108310293e+00
-2.105922292443529997e+01 -3.827642097000496069e+00
-2.081473271183255491e+01 -6.535703020112437756e-01
-2.068369821787565144e+01 1.127500835595791395e+00
-2.059470504565057425e+01 2.633716780917262135e+00
-2.051699822026196429e+01 5.088669896863993181e+00
-2.044302790915853407e+01 6.096665087224209856e+00
-2.032739129226145636e+01 7.213877976217978549e+00
-2.017618751216372530e+01 8.326384307032709486e+00
-2.001061556212064829e+01 9.317352207387163077e+00
-1.984243820714460327e+01 1.017422998469873363e+01
-1.965549682746765825e+01 1.100710581879627270e+01
-1.943192054635978039e+01 1.193608642184537949e+01
-1.912368666990210997e+01 1.316491455243281194e+01
-1.885090315267737893e+01 1.412574765544185595e+01
-1.856660649329403867e+01 1.504494587021593333e+01
-1.823619474503383842e+01 1.603127663694271376e+01
-1.797100975592208627e+01 1.672154668046405135e+01
-1.768627396528897222e+01 1.740036549949140365e+01
-1.741316777420185957e+01 1.796532939124466211e+01
-1.715530722705226907e+01 1.842311861671012707e+01
-1.687648694508107639e+01 1.886358218332619785e+01
-1.657275768971105023e+01 1.928821702018453976e+01
-1.623896333134925030e+01 1.969834810201394504e+01
-1.587536804732462237e+01 2.009277299159687402e+01
-1.533990334007261680e+01 2.061255015545424030e+01
-1.475053507225619320e+01 2.109286022278711670e+01
-1.402904863358235055e+01 2.160305063301573014e+01
-1.325815754426114523e+01 2.207245560839835719e+01
-1.252961157189867336e+01 2.246025067153172472e+01
-1.175884911533585253e+01 2.281537565387505140e+01
-1.072360535645682589e+01 2.324208931324242755e+01
-9.756306893592872953e+00 2.358871979115342299e+01
-8.765726401159309233e+00 2.390034153154290308e+01
-7.628935480779301059e+00 2.421337244923108756e+01
-6.475571249057598067e+00 2.448058380230066788e+01
-5.211079237932422004e+00 2.473530231798650902e+01
-4.207019377868079779e+00 2.488209580103600871e+01
-3.205773280801209157e+00 2.498433933266491991e+01
-2.188667073698974175e+00 2.505197465248467381e+01
-9.285101374941158170e-01 2.509600602363833488e+01
9.444123498120747529e-02 2.509127647822656826e+01
1.115592329302963703e+00 2.504567988127427114e+01
2.178964855822084434e+00 2.495233188466897190e+01
3.129408722353302252e+00 2.482696045842170207e+01
4.075828397681561910e+00 2.465830797509536154e+01
5.001056224130460137e+00 2.444739302517521295e+01
5.881346408864763120e+00 2.420099369544977819e+01
6.835757881143935677e+00 2.388314482477084510e+01
7.726415683332321649e+00 2.354136082091960347e+01
8.524892304562508016e+00 2.317894139956633737e+01
9.323574667535341476e+00 2.276057072354392830e+01
1.003906023043428775e+01 2.231950047476646404e+01
1.063612939275725111e+01 2.190063415231293220e+01
1.118695533822767985e+01 2.144669054177008860e+01
1.146618789146633333e+01 2.119237614661221514e+01
1.178146489360897498e+01 2.087126048583528259e+01
1.220659081812484636e+01 2.035378528409026799e+01
1.246287890649654173e+01 2.000409520224387094e+01
1.274091240382953139e+01 1.958076211160028990e+01
1.312929023581165922e+01 1.892360051538408072e+01
1.347696570106776548e+01 1.830454441607187377e+01
1.393411028687413378e+01 1.738185003713982013e+01
1.440005802451772610e+01 1.627300327137825775e+01
1.474131517289523785e+01 1.533659466019040885e+01
1.499339750690095485e+01 1.446245752389581796e+01
1.520253442026837831e+01 1.347837999745017612e+01
1.530005126641699320e+01 1.299893317464686504e+01
1.537415478800605051e+01 1.251113997607957984e+01
1.541000454183556378e+01 1.183370329190277204e+01
1.541860894440822349e+01 1.143112840577622968e+01
1.541754572090499309e+01 1.111998441637603463e+01
1.530531418900102913e+01 1.042682286124663094e+01
1.512534491561146943e+01 9.728443283906107908e+00
1.487834876455648292e+01 9.022731231948510455e+00
1.452685980087665030e+01 8.215266812843273314e+00
1.406428192499327601e+01 7.325618758650136897e+00
1.361933634551158612e+01 6.573792970974875693e+00
1.314015470582011780e+01 5.865530023456610564e+00
1.268612628928635822e+01 5.271183398189226210e+00
1.219155310551073512e+01 4.709792883231367355e+00
1.166422557491551082e+01 4.195109547884158019e+00
1.104056703598081235e+01 3.675026898558795718e+00
1.040610390444387967e+01 3.212167364773485190e+00
9.750746482991512920e+00 2.800392846961190507e+00
9.065227869277455497e+00 2.435788393751165515e+00
8.444407374649660625e+00 2.158654524711483447e+00
7.721388061836988115e+00 1.881549882664325102e+00
7.171262271850716630e+00 1.691552060221052534e+00
6.596904056283253936e+00 1.521932525978252571e+00
5.781686143287268820e+00 1.319906993541601903e+00
4.780097694858792323e+00 1.103959914261356756e+00
8.645474745329843058e-01 3.917356668495999283e-01
-1.315080413978793605e-01 1.508653081696336162e-01
-2.087721638632620280e-01 9.500644846820366363e-02
-2.110000762705840083e-01 4.939864615798861269e-02
-1.577274763855479600e-01 1.624248581560982022e-02
-2.168026219765518210e-04 9.471164835856028245e-15
