4.062240131610803218e+01 4.767053886721916456e+01
4.094627127767904540e+01 4.759271895113355555e+01
4.088760619521834627e+01 4.747561894640998759e+01
4.078427816128292704e+01 4.722087269748307392e+01
4.042649728355463168e+01 4.602782811066443713e+01
3.993995633001117085e+01 4.452061741208350298e+01
3.963519597833582253e+01 4.366820938641387073e+01
3.932987380530232002e+01 4.291011158967223338e+01
3.890111824845048005e+01 4.199004661318298304e+01
3.837455592309500219e+01 4.094580609061166854e+01
3.791490018181880117e+01 4.012190764040681046e+01
3.751545082380494023e+01 3.948471471513710895e+01
3.697304109049932919e+01 3.873300228302942827e+01
3.636814409477006649e+01 3.797208059740003705e+01
3.581611798020233550e+01 3.736305078391124113e+01
3.531337879964895876e+01 3.688720090741632163e+01
3.497085107854716313e+01 3.659645266974975186e+01
3.463398570127795750e+01 3.633116933745910870e+01
3.429960109761201892e+01 3.608700780327005475e+01
3.402107479199582230e+01 3.590123465425956795e+01
3.379354369511308676e+01 3.576573556641250917e+01
3.349857037303853957e+01 3.562242964668890721e+01
3.318603645271090841e+01 3.549766280733463475e+01
3.285487390673873165e+01 3.539001406418361029e+01
3.236777177929507587e+01 3.527940875393098707e+01
3.186105648086601505e+01 3.520520140026069100e+01
3.134780573170615980e+01 3.517147285407048685e+01
3.089739455587669781e+01 3.518037404929081191e+01
3.036448790566710798e+01 3.524251904553477743e+01
2.990337725831585303e+01 3.533479948523250869e+01
2.944145495648564648e+01 3.547021441113955831e+01
2.898577161754149145e+01 3.564374829535706368e+01
2.861313819412174908e+01 3.580551104972051490e+01
2.817360773896047732e+01 3.602519499497437039e+01
2.773320708377395150e+01 3.627016222136937529e+01
2.708232570178627441e+01 3.666673259956161957e+01
2.591095464321595543e+01 3.744889386979474466e+01
2.392698860813274209e+01 3.884237283890676906e+01
2.292289468055811241e+01 3.948761494943773442e+01
2.174095430997031286e+01 4.018095895112142557e+01
1.977815951301891317e+01 4.129476587042289282e+01
1.878109589012092684e+01 4.181069936498274586e+01
1.833501024690718495e+01 4.199729311184643166e+01
1.774023679403406817e+01 4.222677603653597345e+01
1.735505515616917194e+01 4.234686409872627877e+01
1.703830476724379039e+01 4.242237041617772064e+01
1.663464444971964440e+01 4.250111388446320149e+01
1.621732988866460445e+01 4.256106483435376475e+01
1.562200921396663311e+01 4.262038147340901162e+01
1.501638106866727718e+01 4.264252136690479489e+01
1.449349177459693294e+01 4.262329623991949035e+01
1.397021517801455737e+01 4.256299054638502355e+01
1.344689704695379540e+01 4.246115857639006919e+01
1.292860711747767333e+01 4.231961390914394627e+01
1.233340681289922358e+01 4.211536969471251268e+01
1.182777645843887804e+01 4.190081772834753338e+01
1.132653419584531029e+01 4.165266140016867524e+01
1.083347035950705717e+01 4.136768770548453489e+01
1.027648775884651045e+01 4.099384994144989491e+01
9.732242441066576433e+00 4.058733906537280234e+01
9.276769287884148341e+00 4.021155654284858372e+01
8.765340428444284626e+00 3.975091962316381000e+01
8.276085014131300710e+00 3.926257621545170906e+01
7.815740100956781511e+00 3.875560506342336708e+01
7.103977340581931088e+00 3.790662466081057858e+01
6.616457778828979563e+00 3.726377971530163791e+01
6.083342822802095817e+00 3.647559445423070912e+01
5.707616841173532407e+00 3.582573837361032787e+01
5.515370307301482811e+00 3.544402190272599285e+01
5.336956238702160960e+00 3.505150685795841525e+01
5.050414257462483292e+00 3.432017869210879013e+01
4.800929096258109929e+00 3.352486330163510786e+01
4.622249768128030567e+00 3.275752718614597825e+01
4.488750891739059057e+00 3.203238345448436775e+01
4.383809405442275597e+00 3.135016410776846740e+01
4.184585349330526505e+00 2.968593178410593225e+01
4.116022412784679396e+00 2.889358550173349371e+01
3.901358211744769822e+00 2.586721514869462268e+01
3.610588436712621530e+00 2.227157007216938567e+01
3.430884696155398039e+00 2.051899688497324448e+01
3.136038982678291287e+00 1.823154595896066965e+01
3.014145967711458152e+00 1.740006937976385970e+01
2.877389636547309060e+00 1.660460422888612797e+01
2.521892715257984197e+00 1.489088273904849835e+01
2.381044187903813558e+00 1.412947494918877567e+01
1.591119066905054336e+00 9.255161493862656741e+00
1.445592679478066023e+00 8.444908388015198497e+00
1.289880684077180151e+00 7.681445871326495478e+00
8.654456891239448169e-01 5.787374007715043511e+00
4.331542088630521703e-01 4.060156606475276320e+00
1.854740577850323702e-01 2.976911416198592342e+00
-6.019794850841000966e-02 1.748015594715702115e+00
-2.015706992147823784e-01 7.499508293556668148e-01
-2.347250402120477086e-01 3.030005042176729391e-01
-2.408227700300268614e-01 -5.226765716778651594e-02
-2.283468799160591478e-01 -2.324229423206030376e-01
-2.189870345571191812e-01 -2.859812615117777179e-01
-2.052697697686222955e-01 -3.104738835257063734e-01
-1.391280561548931538e-01 -2.533771348928037237e-01
5.552138270066363885e-05 8.181285421131133484e-07
