3.043843241604440664e+01 4.595687368503224235e+01
3.063533900275662347e+01 4.589598380318167870e+01
3.059129564577233751e+01 4.581327385963439980e+01
3.046862713558985902e+01 4.561644104706576286e+01
2.980843886539107501e+01 4.493092182766562814e+01
2.907562644733527080e+01 4.423522568331320315e+01
2.860689319982019185e+01 4.378813152978649725e+01
2.745712280814537465e+01 4.283703207286106363e+01
2.640597331281072613e+01 4.200904520072542425e+01
2.520872986902900337e+01 4.114060256003948268e+01
2.160645265260986392e+01 3.877448144358984194e+01
1.832547161686966319e+01 3.657101782914239863e+01
1.748176665128967500e+01 3.594453504924823761e+01
1.688799927201334228e+01 3.544673534233361778e+01
1.649446347706158278e+01 3.505542106032346084e+01
1.610929169919390702e+01 3.463248224516806317e+01
1.581850826820195799e+01 3.425585364182770576e+01
1.545419684852295994e+01 3.374572196541485170e+01
1.526987828456112695e+01 3.340583213066784651e+01
1.508567770091072191e+01 3.299875425802878937e+01
1.495600919694349251e+01 3.262927701861312357e+01
1.483133891010141703e+01 3.218449070786912358e+01
1.471110769271380114e+01 3.160982860096505931e+01
1.467496903343522874e+01 3.126087970379383307e+01
1.466337032633011006e+01 3.096925724316191264e+01
1.466177020314848178e+01 3.061656334072735675e+01
1.467914687211087177e+01 3.033041854486416256e+01
1.471071822340850055e+01 3.005607441976204797e+01
1.475765462796684346e+01 2.979682951804378988e+01
1.480925123178571035e+01 2.960118433490055168e+01
1.488650019944670433e+01 2.937005077321567370e+01
1.498149688954030978e+01 2.915366782346302088e+01
1.509455284161835564e+01 2.895146335679159577e+01
1.522639410218507194e+01 2.876213369822417931e+01
1.537700322895044103e+01 2.858687743430283490e+01
1.550833968786191619e+01 2.845435872730815419e+01
1.569301248984635322e+01 2.830648391988179924e+01
1.599469367665138542e+01 2.813375195254644723e+01
1.644816457560414591e+01 2.794921757699611931e+01
1.725629473864523433e+01 2.769562645816528601e+01
1.787900248900374578e+01 2.752272668933528621e+01
1.847734699885988263e+01 2.738767654305670263e+01
1.958498493738198931e+01 2.720151538800213586e+01
2.188328571467234340e+01 2.690443516674497815e+01
2.260815670978933056e+01 2.674790449755210275e+01
2.329862967013045605e+01 2.656141057312989062e+01
2.364690377990514492e+01 2.643188701691173392e+01
2.397736532605001258e+01 2.629135526271069523e+01
2.428727336038403450e+01 2.613850083569144545e+01
2.451154938671727024e+01 2.600446073573774441e+01
2.477895215078915925e+01 2.582965418188651441e+01
2.496762219342045697e+01 2.567765564820828672e+01
2.513979192244129734e+01 2.551762370956338799e+01
2.533786546342274093e+01 2.530860272498510000e+01
2.551037046284001519e+01 2.508896207025000180e+01
2.565547446105604124e+01 2.485996706068288731e+01
2.577075193601908154e+01 2.461805951181661456e+01
2.584234563807093821e+01 2.441373565786724953e+01
2.589637459234943151e+01 2.419956683967566846e+01
2.593463308797925393e+01 2.391581868803890387e+01
2.594391492153275891e+01 2.361898978991455778e+01
2.592786891731816468e+01 2.331322808363593424e+01
2.589073910449910443e+01 2.300153681213443946e+01
2.581695115245924299e+01 2.262564993827891868e+01
2.570064678436596139e+01 2.219630736873884302e+01
2.558861394355935204e+01 2.184012613166999373e+01
2.545878355391371528e+01 2.149272906409988337e+01
2.531360423159400241e+01 2.115470104736166945e+01
2.515843415153761953e+01 2.083521375646718354e+01
2.496142422750885359e+01 2.049251905260695850e+01
2.479551966277627173e+01 2.022244955611681050e+01
2.462509469089608416e+01 1.996858643312278048e+01
2.444328261405540559e+01 1.972358673455359934e+01
2.423918836907144936e+01 1.947608245954970485e+01
2.364685385074871604e+01 1.893119242539866676e+01
2.302286712158405990e+01 1.842090545749211117e+01
2.265537769182744299e+01 1.812308116258550683e+01
2.218817610494459203e+01 1.778426978418357152e+01
2.011675971280955366e+01 1.656036826496694303e+01
1.925400481320081525e+01 1.598352700775457613e+01
1.876476150469826720e+01 1.560420177179386592e+01
1.771589768172971802e+01 1.482303371910414391e+01
1.693804827121233814e+01 1.424664124296920775e+01
1.475493845930250991e+01 1.277784102351670903e+01
1.417655659611051888e+01 1.231482400120337672e+01
1.326668369341397913e+01 1.158933701981424491e+01
1.238139192336201866e+01 1.085307801306398723e+01
1.035066749493594429e+01 9.170633645723778926e+00
8.321112228337865346e+00 7.588317787604315079e+00
7.865717409697387197e+00 7.178071616865790538e+00
7.021597193917421542e+00 6.436443079009687374e+00
5.964696328932860503e+00 5.461966349475157578e+00
5.127538445896139940e+00 4.704670106326554802e+00
4.479120377686599319e+00 4.140675525225594455e+00
3.299000755052887257e+00 3.191472744511458348e+00
2.392635600729176026e+00 2.409558914666979579e+00
1.561688323507978149e+00 1.666216903866457599e+00
1.163450870853528496e+00 1.260753833228746901e+00
8.717830868853803095e-01 9.254457043706630914e-01
-4.808876499613874917e-04 4.139889762386335279e-08
