1.261342389649113827e+00 4.393455706304883535e+01
1.267629246587092195e+00 4.385130701279692289e+01
1.235787317150308429e+00 4.377832278936818255e+01
1.182761868063667121e+00 4.370482192861703652e+01
1.112272457831268824e+00 4.364270338280190487e+01
9.490667982685113691e-01 4.357287836260451996e+01
6.554218629690816700e-01 4.351032226272656089e+01
2.395474997526844674e-01 4.345975346011796603e+01
-3.164912873212594180e-01 4.341957175861037399e+01
-2.403754252909120037e+00 4.338772610369355931e+01
-3.232740388563925649e+00 4.337803743261414269e+01
-4.046925381464223648e+00 4.339105542177214403e+01
-5.384488482143902743e+00 4.345818869439480636e+01
-7.153541893492445070e+00 4.360406397072900830e+01
-7.938324154847514080e+00 4.363791129753522569e+01
-9.328741524919008654e+00 4.369017293642347965e+01
-1.042953806422334395e+01 4.370291878520961859e+01
-1.221285249478743218e+01 4.369489455044325865e+01
-2.262999794384507268e+01 4.365847033071108285e+01
-2.350301055970932396e+01 4.360332427335207939e+01
-2.425191723101669083e+01 4.352603405635903044e+01
-2.486351670417681703e+01 4.343313373305751668e+01
-2.535793361543462865e+01 4.332945201202232255e+01
-2.583775304980617804e+01 4.320277899914106712e+01
-2.621306901753821350e+01 4.307163969105802437e+01
-2.648984614003484950e+01 4.294804797702607857e+01
-2.667787716216837879e+01 4.284504031502518018e+01
-2.702041747928445758e+01 4.265010580382305250e+01
-2.727236347053233700e+01 4.247730492346761366e+01
-2.751236225233801491e+01 4.229139995751498304e+01
-2.774081948726618307e+01 4.209321244923875582e+01
-2.801949694087249654e+01 4.182487409880655349e+01
-2.827718538907127410e+01 4.154244860211090185e+01
-2.846048692627331533e+01 4.131355004436689882e+01
-2.862916037002792180e+01 4.107787480536389779e+01
-2.878408343865576313e+01 4.083489632084694421e+01
-2.892637872795214093e+01 4.058379268161873910e+01
-2.909134945510979975e+01 4.025005379745011425e+01
-2.920830384742048480e+01 3.998251249587100631e+01
-2.934455564154659157e+01 3.963329179118606760e+01
-2.946659435508396996e+01 3.928184785667136936e+01
-2.957517390421711667e+01 3.892879199269216173e+01
-2.979672302205699452e+01 3.806073011240513893e+01
-2.991052868055909641e+01 3.754945154188227718e+01
-3.031712343919117458e+01 3.534841390061463073e+01
-3.060565673676836340e+01 3.390879453024923862e+01
-3.081165567397639649e+01 3.279684767256875944e+01
-3.098194974169577876e+01 3.176693645537681476e+01
-3.113230525978010022e+01 3.062848244396953135e+01
-3.123038784196233664e+01 2.958684533676892769e+01
-3.129171098933718298e+01 2.838093059588577560e+01
-3.132182692215843289e+01 2.709167335561456014e+01
-3.133622059880134358e+01 2.422192321126186343e+01
-3.132760070969613153e+01 2.271084668260841610e+01
-3.127620866750383399e+01 2.118723473094875942e+01
-3.122123485119829667e+01 2.009470365540785153e+01
-3.110180895727091510e+01 1.830588949449488467e+01
-3.088835702622441914e+01 1.562062221209416535e+01
-3.081720935930953331e+01 1.446216295548319763e+01
-3.075568640046572355e+01 1.299081583598622380e+01
-3.072890121012367004e+01 1.139734051715032415e+01
-3.074930831385843888e+01 1.026546984565479192e+01
-3.080319461512156565e+01 9.031795866848920440e+00
-3.089584996134522044e+01 7.832770352548554804e+00
-3.109879706522960419e+01 5.600618861363916068e+00
-3.120040342251980192e+01 4.278559889180410636e+00
-3.127060014214152162e+01 3.060006294582617858e+00
-3.129393642574723344e+01 2.627788987353225636e+00
-3.130440723751005550e+01 2.229285240440086469e+00
-3.129892675029004323e+01 1.862353539192377561e+00
-3.128426970567680598e+01 1.582787306422488438e+00
-3.125345880533294718e+01 1.322498857198004085e+00
-3.120105722011780713e+01 1.080947629155483369e+00
-3.112407838390797465e+01 8.595502789893953999e-01
-3.102244498993474409e+01 6.596744982891585840e-01
-3.093153515668369380e+01 5.146693650512278451e-01
-3.077974348115539982e+01 3.494124023098147958e-01
-3.059596509703051126e+01 2.007525660468787165e-01
-3.032138611155676955e+01 4.487880892674055155e-02
-3.000115929097236034e+01 -8.957250470927334562e-02
-2.963153162039073862e+01 -2.069956137800204876e-01
-2.912783867383940617e+01 -3.250867253649693533e-01
-2.857024902141806777e+01 -4.306044993091631135e-01
-2.796393787149886379e+01 -5.233244315861548257e-01
-2.731406853720267591e+01 -6.010385019683677221e-01
-2.652122766352234606e+01 -6.660376708502326881e-01
-2.552386821561294994e+01 -7.109859048983524499e-01
-1.816714049144827925e+01 -7.385188467795602563e-01
-1.711676480623567187e+01 -7.508362267320608519e-01
-1.599551881268632947e+01 -7.427576252005326785e-01
-1.267204899416404906e+01 -6.164120404099190376e-01
-7.059760843275610043e+00 -4.015100654482376408e-01
-5.476360296867746946e+00 -3.465955271689741823e-01
-4.519685972022122300e+00 -3.078125673520442085e-01
-3.509283663427840150e+00 -2.360623415000276948e-01
-2.713705033553879709e+00 -1.559499663275700776e-01
-1.703792718750867685e+00 -2.179788466207322958e-02
-1.217371270359074886e+00 1.050017723800925756e-02
-7.150153400920090663e-01 2.675007437752936063e-02
3.921292786176420455e-05 1.546256652125845063e-14
