-4.690445262179229502e+01 1.441985224010790212e+00
-4.732380303197101057e+01 2.539900273468318037e+00
-4.718634491074575976e+01 3.667130771030568948e+00
-4.688273152623116857e+01 5.236550716356546786e+00
-4.650308089397670130e+01 6.673063402050956938e+00
-4.573288432702504736e+01 9.147200022309949219e+00
-4.512612180883175483e+01 1.086461694350342100e+01
-4.452865578856189899e+01 1.232678086024307795e+01
-4.409376419525499813e+01 1.323093968892762895e+01
-4.379323747060198713e+01 1.376628264107175070e+01
-4.334203204034512424e+01 1.445533227471561055e+01
-4.286430309304503794e+01 1.502508690355641541e+01
-4.229906654388996401e+01 1.554476241594595010e+01
-4.175531667734384200e+01 1.591898235040031295e+01
-4.140940918823236672e+01 1.608471576317374030e+01
-4.104156661641061987e+01 1.622770361001205686e+01
-4.022813717254059185e+01 1.649593205614815261e+01
-3.945384219169758921e+01 1.664510360153492030e+01
-3.873065126930757174e+01 1.668166477681988979e+01
-3.829980134175723094e+01 1.665017000809121228e+01
-3.786887913725836796e+01 1.658489734081847189e+01
-3.743819044931728257e+01 1.648764912917426173e+01
-3.700833215832934542e+01 1.635603661072376980e+01
-3.665573109675491281e+01 1.621713421058088045e+01
-3.622664648494126283e+01 1.601375488249494694e+01
-3.587388228953316371e+01 1.581423264485558988e+01
-3.544469705100809875e+01 1.553550530663815898e+01
-3.502591865962983064e+01 1.522478128925837026e+01
-3.469353198433041996e+01 1.494441372270654611e+01
-3.403890532046074213e+01 1.429190903390859724e+01
-3.339475432132092436e+01 1.349134239264157387e+01
-3.283017095276453290e+01 1.263482875756684010e+01
-3.215321737858225504e+01 1.141216671045087949e+01
-3.122182776943692062e+01 9.458976615080118222e+00
-3.050422429839574079e+01 7.755516797945951168e+00
-3.002412092430496315e+01 6.395795291477845979e+00
-2.973553121016519896e+01 5.329829275841448499e+00
-2.947391195017915777e+01 4.055972745247114375e+00
-2.929271836059758272e+01 2.987119821494524263e+00
-2.897904634158276949e+01 6.301361519273248613e-01
-2.879476100868958355e+01 -3.953551997744568780e-01
-2.853024677237475970e+01 -1.510654684037842088e+00
-2.824797686956341636e+01 -2.316642194020451129e+00
-2.803010784978257774e+01 -2.776262089391875687e+00
-2.781462693646331275e+01 -3.136515908358665339e+00
-2.752056851872445264e+01 -3.534729428111309524e+00
-2.718256774182026092e+01 -3.909113390448786696e+00
-2.680204494204393839e+01 -4.252790980108608565e+00
-2.638167836921914144e+01 -4.561118558876733786e+00
-2.599683772576393892e+01 -4.793141057896816548e+00
-2.551603091289532799e+01 -5.026516744024626782e+00
-2.508700127571680838e+01 -5.194333218825859966e+00
-2.455685725265961850e+01 -5.356476759478436378e+00
-2.400476652758728946e+01 -5.487479184820267086e+00
-2.352658157557395668e+01 -5.575649122756947129e+00
-2.304125789854859718e+01 -5.634304278420064094e+00
-2.254670867701149106e+01 -5.662764620314581165e+00
-2.168468466401637329e+01 -5.613408285918158214e+00
-2.127688398191902053e+01 -5.564871420011257008e+00
-2.078276582022308006e+01 -5.464210063073411838e+00
-2.029275164199544079e+01 -5.325530769469106751e+00
-1.989494651153232851e+01 -5.187571646227164379e+00
-1.915629047170522981e+01 -4.814547503927908423e+00
-1.877492155066638446e+01 -4.593523976671417763e+00
-1.831950696658827127e+01 -4.276768953673791174e+00
-1.756345017510572504e+01 -3.610062745013221441e+00
-1.677365105457893435e+01 -2.761436024020566204e+00
-1.595460825413512218e+01 -1.738478009509422328e+00
-1.511294153362195836e+01 -5.509159721393915854e-01
-1.426852772576142669e+01 7.552912385143669693e-01
-1.354877661751235429e+01 1.951775040050203858e+00
-1.279704055645519567e+01 3.299767334210434555e+00
-1.162651755073081539e+01 5.605508619273909865e+00
-1.119144833073018752e+01 6.305207608164653976e+00
-1.079761000842154672e+01 6.825271112163517451e+00
-1.047258946032475357e+01 7.168072008148890006e+00
-1.018117341457446834e+01 7.418146784155069007e+00
-9.836835375672134063e+00 7.667531685629369598e+00
-9.493068610347345171e+00 7.871577498763689285e+00
-9.110360843883006154e+00 8.057363422636511174e+00
-8.687582053850160690e+00 8.225207243850459093e+00
-8.258415015952893512e+00 8.360005881760523394e+00
-7.779232652817270832e+00 8.473719766328501990e+00
-7.221005696173485866e+00 8.554771566579049136e+00
-6.746008393592241248e+00 8.571707059756841218e+00
-6.350206947458901574e+00 8.518794780289939084e+00
-5.955156875436544262e+00 8.392812359515005483e+00
-5.562227813480013161e+00 8.180484864435408454e+00
-5.039023028222373135e+00 7.807586651907978847e+00
-4.517748562267319912e+00 7.364144075021636482e+00
-4.073579275869495753e+00 6.926609589676028911e+00
-3.711175137978536043e+00 6.503973748309110015e+00
-3.313113151555571623e+00 5.983704566483675436e+00
-3.004778177814538598e+00 5.527772003054677974e+00
-2.731944230630624304e+00 5.067848339035506022e+00
-1.614893210549861013e+00 2.869309149717010676e+00
-6.206929640429393880e-01 5.431195581888808022e-01
-3.525696074613930975e-01 1.810317923276465457e-01
-2.188566513698701199e-01 8.990210572233253705e-02
-7.823353136633540757e-04 -3.031671743898623856e-08
