3.543718356359756427e+01 2.592402726219168230e+01
3.571547268037780754e+01 2.572101596723357275e+01
3.563452853986881763e+01 2.563003962212176390e+01
3.469513253514883644e+01 2.528631449385803265e+01
2.644695935131612785e+01 2.294084617813295068e+01
2.486632273378420521e+01 2.242061956056259930e+01
2.300128040547270203e+01 2.163996088848835342e+01
2.146309845693903284e+01 2.077490709331510033e+01
2.068143520876539654e+01 2.018074662926359508e+01
2.000452626008294743e+01 1.952607513376117865e+01
1.936019612836907910e+01 1.871285106460205228e+01
1.884126939721912919e+01 1.784986688881244987e+01
1.844562343768771484e+01 1.693872973162350704e+01
1.818029030403136659e+01 1.599868158198724899e+01
1.805999119454694224e+01 1.505874374091433943e+01
1.809394655321650092e+01 1.414011198847226147e+01
1.823476956022621565e+01 1.347421594199356853e+01
1.846832871422174094e+01 1.284385029005544432e+01
1.879554882418521800e+01 1.225966499926288300e+01
1.921361138471688790e+01 1.173797136411623754e+01
1.970635976419613300e+01 1.128589440979854253e+01
2.026799731450590158e+01 1.091125243845225157e+01
2.099068929871744871e+01 1.057036113995174276e+01
2.164870487768682139e+01 1.035784390646436215e+01
2.289556866408566194e+01 1.015815189950884090e+01
2.444901706970413002e+01 1.014175971527047260e+01
2.661646467535734928e+01 1.033094954156296374e+01
3.022344470275541539e+01 1.084781286685836044e+01
3.158970692624166432e+01 1.098080300315428381e+01
3.320650085397947748e+01 1.102400121274462208e+01
3.477436846538796544e+01 1.091930370990323595e+01
3.588430357035206697e+01 1.074965093943493599e+01
3.701534221435343142e+01 1.051080449516271997e+01
3.831402064513369510e+01 1.015221600513137901e+01
3.937911236836824713e+01 9.783027199447234423e+00
4.035305602322225837e+01 9.367817313106819199e+00
4.122723258905062238e+01 8.916417756851588550e+00
4.199770969331720494e+01 8.442181627098928942e+00
4.275745455667821204e+01 7.869961464180895483e+00
4.336965961167903316e+01 7.282784143536926713e+00
4.390139598845448177e+01 6.600216449195240642e+00
4.428214618789742474e+01 5.888417924608703835e+00
4.458515238931550329e+01 5.052538137773792570e+00
4.482349540562579904e+01 3.998500682402201356e+00
4.491859965387710218e+01 3.028190696634514456e+00
4.487944042323069738e+01 2.150143753901645471e+00
4.471487703780736211e+01 1.281230846414804336e+00
4.446546012225884681e+01 5.276281986224928833e-01
4.415437780096051057e+01 -1.165816253841705369e-01
4.380709819877164080e+01 -6.597108173877446191e-01
4.329923194161968070e+01 -1.286508137038367527e+00
4.251945662529328729e+01 -2.087361733785095375e+00
4.163574810984779617e+01 -2.882226275369901280e+00
4.064645209115266056e+01 -3.671359690998045266e+00
3.954464985396177923e+01 -4.459780559173935011e+00
3.732594416597491005e+01 -5.859171332009418975e+00
3.544781997869322510e+01 -6.822066625329606282e+00
3.423540606578136192e+01 -7.341099998251480407e+00
3.318534496653852983e+01 -7.730146996530200099e+00
3.227674686501737966e+01 -8.008550383804335482e+00
3.135789128613024346e+01 -8.222468897805249810e+00
2.989556093983428298e+01 -8.447821221222662658e+00
2.839870337198296113e+01 -8.598877334429278818e+00
2.674621029859157417e+01 -8.679028976340680046e+00
2.472654555654032293e+01 -8.691302800040549670e+00
2.321297318146281086e+01 -8.649731526183160213e+00
2.201634995940210970e+01 -8.553611320778056637e+00
2.098593524672446975e+01 -8.389203928905267560e+00
2.011774289965572748e+01 -8.152355439402203530e+00
1.903790597439853727e+01 -7.673170279816434736e+00
1.806181078128863504e+01 -7.041997853053425516e+00
1.711302001034183107e+01 -6.194159880004084684e+00
1.635527928972947009e+01 -5.282289749083408203e+00
1.573805144190503391e+01 -4.365558894837569426e+00
1.516021475535218066e+01 -3.346808463910848630e+00
1.326911226265769272e+01 5.675171285376353625e-01
1.220395216153013607e+01 2.569207669523253301e+00
1.136901706943633528e+01 3.889822619191638076e+00
1.054579683365836118e+01 4.928773668971958344e+00
9.686072795905053212e+00 5.751609731794096625e+00
8.753339180535467889e+00 6.388312380568019755e+00
7.747873451865388006e+00 6.817707527552954616e+00
6.721036436563957217e+00 7.029963272847060018e+00
5.923184030781944109e+00 7.061616949906273533e+00
5.085461667668522701e+00 6.999364838646702225e+00
4.224277991090802153e+00 6.846155326767260796e+00
3.467198989180160673e+00 6.631531407713648463e+00
2.727906303052775705e+00 6.344309541131007535e+00
2.024758694329592768e+00 5.980055030238872860e+00
1.374302894104217909e+00 5.532904645650173592e+00
7.975919908274308190e-01 5.017152266481241796e+00
3.220003906582999953e-01 4.440483100515465686e+00
-4.450006916306521731e-02 3.821417683813199684e+00
-3.043451096959687852e-01 3.177398044404185828e+00
-4.800349441345693746e-01 2.449471738873510329e+00
-5.461945987604042152e-01 1.672363719900340939e+00
-4.900944974440911150e-01 9.062421114090833951e-01
-2.847394943138634726e-01 2.425235434384122313e-01
-1.832372626839349206e-01 9.861982006313174676e-02
4.112616118310987427e-05 4.784246052500787955e-07
