-4.825978549846244192e+01 1.748250304983778591e-01
-4.870268051663796172e+01 1.170756173654742965e-01
-4.867276936595740722e+01 7.059276844526654604e-02
-4.848776532355083191e+01 1.497040287773157563e-02
-4.822241411056432980e+01 -2.870203791784696479e-02
-4.778896202512208191e+01 -6.271807717370610213e-02
-4.586324228145105764e+01 -1.170710572316188691e-01
-4.158071768524126810e+01 -2.704612916192195016e-01
-4.056835926167799045e+01 -2.971485309382400075e-01
-3.771125646444389901e+01 -3.117371331852497041e-01
-3.701272109889807638e+01 -3.085778626744570263e-01
-3.625412778036154293e+01 -2.711046282196997170e-01
-3.518616046461504965e+01 -1.810282403495806491e-01
-3.371295605827060626e+01 -2.051134530571594242e-02
-3.301544868112824815e+01 2.952038949120078595e-02
-3.179448330793868038e+01 8.572552969726701666e-02
-3.110140436530682351e+01 7.905817720353436329e-02
-3.073966994395596686e+01 4.976665585009321796e-02
-3.032226086730249648e+01 -7.721373207663789501e-04
-2.985264328533131817e+01 -7.598243873351956390e-02
-2.949420613506367062e+01 -1.550049341278864623e-01
-2.907309840352320052e+01 -2.684116451259168645e-01
-2.870221413058675353e+01 -3.884147446710372042e-01
-2.839157747243933727e+01 -5.094215342472099284e-01
-2.808182808521479501e+01 -6.493766763431448874e-01
-2.754840484411774071e+01 -9.201103219018011981e-01
-2.707215673148265012e+01 -1.204690903478249364e+00
-2.655135656673591527e+01 -1.570158187710593678e+00
-2.610496160190965753e+01 -1.936670084359618071e+00
-2.569203107540612763e+01 -2.338668117243789091e+00
-2.531837329322016217e+01 -2.757509809983930360e+00
-2.498490188593417116e+01 -3.200496031809162201e+00
-2.465414602798923482e+01 -3.717450312861006356e+00
-2.423593384186153799e+01 -4.477807736828117058e+00
-2.377890604485055448e+01 -5.399752711828130103e+00
-2.349324598511791606e+01 -6.032415252108988213e+00
-2.316237489993093490e+01 -6.859373867711675565e+00
-2.300809408530687250e+01 -7.320493785591245306e+00
-2.287705729220408912e+01 -7.799607183504721597e+00
-2.254365681200587801e+01 -9.436496159101604775e+00
-2.239410158748188806e+01 -1.005549446573707151e+01
-2.222736344100073680e+01 -1.060289437021904568e+01
-2.203571179233579258e+01 -1.109330078389451835e+01
-2.171734236538454255e+01 -1.176505578405872221e+01
-2.150880503714900982e+01 -1.214596494363155088e+01
-2.131763926362701511e+01 -1.246290514510426028e+01
-2.110999449164448549e+01 -1.277514158590826909e+01
-2.088426184283277109e+01 -1.308253012601473664e+01
-2.063955373996597942e+01 -1.338203218087142332e+01
-2.042456973694080347e+01 -1.361913026603357046e+01
-2.014039302746604676e+01 -1.390050315855386920e+01
-1.983389463261094221e+01 -1.417091919911025144e+01
-1.950566060661735790e+01 -1.442577083839304208e+01
-1.915378372196588330e+01 -1.466550127599099262e+01
-1.877734055071371699e+01 -1.488904312624178949e+01
-1.830773062182904098e+01 -1.513191940545586966e+01
-1.782330709261465884e+01 -1.535184469381155559e+01
-1.740414550722813658e+01 -1.551923520983762472e+01
-1.689990365798181315e+01 -1.569125859939686407e+01
-1.647269486918775527e+01 -1.581794938761967018e+01
-1.596285578878590350e+01 -1.593986120674570550e+01
-1.545464970227648571e+01 -1.603948490939189497e+01
-1.488118275429017601e+01 -1.612516783866946213e+01
-1.439671460791970858e+01 -1.618022715239514042e+01
-1.391766962185612222e+01 -1.621466537053523638e+01
-1.336768093479538599e+01 -1.622658771393831856e+01
-1.275145986870487924e+01 -1.621075400647195153e+01
-1.194810640200907059e+01 -1.615370006064708974e+01
-1.111542335949974003e+01 -1.606389303197871499e+01
-1.029796532853777435e+01 -1.594758556089980317e+01
-9.434578896886611332e+00 -1.580171780670436554e+01
-8.832468573987974025e+00 -1.567699087346051279e+01
-8.286759807811234779e+00 -1.553424986892555637e+01
-7.804752368671478813e+00 -1.536888049704888815e+01
-7.334167097273875058e+00 -1.516630042543051005e+01
-6.872561094384464830e+00 -1.492369531501931235e+01
-6.423820906666342090e+00 -1.463825667915666529e+01
-5.982190338915155614e+00 -1.431539190048048305e+01
-5.549818011855126798e+00 -1.395992345312095573e+01
-5.140583960596753599e+00 -1.357923865671726560e+01
-4.648220330167886161e+00 -1.306531612462983638e+01
-4.234350098564419795e+00 -1.258843336464604512e+01
-3.801268991467922742e+00 -1.203480106747550593e+01
-3.408199876171276177e+00 -1.146776532492875411e+01
-3.005743959144631550e+00 -1.081794090136836672e+01
-2.594407737425057370e+00 -1.008906416168444053e+01
-2.215068235775224270e+00 -9.349618689990066400e+00
-1.937139594929926822e+00 -8.748975386419612477e+00
-1.688986156475455580e+00 -8.159306827581746191e+00
-1.439653918693693857e+00 -7.468094168241701247e+00
-1.297545506914538738e+00 -7.038601356347157889e+00
-1.176191106796520058e+00 -6.612471572753714888e+00
-9.369678445663380817e-01 -5.492694331409381014e+00
-6.658361891264190646e-01 -3.810618035564356187e+00
-3.747445037350202179e-01 -2.122443286754658320e+00
-2.632886706243682817e-01 -1.281623841297140576e+00
-1.653579722825863629e-01 -3.110236375668424813e-01
-1.013720935121203426e-01 -6.749710996338595392e-02
-6.187962075764747577e-02 -3.215343273433292348e-02
-4.233621326917351934e-04 3.539622210313953665e-07
