3.579137128164396842e+01 4.483968770456590391e+01
3.376313785750931373e+01 4.480471318724956831e+01
3.176465153170796185e+01 4.483185149944402781e+01
2.976291484654982611e+01 4.492646635249799658e+01
2.565547804999958714e+01 4.524617671692964649e+01
2.436375368929328999e+01 4.527820081657984019e+01
2.271917411949757337e+01 4.528343547545001968e+01
1.304710931567680632e+01 4.524378184185162866e+01
1.083496929881426674e+01 4.512828553430313150e+01
9.187093942134049840e+00 4.494806026392569720e+01
7.742016269103785930e+00 4.467984599288722336e+01
6.314291224711513273e+00 4.428437621233150168e+01
5.074445775242811152e+00 4.380550765403473434e+01
3.874956135655188039e+00 4.320995625677057461e+01
2.714786969767006841e+00 4.249901568759447201e+01
1.757921190981298176e+00 4.177157582284078785e+01
7.094633878711078534e-01 4.081914682324920562e+01
-2.699294230090708013e-01 3.976457448108966730e+01
-1.027134422711236672e+00 3.879842426899361385e+01
-1.584058138801815119e+00 3.795977935186690644e+01
-2.163572347877577684e+00 3.695191239831542873e+01
-2.642710937182250586e+00 3.593991819440326907e+01
-3.008216393860527305e+00 3.493261239488268899e+01
-3.258193077617798306e+00 3.395292514627909242e+01
-3.395627688670481703e+00 3.301535867665161561e+01
-3.419876636963723016e+00 3.212392213029893639e+01
-3.323222807667570056e+00 3.114726299803773912e+01
-3.124957398146996912e+00 3.021771410026273230e+01
-2.820749967503581424e+00 2.933209613266272697e+01
-2.417128432797518656e+00 2.848066671578341058e+01
-1.927754091363782507e+00 2.768875211969517025e+01
-1.343878576269218916e+00 2.694801775853577652e+01
-5.841509038912208185e-01 2.617182957245906749e+01
1.571958954384195528e-01 2.554585273263773715e+01
8.553306719699637073e-01 2.504348251814437276e+01
1.484390081568808473e+00 2.465297460822411679e+01
2.280596396811638282e+00 2.424342155694964163e+01
3.137179190131537343e+00 2.387391395757261492e+01
4.054037409227589706e+00 2.354140358725635451e+01
5.183748868742347859e+00 2.320537682573282723e+01
6.389043758946099771e+00 2.290651630248278892e+01
7.509906971760407224e+00 2.266968364801843805e+01
1.064551141231617493e+01 2.221536055889716721e+01
1.396306481936341903e+01 2.186827156375278847e+01
1.693815268180755496e+01 2.166211265936996710e+01
2.299672215637628625e+01 2.137864445341404718e+01
2.537525916887306465e+01 2.116355427564858260e+01
2.688891457631686777e+01 2.093726368749920752e+01
2.830719891868398363e+01 2.065224843439860436e+01
2.948344749110206209e+01 2.034411039395509491e+01
3.057814116943860228e+01 1.997423180768880968e+01
3.129648274125135643e+01 1.965649849755774170e+01
3.196308675592117510e+01 1.931293346341575301e+01
3.268912134344802922e+01 1.888193292791987332e+01
3.324047384758645762e+01 1.849389697269658939e+01
3.383295959582095236e+01 1.801971718492595542e+01
3.436473204394435044e+01 1.752803459594234781e+01
3.476365207861779538e+01 1.709329942578033013e+01
3.518376978503024333e+01 1.656398012583073154e+01
3.555471525044129777e+01 1.600942196774700577e+01
3.592996312281155014e+01 1.533180209009638517e+01
3.625707663699444083e+01 1.461872182720961533e+01
3.658197510517402407e+01 1.378562299740305797e+01
3.678382898345464014e+01 1.312593729465688597e+01
3.693694712817617187e+01 1.244595684584942852e+01
3.703869944146902071e+01 1.174341041124964136e+01
3.707811376758661481e+01 1.102776141422307887e+01
3.704978032230045670e+01 1.031454524845921661e+01
3.693622182485905370e+01 9.501579188700786105e+00
3.673212981141122668e+01 8.696402874844421760e+00
3.644397266999565232e+01 7.898734695691436158e+00
3.608745898332578150e+01 7.128491984651762259e+00
3.571993109177221726e+01 6.495509812995981846e+00
3.522456545371125713e+01 5.822818252214318591e+00
3.467361155588658050e+01 5.206486966685636375e+00
3.407207886366649063e+01 4.643631355958279805e+00
3.334717159881110859e+01 4.075426271272620582e+00
3.267346812351117791e+01 3.618262085268181050e+00
3.186404473772440582e+01 3.156388566161663523e+00
3.113070846212577791e+01 2.794563161576459009e+00
3.027634166714898356e+01 2.433465596278999943e+00
2.884887146360976118e+01 1.932466357867803186e+00
2.777149803590654997e+01 1.583153778822702584e+00
2.688234244904348458e+01 1.330186960820182840e+00
2.592489767294817327e+01 1.105227093953853545e+00
2.312436498427187104e+01 6.484596081201338125e-01
2.124907507022871300e+01 4.320102190257635311e-01
1.818413826235619624e+01 2.329991032747928126e-01
1.703154766634552786e+01 1.746296969752644812e-01
1.575841116181824475e+01 1.701124214822845593e-01
9.362250950333105948e+00 5.749342220751804122e-01
7.452837312448417961e+00 6.268319242361677368e-01
5.401262277746753604e+00 6.361142405146140710e-01
1.584201940204004400e+00 6.087980380652615597e-01
-2.137383011565071600e-01 5.415805608101311730e-01
-4.987203143169097741e-01 4.655588180791603858e-01
-5.397123804642536271e-01 4.031161245740693677e-01
-5.355213703204649844e-01 3.298649291462136812e-01
-2.946079684397995835e-01 1.477477025776520458e-01
-1.915959548759622538e-05 1.057043300936290262e-06
