-4.638626753452481211e+01 -1.530087440284944700e+00
-4.674614040198395060e+01 -1.544503272006383376e+00
-4.663052311884241874e+01 -1.509860355496797757e+00
-4.650644728227091917e+01 -1.441738733563644015e+00
-4.637641809532933479e+01 -1.321129124719729653e+00
-4.623986708328697404e+01 -1.139318157494652928e+00
-4.607711092008759834e+01 -8.608897394448207230e-01
-4.593708105314951951e+01 -6.103215026015980094e-01
-4.579016966798665322e+01 -3.080616538048392972e-01
-4.562183522800415858e+01 1.176919395415118863e-01
-4.546129026531558992e+01 6.009747110527797753e-01
-4.521719722162045230e+01 1.593062944089151722e+00
-4.472831237671533700e+01 3.941092119089557588e+00
-4.454627527590932345e+01 4.550667401404946411e+00
-4.434178067010405044e+01 5.140367657353533737e+00
-4.404908418137068793e+01 5.941729463480531770e+00
-4.316720329385368871e+01 8.522696935874320090e+00
-4.278832359107050110e+01 9.595149263981832988e+00
-4.234748522152818850e+01 1.092938394995499607e+01
-4.166769450538701847e+01 1.321691887907113205e+01
-4.124690640753697579e+01 1.451785740374952205e+01
-4.097838771486085818e+01 1.526470634376667945e+01
-4.072949187023940709e+01 1.590865650808420284e+01
-4.041009365398343789e+01 1.673222304544271566e+01
-4.021656667228479876e+01 1.711328449892948100e+01
-4.009436358248657939e+01 1.725923130866203081e+01
-3.996254834604970796e+01 1.739239890037511671e+01
-3.981913242771886985e+01 1.751406696615061520e+01
-3.969083864884240143e+01 1.759440215772589511e+01
-3.952264234135199672e+01 1.769838341470450871e+01
-3.937204784103875710e+01 1.776769882959101565e+01
-3.908608529159960199e+01 1.791148041935238311e+01
-3.870350862180453078e+01 1.806855697607181455e+01
-3.831869934795160759e+01 1.819183942305035373e+01
-3.775961344276964127e+01 1.835040208369917281e+01
-3.700688225460212522e+01 1.854531442521430762e+01
-3.624568390729209000e+01 1.872349235319452987e+01
-3.541109287463480371e+01 1.890002139165028794e+01
-3.374333242067569216e+01 1.924908775132682948e+01
-3.201830825737494024e+01 1.962685946092290834e+01
-3.113922749902646459e+01 1.978464228316951434e+01
-3.033380905972462571e+01 1.989092933100928562e+01
-2.906037174131953549e+01 2.002704554343490884e+01
-2.833675375026003707e+01 2.011313584070763838e+01
-2.779369139691793222e+01 2.018949121160810733e+01
-2.628589123908994551e+01 2.048596052882392371e+01
-2.558853513700079318e+01 2.058660584467764210e+01
-2.471934714098578212e+01 2.068345903499741212e+01
-2.386566591228197609e+01 2.074969088793093519e+01
-2.335663151558592432e+01 2.076247293071345013e+01
-2.280180764900248036e+01 2.076612459159320068e+01
-2.154944728947521781e+01 2.075948910532671476e+01
-2.105384642102050208e+01 2.075843888701963280e+01
-2.063670280525665035e+01 2.077451087203423796e+01
-1.978714592956486129e+01 2.086005533598100214e+01
-1.902783343426263940e+01 2.092404254960913690e+01
-1.853616493495287187e+01 2.094827271376564326e+01
-1.803754144888375777e+01 2.096033793261300104e+01
-1.753931116600682927e+01 2.095878566927239106e+01
-1.694569747902976431e+01 2.094569577766604240e+01
-1.631989718847746573e+01 2.092292444666811946e+01
-1.586045433828300766e+01 2.088706291361706491e+01
-1.551292186660053218e+01 2.083738428593279934e+01
-1.517569485274210805e+01 2.076430565990338550e+01
-1.484525381673236843e+01 2.066132846985233940e+01
-1.455813592475886331e+01 2.054273038378262939e+01
-1.427312206471808054e+01 2.039748260267761992e+01
-1.395208007197399525e+01 2.020044116149587055e+01
-1.363425986837971138e+01 1.997316026983277126e+01
-1.331700238569776218e+01 1.971698657251122100e+01
-1.288735949422554228e+01 1.931944531216445426e+01
-1.245583022845741894e+01 1.887551710126082227e+01
-1.124540180810732082e+01 1.747434735220952007e+01
-1.080032660456924987e+01 1.695621037462640146e+01
-1.046071716750226166e+01 1.654534514083382746e+01
-9.514594875810535868e+00 1.529388793819533099e+01
-8.661687453996661290e+00 1.413850023753959384e+01
-8.313469288712877159e+00 1.372372002053569773e+01
-7.665104025686505729e+00 1.294622354750490700e+01
-7.259790167021961338e+00 1.244526857774580364e+01
-6.112820393958740439e+00 1.086832629469173916e+01
-5.793130302313747038e+00 1.044627212848423525e+01
-5.539552015156204767e+00 1.010436931292183793e+01
-5.201302096271551711e+00 9.595203478869301250e+00
-4.927549936858207857e+00 9.156142490229926878e+00
-4.592241790283222436e+00 8.551563163495064401e+00
-4.202048469064358471e+00 7.787445153133004894e+00
-3.760463781115607418e+00 6.851109347890336210e+00
-3.153686118954750928e+00 5.408593637029276202e+00
-2.897703635644505837e+00 4.878648342731921161e+00
-1.983899558127423690e+00 2.931683832897755249e+00
-1.470408500359195347e+00 1.819686828288211711e+00
-1.243393473496070989e+00 1.401896914258408122e+00
-9.923201654136494243e-01 9.877880326014583101e-01
-8.368198407899813951e-01 7.855475764076382816e-01
-6.966045634989211921e-01 6.274091068246969716e-01
-4.491194374473326811e-01 3.518193364565837533e-01
-3.209278439402227789e-01 2.384794296249627965e-01
-1.829727617177974996e-01 1.298880067231063251e-01
-2.503426846602320016e-05 -1.221462820907455155e-14
