-4.824214126029769290e+01 -1.889534856280324249e+00
-4.828389078621678010e+01 -1.901270572591559738e+00
-4.739294566681153498e+01 -1.989167663442032330e+00
-4.685495903588678601e+01 -2.027487997885019766e+00
-4.625989769944752794e+01 -2.043648050808958061e+00
-4.542281247544434564e+01 -2.042375655792943778e+00
-4.466261603454314866e+01 -2.024162533290696953e+00
-4.394389415669571974e+01 -1.985865977132573290e+00
-4.187797791584617357e+01 -1.801560268278040500e+00
-4.107359760434302842e+01 -1.714831747312373533e+00
-4.051923019942726967e+01 -1.641778859722109685e+00
-3.995751732553927837e+01 -1.549558753119066212e+00
-3.947884521288905546e+01 -1.450663982593869861e+00
-3.902675633067749317e+01 -1.327502602175737456e+00
-3.867075381269642520e+01 -1.206781007157528229e+00
-3.827750439233583535e+01 -1.039729907191111691e+00
-3.791170675341249563e+01 -8.489354747509880728e-01
-3.762616858860231872e+01 -6.734806484383423220e-01
-3.731356239128348307e+01 -4.477041273581920944e-01
-3.706662895492796395e+01 -2.463112810023278254e-01
-3.679386497144926693e+01 8.488429741591528230e-03
-3.649923818018120869e+01 3.230787332811492218e-01
-3.618069549962744702e+01 7.021025251402513989e-01
-3.591374026015351006e+01 1.048290035022532152e+00
-3.566683073969660001e+01 1.404318672056476425e+00
-3.546784869242225824e+01 1.716684006802257745e+00
-3.525074264723332362e+01 2.090998663553553794e+00
-3.489525234902225748e+01 2.802955410575583173e+00
-3.465622686667256858e+01 3.318941516402833969e+00
-3.366492198313036965e+01 5.738253953264043972e+00
-3.339345565342460276e+01 6.306884674179227268e+00
-3.311872253796266108e+01 6.822889440159343621e+00
-3.265734727727707565e+01 7.637244299358962429e+00
-3.215312100223462011e+01 8.448239068994402245e+00
-3.190329465218470872e+01 8.789551828101682673e+00
-3.168515315912780039e+01 9.061097119066813477e+00
-3.141870634872494605e+01 9.370335680758515196e+00
-3.118634507430745728e+01 9.612998595899584942e+00
-3.094651671483220667e+01 9.838637740383262553e+00
-3.074274348135186941e+01 1.000668987598845838e+01
-3.048164324053665197e+01 1.019997497409795706e+01
-3.025773373888154438e+01 1.034192467835185703e+01
-3.002444721388595639e+01 1.047039820478446970e+01
-2.978056433986545670e+01 1.058694996877004790e+01
-2.946548063465390754e+01 1.071900537742471826e+01
-2.919241100209695361e+01 1.081440449978146034e+01
-2.890820396524758706e+01 1.089995786827110180e+01
-2.854567497015111854e+01 1.099433509590909175e+01
-2.816409641415190990e+01 1.107637979624460556e+01
-2.783616119983116377e+01 1.113219319136731045e+01
-2.702306692823224310e+01 1.124007297072901679e+01
-2.656836979673178689e+01 1.127704200604900997e+01
-2.609729313682334961e+01 1.130092604069865203e+01
-2.552173387127950477e+01 1.131105703545042473e+01
-2.493210939861780062e+01 1.129720437157272350e+01
-2.443137701296964082e+01 1.126468053097824473e+01
-2.383670525007484997e+01 1.120395806435111652e+01
-2.324774467471705464e+01 1.112018595007253374e+01
-2.276114389192971643e+01 1.103052196202532542e+01
-2.220549070708837291e+01 1.090229990982717645e+01
-2.176235220117154867e+01 1.077567036519011268e+01
-2.134237179291556430e+01 1.063305282691593945e+01
-2.094174799495952044e+01 1.047249496812321112e+01
-2.056064481232410657e+01 1.029436889180154324e+01
-2.012802115092141619e+01 1.006347262622340466e+01
-1.977730498731750686e+01 9.856504184499971899e+00
-1.938209756405652939e+01 9.596733601541895808e+00
-1.894669071456033294e+01 9.285779627483650600e+00
-1.852842457926325537e+01 8.964944308944046369e+00
-1.792268072734052708e+01 8.448498028902964307e+00
-1.743440555353907584e+01 7.978315968966462002e+00
-1.702360773537955296e+01 7.524108714032079703e+00
-1.683239410898433164e+01 7.291587049493409189e+00
-1.665665703981111889e+01 7.055375117612862290e+00
-1.639264931978219408e+01 6.622735355669459700e+00
-1.616841121018053684e+01 6.175454875671124277e+00
-1.598899800872990085e+01 5.762119378982770712e+00
-1.556529282252411051e+01 4.635134261867873917e+00
-1.510644825553865012e+01 3.499481072932559833e+00
-1.471029678591211010e+01 2.598935476240213927e+00
-1.444016093610873774e+01 2.082286050558622037e+00
-1.429245104683895740e+01 1.864179537789346197e+00
-1.415643588640912220e+01 1.693661438525764229e+00
-1.401030639858009152e+01 1.535565676261520407e+00
-1.385271217350006090e+01 1.392289345703594083e+00
-1.368181680629677643e+01 1.261657538918029342e+00
-1.346451036656291045e+01 1.120039846371474690e+00
-1.326098715837853526e+01 1.009521958046173840e+00
-1.299648952273660996e+01 8.865213987594713352e-01
-1.265992085048981330e+01 7.574512952700038770e-01
-1.228300240938418142e+01 6.436073687376460128e-01
-1.159958524632308574e+01 4.691753192306076237e-01
-1.103728097225641669e+01 3.444066132827461324e-01
-1.051648734246807315e+01 2.481177489915758483e-01
-9.998199778263472837e+00 1.692866389850690434e-01
-9.372591611626175379e+00 9.199761011338243588e-02
-8.812523041375936117e+00 4.185963241432670567e-02
-8.240952134625199932e+00 1.502295227681400488e-02
-7.478759089240155866e+00 2.924569214820137934e-03
-5.575764158839867021e-04 -7.924706776935842425e-08
