-4.552689423466097196e+01 2.353426919900956982e+00
-4.602043127313873327e+01 2.316172602898210364e+00
-4.604169701648516622e+01 2.228559467973853181e+00
-4.606152142257909787e+01 2.012478402635937247e+00
-4.604601805108936929e+01 1.633980236784800644e+00
-4.600846447597133704e+01 9.607208247520748756e-01
-4.593993559433604901e+01 -2.411595898314597974e+00
-4.573561235350947385e+01 -5.529162679799403790e+00
-4.554809882953709632e+01 -6.957870045584865437e+00
-4.512615152758606030e+01 -1.004357305620571772e+01
-4.449943314057787092e+01 -1.373455272091181634e+01
-4.416826626823480950e+01 -1.576427933483705601e+01
-4.397289448495867248e+01 -1.711868351766749186e+01
-4.377860306399512780e+01 -1.916717702841984305e+01
-4.356215039304277781e+01 -2.022232297048534733e+01
-4.328243064100837501e+01 -2.099997971415874432e+01
-4.290969217326343710e+01 -2.169987427340422315e+01
-4.243383865595561844e+01 -2.231198707314149843e+01
-4.187688538266759508e+01 -2.283492999863374351e+01
-4.131304159157900813e+01 -2.322128525337675953e+01
-4.061664493189968539e+01 -2.354562560416865580e+01
-3.985612555065950602e+01 -2.376192453174076036e+01
-3.913901951509848232e+01 -2.384736760843483339e+01
-3.841555310746872465e+01 -2.381490939401906104e+01
-3.777779961408717924e+01 -2.367913578140978714e+01
-3.706584036923860026e+01 -2.339996446346073000e+01
-3.637280467508810489e+01 -2.299408553568621016e+01
-3.568439820467573043e+01 -2.246011309464841688e+01
-3.493094164801889434e+01 -2.174547963915178173e+01
-3.412924840040354724e+01 -2.084273276477523140e+01
-3.343334087230702067e+01 -1.995833785359550916e+01
-3.279298961403632262e+01 -1.901872433484502878e+01
-3.231552679988692489e+01 -1.824457586485763727e+01
-3.183460343593266018e+01 -1.731098516292781042e+01
-3.131731606028847636e+01 -1.615732466694579017e+01
-3.024590450742631020e+01 -1.317286015066732752e+01
-2.876240742506438508e+01 -8.323979391221103086e+00
-2.837780506674523551e+01 -7.390566025278829443e+00
-2.797890278012638277e+01 -6.602150355286460659e+00
-2.765055068108087610e+01 -6.116531645843632958e+00
-2.730210888297486349e+01 -5.692477712709161253e+00
-2.693514986809536893e+01 -5.328939487023920840e+00
-2.654800112528355172e+01 -5.025391304352475608e+00
-2.614086647963486598e+01 -4.776170835207216747e+00
-2.564721461552727533e+01 -4.548315334567412549e+00
-2.521545020227556932e+01 -4.424200630214263796e+00
-2.470857610410565997e+01 -4.344570711298240795e+00
-2.413760863184511507e+01 -4.335326101979539715e+00
-2.358636298211964188e+01 -4.412085546674600955e+00
-2.305401682985137057e+01 -4.580183515042255848e+00
-2.254250843332427223e+01 -4.847120384090661815e+00
-2.211324558637292625e+01 -5.165640182844572159e+00
-2.164687115375280868e+01 -5.634728086878464381e+00
-2.120442649451459616e+01 -6.207215420074155610e+00
-2.077966882722191144e+01 -6.875794741814951649e+00
-2.037094517683491190e+01 -7.630733811392036436e+00
-1.998074385112035856e+01 -8.458208181319600172e+00
-1.961298132555406326e+01 -9.339148250420786113e+00
-1.923708787223931438e+01 -1.038301481718959707e+01
-1.879016696268826436e+01 -1.196044492956315253e+01
-1.802131755595925711e+01 -1.543515777609875350e+01
-1.773989845717920133e+01 -1.632458542706191906e+01
-1.745288769612833590e+01 -1.706186614624752806e+01
-1.707495117316112854e+01 -1.788951189274980536e+01
-1.657586845186403579e+01 -1.877714987158474358e+01
-1.607062779778245343e+01 -1.949974882821209476e+01
-1.552709924494920557e+01 -2.014108932855397427e+01
-1.510038225957493552e+01 -2.055275246609619799e+01
-1.472987669745550043e+01 -2.085224300440181011e+01
-1.434610008207628873e+01 -2.112030496736497653e+01
-1.386301534373629707e+01 -2.141108314273756008e+01
-1.300061919053395876e+01 -2.181994754014135651e+01
-1.246823383557861575e+01 -2.199374938642235122e+01
-1.202543535319138890e+01 -2.209299337926417195e+01
-1.157980286006462123e+01 -2.215199474583084793e+01
-1.113117884870649021e+01 -2.216951607600824659e+01
-1.067918651382502482e+01 -2.214447420215153528e+01
-1.022531585336380289e+01 -2.207466767360899240e+01
-9.774493012984841300e+00 -2.195961012156629977e+01
-9.328935736086009456e+00 -2.180290325391333184e+01
-8.889324090448033289e+00 -2.160739611039021568e+01
-8.456569974490323105e+00 -2.137235758103489403e+01
-8.029279042644002828e+00 -2.108923127756920124e+01
-7.606902454099187416e+00 -2.075690294966436866e+01
-6.862969327859800295e+00 -1.998701612419807105e+01
-5.987543445881438942e+00 -1.887204417853060789e+01
-5.243380182712968463e+00 -1.778333973104454557e+01
-4.478846208280796048e+00 -1.651732934189897151e+01
-3.847630482326321655e+00 -1.533316967597620106e+01
-3.129234945027310033e+00 -1.377069538479954502e+01
-2.508376997041793288e+00 -1.224187622408821596e+01
-1.868180466389274264e+00 -1.036845599248811745e+01
-1.174692790292885869e+00 -7.847721469398685201e+00
-6.425276775374932914e-01 -5.456299367375163634e+00
5.740464582475001201e-03 -2.163216737873595363e+00
4.440791135573733950e-01 -3.970621273196655587e-01
5.194870665285812317e-01 -1.272021553648991499e-01
5.063848162280177867e-01 -1.401340101668379842e-02
3.954295138853154423e-01 1.079441962076199170e-02
-1.409794820494318450e-04 5.509510034016458338e-15
