-4.011964349138619212e+01 4.241339811937091042e+01
-1.050283024778734742e+01 4.237367015347378185e+01
-9.208776846341368838e+00 4.232907452445000018e+01
-8.330365667196252488e+00 4.227165773627157819e+01
-7.491324675004915612e+00 4.219244075518216164e+01
-6.828086023193325360e+00 4.209497693222242987e+01
-6.207679560805973829e+00 4.196877033795465906e+01
-5.630127412617983218e+00 4.181028606802507142e+01
-5.102712864724675335e+00 4.161464789547647314e+01
-4.716350131500980147e+00 4.141854898761579307e+01
-4.447135025399054697e+00 4.124149506395053777e+01
-4.272636032077771873e+00 4.109876203479149126e+01
-3.978663434013576250e+00 4.083404372981328123e+01
-3.838704438776474603e+00 4.066816004822748454e+01
-3.712639820890335507e+00 4.049502037847598501e+01
-3.558557143667664402e+00 4.024282415880719554e+01
-3.435853765373890756e+00 3.997467909128712904e+01
-3.365530189209479328e+00 3.977309375853444351e+01
-3.309225153684693499e+00 3.956522942657282726e+01
-3.259357800314798048e+00 3.926561383014198725e+01
-3.238024833134163671e+00 3.904454596189235360e+01
-3.231036717633405608e+00 3.881889539687620072e+01
-3.254893225449001282e+00 3.849390220786763450e+01
-3.339432325044418448e+00 3.806156132321487462e+01
-3.476046975674592421e+00 3.761576224133848712e+01
-3.608995818000077183e+00 3.726171754893810117e+01
-3.772192172955983747e+00 3.690087486496030067e+01
-4.040146914792449806e+00 3.642694228907670606e+01
-4.272766746170533203e+00 3.605158138760464936e+01
-4.624391393997060895e+00 3.556059236705328175e+01
-5.013173572982396742e+00 3.506335251046871804e+01
-5.431349104730760047e+00 3.456544184361368366e+01
-5.874719285264587754e+00 3.407072330462277421e+01
-6.342531160406909230e+00 3.357559273979389758e+01
-7.330901917663015688e+00 3.264292216310963113e+01
-8.533899451788807156e+00 3.159311164775344238e+01
-9.933574282711864711e+00 3.044798090780675537e+01
-1.063984661978960311e+01 2.987083391304189561e+01
-1.137246577978679873e+01 2.929374963416712063e+01
-1.513577670921347895e+01 2.659415236644213820e+01
-1.707957418431290364e+01 2.519378417686276705e+01
-1.834522877811869179e+01 2.422875204630141610e+01
-2.011159121526655369e+01 2.286850411428050478e+01
-2.348841733231040863e+01 2.028098769092543208e+01
-2.680342432701593580e+01 1.781578387220713466e+01
-2.774589381294946477e+01 1.706508809703604967e+01
-2.872606667845342088e+01 1.624669809595536663e+01
-2.925111741849165981e+01 1.575430269894017599e+01
-2.966223399534333183e+01 1.533832714088112503e+01
-3.045631565788315243e+01 1.455424247883581401e+01
-3.103262462540558175e+01 1.393953984314528860e+01
-3.168171463532984333e+01 1.321105767441837564e+01
-3.229695132569155192e+01 1.247193185101768087e+01
-3.287947191872293473e+01 1.171591958200508898e+01
-3.351298429522044842e+01 1.085749006608211431e+01
-3.434479274271381399e+01 9.716504208082836769e+00
-3.520373126264516372e+01 8.504147337144583929e+00
-3.571116514881192927e+01 7.727294309480542189e+00
-3.603965019310696505e+01 7.167766769494541279e+00
-3.627167988294146284e+01 6.712624005007688410e+00
-3.650320910114483297e+01 6.195810689448442155e+00
-3.667668119495979795e+01 5.700504786513817201e+00
-3.676757251063014564e+01 5.296626821009909669e+00
-3.681003982823739307e+01 4.910705016364214970e+00
-3.680401152727260694e+01 4.670283465111632282e+00
-3.678268115359318102e+01 4.499764926420864342e+00
-3.675152964534002109e+01 4.331306912456872382e+00
-3.669497621169738721e+01 4.101364954859237244e+00
-3.656744604340716620e+01 3.749984792230156128e+00
-3.638765238416512204e+01 3.403296891510140032e+00
-3.624793459337799817e+01 3.182397767284029122e+00
-3.609006743446212084e+01 2.965309126271407525e+00
-3.574765189882842975e+01 2.585539438916677035e+00
-3.534403299193206749e+01 2.215658448585058782e+00
-3.488495187432838662e+01 1.859367805602194945e+00
-3.437426793770709565e+01 1.512215442068044258e+00
-3.366077828192837273e+01 1.080028596651521511e+00
-3.310717905026500318e+01 7.706268756454189850e-01
-3.253961238837156600e+01 4.961848912884186391e-01
-3.204676261832560158e+01 2.876911545316935825e-01
-3.153850569285324568e+01 1.060037516161625309e-01
-3.090517199646966873e+01 -7.038895447197747457e-02
-3.013922591423428798e+01 -2.310306847333566671e-01
-2.946341691713579891e+01 -3.425913347816976207e-01
-2.898974395662024861e+01 -4.142302499724737075e-01
-2.837558094309331480e+01 -4.789289093572638989e-01
-2.696920357551481828e+01 -5.354987837427062081e-01
-2.277791212194854609e+01 -5.713893043358524437e-01
-2.164297348096795304e+01 -5.903760711078822609e-01
-2.053018888854842672e+01 -5.889013324731394716e-01
-1.915621870103747781e+01 -5.361484719171709656e-01
-1.802682412183097327e+01 -4.718826834498659473e-01
-1.700868550153188608e+01 -3.912882440981363952e-01
-1.474326363333249823e+01 -1.332321084640239461e-01
-1.344505159997587818e+01 -2.678874141118815777e-02
-1.188248441783438381e+01 6.067900906050872900e-02
-1.063637129181110019e+01 8.485333172034252580e-02
-9.691400339839786326e+00 6.891167105948715899e-02
-8.693626250304065550e+00 3.849898074765363554e-02
-2.185860197289528708e-04 -3.240544179251461674e-14
