-1.068683606050205803e+01 -4.239308254037543300e+00
-1.755501542577611929e+01 -3.915932038856748232e+00
-2.302548086561706953e+01 -3.770759915476089130e+00
-2.741085358302166242e+01 -3.738263123560893852e+00
-3.084754480454066083e+01 -3.742913184265795223e+00
-3.349595087644870262e+01 -3.742627184948656982e+00
-3.552937100267966031e+01 -3.721023211046076806e+00
-3.710035823475998029e+01 -3.713827084398270806e+00
-3.832417362953083284e+01 -3.725355736662189887e+00
-3.927876065409531492e+01 -3.706038785875451769e+00
-4.000038243363609070e+01 -3.578573350979565859e+00
-4.049580433563804149e+01 -3.290953355977324080e+00
-4.075747319752949238e+01 -2.819776051815056306e+00
-4.085370435339918771e+01 -2.222619457003944365e+00
-4.087083592662564513e+01 -1.557258382499192129e+00
-4.089037519625961181e+01 -8.733897248233042365e-01
-4.096361561879854918e+01 -2.164920526392559441e-01
-4.110086103550848691e+01 3.616896737674608620e-01
-4.130996494957520326e+01 7.974826475375631496e-01
-4.160197755501359751e+01 1.008938942953509832e+00
-4.198995445145391869e+01 8.903721740750115687e-01
-4.243337362860902573e+01 5.550464178921322711e-01
-4.290617288433229959e+01 9.716888309356823406e-02
-4.339793256161200929e+01 -4.021948679006649430e-01
-4.390070283214861036e+01 -8.673832048568044240e-01
-4.441136260330634400e+01 -1.224433915118082306e+00
-4.492440526513947674e+01 -1.390215288997845633e+00
-4.541478468053562523e+01 -1.320797201409160238e+00
-4.585534107544761184e+01 -1.045959949369695829e+00
-4.623173971097838120e+01 -6.123329594374522511e-01
-4.653620639415353821e+01 -6.186516599206883654e-02
-4.676529855373362210e+01 5.699205637703640415e-01
-4.691572354825007807e+01 1.254105940338561043e+00
-4.698277909907631766e+01 1.966642172479161399e+00
-4.695860840734974317e+01 2.686722678399525499e+00
-4.683446160091702382e+01 3.394980859967414499e+00
-4.660410688897538733e+01 4.072812288374692002e+00
-4.626643622871306150e+01 4.703380904635062976e+00
-4.582817060385021080e+01 5.274639192758369788e+00
-4.530780722940153993e+01 5.784872980486181149e+00
-4.473965539803361935e+01 6.250415410571174668e+00
-4.416522897491549315e+01 6.699194305140763639e+00
-4.363414413272867165e+01 7.168483947277032087e+00
-4.320356847196008232e+01 7.700159766453701593e+00
-4.286849148545611854e+01 8.284520574490873202e+00
-4.256192161720387190e+01 8.872857018066511614e+00
-4.220519114463745325e+01 9.407319713783548920e+00
-4.175974922762210184e+01 9.850639923437686463e+00
-4.122219530946567545e+01 1.019248067038201100e+01
-4.061372884783168757e+01 1.045478571256889389e+01
-3.996433238317196412e+01 1.068219485994643314e+01
-3.929775403250795307e+01 1.091560522261869437e+01
-3.862559847234149402e+01 1.117395702615725384e+01
-3.795043392857284204e+01 1.145711905781153916e+01
-3.726879345304162428e+01 1.175394058917952300e+01
-3.657254063376485220e+01 1.204436487131000177e+01
-3.585692712899551537e+01 1.231613490808406652e+01
-3.511781385135256528e+01 1.255962827234147028e+01
-3.435279334978926613e+01 1.277186546028549330e+01
-3.355987586212335572e+01 1.295068821068133680e+01
-3.273884121217236043e+01 1.309877296195876006e+01
-3.188904233764780827e+01 1.321609307539217504e+01
-3.100997750960475585e+01 1.330132852085358230e+01
-3.010087110248275621e+01 1.335503791591622758e+01
-2.916056085289502064e+01 1.337825933963145353e+01
-2.818927681333297386e+01 1.337399187560917113e+01
-2.718821450445364363e+01 1.334391164563860421e+01
-2.615870885755213138e+01 1.328777548335509984e+01
-2.510236392583767540e+01 1.320464010232262098e+01
-2.402151387781345449e+01 1.309345813881320275e+01
-2.291787141851397180e+01 1.295435467378091587e+01
-2.179197073063558321e+01 1.278598122326870978e+01
-2.064528980428514160e+01 1.258671340923834947e+01
-1.947995144725804195e+01 1.235974180735215633e+01
-1.829963493858314294e+01 1.210462289130413893e+01
-1.710883219148273682e+01 1.182027397520571554e+01
-1.591311851931507171e+01 1.150409055540206182e+01
-1.471944986552956713e+01 1.115320544983327267e+01
-1.353617067695201293e+01 1.075853314206651135e+01
-1.237173787342180376e+01 1.031336763775317600e+01
-1.123478113176610016e+01 9.814161000993502526e+00
-1.013238194541837878e+01 9.264110635567925911e+00
-9.071537558009330482e+00 8.666245509168735595e+00
-8.055131548154133014e+00 8.030244802719915143e+00
-7.087241357644733952e+00 7.365579776006676127e+00
-6.172495715469458410e+00 6.682562379017569221e+00
-5.314208432389885495e+00 5.991022900434618492e+00
-4.516249649623524043e+00 5.299108490200044486e+00
-3.783177744544879761e+00 4.613809830764938447e+00
-3.118945866729201377e+00 3.940301893881885231e+00
-2.522295954807651341e+00 3.288454443635389080e+00
-1.989119768058184912e+00 2.670142679994903290e+00
-1.511001148131892124e+00 2.101600377619050164e+00
-1.080634197928731943e+00 1.595172683917793544e+00
-6.889296104404504240e-01 1.163227387582299599e+00
-3.345903692270347785e-01 8.145316514812391828e-01
-4.042863729274309009e-02 5.428629597501304360e-01
1.311044618153773822e-01 3.155765347847092062e-01
1.159060281281986682e-01 1.202122640612186127e-01
-2.221443064359107204e-06 1.198567742590962075e-04
