-3.232549090857933294e+01 2.065641080260333950e+01
-4.286646319615945799e+01 2.086307756554234416e+01
-4.201407905246897911e+01 2.107065650029763404e+01
-3.622934299384339596e+01 2.128037516893201087e+01
-3.027167278157695662e+01 2.149419319564428221e+01
-2.737534071102890110e+01 2.212395656985542658e+01
-2.535505282065582122e+01 2.281250131183182717e+01
-2.360335156631035503e+01 2.332305575930514507e+01
-2.191147157221720221e+01 2.363782202453985448e+01
-2.023877395402825385e+01 2.388843733332528529e+01
-1.857988748487111152e+01 2.403559905239957928e+01
-1.696030633312572888e+01 2.409810018680056842e+01
-1.540901561269026843e+01 2.409628723649078808e+01
-1.393974735894336270e+01 2.408764141531125702e+01
-1.255566579818984252e+01 2.402868297096643246e+01
-1.125506946892497950e+01 2.392116825658377266e+01
-1.003864766200290859e+01 2.377010584187712183e+01
-8.894915794494250960e+00 2.355097261024088695e+01
-7.802012428520336940e+00 2.329189121183248901e+01
-6.761720097096999282e+00 2.301131640978930193e+01
-5.784516525185037672e+00 2.267788099774830712e+01
-4.896088189341716301e+00 2.224290162634945744e+01
-4.151009194846575490e+00 2.167603180425863130e+01
-3.554952023307056841e+00 2.102565358308863708e+01
-2.885302202647170855e+00 2.054558893160736943e+01
-2.569255824699959945e+00 1.987403479532176576e+01
-2.498046907843234798e+00 1.912763351342134044e+01
-2.341605482074325284e+00 1.843449265328720443e+01
-2.318441037163041507e+00 1.791667562429584848e+01
-2.768122190613587552e+00 1.781837768946357770e+01
-3.470483752911770470e+00 1.785958604623335688e+01
-4.302915633293515896e+00 1.773624398959812609e+01
-5.244842550945563175e+00 1.744331493895530727e+01
-6.336913846675322759e+00 1.704001879543552889e+01
-7.602671764177508784e+00 1.662170382991000395e+01
-9.025121047784534056e+00 1.620326111102838951e+01
-1.057564785363138604e+01 1.575848836837594291e+01
-1.220106340988320071e+01 1.527743354089547623e+01
-1.384638918801725005e+01 1.474605816345816223e+01
-1.548935655065922390e+01 1.416759224767915626e+01
-1.713612013476695495e+01 1.351290156581363355e+01
-1.880386170594241690e+01 1.278164471057309903e+01
-2.048178916363778157e+01 1.197499983845774274e+01
-2.214705004024327195e+01 1.110805925352975265e+01
-2.373479815235083379e+01 1.019563858126903000e+01
-2.518317225336773291e+01 9.242851334155986365e+00
-2.647870489639676350e+01 8.235746093744515051e+00
-2.763690648563917307e+01 7.159077421133729580e+00
-2.864446096790761942e+01 5.984656211256888625e+00
-2.955053673698846595e+01 4.752446653590010506e+00
-3.035072776064508560e+01 3.433504887368080460e+00
-3.104088075937855606e+01 2.001082586924660234e+00
-3.164652370736359543e+01 4.674739456341442945e-01
-3.225026344269054590e+01 -1.116785714540081909e+00
-3.271240635440961597e+01 -2.760074273505704223e+00
-3.275672041312080296e+01 -4.460719741960124551e+00
-3.229908496141484875e+01 -6.158453940791302372e+00
-3.211718668961543699e+01 -7.874392494011071442e+00
-3.269815087188889180e+01 -9.487319049540968052e+00
-3.256241168700770316e+01 -1.103600716006221738e+01
-3.166702494562935399e+01 -1.234949609220412725e+01
-3.040686715483190383e+01 -1.346245227826057977e+01
-2.924313203296415864e+01 -1.467985207844360396e+01
-2.812814812352414862e+01 -1.593442304837034662e+01
-2.692936656037694476e+01 -1.709950559891241539e+01
-2.556523610890076981e+01 -1.805557778616495312e+01
-2.416246461401299683e+01 -1.894555563747711346e+01
-2.277044760261343015e+01 -1.982359496985567660e+01
-2.131255344065270663e+01 -2.049501171652273257e+01
-1.976692656368099321e+01 -2.083209032135836125e+01
-1.825803844076419935e+01 -2.118279807249763635e+01
-1.676752797991903421e+01 -2.141424139509755520e+01
-1.529406228360013387e+01 -2.158508373037551209e+01
-1.384376095534045703e+01 -2.173615420367057283e+01
-1.241248427214076244e+01 -2.181629423569223647e+01
-1.099731363527716788e+01 -2.190315829437758666e+01
-9.592396317440028852e+00 -2.193902828590793774e+01
-8.207009595387544820e+00 -2.186708646747604945e+01
-6.860285989950551055e+00 -2.165447223085653761e+01
-5.563632369195585348e+00 -2.127563463170342928e+01
-4.335444032774949719e+00 -2.064824280447705007e+01
-3.056241996544294182e+00 -2.004355103725766796e+01
-1.751369440873417282e+00 -1.943109929073883890e+01
-6.337283340355226446e-01 -1.847016921641074561e+01
2.623421709639651711e-01 -1.721069552729411356e+01
1.125017914495013205e+00 -1.585827657988359007e+01
1.920631454244115410e+00 -1.443615924699721731e+01
2.583080227183744970e+00 -1.295911571010615582e+01
3.113906133900838036e+00 -1.145139405844353675e+01
3.482348432881011924e+00 -9.953481551934277860e+00
3.684653586902334688e+00 -8.510507590629870833e+00
3.723900239104584564e+00 -7.137221018983701981e+00
3.549584970875489631e+00 -5.859516121051858484e+00
3.209904797921188102e+00 -4.692583163135692459e+00
2.730070706029889660e+00 -3.625506682576536299e+00
2.181309170337913272e+00 -2.646598059620948185e+00
1.598766370899919576e+00 -1.780045214664604414e+00
9.898450739065756121e-01 -1.051870519693989703e+00
3.979378061270211764e-01 -4.843039359136767086e-01
-5.644726338111542347e-05 -2.259296008805137602e-04
