1.041929797207207997e+01 2.226818087672324609e+01
1.509985744614986380e+01 2.299575466889044151e+01
1.773534617070738406e+01 2.350556701955941463e+01
1.929669083019839348e+01 2.367885877932729954e+01
2.018194960050028897e+01 2.346288940614925167e+01
2.058348074596345256e+01 2.287095861365980198e+01
2.071708327637268354e+01 2.209359040538300434e+01
2.075415524198576733e+01 2.129682502114277298e+01
2.084540930898191036e+01 2.064258750647951146e+01
2.110907965692630484e+01 2.032035835174106708e+01
2.143952751200945528e+01 2.052622483125056974e+01
2.181839551285999690e+01 2.102470736793020478e+01
2.223770872823896028e+01 2.164297100854819078e+01
2.269815230242847903e+01 2.223382461646065167e+01
2.320867513691326778e+01 2.264515505603017331e+01
2.377083696737156160e+01 2.272343923556898204e+01
2.430660856817452498e+01 2.248392981290350434e+01
2.475445266326504523e+01 2.198352456818670220e+01
2.508750962552253583e+01 2.129390203194140341e+01
2.529620613293446141e+01 2.047325194408755067e+01
2.538371049483648889e+01 1.956343908923389918e+01
2.536457698955832285e+01 1.859074555431798004e+01
2.527885152934902635e+01 1.756648468072083347e+01
2.519773525454157692e+01 1.648626019807535670e+01
2.519450416765221590e+01 1.533910349037122955e+01
2.526066688036308605e+01 1.410729907370126313e+01
2.535417724860678135e+01 1.276775820414748885e+01
2.543770509381498357e+01 1.129211771812176757e+01
2.548830633622788255e+01 9.654221527995671792e+00
2.551273638782740250e+01 7.835527858111417387e+00
2.553311644331399677e+01 5.827773131971969001e+00
2.557071658926012958e+01 3.656746555087146078e+00
2.563182155520687289e+01 1.406523658364356555e+00
2.575286500111654320e+01 -8.153535358226975394e-01
2.593217674578366783e+01 -2.890290865363077888e+00
2.606755192390613374e+01 -4.747641781001975758e+00
2.611690589238817140e+01 -6.367273211254248722e+00
2.606064034352648662e+01 -7.774482506781699165e+00
2.586080770349225588e+01 -8.992034383755720839e+00
2.552405374705378449e+01 -1.003983391007359671e+01
2.517010577844954611e+01 -1.096184881054920446e+01
2.499288878922279977e+01 -1.181528888958089318e+01
2.514386133064396844e+01 -1.262044980610410683e+01
2.545075308192200225e+01 -1.340129002000505309e+01
2.573834911591654517e+01 -1.418564419048527547e+01
2.586614390675613251e+01 -1.498922962856905983e+01
2.576817249211491756e+01 -1.579640472144897068e+01
2.544767467170334285e+01 -1.658324445774377409e+01
2.493262446409897137e+01 -1.733514671381302108e+01
2.426610170752017126e+01 -1.805539742570216433e+01
2.349486120963789659e+01 -1.876006006262885251e+01
2.266526190747811498e+01 -1.946253873252284095e+01
2.180742753423739444e+01 -2.013797505120033549e+01
2.092142968669205416e+01 -2.067951614571732932e+01
2.001474037896267788e+01 -2.090774970952596234e+01
1.914681929162093610e+01 -2.066275936979920758e+01
1.840966856076870783e+01 -1.991144011329433994e+01
1.769563356971291057e+01 -1.902817744783475362e+01
1.686551669721562519e+01 -1.841729699374814899e+01
1.595410921006891591e+01 -1.846809952762284368e+01
1.513609677463303704e+01 -1.916431316243565419e+01
1.446705147833023730e+01 -2.027525563846910472e+01
1.375553924141401652e+01 -2.139434374480262946e+01
1.277270823266556654e+01 -2.211270012560310505e+01
1.163407342100254738e+01 -2.230142308862059863e+01
1.052922339789649264e+01 -2.195492360866191817e+01
9.624046913230049682e+00 -2.113900402797174394e+01
8.864888151314866960e+00 -2.018242021202875947e+01
8.085009251008564490e+00 -1.950235286565584403e+01
7.202615837648959740e+00 -1.947199827838620934e+01
6.329914916447559214e+00 -1.998281457775067693e+01
5.457692659798671464e+00 -2.066452093815651736e+01
4.546379959120576686e+00 -2.117623099169546919e+01
3.605786894677210697e+00 -2.130891926035240047e+01
2.719742792376491192e+00 -2.110665461168765944e+01
1.964430272889369888e+00 -2.063886712362493725e+01
1.406350361023249729e+00 -1.997187901904845475e+01
1.093265701758674213e+00 -1.916982971525605350e+01
1.009753475131867528e+00 -1.831064674669658743e+01
1.092770451465502335e+00 -1.746319521680237941e+01
1.171846710301859051e+00 -1.667475594390583638e+01
1.055868329674691131e+00 -1.598878027845600158e+01
6.345038974372190221e-01 -1.545469737545531785e+01
3.919705075190463989e-02 -1.501827273281115183e+01
-5.538171869606152153e-01 -1.454857273052811450e+01
-9.900552551646691901e-01 -1.393483463217016016e+01
-1.226920380708220737e+00 -1.318277820928805788e+01
-1.293352573049841192e+00 -1.232690744239971004e+01
-1.263311983375052128e+00 -1.139491259925086908e+01
-1.215770255807467004e+00 -1.039998756326376572e+01
-1.176956839223975759e+00 -9.350384475716131405e+00
-1.146076922491498173e+00 -8.252266945401053988e+00
-1.115336205571829442e+00 -7.111929715845843880e+00
-1.069934692079627103e+00 -5.940648348536946344e+00
-9.915090776335653278e-01 -4.754740717354006385e+00
-8.631670385504226495e-01 -3.577978371562159143e+00
-6.864640229165014373e-01 -2.445048209609899104e+00
-4.726856835010651570e-01 -1.407237711171623218e+00
-2.394626686821525741e-01 -5.466886684159008025e-01
-1.001711492405642429e-04 -4.021597412992742671e-04
