2.403572719439219796e+01 2.584796023035226042e+01
3.105010634814918191e+01 2.569211845600148791e+01
3.263479326923960855e+01 2.483883557869673098e+01
3.133876302254174107e+01 2.357406433459227202e+01
2.873902076448251108e+01 2.204491843226021075e+01
2.597252308099309559e+01 2.030936475793655305e+01
2.359753536060276957e+01 1.862787890022492476e+01
2.344279448924133291e+01 1.596492260236203720e+01
2.468482456284642979e+01 1.319897790674895433e+01
2.550426259956916297e+01 1.044002151140059986e+01
2.539366732538277205e+01 7.861626292880422362e+00
2.452512376792168425e+01 5.654702383590099579e+00
2.388796649907478198e+01 3.691356095466612253e+00
2.423799686380919027e+01 1.966874893675504499e+00
2.534187106466129791e+01 5.817024030459191364e-01
2.611463708709246134e+01 -8.196474338423568318e-01
2.609761416994621186e+01 -2.174206396293898891e+00
2.523334537762089624e+01 -3.222521283124284430e+00
2.388790396695645413e+01 -3.974530487289165137e+00
2.280602043372543974e+01 -4.945005483251810219e+00
2.232813890980126814e+01 -6.159928930014679338e+00
2.251264785649332012e+01 -7.310103003571490454e+00
2.344128525317961476e+01 -8.048816053377176871e+00
2.461360035391995638e+01 -8.627525454525766690e+00
2.549196674199638224e+01 -9.390694286080073283e+00
2.574692799319629088e+01 -1.040843331641585756e+01
2.549405597568553361e+01 -1.149206266414091182e+01
2.488993239871060581e+01 -1.251947796255903000e+01
2.414012089072690870e+01 -1.347286349394065752e+01
2.353765022463208112e+01 -1.446307712103593524e+01
2.313769240532888460e+01 -1.548345696148768091e+01
2.267048962676724955e+01 -1.633910517978438648e+01
2.200490201637864374e+01 -1.685012534870021028e+01
2.117454085827283805e+01 -1.690533865756395926e+01
2.031033451722270300e+01 -1.666533909970457117e+01
1.951708271641603076e+01 -1.654567632262326171e+01
1.892059979510975154e+01 -1.695782045492271450e+01
1.850950322420565186e+01 -1.766571459244213216e+01
1.821748429336201980e+01 -1.846569961315627850e+01
1.788563911675174012e+01 -1.918123160020005713e+01
1.738908340162143062e+01 -1.967128245288525079e+01
1.675801800089341143e+01 -1.991872114339413002e+01
1.606372031870953521e+01 -2.001300667212965934e+01
1.536057481962356341e+01 -2.007609728085477840e+01
1.467289887521258507e+01 -2.016934364350066389e+01
1.400609977028857855e+01 -2.029636558125079659e+01
1.335682407428894081e+01 -2.043473206852788948e+01
1.271887063281548258e+01 -2.055796046518191389e+01
1.208861989805498105e+01 -2.065728191624347332e+01
1.146322525310013241e+01 -2.072917988687224877e+01
1.084155122654459014e+01 -2.077170629049840045e+01
1.022412633876234977e+01 -2.078425735709069855e+01
9.611881253800337532e+00 -2.077322403315335819e+01
9.005578507074222472e+00 -2.074428798755350911e+01
8.406567735681861109e+00 -2.070152124554475392e+01
7.816455930765728866e+00 -2.064427839036964585e+01
7.235626051808501380e+00 -2.057657074608122727e+01
6.664955037698232054e+00 -2.049720634878269365e+01
6.105518295688574959e+00 -2.040372299054584460e+01
5.558518916326758763e+00 -2.029411775364019732e+01
5.025908759179960938e+00 -2.016434645019048233e+01
4.508589906919443280e+00 -2.001563229155843615e+01
4.009520921466532606e+00 -1.984072791586809359e+01
3.532288580936522315e+00 -1.963211809346262271e+01
3.078956464356731537e+00 -1.938808814815702419e+01
2.648874680994263819e+00 -1.910992843167797517e+01
2.238454626937276704e+00 -1.880144163377257271e+01
1.840834146224640255e+00 -1.847063430770388237e+01
1.453459912733829018e+00 -1.812031358337773668e+01
1.074296047911335483e+00 -1.775195211113726401e+01
7.066377800212557680e-01 -1.735986880710068547e+01
3.544825238419374025e-01 -1.693858168353640536e+01
2.450336422229188252e-02 -1.648259340768849768e+01
-2.764398063663059402e-01 -1.598852836274754452e+01
-5.351586124962298685e-01 -1.545198101572102445e+01
-7.552840824118467467e-01 -1.487885348996533530e+01
-9.459169288917372853e-01 -1.427564877638687335e+01
-1.118488910469874753e+00 -1.364952170244857399e+01
-1.272587137285628334e+00 -1.300462122382082875e+01
-1.408510212952716945e+00 -1.234557320267894731e+01
-1.526430431819467470e+00 -1.167627572424845894e+01
-1.623755203558175264e+00 -1.100115002936540165e+01
-1.697382739925509920e+00 -1.032465566128427170e+01
-1.743684541616658645e+00 -9.650136543671392175e+00
-1.758196547165588042e+00 -8.980234812897061047e+00
-1.742082830383689496e+00 -8.316235877503011409e+00
-1.695221881031533595e+00 -7.659082582203706302e+00
-1.622322357425926453e+00 -7.009597539964641300e+00
-1.525087775336847695e+00 -6.368490935301670319e+00
-1.405948221491715833e+00 -5.734364319226397555e+00
-1.269917097079992008e+00 -5.103444650058826859e+00
-1.123122685700393086e+00 -4.473009306331545254e+00
-9.739011846677914086e-01 -3.841526602708977833e+00
-8.293330045498285008e-01 -3.208191205526513379e+00
-6.953669931446384567e-01 -2.574031574364518349e+00
-5.769124250725307101e-01 -1.944582609589058375e+00
-4.686850907783680631e-01 -1.334403275445500858e+00
-3.512743439334730655e-01 -7.703326271699025840e-01
-1.943873689137442518e-01 -3.002632644992598854e-01
-3.229912937305389615e-16 -9.402542208120241129e-13
