-2.706917720033595387e+01 -2.220156551095449071e+00
-3.431265112812337748e+01 -1.435827083943318261e+00
-3.455552810166658162e+01 -6.361776117180180101e-01
-3.249763492245592289e+01 2.422808414062813387e-01
-3.186326235410192353e+01 1.333084121171951075e+00
-3.227720172834135326e+01 2.335200428861984534e+00
-3.293223835800141330e+01 3.291256493120129800e+00
-3.344189744335761816e+01 4.271716447518744353e+00
-3.371920961418427964e+01 5.279199023208796859e+00
-3.380231649712474251e+01 6.289870291997065266e+00
-3.373832092400551375e+01 7.281789924869633168e+00
-3.354683704447726456e+01 8.234110558724085038e+00
-3.324402516586160772e+01 9.134969911945203691e+00
-3.286615431521120456e+01 9.989470271433786408e+00
-3.245606311239017572e+01 1.081489515036918903e+01
-3.199702033131305612e+01 1.160796564011745069e+01
-3.138735301490790519e+01 1.231057760851695448e+01
-3.056899759434393715e+01 1.287639719671534522e+01
-2.959024787855799943e+01 1.339629589514644437e+01
-2.848379107114780950e+01 1.392951845048265191e+01
-2.726699660346223908e+01 1.445768740019369147e+01
-2.598168319891214750e+01 1.496656548878720372e+01
-2.470636218829951858e+01 1.548055977050205989e+01
-2.351164881897894077e+01 1.601141645397899893e+01
-2.244989236474522798e+01 1.658034264520814816e+01
-2.154256803793117570e+01 1.717269911224932599e+01
-2.074729107663527117e+01 1.770488277515034881e+01
-2.005961510926099578e+01 1.817514603071147050e+01
-1.958559100880792769e+01 1.874762604752295658e+01
-1.936565057650775401e+01 1.946067061424393074e+01
-1.922360327638402921e+01 2.025676244323026154e+01
-1.888835355062265364e+01 2.109034197026873159e+01
-1.841867252042679226e+01 2.198144216654518246e+01
-1.793971516364450025e+01 2.298381461997320230e+01
-1.744859927240826636e+01 2.406355236087339122e+01
-1.690206941936882501e+01 2.516188685162410010e+01
-1.631077065344378951e+01 2.623706961516192138e+01
-1.567871739634290762e+01 2.725500241386360045e+01
-1.502231864765164993e+01 2.820907464640626472e+01
-1.433675898761330103e+01 2.909285564909866650e+01
-1.361099869650717764e+01 2.989735593504455480e+01
-1.283293509688653344e+01 3.061610963188551437e+01
-1.198963195424515149e+01 3.124475023089895487e+01
-1.107788251425445836e+01 3.178039681413330797e+01
-1.008967767030095786e+01 3.220676680448024598e+01
-9.016192251208160258e+00 3.250099266939416509e+01
-7.865700472663214704e+00 3.265729635440720102e+01
-6.653683357621108740e+00 3.267543953222754283e+01
-5.406511239835904981e+00 3.261091164855081814e+01
-4.155831606813570112e+00 3.249417188584946103e+01
-2.932857660598092941e+00 3.232412238349199640e+01
-1.761434955913622202e+00 3.209611003635641424e+01
-6.642255903632352521e-01 3.180410637666812690e+01
3.232778336399632635e-01 3.141424663542974471e+01
1.155480243259108697e+00 3.089309102861821543e+01
1.784748766091027727e+00 3.023091281449118739e+01
2.163808320330997681e+00 2.942283002275849313e+01
2.354132394667680206e+00 2.851846165086848828e+01
2.432239848502409707e+00 2.755163291978229978e+01
2.427657201364797235e+00 2.654006473564960444e+01
2.336574106493601199e+00 2.550001189657647060e+01
2.168389080545199743e+00 2.444877418057943785e+01
1.947448613505952109e+00 2.340660762454986710e+01
1.714241566777342962e+00 2.239114262579000325e+01
1.506283526705292530e+00 2.141288351148439872e+01
1.361579724594592644e+00 2.047861901869777057e+01
1.304817313840192616e+00 1.959312287966488597e+01
1.343776247563229331e+00 1.875908215580350458e+01
1.488615621561601765e+00 1.797547874944336144e+01
1.750860203960028949e+00 1.724124929143515317e+01
2.146080456564673611e+00 1.655717112580547834e+01
2.668470692470616523e+00 1.591199985720476562e+01
3.312671627657723938e+00 1.529745529424419814e+01
4.064222476086431612e+00 1.471102154020673858e+01
4.894257850644713415e+00 1.414962126563061773e+01
5.778974047245097445e+00 1.362515911575379590e+01
6.685486632769451099e+00 1.313901967056059483e+01
7.585766371027495403e+00 1.269371637651062379e+01
8.445177682043734535e+00 1.226916449751194804e+01
9.240946933836193367e+00 1.185586078662261933e+01
9.964318062447283353e+00 1.144428828014462773e+01
1.061434640160777931e+01 1.102509258588747443e+01
1.118565480513626653e+01 1.058572673781229057e+01
1.166698653421142673e+01 1.010599292029517571e+01
1.205375729051143452e+01 9.570123738898693944e+00
1.233084469928353322e+01 8.958323859575131110e+00
1.250489323712190703e+01 8.269822071239621764e+00
1.258409755406607999e+01 7.504541642110516442e+00
1.253700741198651336e+01 6.670181621145098383e+00
1.226313194326305833e+01 5.805017624466759507e+00
1.164988020364562260e+01 4.974557027056189185e+00
1.072881118483431528e+01 4.182849387594209212e+00
9.541692639329040659e+00 3.427777986701570967e+00
8.119154377029081715e+00 2.745418848040590554e+00
6.544597901735610179e+00 2.157482222034301067e+00
4.939855632648230355e+00 1.664599617619705096e+00
3.437721312832009879e+00 1.218313632649931533e+00
2.111542089249102805e+00 7.856828088835942081e-01
9.796073349372309558e-01 3.540272353161392771e-01
3.132110449647905395e-06 2.262915427890508399e-05
