-3.205998245127624102e+01 4.411201584826553557e+01
-4.706297149622439946e+01 4.402584870460695754e+01
-5.213261594956012601e+01 4.393393179092971224e+01
-5.151161310003077176e+01 4.382884746867367198e+01
-4.779201490674957142e+01 4.369935855728529361e+01
-4.266708920620749979e+01 4.352714871262951846e+01
-3.742247839494108774e+01 4.328150932938781636e+01
-3.330902338440530031e+01 4.291043851353018113e+01
-2.998260074723100033e+01 4.288796606063753103e+01
-2.952261924192102427e+01 4.065963653518646481e+01
-3.059966171835506543e+01 3.821404638692180811e+01
-3.308334946105383523e+01 3.735198413852465649e+01
-3.486435095410944740e+01 3.607572823579656784e+01
-3.507366765987445945e+01 3.427690436929746909e+01
-3.383974098076704706e+01 3.267165821881376075e+01
-3.193660158952177497e+01 3.159984189263500909e+01
-3.157137532819672998e+01 2.986651208013991621e+01
-3.232922457605612720e+01 2.805634527652434684e+01
-3.225964844944770960e+01 2.634576677027084912e+01
-3.157462844529565515e+01 2.484993059831045414e+01
-3.090954495141615155e+01 2.344255130986045899e+01
-3.038705808898351890e+01 2.209407460851529237e+01
-3.009176944718074509e+01 2.079626350607172469e+01
-3.033026630592015849e+01 1.956436959606763182e+01
-3.102580134482148111e+01 1.849137008083985023e+01
-3.127772590981216538e+01 1.739920797246683648e+01
-3.074429572954713663e+01 1.637063112890607286e+01
-3.010716452953129618e+01 1.537184117864304334e+01
-2.995835196036293979e+01 1.436053944437396090e+01
-3.044272418108536726e+01 1.352844968361206845e+01
-3.139020789165665448e+01 1.297595898827004390e+01
-3.223730980801248336e+01 1.238695034390688043e+01
-3.249707634497212183e+01 1.156467852074839975e+01
-3.217461506225725287e+01 1.073878131492087817e+01
-3.141944206457150202e+01 1.008401090021618529e+01
-3.068180335223565436e+01 9.455921259211287122e+00
-3.042617233337796279e+01 8.694021313210146928e+00
-3.066644773481210251e+01 7.937175195382262238e+00
-3.130227223445645279e+01 7.323660331868152795e+00
-3.211750066023120809e+01 6.854643447619767294e+00
-3.274611693049411087e+01 6.331099746246143134e+00
-3.284090525120229387e+01 5.664563421513675756e+00
-3.234006495626557154e+01 5.048626886673631020e+00
-3.170873340704642729e+01 4.402273213439094945e+00
-3.139305040923590795e+01 3.618517644428490776e+00
-3.136303183940330541e+01 2.842553580833275806e+00
-3.161936281729934350e+01 2.220995654475173442e+00
-3.220738786930444064e+01 1.911029080477080866e+00
-3.295573535230276718e+01 1.891430758236358756e+00
-3.366385828610562925e+01 1.886023030522751220e+00
-3.410666402489808036e+01 1.515001298772311156e+00
-3.434027675492698251e+01 9.019935495607595000e-01
-3.447365829520370539e+01 1.804901403115720393e-01
-3.458915637156694345e+01 -5.648096597007533637e-01
-3.464813103532184613e+01 -1.294057644393651119e+00
-3.461122451159930336e+01 -1.967564286957157682e+00
-3.443005976860874995e+01 -2.528841826999289832e+00
-3.408558509344291565e+01 -2.896418093863309728e+00
-3.362370079399762801e+01 -2.992263389425910969e+00
-3.312337591660180180e+01 -2.767444464707409679e+00
-3.263126869103956551e+01 -2.334692881126697817e+00
-3.215800599646918556e+01 -1.833230447059728263e+00
-3.165647163088830496e+01 -1.523128512127717160e+00
-3.111060869516608207e+01 -1.641311314421816991e+00
-3.064994947928811087e+01 -2.076675106556325368e+00
-3.034684513943469852e+01 -2.733448529072441957e+00
-3.010415815387957039e+01 -3.430773685679518792e+00
-2.967922655105120455e+01 -3.941411926496808160e+00
-2.897350177135821525e+01 -4.067416863515805225e+00
-2.813764198471930200e+01 -3.982043461607895907e+00
-2.724928033322662202e+01 -3.932423006053045178e+00
-2.632886743119256323e+01 -3.971125015494910038e+00
-2.537500658875936566e+01 -4.020607351787093720e+00
-2.437405629359205506e+01 -4.022426466256661115e+00
-2.331667683048506490e+01 -3.951979527914466495e+00
-2.219359049849855481e+01 -3.828308883801205820e+00
-2.099243877121714874e+01 -3.672510452256530833e+00
-1.971336764301296540e+01 -3.495076588015239238e+00
-1.836366534311154552e+01 -3.302697048078906850e+00
-1.695745908474696861e+01 -3.088105898374345237e+00
-1.551485236920046340e+01 -2.869236983558509202e+00
-1.407330272949596406e+01 -2.646706780449874952e+00
-1.266963569427811009e+01 -2.440387125980786553e+00
-1.133257222916352980e+01 -2.248919516184184175e+00
-1.007739977450229318e+01 -2.074316155349521296e+00
-8.919886406470860507e+00 -1.897420146161461929e+00
-7.871980820161613046e+00 -1.718776038744721957e+00
-6.936155025188725176e+00 -1.546181805861204905e+00
-6.102838005468286475e+00 -1.369273400109798589e+00
-5.351618447750356111e+00 -1.216336879600907972e+00
-4.668376381888436732e+00 -1.084286341155426880e+00
-4.040031972429502183e+00 -9.586032797263784877e-01
-3.457057752472308731e+00 -8.108711767780710789e-01
-2.910305961651384887e+00 -6.377705357510274897e-01
-2.388532736896937791e+00 -4.557128794139339023e-01
-1.880513763334833222e+00 -2.910420261539044540e-01
-1.382445882811424775e+00 -1.608583457297074470e-01
-8.994881243062400333e-01 -6.615186823604102262e-02
-4.373204768909263462e-01 -1.176438397405288154e-02
-1.429959555390150280e-05 4.219976896004040648e-06
