-4.515421548046049338e+01 -4.397951199716678161e+01
-5.982877986522956348e+01 -4.321989116105000761e+01
-5.877330725383617249e+01 -4.231765040275124079e+01
-5.133175898355560207e+01 -4.108115226528835251e+01
-4.465271180527563644e+01 -3.920384286718855549e+01
-4.191212861304532566e+01 -3.585487907054665158e+01
-4.179555359275790494e+01 -3.162109213312478673e+01
-4.135296914434710658e+01 -2.758725488127471337e+01
-4.060376466061784129e+01 -2.399264791390927343e+01
-3.987511405272532983e+01 -2.077473776535039107e+01
-3.916728654590749414e+01 -1.785911797212278174e+01
-3.832963920013081349e+01 -1.524714113087424749e+01
-3.736533170120920744e+01 -1.291932562685594910e+01
-3.674757700404123995e+01 -1.072588978247783587e+01
-3.697624698455891945e+01 -8.648771805188438577e+00
-3.708199782594211058e+01 -6.822456035523606133e+00
-3.599815597014714541e+01 -5.665519341375953033e+00
-3.445863535111237752e+01 -4.894116753052847102e+00
-3.357750484878302188e+01 -3.629680712657907371e+00
-3.373929712855754559e+01 -2.251064952958431231e+00
-3.486822322923302409e+01 -1.191201502433984816e+00
-3.578895459107204147e+01 -1.182383054598958039e-01
-3.569685147829242311e+01 1.015336258341492881e+00
-3.476310953725828767e+01 1.818302926882732429e+00
-3.339484989089709899e+01 2.154767350804379422e+00
-3.197091255357351969e+01 2.221553852164630083e+00
-3.066030494592019551e+01 2.283202348164420581e+00
-2.949326562922432515e+01 2.194871499902957268e+00
-2.855470002930145412e+01 1.835721057201205708e+00
-2.809115425206984895e+01 1.152988644658150541e+00
-2.842235613410667838e+01 2.772300134829220886e-01
-2.896846651322348265e+01 -6.029891739582634580e-01
-2.923000430659532256e+01 -1.292432411243033208e+00
-2.859168476914801715e+01 -1.536196845114623510e+00
-2.764446268635436610e+01 -1.190821305275866271e+00
-2.663916436034910618e+01 -8.600474837687394070e-01
-2.581099059647638327e+01 -1.133978395164005226e+00
-2.526083541479028582e+01 -1.834505351397818007e+00
-2.503602186601942492e+01 -2.805034798477516578e+00
-2.508778580500580802e+01 -3.935776596419609863e+00
-2.516580375150734739e+01 -5.187253782545992564e+00
-2.488908682521566007e+01 -6.600783531714087715e+00
-2.445423187579362079e+01 -8.254001597114857702e+00
-2.402218064970512401e+01 -1.020752306872636339e+01
-2.365177456788947552e+01 -1.246890098123517099e+01
-2.327656040593362974e+01 -1.498147808131270864e+01
-2.290278807335648281e+01 -1.765762986076055086e+01
-2.253077964236597452e+01 -2.037558286619221448e+01
-2.210566114473772714e+01 -2.299849313293557174e+01
-2.166025147901251913e+01 -2.548340307730607179e+01
-2.122243433030200066e+01 -2.783223096090161519e+01
-2.085095963025865373e+01 -3.000603317837985884e+01
-2.055159365682922257e+01 -3.197848891108148806e+01
-2.025026218376361342e+01 -3.375217882781157641e+01
-2.004350903794097150e+01 -3.533585648014231850e+01
-2.006893563158182303e+01 -3.673398729830517340e+01
-2.021388424723603450e+01 -3.796058033793213582e+01
-2.019080963045226085e+01 -3.899776610738889815e+01
-1.981290179397371887e+01 -3.974667952687423877e+01
-1.913163770451564361e+01 -4.008955517890323250e+01
-1.834768687621822636e+01 -4.002355123841373796e+01
-1.762498687271038023e+01 -3.977465038789845408e+01
-1.704400260569201464e+01 -4.003768270018402831e+01
-1.657788241197688350e+01 -4.053539270894842161e+01
-1.604038560039234085e+01 -4.086975580944367437e+01
-1.544378718990313182e+01 -4.096325103443766125e+01
-1.484393147992907735e+01 -4.089291157170789148e+01
-1.426158886139885773e+01 -4.075075864855424612e+01
-1.370824173305489779e+01 -4.055819888041974508e+01
-1.320073298856302380e+01 -4.028992203392960647e+01
-1.275552711493111602e+01 -3.992387914897775403e+01
-1.234406717929321928e+01 -3.950831173534840701e+01
-1.187917046099853380e+01 -3.916519388065856333e+01
-1.128694531344074115e+01 -3.903266441758066918e+01
-1.068553402026270405e+01 -3.887295728988198817e+01
-1.017402242426209469e+01 -3.854495840031620446e+01
-9.828842347401849366e+00 -3.801927444778151255e+01
-9.672232434525280809e+00 -3.733129307916664175e+01
-9.627192093195343858e+00 -3.654258980362655507e+01
-9.392480057710528740e+00 -3.574525997747231543e+01
-8.865617659339926959e+00 -3.499242659289991764e+01
-8.203691388819132513e+00 -3.420785477586687051e+01
-7.751274280979897568e+00 -3.318579983764477959e+01
-7.577741360694508543e+00 -3.189831592463283272e+01
-7.495062015580015391e+00 -3.037202204471469003e+01
-7.290519294638475145e+00 -2.861175432735715418e+01
-6.939120058608470920e+00 -2.660387158283613473e+01
-6.451631507205611626e+00 -2.434364461881818187e+01
-5.837989892655328639e+00 -2.183664051520598193e+01
-5.084211236080419027e+00 -1.913477294618352786e+01
-4.283981255536763122e+00 -1.628738300285184337e+01
-3.463391237719544602e+00 -1.337662900865741733e+01
-2.630815865992726099e+00 -1.052560077631138746e+01
-1.908067115211056208e+00 -7.896559003324521875e+00
-1.356650074620706414e+00 -5.585930057981627783e+00
-9.271522664568656591e-01 -3.600100006703100597e+00
-5.737024945037312307e-01 -1.936798746897065548e+00
-2.842290682454223782e-01 -6.173171645441626332e-01
6.122316340627958348e-02 2.475306605355747092e-01
1.168187403826409002e-06 7.750770045610822444e-05
