4.060789464643915636e+01 4.767500971954833489e+01
5.583719465304705665e+01 4.731057699639075764e+01
5.732923878676581353e+01 4.693624168833692067e+01
5.209879008342470996e+01 4.653876513537162651e+01
4.489630792433898421e+01 4.609711264839669553e+01
3.980791929312968591e+01 4.557538117720835658e+01
3.755503689144657642e+01 4.474900897197160532e+01
3.731335876933059126e+01 4.326683345504378053e+01
3.802942044666991706e+01 4.189594332510289831e+01
3.783337044999777987e+01 4.072943549348752867e+01
3.685824866196360716e+01 4.032712730879486429e+01
3.556929238633183132e+01 4.056061355363367227e+01
3.429310640532411725e+01 4.041602553450353241e+01
3.316670874806317926e+01 4.000094274732453670e+01
3.238978518004744700e+01 3.930197735850544660e+01
3.202033929119362199e+01 3.850889201071681356e+01
3.215537857311822023e+01 3.787593755857862021e+01
3.295011099252608489e+01 3.766553279516212172e+01
3.397248175394469172e+01 3.756339490271552251e+01
3.493917386824065829e+01 3.741398532891718531e+01
3.555462659127433511e+01 3.707244551996296167e+01
3.547817958939987193e+01 3.654445094771941172e+01
3.498483112673179818e+01 3.600787073541969363e+01
3.426460335984388905e+01 3.556569730247628769e+01
3.343122116400395072e+01 3.528116934631000845e+01
3.255206078961391114e+01 3.517583417385402811e+01
3.166625940184070132e+01 3.524546065965380137e+01
3.079456351325427121e+01 3.544591849735516575e+01
2.994805692284051446e+01 3.569702381695281446e+01
2.920166754701590506e+01 3.605029635363430884e+01
2.871436800938805689e+01 3.660157255891684258e+01
2.872577876262586116e+01 3.742703306446449574e+01
2.898843824229921395e+01 3.844271104819807050e+01
2.913730945814053896e+01 3.962536113752697275e+01
2.891080824579941577e+01 4.052841326903748609e+01
2.792627850411620116e+01 4.055341129097744357e+01
2.667357014575453533e+01 3.980731821721704478e+01
2.522398501218271250e+01 3.939228553947805977e+01
2.423613515092716497e+01 4.052400596588360315e+01
2.408150227957515099e+01 4.239818623752939430e+01
2.291933090886199764e+01 4.346767770239243589e+01
2.146972087648138938e+01 4.296644477305579102e+01
2.014745245722873079e+01 4.258132449310805612e+01
1.956994113965254911e+01 4.380433206654409872e+01
1.911063678660683607e+01 4.518897250352995343e+01
1.803752693041348465e+01 4.548860019927641929e+01
1.715374521790879214e+01 4.454572456675491310e+01
1.626225776685990354e+01 4.376216285083858537e+01
1.539803950403211275e+01 4.394299107304802021e+01
1.489986268246117618e+01 4.495053518747481291e+01
1.467351134738440877e+01 4.615006521297227948e+01
1.381783048562650862e+01 4.667398730009617225e+01
1.278641243150426909e+01 4.649443074747142646e+01
1.200823578527424829e+01 4.569266270135007346e+01
1.165243580835729098e+01 4.454090122191319523e+01
1.106010827152537424e+01 4.376348374880486602e+01
1.017364130865585992e+01 4.419910091444677391e+01
9.217296675912034942e+00 4.476011354686134780e+01
8.211229382784297925e+00 4.449461180661642601e+01
7.338926721711676038e+00 4.383514887790786929e+01
6.664499396429270028e+00 4.296094618359823158e+01
6.263463339079404335e+00 4.196577953923856086e+01
6.070500862969092637e+00 4.099285132512173391e+01
5.325012843383277072e+00 4.045051054488830289e+01
4.635070964270135541e+00 3.982136192565418042e+01
4.239625196417645903e+00 3.899926273705958835e+01
4.126801870137309258e+00 3.806895455406178996e+01
3.958905569490277276e+00 3.715855956430419127e+01
3.662036202902350990e+00 3.629439288110035022e+01
3.357446157467923520e+00 3.542666681654109340e+01
3.103222327295678706e+00 3.451102281883456158e+01
2.905552525905588546e+00 3.351913903861845512e+01
2.732417540357302776e+00 3.243275421547038206e+01
2.575803430226144553e+00 3.123172760330729147e+01
2.450685953862130617e+00 2.988776764257309893e+01
2.340361875669886071e+00 2.839177541755805834e+01
2.226052287745865055e+00 2.675528233020353142e+01
2.071763559772257235e+00 2.499755274260362015e+01
1.874070820023832740e+00 2.317337854793562713e+01
1.658510229353801213e+00 2.133563200356913114e+01
1.515690195158012177e+00 1.951001401023809834e+01
1.407014600445299024e+00 1.771723814711526401e+01
1.235870131866793065e+00 1.596334031566442313e+01
9.562341594370055153e-01 1.424974273109097922e+01
6.963742308775247025e-01 1.253047465870033150e+01
5.938457020104352946e-01 1.079560333225433766e+01
5.521542850120241264e-01 9.083668019973865526e+00
4.708077201644121912e-01 7.442940356908979815e+00
3.432670206927904699e-01 5.908268625794996787e+00
1.940373436570567434e-01 4.521067340616330199e+00
5.109746640583970323e-02 3.317100193662183560e+00
-5.297842280500476841e-02 2.309733349559026205e+00
-1.337268243915675225e-01 1.516525163018551448e+00
-2.082469318675631564e-01 9.332901993300832810e-01
-2.863940978543416671e-01 5.280001795744595494e-01
-3.235954526459917102e-01 2.444731554699669795e-01
-2.928372462425971601e-01 5.668325195485201390e-02
-2.157746077483529146e-01 -4.336487457730101025e-02
-1.134018328749484689e-01 -3.532754264759759011e-02
5.705459416744137373e-08 -2.273140549981902951e-07
