1.276508960385302593e+00 4.393468943286472950e+01
1.924666890834983324e+00 4.322612450406249707e+01
2.076703405036890437e+00 4.255477167187486742e+01
1.844285899044803223e+00 4.196982422236115440e+01
1.315728111223419372e+00 4.152574441706515529e+01
5.612878202682647366e-01 4.128558263725290800e+01
-3.625397598842348135e-01 4.132482482669080071e+01
-1.410187365508950297e+00 4.164479822925707708e+01
-2.557621028785980410e+00 4.217509071929774933e+01
-3.798073774143458259e+00 4.282699129713895303e+01
-5.141718765542680813e+00 4.349745273410572111e+01
-6.603284358061756620e+00 4.408607670572580162e+01
-8.182659319784562513e+00 4.453051363110387939e+01
-9.860298963095905478e+00 4.481919774381175614e+01
-1.160984607701606386e+01 4.496869375286807724e+01
-1.340290435032583360e+01 4.500353377023301249e+01
-1.521019778341498707e+01 4.495440128000034008e+01
-1.700429730252585259e+01 4.486103759432489824e+01
-1.875925134952501239e+01 4.477407612685219362e+01
-2.044932984099927964e+01 4.473894901097477828e+01
-2.205107778041006839e+01 4.479276552558408753e+01
-2.354534349717304309e+01 4.495556886031703669e+01
-2.492113925975579036e+01 4.520528365085404943e+01
-2.617776409069779575e+01 4.547603101202209075e+01
-2.731834784175328323e+01 4.570354932664356795e+01
-2.834366287896506620e+01 4.584082988123167723e+01
-2.925156016576336171e+01 4.585910264779980139e+01
-3.003644247261125599e+01 4.574780262951802712e+01
-3.069013790539365516e+01 4.550795102878669240e+01
-3.120341221890985395e+01 4.514837583621741146e+01
-3.156822573229535678e+01 4.468403108269834689e+01
-3.177814926430693987e+01 4.413181968246422571e+01
-3.184057426785209444e+01 4.351197199456246523e+01
-3.178013070784396632e+01 4.284405839914762026e+01
-3.163571959552003321e+01 4.214287670435433597e+01
-3.145868469763463438e+01 4.141700434126890684e+01
-3.129629205339110953e+01 4.067085437667626024e+01
-3.121287333765793193e+01 3.990296111185624284e+01
-3.125779100403363131e+01 3.911142108617506352e+01
-3.148406265927560810e+01 3.829296677320239439e+01
-3.180157583816821187e+01 3.743118772449420817e+01
-3.213710030314759081e+01 3.651127773434925672e+01
-3.244630361613381098e+01 3.552606871431868285e+01
-3.270896626319164113e+01 3.447498464082936920e+01
-3.292120794808787565e+01 3.336118182966229995e+01
-3.308870125364094150e+01 3.218927602421131695e+01
-3.322008344113381639e+01 3.096430467969067024e+01
-3.332447832823625333e+01 2.969072933672289238e+01
-3.340940467406905867e+01 2.837306466311891029e+01
-3.347991754184059232e+01 2.701602699848676181e+01
-3.353884111709309934e+01 2.562492217033322106e+01
-3.358658992833672841e+01 2.420598055746550514e+01
-3.362445319686631251e+01 2.276590484139973825e+01
-3.365384941003301122e+01 2.131170038681577239e+01
-3.367684574079432736e+01 1.985082141525063548e+01
-3.369624211863592933e+01 1.839153988025436703e+01
-3.371698205843518537e+01 1.694329222627694875e+01
-3.374265621116965974e+01 1.551637472999601108e+01
-3.377581552765565931e+01 1.412051883568156185e+01
-3.381733611638188819e+01 1.276473404528861977e+01
-3.386771893712025161e+01 1.145742779713104120e+01
-3.392691908837664272e+01 1.020628371526904488e+01
-3.399320653889348876e+01 9.017767818006516833e+00
-3.406064478156885400e+01 7.897353122226699718e+00
-3.411683976430874310e+01 6.849362925187812756e+00
-3.414649750421391872e+01 5.876519779711513181e+00
-3.413293754415238368e+01 4.980742803004480024e+00
-3.406093054560399480e+01 4.163193476194728682e+00
-3.391815790581426882e+01 3.424976989654486825e+00
-3.369747228833645636e+01 2.766533944415914714e+00
-3.339684050298341589e+01 2.187368032951088281e+00
-3.301713819009230377e+01 1.685987432599026947e+00
-3.256226165592717336e+01 1.258454429535177832e+00
-3.203724671366634169e+01 8.987259537644143315e-01
-3.144530159836488181e+01 6.012537083722068187e-01
-3.078823770742814148e+01 3.602488902047402686e-01
-3.006730516872106307e+01 1.686553000793905854e-01
-2.928264676489504836e+01 1.873640325263844011e-02
-2.843272435010435117e+01 -9.625570843948944022e-02
-2.751508494975120911e+01 -1.818626377275930073e-01
-2.652671656534119293e+01 -2.426621428840207428e-01
-2.546404604248948189e+01 -2.823225488678116069e-01
-2.432369152622588970e+01 -3.042038136398174664e-01
-2.310310105392080615e+01 -3.113377495334289646e-01
-2.180086539848264948e+01 -3.063030654910492423e-01
-2.041844311992627681e+01 -2.911975302176531555e-01
-1.896087810858325540e+01 -2.682693362885561483e-01
-1.743702087098948184e+01 -2.394024876137045288e-01
-1.586012578258542227e+01 -2.062032137399737730e-01
-1.424760285238265922e+01 -1.700031473906709334e-01
-1.261976777924120086e+01 -1.318170150021876208e-01
-1.099850867739569971e+01 -9.321592113954722814e-02
-9.404974974607943849e+00 -5.726531862167399262e-02
-7.858961194563413244e+00 -2.674674878442636142e-02
-6.376318572131759232e+00 -3.650673960502497963e-03
-4.966428945965492225e+00 1.182177620490714419e-02
-3.633067208454490604e+00 1.940524268174805000e-02
-2.371989746632622520e+00 1.914268484132662651e-02
-1.168632949099891238e+00 1.151221560577703369e-02
-2.775394565305464130e-07 1.050209150376871288e-05
