-4.828275776782745510e+01 1.711199369741706888e-01
-6.912478366855135903e+01 2.419281952105748479e-01
-7.428560807044200942e+01 3.093776230697408147e-01
-7.076275836701942978e+01 3.690894838189863747e-01
-6.291654504576025175e+01 4.143355326429065122e-01
-5.379428345173916881e+01 4.339949844593115058e-01
-4.605576224483380088e+01 4.091776812673456609e-01
-4.278090401253759012e+01 3.074789481330074126e-01
-4.036286307856097721e+01 3.605134447892824889e-01
-3.842067039284300023e+01 2.603564542935852266e-01
-3.685787980027774324e+01 -1.976690681718554776e-01
-3.548040931055794545e+01 -2.147196427162869348e-01
-3.446734471088815610e+01 4.927725866880982020e-01
-3.340568774525067397e+01 3.274933728490700968e-01
-3.250198862074638839e+01 -2.280267833179080994e-01
-3.162787392843510759e+01 -5.912838390993682136e-01
-3.082743117195995453e+01 -2.731268396172472634e-01
-3.010338862935500970e+01 1.680977444371425100e-01
-2.944068771860878897e+01 4.525219281015720879e-02
-2.913711082251965223e+01 -5.503649501221614670e-01
-2.907406538269475149e+01 -1.288682740830620066e+00
-2.852226275465228156e+01 -1.592513053028535408e+00
-2.789911730306786808e+01 -1.246802088548716325e+00
-2.727519428357774345e+01 -8.498152301077296356e-01
-2.670602122063680639e+01 -1.186801691389027580e+00
-2.661760226209414171e+01 -1.968714721697114811e+00
-2.675533152219456667e+01 -2.768198189683234389e+00
-2.609034520847303895e+01 -2.968402206238743624e+00
-2.557808335681134793e+01 -3.358339377514079516e+00
-2.561649396622208741e+01 -4.098757195304489009e+00
-2.491780777802928881e+01 -4.543607693606265485e+00
-2.449758076462616074e+01 -5.193908453616096210e+00
-2.494518056131866146e+01 -5.880095027720859235e+00
-2.569276851059047928e+01 -6.535865786604060368e+00
-2.548328079476785035e+01 -7.395018010820979981e+00
-2.437009819009301737e+01 -7.745877676401839551e+00
-2.361011758063100174e+01 -8.255680783286765134e+00
-2.434039826109712124e+01 -9.179942608400054382e+00
-2.512533750830778700e+01 -1.007916982074220869e+01
-2.412586417169546493e+01 -1.063081732367891341e+01
-2.303773499670746006e+01 -1.117294468414184294e+01
-2.345320920458602387e+01 -1.201754403883251499e+01
-2.448438252018914341e+01 -1.287307019227190708e+01
-2.482822963398492178e+01 -1.408440397137514388e+01
-2.444955984331743792e+01 -1.525792658327416795e+01
-2.366492145525648993e+01 -1.588500994717295001e+01
-2.282255754050032337e+01 -1.534471427669620525e+01
-2.192769680655516495e+01 -1.459670090406424237e+01
-2.096962500232078597e+01 -1.453754858297338615e+01
-2.032505719273324374e+01 -1.525587464960990225e+01
-2.042111102186631655e+01 -1.623263154006990305e+01
-2.099196545213147402e+01 -1.710935801510722243e+01
-2.141288294312425577e+01 -1.785656062436896718e+01
-2.101359103526537808e+01 -1.840541032225777585e+01
-2.021579995165143018e+01 -1.863670996993357676e+01
-1.934284798687368578e+01 -1.855863045960077073e+01
-1.853396113445463200e+01 -1.849609960026588951e+01
-1.779166610201510323e+01 -1.834627671101438651e+01
-1.712328541606515486e+01 -1.812399713741566387e+01
-1.657744577969911859e+01 -1.853615972821010516e+01
-1.613340171556935232e+01 -1.920691261011911166e+01
-1.546641630843796733e+01 -1.944405268142206822e+01
-1.473860763189562739e+01 -1.916190266487737404e+01
-1.403723547415720674e+01 -1.877606269542102524e+01
-1.336723655732739324e+01 -1.906334325929135787e+01
-1.270179234969116244e+01 -1.950955331699092099e+01
-1.194954861803137902e+01 -1.956450362793814435e+01
-1.120698545446220429e+01 -1.927866928976229843e+01
-1.050535040985869095e+01 -1.884221735553815691e+01
-9.723723183451035368e+00 -1.864669967482951307e+01
-8.963187937208463296e+00 -1.844502924868178795e+01
-8.258678267446226684e+00 -1.816275609222613951e+01
-7.609753963212256167e+00 -1.782098542279032927e+01
-6.994439226741287818e+00 -1.747082255059551059e+01
-6.410682890929711775e+00 -1.711206410022273516e+01
-5.854459087511903803e+00 -1.673889382332741960e+01
-5.321537040653823603e+00 -1.634218383886355852e+01
-4.800646572993532146e+00 -1.592565440026697132e+01
-4.302346878189418966e+00 -1.546764668018132483e+01
-3.824786538780956757e+00 -1.495891376538738626e+01
-3.355596605563812673e+00 -1.440189135471878679e+01
-2.908597983109138418e+00 -1.378701965104632521e+01
-2.459302248941016789e+00 -1.314401921149089247e+01
-2.021733509310333243e+00 -1.247233959874522391e+01
-1.618107290450324864e+00 -1.176686570256112851e+01
-1.237958826568175130e+00 -1.104781027601807963e+01
-8.946115722642988821e-01 -1.032339466117836224e+01
-6.103601829443492388e-01 -9.589475324136042644e+00
-3.959633954449175985e-01 -8.825296486915696903e+00
-2.467515190945100412e-01 -8.004839794321437552e+00
-1.378185835018977401e-01 -7.114186322760963854e+00
-5.384004596715784990e-02 -6.142443383980401350e+00
4.418433160473072413e-02 -5.092339603683115890e+00
1.733365949512631343e-01 -4.014174365267860090e+00
2.872908741948236866e-01 -2.966416045378809763e+00
3.579799422419043253e-01 -2.004826906268487807e+00
3.167699141746467828e-01 -1.198919406800730725e+00
2.709904410415977516e-01 -5.621503085782544318e-01
2.611416696554428873e-01 -1.119054328652267227e-01
5.817166709469725398e-05 -4.102079576475797231e-05
