-4.550306261865090818e+01 2.356403812166841583e+00
-6.264250857542137396e+01 2.243518674157100712e+00
-6.434887274821073788e+01 2.044628418660435099e+00
-5.844330034341946600e+01 1.645251221921991469e+00
-5.022657152784000090e+01 8.645230769054560449e-01
-4.423405173337826568e+01 -6.046793952226190427e-01
-4.335012063701261553e+01 -3.509595890709242383e+00
-4.500748853215395684e+01 -6.461719425638196235e+00
-4.578486679627914668e+01 -9.628508549023793606e+00
-4.585078811197389115e+01 -1.241594009157994272e+01
-4.391090173312537104e+01 -1.367240536988861344e+01
-4.365612400838179497e+01 -1.557379674607206788e+01
-4.468985274259192408e+01 -1.758838359300630572e+01
-4.542045551688418215e+01 -1.953954017229376916e+01
-4.480159077502459297e+01 -2.134511753461467620e+01
-4.319866043184453019e+01 -2.236725337758879917e+01
-4.138155716725137978e+01 -2.265370990116442229e+01
-3.992515345728804732e+01 -2.168138308570587114e+01
-3.872414681464019282e+01 -2.074898096752823662e+01
-3.756821720891433358e+01 -2.184591066385539904e+01
-3.623441141127030107e+01 -2.288517652902676502e+01
-3.467717207743283581e+01 -2.331371124121880811e+01
-3.313321935283946829e+01 -2.293202204388800070e+01
-3.197445820548916728e+01 -2.196541157902743890e+01
-3.163657300489433410e+01 -2.079060510731702394e+01
-3.270945272881142074e+01 -1.987298861372227776e+01
-3.429415234210694763e+01 -1.904671484558709693e+01
-3.566119051780088256e+01 -1.817618015241184182e+01
-3.626701107751504338e+01 -1.715760242689612625e+01
-3.581898381946295729e+01 -1.614907583225529919e+01
-3.492244196538130296e+01 -1.531058257480233920e+01
-3.398220218626257605e+01 -1.470941313355234747e+01
-3.328030762200790349e+01 -1.409207023894509803e+01
-3.306752047773227332e+01 -1.324973558249626571e+01
-3.299311395371218225e+01 -1.222250822260347825e+01
-3.266688618744343131e+01 -1.100060497333810439e+01
-3.207609600801827554e+01 -9.639864982897377033e+00
-3.134528680655175492e+01 -8.173021227581982018e+00
-3.055205810462232563e+01 -6.629021751445951516e+00
-2.974450279442108069e+01 -5.038614918613093963e+00
-2.894953323981957993e+01 -3.461848076066534219e+00
-2.820841180321707853e+01 -1.951201061379643553e+00
-2.722990635074610921e+01 -7.853587160106485499e-01
-2.594003963272365709e+01 -3.413473677745521018e-01
-2.469188291488021036e+01 -6.634820285608343804e-01
-2.385842903013286787e+01 -1.607940703420058126e+00
-2.365508135503085896e+01 -2.997781889017543833e+00
-2.332828319341638235e+01 -4.379171585167074277e+00
-2.288715380952580958e+01 -5.576532596911402351e+00
-2.173052264775652631e+01 -6.061142463385160717e+00
-2.082522587194128505e+01 -6.831144023690283618e+00
-2.067862370302148634e+01 -7.804975598879993370e+00
-2.159721828300273927e+01 -8.607859970767538726e+00
-2.293444796432610033e+01 -9.185397534902325134e+00
-2.376771099682227373e+01 -1.024529524086070786e+01
-2.378739763847389455e+01 -1.144926293669056783e+01
-2.268666716449133958e+01 -1.224497525079900662e+01
-2.129943412374456102e+01 -1.291873225505632305e+01
-2.007009366183490329e+01 -1.370341661150874835e+01
-1.989695820785470559e+01 -1.491145292207105477e+01
-2.052712463846408752e+01 -1.622633558682936084e+01
-2.045091334234097857e+01 -1.764252164339922047e+01
-1.986830544662536724e+01 -1.896636377038347376e+01
-1.936844489552464310e+01 -2.024062118771576735e+01
-1.870257265255596835e+01 -2.128034083685800226e+01
-1.784302225091503402e+01 -2.199580593816794050e+01
-1.683847570680432071e+01 -2.231349804640074552e+01
-1.582059021901567064e+01 -2.232830297936292041e+01
-1.498712415085120675e+01 -2.276384406473870214e+01
-1.421716854292053789e+01 -2.318875995805104751e+01
-1.345137503723772454e+01 -2.338941839649218579e+01
-1.271530280752762465e+01 -2.341131990684335662e+01
-1.202060394496937867e+01 -2.334125279476990755e+01
-1.136866234351694160e+01 -2.322274118145077537e+01
-1.076069722990579436e+01 -2.306553931701997939e+01
-1.019334569889195841e+01 -2.286612176521126116e+01
-9.657706184453365594e+00 -2.262828022567136443e+01
-9.155798425570745636e+00 -2.233283567104932033e+01
-8.679731520679753842e+00 -2.198073624265314407e+01
-8.228501567416035556e+00 -2.156446723524234699e+01
-7.795032707678818618e+00 -2.108792554671052599e+01
-7.373272178589176384e+00 -2.055066259643660942e+01
-6.941802548105661330e+00 -1.995608375995351480e+01
-6.501951486086694487e+00 -1.928211980789259172e+01
-6.050985362906031284e+00 -1.850886319365181620e+01
-5.584683988439222979e+00 -1.762537463200913379e+01
-5.101117441351880721e+00 -1.661814980661048580e+01
-4.590919422034028585e+00 -1.546632337629950982e+01
-4.050090621370824984e+00 -1.414391317151884131e+01
-3.466957567174475674e+00 -1.265157665229486206e+01
-2.869952467015642661e+00 -1.100494846737547938e+01
-2.276967314896631844e+00 -9.255683498730046921e+00
-1.743752994947082913e+00 -7.459024069416349434e+00
-1.287886403752329434e+00 -5.719052418757820888e+00
-8.997141128133679944e-01 -4.149713859136975991e+00
-5.802927334332771414e-01 -2.811025451315133594e+00
-3.184310806346093981e-01 -1.727099523813264703e+00
-9.621045139220373021e-02 -8.986803563262710792e-01
6.753060174965666573e-02 -3.175220221375741891e-01
-3.422554509117313156e-05 1.995813824462799594e-05
