-4.576354679803370118e+01 -1.083743842367614230e+00
-4.524378107336243460e+01 -1.062808656412010944e+00
-4.521239530122706896e+01 -9.842545614356017492e-01
-4.518482579443934100e+01 -9.143033680466853275e-01
-4.516475143509300949e+01 -8.591001574929031381e-01
-4.514962500485030006e+01 -8.068397963712430343e-01
-4.508990399735523624e+01 -7.250522588030715587e-01
-4.439054751980381042e+01 -6.972225701910393925e-01
-4.364173159429113724e+01 -6.735651414178877028e-01
-4.288909125584110882e+01 -6.502303285463423288e-01
-4.213615533567514859e+01 -6.269204395660726847e-01
-4.138319835535310887e+01 -6.036121907125022723e-01
-4.063026296732464004e+01 -5.803003557660135758e-01
-3.987762955190182623e+01 -5.569402261701268397e-01
-3.912890316178025074e+01 -5.329553766358519074e-01
-3.843070460299806257e+01 -5.008913105266330490e-01
-3.838595840687450789e+01 -3.643425875615965426e-01
-3.832932946218606673e+01 -2.169572584760266765e-01
-3.763432285805837552e+01 -1.833276876916985765e-01
-3.693900605988326902e+01 -1.498124666663490645e-01
-3.687803134382837555e+01 -4.029160269156656544e-03
-3.617860259925983968e+01 2.875313598135269960e-02
-3.543010019894379070e+01 5.284746714327702433e-02
-3.468161104207030121e+01 7.691370625272082873e-02
-3.398236783611380929e+01 1.093024371281102747e-01
-3.392379370566982999e+01 2.499936100231366642e-01
-3.322452605800902603e+01 2.823780101416846211e-01
-3.247571891778245856e+01 3.063879071384209563e-01
-3.172310404362415426e+01 3.297535671755396636e-01
-3.097049062367616656e+01 3.531123056379654179e-01
-3.022170385671392978e+01 3.770252324282173384e-01
-2.952269980790607562e+01 4.081549865096756879e-01
-2.946753468505050222e+01 5.326203758591180337e-01
-2.940698344641763740e+01 6.500061992931136512e-01
-2.871172030158293254e+01 6.810541649409781462e-01
-2.801698823983574727e+01 7.109826035801679600e-01
-2.796387739433779984e+01 8.126840241885879834e-01
-2.726916700676883920e+01 8.424143247090132292e-01
-2.657418583906660814e+01 8.708845440818526740e-01
-2.651728140510083165e+01 9.549324198220197069e-01
-2.587096520498619157e+01 9.849868912311812164e-01
-2.580937863133207699e+01 1.035328069711603183e+00
-2.575536196152458146e+01 1.003588123881460348e+00
-2.505644656913854718e+01 1.022639363998354423e+00
-2.430766474996522675e+01 1.045618003661117124e+00
-2.355502703771280792e+01 1.068900327259177274e+00
-2.280209117072196889e+01 1.092206133044704375e+00
-2.204913224908568381e+01 1.115513754576973104e+00
-2.129617154476211027e+01 1.138821516510783116e+00
-2.054321070259330995e+01 1.162129289301021329e+00
-1.979024984976576107e+01 1.185437062930687180e+00
-1.903728899611408210e+01 1.208744836625223140e+00
-1.828432814239872783e+01 1.232052610324738229e+00
-1.753136728867849570e+01 1.255360384024603038e+00
-1.677840643495793671e+01 1.278668157724460963e+00
-1.602544558123738838e+01 1.301975931424285804e+00
-1.527248472751688624e+01 1.325283705124076894e+00
-1.451952387379644094e+01 1.348591478823833567e+00
-1.376656302007619814e+01 1.371899252523530954e+00
-1.301360216635810296e+01 1.395207026222832658e+00
-1.226064131266729973e+01 1.418514799917368396e+00
-1.150768045932900030e+01 1.441822573550600728e+00
-1.075471961054905101e+01 1.465130346391338989e+00
-1.000175882071970790e+01 1.488438108983420882e+00
-9.248798793270047724e+00 1.511745739034798142e+00
-8.495848625313016100e+00 1.535051655000691850e+00
-7.743025965473040451e+00 1.558335403516505124e+00
-6.991852307317567572e+00 1.581332470969608606e+00
-6.262004401739593717e+00 1.600622028922155105e+00
-5.807952286594003866e+00 1.571964134163799987e+00
-5.743519518375140187e+00 1.484208552763922162e+00
-5.697963220276201390e+00 1.410831028198443304e+00
-5.648046441248729899e+00 1.334168314859075055e+00
-5.593774255049315691e+00 1.252409678629192058e+00
-5.537790873928219781e+00 1.168726496097470591e+00
-5.482075245305132682e+00 1.083912422488253480e+00
-5.427778439950311729e+00 9.971928773735028173e-01
-5.368677859845584877e+00 9.067682574260694794e-01
-4.673467412478376382e+00 9.206537519713502427e-01
-3.977970273202392271e+00 9.351115033512936714e-01
-3.914853183123937708e+00 8.527041144823906960e-01
-3.857663000383235730e+00 7.733555262407715292e-01
-3.802740310770222010e+00 6.918222662819545343e-01
-3.744881399941893729e+00 6.062251507853084753e-01
-3.685653766101474105e+00 5.222782704101587292e-01
-3.628497215180093605e+00 4.369135252242088430e-01
-3.578831231497453746e+00 3.509160913310439556e-01
-3.533297562241605849e+00 2.707383059922004453e-01
-2.836860940343078230e+00 2.858140611326687730e-01
-2.111844546010811730e+00 3.055100871917729166e-01
-1.665912619005704975e+00 2.900615935359983633e-01
-1.626409821512650344e+00 2.121223594124084511e-01
-1.589925653723999632e+00 1.367369855327901229e-01
-1.560600890267196172e+00 7.535325627198467824e-02
-1.544200908186863730e+00 2.058611570902163859e-02
-1.534130782465777054e+00 -9.069873831443158244e-03
-8.856963480442541226e-01 7.553552588549349717e-03
-1.850254532768970395e-01 2.769863737708485110e-02
-7.822578950960324545e-03 1.654465826784716140e-02
-3.407392430212018461e-12 -2.644201039631911995e-12
