-1.064948426307558194e+01 -4.271337861613013764e+00
-1.066659011511193178e+01 -4.270681310760071625e+00
-1.055864246131554118e+01 -4.211092633501954730e+00
-1.043773621131046347e+01 -4.145396089311659260e+00
-1.031561657286588307e+01 -4.079117401945387300e+00
-1.019463242978366679e+01 -4.013274253300081362e+00
-1.008592579586493443e+01 -3.952257081093710767e+00
-1.009571413631263859e+01 -3.937828063702458969e+00
-1.003083120211545598e+01 -3.944600452537766699e+00
-9.967439557110470361e+00 -3.956501637873420130e+00
-9.931167940463662802e+00 -3.963624332994889254e+00
-9.801414619905125747e+00 -3.989744863111374329e+00
-9.695596867651971706e+00 -4.015715877467040507e+00
-9.576068276765763443e+00 -3.959508245707393126e+00
-9.465242469988995211e+00 -3.900128608655978102e+00
-9.452926310552895117e+00 -3.892020006250469955e+00
-9.341925044809734402e+00 -3.831657856717735289e+00
-9.220686804328543928e+00 -3.765876749744904384e+00
-9.098385905342702529e+00 -3.699547565777614899e+00
-8.975967573341673500e+00 -3.633296947529136123e+00
-8.853467647653605610e+00 -3.568359940531344865e+00
-8.730290116591650218e+00 -3.516144026839080450e+00
-8.603108115960285573e+00 -3.533888086539178186e+00
-8.463239551818148243e+00 -3.562242435932104101e+00
-8.325032143818033248e+00 -3.595419815482031822e+00
-8.183008688082519910e+00 -3.633031287588260216e+00
-8.053951499435363814e+00 -3.677916608131214904e+00
-7.951440740285010023e+00 -3.732400654946197882e+00
-7.831083331551702997e+00 -3.678531256951738992e+00
-7.708874637198594115e+00 -3.613422036418033834e+00
-7.586473903525718931e+00 -3.547146875927972953e+00
-7.464053249047622351e+00 -3.480750769046163207e+00
-7.341630528126109390e+00 -3.414342116039835506e+00
-7.219207592851024202e+00 -3.347932161602067858e+00
-7.096784635385737339e+00 -3.281522072308298732e+00
-6.974361676055533366e+00 -3.215111970426439481e+00
-6.851938720744025879e+00 -3.148701880743842274e+00
-6.729515806455088622e+00 -3.082291922517374161e+00
-6.607093287866102393e+00 -3.015883232983244788e+00
-6.484674583903959899e+00 -2.949486773967907371e+00
-6.362292653475062565e+00 -2.883208218861825323e+00
-6.240265224996157656e+00 -2.818066273759825879e+00
-6.121655244376370320e+00 -2.763881406398040141e+00
-6.035989934074834196e+00 -2.815324284852429582e+00
-5.917379954177032886e+00 -2.761139419089894353e+00
-5.795352532732629847e+00 -2.695997489569855077e+00
-5.672970670124516168e+00 -2.629719084692071274e+00
-5.550552619964366663e+00 -2.563324073898905375e+00
-5.428136404116591152e+00 -2.496929345425911162e+00
-5.305774249124615594e+00 -2.430653973759719477e+00
-5.183937021843999737e+00 -2.365541317143009969e+00
-5.067160561792621642e+00 -2.311638649572804294e+00
-4.999170638819682821e+00 -2.365801958003607819e+00
-4.948697263454374884e+00 -2.415198263336608697e+00
-4.833737846083884904e+00 -2.360801098907460371e+00
-4.712089101302793459e+00 -2.295637131605444470e+00
-4.589746452851776404e+00 -2.229356292072747880e+00
-4.467331823725636752e+00 -2.162959596088104064e+00
-4.344909727831680613e+00 -2.096550881971852576e+00
-4.222486857387866444e+00 -2.030140921179349078e+00
-4.100063906597711139e+00 -1.963730831065440441e+00
-3.977640947472993016e+00 -1.897320727536641494e+00
-3.855217987483706032e+00 -1.830910622616277017e+00
-3.732795027404734789e+00 -1.764500517551561565e+00
-3.610372067316460765e+00 -1.698090412471872757e+00
-3.487949107227222179e+00 -1.631680307390631413e+00
-3.365526147137883672e+00 -1.565270202309229086e+00
-3.243103187048534952e+00 -1.498860097227810995e+00
-3.120680226959185344e+00 -1.432449992146391571e+00
-2.998257266869835735e+00 -1.366039887064972369e+00
-2.875834306780486127e+00 -1.299629781983553389e+00
-2.753411346691137407e+00 -1.233219676902135076e+00
-2.630988386601788687e+00 -1.166809571820717206e+00
-2.508565426512439966e+00 -1.100399466739299559e+00
-2.386142466423091246e+00 -1.033989361657882577e+00
-2.263719506333742970e+00 -9.675792565764658182e-01
-2.141296546244395138e+00 -9.011691514950495030e-01
-2.018873586155047750e+00 -8.347590464136347421e-01
-1.896450626065708356e+00 -7.683489413322323047e-01
-1.774027665976443124e+00 -7.019388362509448864e-01
-1.651604705887890878e+00 -6.355287311707649156e-01
-1.529181745806211357e+00 -5.691186261012582959e-01
-1.406758785790782618e+00 -5.027085211346435933e-01
-1.284335826414021886e+00 -4.362984171599181282e-01
-1.161912873194107965e+00 -3.698883227471395085e-01
-1.039489979327046898e+00 -3.034783205128511741e-01
-9.170676576297026594e-01 -2.370692068919649786e-01
-7.946508517276129613e-01 -1.706686596272529166e-01
-6.722872188551329842e-01 -1.043506932215957916e-01
-5.504361813469506037e-01 -3.882881772597339409e-02
-4.335266340910322591e-01 1.901863122222519770e-02
-3.642537367425470740e-01 2.883546154003839481e-03
-3.125532609085620028e-01 -4.149824059413858429e-02
-2.894634260843678142e-01 -7.010983329312465984e-02
-2.627466615878152889e-01 -1.043147230714690232e-01
-2.452937761251156035e-01 -1.126864263761412771e-01
-2.248247900334902905e-01 -1.060522389354546791e-01
-1.142258926337376829e-01 -4.666691770022799585e-02
-5.061104171538020197e-03 1.107051499749425044e-02
-1.610720186244587819e-14 -3.416903310849494807e-14
