1.107465914103387572e+00 3.896266443254182832e+01
9.966881968989186324e-01 3.897011717593173330e+01
9.039371540032442587e-01 3.898076448040885111e+01
8.925250600367112819e-01 3.893106148917048870e+01
8.806232828034601390e-01 3.819055622149425488e+01
8.679344945346856299e-01 3.740107209659328191e+01
8.454405808846701120e-01 3.666170296404876439e+01
6.954738635964531346e-01 3.662686163706936071e+01
5.780680663899125937e-01 3.660015316393212004e+01
4.677018842050165714e-01 3.655758817426626450e+01
3.879291981089313390e-01 3.653344474994139546e+01
3.540190505521408348e-01 3.652330908216724481e+01
2.351631770663535903e-01 3.652372472639009260e+01
1.493362422273351586e-01 3.652640440049324866e+01
8.899269042041586808e-02 3.652547096218697931e+01
6.953331577964858012e-02 3.653032676878861906e+01
7.496540064899734346e-02 3.653286384720169622e+01
8.118661370810388578e-02 3.618832904665415384e+01
7.070325338980787411e-02 3.542480620445536488e+01
5.893532069366567983e-02 3.462906341549083322e+01
4.706860509797385073e-02 3.383084293058659142e+01
3.519429315239033101e-02 3.303243191224620290e+01
2.331939705173612792e-02 3.223400624199081932e+01
1.144445602988264712e-02 3.143557944501134571e+01
-4.304884463885172170e-04 3.063715256138743115e+01
-1.230543318833672746e-02 2.983872567110081775e+01
-2.418037795116253705e-02 2.904029878030455691e+01
-3.605532272141092481e-02 2.824187188950431349e+01
-4.793026756787785447e-02 2.744344499916163826e+01
-5.980521340393116225e-02 2.664501811480835869e+01
-7.168017210844378206e-02 2.584659130834414498e+01
-8.355529815433666851e-02 2.504816551474922903e+01
-9.543260030678174521e-02 2.424975289250211219e+01
-1.073382005389680177e-01 2.345151155040203861e+01
-1.196117888718034872e-01 2.265549753455747606e+01
-1.366706927969616736e-01 2.188844765924054059e+01
-2.159578189872133347e-01 2.149804733601634865e+01
-3.354612531827677602e-01 2.139858303834597564e+01
-4.174702167989401969e-01 2.126571615143052441e+01
-4.803740507928126457e-01 2.111393073032357748e+01
-5.374997542339123857e-01 2.095976874140570700e+01
-5.889793270678709280e-01 2.080405062204035005e+01
-6.359542414389885989e-01 2.064983910492469121e+01
-6.777727745949064797e-01 2.049613035698792984e+01
-7.158676303956856835e-01 2.034609039044673651e+01
-7.493602561462500145e-01 2.019581045058416890e+01
-7.780263731449791331e-01 2.004930366960518029e+01
-8.029591655284821217e-01 1.976859209352156199e+01
-8.158382743344622101e-01 1.900997898722931723e+01
-8.277907357906026942e-01 1.821463671321564703e+01
-8.396755042241969003e-01 1.741674558638074899e+01
-8.516014346936899848e-01 1.662224235137626138e+01
-8.641334944515323135e-01 1.587460462618704504e+01
-8.845531056951473348e-01 1.573662181788033365e+01
-8.940005671827156997e-01 1.561014359220808245e+01
-8.960746116794710003e-01 1.548255572865934582e+01
-8.945262223640173538e-01 1.535962032007695477e+01
-8.908638509960490337e-01 1.520857725235576829e+01
-9.008260994817859357e-01 1.448855666134509690e+01
-9.032185813820722275e-01 1.406837051560804319e+01
-8.943583020885456092e-01 1.394745675960548326e+01
-8.802689218436591245e-01 1.380887990588838932e+01
-8.606405521950798443e-01 1.368750295656643701e+01
-8.666955680476533530e-01 1.299328238323937512e+01
-8.339439487740329948e-01 1.288091743905109787e+01
-8.423854273648265778e-01 1.213526973453814506e+01
-8.539741259990193400e-01 1.134117988674200639e+01
-8.655381814094456061e-01 1.054670621385508333e+01
-8.736326613561860022e-01 9.795653908575671309e+00
-8.363666325101513088e-01 9.612975774831358677e+00
-7.896206028640122554e-01 9.506092333290027341e+00
-7.378832181466685736e-01 9.408028392770104276e+00
-6.820896643029774609e-01 9.317505622360892303e+00
-6.221182723771460088e-01 9.236067803972909829e+00
-5.461972953430389577e-01 9.167749244323204039e+00
-5.513205460203053354e-01 8.425469247398496009e+00
-5.626732118041053443e-01 7.631385644102392618e+00
-5.744679742243931075e-01 6.833625947271326773e+00
-5.858163411793160247e-01 6.039583263608069963e+00
-5.908833593278204344e-01 5.297838532100283437e+00
-5.142311093231993757e-01 5.236480803484638180e+00
-4.036038230732333365e-01 5.229492557259930230e+00
-3.295815517524889882e-01 5.227282124060979918e+00
-2.605261710060347569e-01 5.216851421570558145e+00
-1.972932906100997308e-01 5.195144435573456398e+00
-1.384002934179795474e-01 5.172723954693447368e+00
-8.466498275667594386e-02 5.146722224543986535e+00
-3.494858122278254875e-02 5.126319460145650986e+00
4.472873664984820287e-03 5.078759693749553605e+00
1.535948233878077669e-02 4.781445203513357001e+00
2.265495433226562272e-02 4.470472541134048683e+00
2.302913964870056951e-02 4.021742301773998385e+00
1.209619432677201331e-02 3.250208867563116666e+00
2.943151414054929636e-04 2.453875805117991860e+00
-1.156686595464095219e-02 1.655944606829541366e+00
-2.333483524870964484e-02 8.619079897597586859e-01
-3.382420884622958784e-02 1.204141161661565623e-01
-2.768161830920484734e-02 6.233176695443557597e-02
-2.785225383374829392e-03 6.101169872081418227e-02
3.319494705017629140e-13 2.133382260906289922e-13
