-1.069801884380432000e+01 3.711134443877855293e+00
-1.061799817613107955e+01 3.686881029135585575e+00
-1.060970256485325081e+01 3.675138585193491458e+00
-1.061172410186869897e+01 3.666731273374004285e+00
-1.057035436127900674e+01 3.645518350946709063e+00
-1.048997316436495097e+01 3.610748372066720169e+00
-1.038584911144246448e+01 3.569395933992175252e+00
-1.029094287003584718e+01 3.547907834108896541e+00
-1.022985975971893069e+01 3.522689756888026658e+00
-1.015938906681084575e+01 3.492137491384558867e+00
-1.010120047170989821e+01 3.465586195409070314e+00
-1.008530495699096718e+01 3.460444635820212333e+00
-1.003834936817892753e+01 3.443472293342482615e+00
-9.936816345237341253e+00 3.401268882686136585e+00
-9.827841850002206670e+00 3.355625606015339990e+00
-9.717850212004588428e+00 3.309514464826154523e+00
-9.607701063291749222e+00 3.263347815494724191e+00
-9.497392308813239481e+00 3.217234334293602060e+00
-9.386048664586452261e+00 3.171573575601987827e+00
-9.267133056965944249e+00 3.129241898336707184e+00
-9.135519094143209173e+00 3.090662820183123660e+00
-8.991625501568327294e+00 3.056620434949100407e+00
-8.834995658487722281e+00 3.028709572432758623e+00
-8.678026861290886629e+00 3.002710489830183516e+00
-8.561494622473004412e+00 2.959276343398878240e+00
-8.450475529390232055e+00 2.913465089466959146e+00
-8.340208098806904502e+00 2.867329740892125667e+00
-8.230043126091338479e+00 2.821150217599151411e+00
-8.119891944483194735e+00 2.774964763563319003e+00
-8.009741337142845197e+00 2.728779176193829148e+00
-7.899581228998608928e+00 2.682598523443314509e+00
-7.789349566926732749e+00 2.636454870125426453e+00
-7.678592832636745413e+00 2.590582701655166353e+00
-7.563984884487035210e+00 2.546701772875008984e+00
-7.421129932734164214e+00 2.517425733665465959e+00
-7.266693728243179606e+00 2.493243589553229000e+00
-7.150506784791315518e+00 2.450057165645772805e+00
-7.039534769935976044e+00 2.404279686141161498e+00
-6.929273761231791617e+00 2.358148940781513936e+00
-6.819109687576049517e+00 2.311970033271996794e+00
-6.708958800884651907e+00 2.265784576484356272e+00
-6.598809497781212841e+00 2.219598352772895744e+00
-6.488658838558067465e+00 2.173412948719988691e+00
-6.378496464297382929e+00 2.127234435186970973e+00
-6.268247924154101369e+00 2.081106580455935440e+00
-6.157367361411967721e+00 2.035350302603795569e+00
-6.041851179993772192e+00 1.992319383725477122e+00
-5.892334726816262247e+00 1.969277802186780280e+00
-5.740737849701072371e+00 1.947289327078797871e+00
-5.620880631087176837e+00 1.907137961885979172e+00
-5.482196978162575007e+00 1.878495414785260609e+00
-5.363436157568385099e+00 1.837870516430991863e+00
-5.217482384202805079e+00 1.815690369236089063e+00
-5.100568000470244279e+00 1.775319353094244823e+00
-4.989496806028347109e+00 1.729925728031498799e+00
-4.879222275744963255e+00 1.683847317261756960e+00
-4.769056363161587875e+00 1.637675542371517023e+00
-4.658905259584778413e+00 1.591491038157479387e+00
-4.548756175077379282e+00 1.545304798419308234e+00
-4.438607365851192199e+00 1.499118322058669905e+00
-4.328458594157012840e+00 1.452931813436781017e+00
-4.218309827579916238e+00 1.406745300416430089e+00
-4.108161061700083216e+00 1.360558786796810971e+00
-3.998012295912352521e+00 1.314372273098574961e+00
-3.887863530115454047e+00 1.268185759412268521e+00
-3.777714764157960037e+00 1.221999245893702124e+00
-3.667565997009835765e+00 1.175812733616377725e+00
-3.557417221127217477e+00 1.129626230444521484e+00
-3.447268381180600194e+00 1.083439794057564187e+00
-3.337119071352045996e+00 1.037253847509173266e+00
-3.226966315141381436e+00 9.910714937161959615e-01
-3.116788281198785260e+00 9.449154912404366113e-01
-3.006424845953847402e+00 8.989527643537917889e-01
-2.894701571819787489e+00 8.544076308663098862e-01
-2.777202089374635641e+00 8.149542723080777096e-01
-2.646320940919469678e+00 7.830031205501239988e-01
-2.496179412182697899e+00 7.617716348867087373e-01
-2.344642148485613919e+00 7.420792542230817412e-01
-2.228850448297201581e+00 6.995049677022572299e-01
-2.117932319875444058e+00 6.538109486578402851e-01
-2.007678648654885212e+00 6.076915915780806143e-01
-1.897515506252370088e+00 5.615143044333623656e-01
-1.787364239387283504e+00 5.153295649669644707e-01
-1.677211164786841957e+00 4.691470799338348097e-01
-1.567032709219102982e+00 4.229888898925897034e-01
-1.456666442440044840e+00 3.770099511391404867e-01
-1.344922435791844340e+00 3.323458878038070829e-01
-1.223073268471078556e+00 2.973258903486006854e-01
-1.073741159634525211e+00 2.793234554163736560e-01
-9.581592428880455481e-01 2.370570558976868025e-01
-8.466032330206348933e-01 1.919732874995728200e-01
-7.313742228767212694e-01 1.501051716574856587e-01
-5.846786478439777168e-01 1.350782786086499876e-01
-4.694628690289510131e-01 9.322659652599551983e-02
-3.580057092414938857e-01 4.826560328128688682e-02
-2.431490613115243893e-01 6.900012241956333947e-03
-9.913652114285136097e-02 -4.495337905346931395e-03
1.295440110442309728e-03 -3.509019528215902989e-02
4.987050157873688765e-03 4.160036043504301818e-04
1.360410884046110962e-15 -1.260816237191366978e-15
