1.003383559043445494e+01 1.793449353565850046e+01
9.936373718484928119e+00 1.763074517744568226e+01
9.901822214220530327e+00 1.762696612134523022e+01
9.838559877605352000e+00 1.762519682525125830e+01
9.717099575541372047e+00 1.759476065225147678e+01
9.649972400706024800e+00 1.754764249781517194e+01
9.549175664556310394e+00 1.732012091087575811e+01
9.436434558108555137e+00 1.701444932214574379e+01
9.321238981291021020e+00 1.671760351218173923e+01
9.180301139684932110e+00 1.671006671342241390e+01
9.062940638071683708e+00 1.670376041134280243e+01
9.037909395883716002e+00 1.670252321374833926e+01
9.023621967437193803e+00 1.669999576801268404e+01
9.002414174376461631e+00 1.670205832849367411e+01
8.883369352254758766e+00 1.632453493887098972e+01
8.792471279271714124e+00 1.631891205943822953e+01
8.708796635222409321e+00 1.625316458484057591e+01
8.577475817005170811e+00 1.624484655009248257e+01
8.445936124809923840e+00 1.623101019651486254e+01
8.345631924626676579e+00 1.621656161385356398e+01
8.218386284780734741e+00 1.608753239710810945e+01
8.096960206798716086e+00 1.602402465489496564e+01
7.946560519075493545e+00 1.601306519726834310e+01
7.789113533132269396e+00 1.600439093912953936e+01
7.650582493037693332e+00 1.591256362802888802e+01
7.523097303307350714e+00 1.550847589808010696e+01
7.394470373055278323e+00 1.510874792863937088e+01
7.233823473932708303e+00 1.510137049643527796e+01
7.105123464961101476e+00 1.470187457117468988e+01
6.976295797062058490e+00 1.430204956295410668e+01
6.813176105926475046e+00 1.428829769434006636e+01
6.676608032000348913e+00 1.398281197850832136e+01
6.549325263839470779e+00 1.356588750307543201e+01
6.422453912832622791e+00 1.314400304355291027e+01
6.293855113542062618e+00 1.274244093661530108e+01
6.133111149957577446e+00 1.271916657373430404e+01
6.002264482827179393e+00 1.234624099976311307e+01
5.875294190737395894e+00 1.192563301816894672e+01
5.748441712812074833e+00 1.150352129515348132e+01
5.619877141659852526e+00 1.110146779530507288e+01
5.459743086238391108e+00 1.106939365959864396e+01
5.331304478316448048e+00 1.066869208520154544e+01
5.206765983004881804e+00 1.027141564137535568e+01
5.122178287760965176e+00 1.030568732016522127e+01
4.965922079901287312e+00 1.026857573985655137e+01
4.837690412772539084e+00 9.867642231636166272e+00
4.713075634821548121e+00 9.471142537963345376e+00
4.626879663637716966e+00 9.519915285681250339e+00
4.502514543558224780e+00 9.123695481996723089e+00
4.378869166989180606e+00 8.727903637447370855e+00
4.306614845164260075e+00 8.784966082974349888e+00
4.182844624955559532e+00 8.387833201937855421e+00
4.056186089459883348e+00 7.966978152560050042e+00
3.927984227453305888e+00 7.564535026642820625e+00
3.774319306216128656e+00 7.524046668540712801e+00
3.647433122762966828e+00 7.145458179894098372e+00
3.544943999990898043e+00 7.162820027881338980e+00
3.420566510944765604e+00 6.785928631099960917e+00
3.312987064282464811e+00 6.776616363543903176e+00
3.186090423823585649e+00 6.395916414241481718e+00
3.037323728116533506e+00 6.343314001175571981e+00
2.910470295192204127e+00 5.955120912238071718e+00
2.803684583995088353e+00 5.808157404564208370e+00
2.658086170441673612e+00 5.738724695513869989e+00
2.531595691069560061e+00 5.357248577771447806e+00
2.428309264183131422e+00 5.350508157314201263e+00
2.302803334096592103e+00 4.950845124667666575e+00
2.175291388523886038e+00 4.547313291334046603e+00
2.033147835297677286e+00 4.465633032117573009e+00
1.906904963392428654e+00 4.075797503953399570e+00
1.804712300187627516e+00 3.927739737344620785e+00
1.746166687117667538e+00 3.965489759654998281e+00
1.622553180872010170e+00 3.585239326739904087e+00
1.485064819465743868e+00 3.493832375655279154e+00
1.359440392865463476e+00 3.103353390601736095e+00
1.263953565024700243e+00 2.953201818267696677e+00
1.201246072964325950e+00 2.978810120918970128e+00
1.080549592038237305e+00 2.602804930475796308e+00
1.000809746489259577e+00 2.601526086487253142e+00
8.766217653511922947e-01 2.202090638230496555e+00
7.497743589944798615e-01 1.797278022409999121e+00
6.185206430768745989e-01 1.691841817316823482e+00
4.936774603421444363e-01 1.304093316842665162e+00
4.063076729700426104e-01 1.218130825587115718e+00
3.279962824876117566e-01 1.204386771835271430e+00
2.523112951275205962e-01 1.195062442369487110e+00
1.966760747151427291e-01 1.208642367804809936e+00
1.440798826627847640e-01 1.195703591153055134e+00
8.218735226769828539e-02 1.082299107378658976e+00
-4.732121232546683889e-03 8.438735486947438469e-01
-8.887104314803340177e-02 6.043803164233062519e-01
-1.447396024407141546e-01 4.593812419868832375e-01
-1.851409562427040467e-01 3.433728638175077563e-01
-2.815997048250643009e-01 1.949719682370938678e-01
-2.799988134861332023e-01 3.173468708606792116e-02
-1.419354628204130553e-01 -3.471950705780679075e-02
5.126714586208287738e-03 1.809435065775336429e-02
5.393105667367861789e-02 1.279675127110208865e-01
6.873773341804204420e-03 3.692729061820874958e-02
6.432551687290939142e-14 2.135080496831092492e-13
