-3.234607474308188557e+01 2.066084355317278209e+01
-3.197642762600618838e+01 2.044236268627323838e+01
-3.145711333498623574e+01 2.012932379630213475e+01
-3.088971503514841999e+01 1.978295596393125066e+01
-3.034129607381041893e+01 1.945156004239508363e+01
-3.026236409485222012e+01 1.947340250071991008e+01
-3.018208007805886339e+01 1.949685804578109583e+01
-3.007952009819836192e+01 1.952108153216102338e+01
-3.004832444982292827e+01 1.953497809667227614e+01
-2.974502343432725127e+01 1.938990350807497620e+01
-2.922831155487290999e+01 1.908373286500447463e+01
-2.866176407050507180e+01 1.873931786233878327e+01
-2.812904214168621309e+01 1.842132973135543494e+01
-2.760356188037892622e+01 1.810927937439669577e+01
-2.714783745916536617e+01 1.785413906655664107e+01
-2.701599798812776498e+01 1.789255006733797515e+01
-2.687203791071583581e+01 1.789003464055553394e+01
-2.631970934362281156e+01 1.755805194919279799e+01
-2.576777193803031096e+01 1.722860275059759871e+01
-2.562916228993011813e+01 1.726074123005592043e+01
-2.541877883552242778e+01 1.721768540070687337e+01
-2.485856595546350789e+01 1.688020035186931977e+01
-2.427309214183736330e+01 1.652153094731099259e+01
-2.371718173957120612e+01 1.618870887654139423e+01
-2.356134644390779087e+01 1.620477174114580521e+01
-2.300524712350433276e+01 1.587179066668945637e+01
-2.241737814666153383e+01 1.551110536367200154e+01
-2.182698755656376122e+01 1.514822112752815464e+01
-2.123639682160701625e+01 1.478516235821209968e+01
-2.064579020080239502e+01 1.442208973589258925e+01
-2.005518231911021232e+01 1.405901601403594015e+01
-1.946457433733917952e+01 1.369594220490710157e+01
-1.887396634762471592e+01 1.333286838885131864e+01
-1.828335835727980907e+01 1.296979457224574439e+01
-1.769275036688535252e+01 1.260672075559666361e+01
-1.710214237649316971e+01 1.224364693894579048e+01
-1.651153438617934199e+01 1.188057312231569718e+01
-1.592092639685662903e+01 1.151749930595085658e+01
-1.533031842002126055e+01 1.115442549292818342e+01
-1.473971060051320947e+01 1.079135172201328174e+01
-1.414910476316275023e+01 1.042827848161170756e+01
-1.355852389889866849e+01 1.006521192511622154e+01
-1.296825766907463873e+01 9.702229578758698736e+00
-1.238195549997430334e+01 9.340308190954768719e+00
-1.184559629776147816e+01 8.991753757293221128e+00
-1.193846558506677447e+01 8.811608789240981565e+00
-1.204825419928560848e+01 8.641446213739030213e+00
-1.214663211294748990e+01 8.493278494853635507e+00
-1.221511253807959285e+01 8.363410747283460012e+00
-1.224798526083269401e+01 8.255029700705058815e+00
-1.228738715136543291e+01 8.144617964660067599e+00
-1.231361501053322804e+01 8.041226704982339157e+00
-1.233103427472521041e+01 7.940854008788393870e+00
-1.234363717452623987e+01 7.844759685241188052e+00
-1.235604280175790137e+01 7.751913361622130516e+00
-1.235854386948286177e+01 7.665103208830559289e+00
-1.236369610930310436e+01 7.582214265063881520e+00
-1.235805887744794518e+01 7.503812983839171835e+00
-1.236703312591324710e+01 7.436287715384173325e+00
-1.239077201603665657e+01 7.388539536625515325e+00
-1.242075702151045036e+01 7.339028148096182314e+00
-1.245272545307987677e+01 7.284726065867618061e+00
-1.233150873863850983e+01 7.141564542634739610e+00
-1.218100320674596837e+01 7.007994104294866133e+00
-1.222083939408443065e+01 6.946478602669312608e+00
-1.225751347799747926e+01 6.888843680751609355e+00
-1.209656068545967145e+01 6.765641542676592124e+00
-1.207863325327764592e+01 6.718297743104326258e+00
-1.205386303516127100e+01 6.678707690690097287e+00
-1.188432656094907003e+01 6.567058984318280501e+00
-1.170280296898997641e+01 6.459187132244162299e+00
-1.151783032597670164e+01 6.356815585835281723e+00
-1.128266625249403354e+01 6.227285053150952265e+00
-1.110740015031601757e+01 6.145848673974998455e+00
-1.092492185327972898e+01 6.074553700871014428e+00
-1.037674219949106025e+01 5.741759157516839629e+00
-9.789517728092169691e+00 5.381100563454038976e+00
-9.199378712889803467e+00 5.018368420651597717e+00
-8.611333017644913213e+00 4.657211229284582643e+00
-8.052741631158456315e+00 4.318095313407415148e+00
-7.865487860853432878e+00 4.256850628565904238e+00
-7.336644487591531316e+00 3.940644879643388165e+00
-7.125753405540812935e+00 3.869949948419876495e+00
-6.935449397953248329e+00 3.821982251173001721e+00
-6.759395766262498384e+00 3.808353662798701578e+00
-6.599746225490397578e+00 3.820769801791246589e+00
-6.432518940242739625e+00 3.828139652643734792e+00
-5.886636416484027912e+00 3.504640684300009301e+00
-5.299578364687343779e+00 3.144707992654074857e+00
-4.709252139203269572e+00 2.781883492650688350e+00
-4.118666513864045697e+00 2.418829465390326394e+00
-3.528060309740138845e+00 2.055757228155469907e+00
-2.937452601204638025e+00 1.692683646427098454e+00
-2.346846398053241245e+00 1.329611228764043807e+00
-1.756260785043810113e+00 9.665549139785652999e-01
-1.165934714908181569e+00 6.037015924446901272e-01
-5.788786203378754047e-01 2.434057799484840579e-01
-3.302075555869826012e-02 -8.466812654423430673e-02
-6.216954265470510388e-03 -6.780142697537007608e-03
-1.734290991303598993e-13 2.009530017925045850e-13
