1.044603732905689064e+01 2.226655325404311725e+01
1.052761563646897081e+01 2.225211652984065225e+01
1.057549450735287699e+01 2.223478149411046090e+01
1.063020896996720488e+01 2.222221042033129024e+01
1.049015094280206206e+01 2.195726563683875199e+01
1.031537514160252833e+01 2.163919294949153382e+01
1.013684651353647759e+01 2.131537738747655553e+01
9.957912222711408745e+00 2.099094104796743565e+01
9.778934082065521949e+00 2.066643760577995081e+01
9.599951205174194868e+00 2.034192691406430598e+01
9.420967850661135401e+00 2.001741547528247978e+01
9.241984762238843132e+00 1.969290429409106835e+01
9.063004641833538599e+00 1.936839627080456694e+01
8.884052033585973618e+00 1.904391754537414272e+01
8.705353948958478583e+00 1.871970986637397516e+01
8.529010488253609523e+00 1.839800966579320729e+01
8.374449887335988052e+00 1.809950639716410592e+01
8.421404685316041139e+00 1.801560024944456728e+01
8.483140940955523845e+00 1.797939763142668923e+01
8.519495733811734084e+00 1.792085560530895449e+01
8.364066725306441796e+00 1.762549748999027344e+01
8.190195674215910770e+00 1.730786926949205906e+01
8.035505759849710827e+00 1.701862689094921777e+01
8.078777878552207525e+00 1.701732323519339118e+01
7.923819197445967077e+00 1.672774890456230779e+01
7.747432706149780302e+00 1.640701387987936144e+01
7.568729970102634041e+00 1.608291053181695318e+01
7.389776858972877172e+00 1.575844308395722848e+01
7.210796683483025049e+00 1.543393627863462392e+01
7.031813582464076617e+00 1.510942521895677615e+01
6.852830165209288005e+00 1.478491369940329392e+01
6.673846713770895889e+00 1.446040213013944253e+01
6.494863258637409764e+00 1.413589055550214546e+01
6.315879803104492041e+00 1.381137898028401167e+01
6.136896347528390194e+00 1.348686740500310499e+01
5.957912891947616529e+00 1.316235582971542506e+01
5.778929436366373906e+00 1.283784425442707366e+01
5.599945980785492772e+00 1.251333267913911484e+01
5.420962525208543603e+00 1.218882110385542639e+01
5.241979069668111890e+00 1.186430952861120325e+01
5.062995614465616079e+00 1.153979795373200723e+01
4.884012162389480771e+00 1.121528638222961227e+01
4.705028739235721069e+00 1.089077484196623047e+01
4.526045583645828430e+00 1.056626359069795029e+01
4.347064903315938089e+00 1.024175501295193769e+01
4.168107121862228759e+00 9.917271168225781253e+00
3.989361180185984956e+00 9.593016131122167778e+00
3.812574989326492858e+00 9.270877816054754916e+00
3.653918647872576475e+00 8.968321506730772441e+00
3.662983343530795022e+00 8.846920276996774746e+00
3.668092120908888809e+00 8.708799831212724385e+00
3.667275461557526928e+00 8.591604875322694568e+00
3.666192758673383345e+00 8.484172985861846428e+00
3.664121023422237666e+00 8.381209447687851366e+00
3.661524693013613607e+00 8.282047580699964939e+00
3.658855010702557475e+00 8.185500672558655211e+00
3.655753402860574486e+00 8.085362233279154154e+00
3.653941265732194132e+00 7.986093986157416502e+00
3.653037594943018274e+00 7.886402690287946271e+00
3.653794540035195215e+00 7.789035251190788323e+00
3.655469765507954882e+00 7.695464739823383304e+00
3.657702334739554750e+00 7.607491129516031236e+00
3.659710074845621275e+00 7.521629202677307724e+00
3.662179979595720614e+00 7.435330712024089905e+00
3.664601236055192057e+00 7.349084853882482449e+00
3.666799548376554529e+00 7.263488626760675082e+00
3.668366678533658831e+00 7.177605203983500104e+00
3.669170371276317510e+00 7.091586006096966877e+00
3.669580806850102572e+00 7.002881560214344603e+00
3.668336151556935931e+00 6.914438035870039023e+00
3.665577771029512544e+00 6.822822849553910274e+00
3.580416731058853497e+00 6.614795352034129827e+00
3.411575034011538055e+00 6.302875153670174591e+00
3.233687854468219935e+00 5.979724646656617182e+00
3.054822901432952431e+00 5.655360196867852629e+00
2.875852258547080265e+00 5.330864529110818317e+00
2.696870217278435344e+00 5.006354709634098121e+00
2.517887186178437986e+00 4.681843659427661564e+00
2.338906289437078900e+00 4.357335242301957123e+00
2.159946358404902789e+00 4.032852699420763187e+00
1.981180515165487099e+00 3.708609685547227031e+00
1.804210211631104066e+00 3.386582596014531710e+00
1.643850625743485949e+00 3.085055244510097161e+00
1.637158438386986159e+00 2.973173005298527460e+00
1.623407103732109391e+00 2.860018271896854092e+00
1.591104495979170919e+00 2.733024852420558926e+00
1.427978846917745459e+00 2.429867284002867223e+00
1.250730840425033241e+00 2.107693857411768068e+00
1.072131984395647386e+00 1.783711463394366037e+00
8.950126221626661938e-01 1.461814449455020926e+00
7.330909797571467656e-01 1.161243880823852326e+00
7.119282602877667898e-01 1.058186283025168928e+00
5.765439215084769975e-01 8.067479779659360029e-01
5.768481120507372717e-01 8.057336483873172028e-01
4.173737419262619208e-01 5.165991670921938894e-01
2.416919671172498285e-01 1.996914512979155731e-01
7.410049921963493547e-02 -8.903121801426508442e-02
-1.564807560065262053e-03 -8.619131912109385951e-02
-9.250025492809216005e-04 -8.835686928927671824e-02
-4.475116718118862650e-13 4.723362722019535914e-13
