2.433862433862438479e+01 2.592592592592605882e+01
2.432837259585240020e+01 2.584049421124075252e+01
2.430601007691807069e+01 2.574388411849689717e+01
2.430442720944824941e+01 2.573855425416540044e+01
2.383327628649849217e+01 2.530135752321719522e+01
2.382491374790108196e+01 2.519009197651064369e+01
2.382408132973766968e+01 2.513446095789705836e+01
2.383208230570260611e+01 2.511397949900662852e+01
2.382038471660554535e+01 2.503020674833385328e+01
2.382031916936852767e+01 2.501818853741630377e+01
2.340320237817961768e+01 2.462403439375324155e+01
2.302830887956987738e+01 2.425976606175381534e+01
2.251813620808069771e+01 2.378866728218608273e+01
2.199890312187221042e+01 2.331034236451868935e+01
2.148321278977666182e+01 2.283457777948159872e+01
2.102793420577149419e+01 2.240394925902642598e+01
2.053680444290512241e+01 2.194656875061415846e+01
2.038029870932671983e+01 2.173704600935193554e+01
1.988592426291634041e+01 2.127827322070042371e+01
1.938373778747426002e+01 2.081214629848166808e+01
1.909938270600136079e+01 2.050543023273724330e+01
1.909615170303721499e+01 2.038657657694731640e+01
1.909031743610416143e+01 2.026574917988204660e+01
1.903168805540536113e+01 2.014156046193596339e+01
1.855713539502045961e+01 1.969511683936930524e+01
1.855862144724876117e+01 1.957441274490374283e+01
1.855978253549988111e+01 1.945608128865812958e+01
1.854306009987537607e+01 1.934235716358674395e+01
1.840769207728367363e+01 1.913597640079191464e+01
1.840912310125114359e+01 1.901567054352068808e+01
1.840901818865147277e+01 1.889955839149171624e+01
1.836016593168949740e+01 1.875385897114065870e+01
1.800226018625609115e+01 1.839026377029728110e+01
1.746650134225692952e+01 1.789921730870124250e+01
1.691804927400195169e+01 1.739907083662352250e+01
1.637133623763461543e+01 1.690011614855370325e+01
1.586144488742084491e+01 1.642679705908750520e+01
1.586070257912607140e+01 1.630797118974015092e+01
1.586181531964921021e+01 1.618856669836276652e+01
1.583352675789072350e+01 1.606834076846094206e+01
1.532180224827085979e+01 1.559504003904339697e+01
1.477720101692663235e+01 1.509774015080599163e+01
1.425988266742760757e+01 1.462053509013709629e+01
1.415398152516078234e+01 1.444613792363865379e+01
1.415370620348067376e+01 1.433060159026166858e+01
1.404891692169322504e+01 1.415196244928106495e+01
1.353149691105211438e+01 1.367431661101229068e+01
1.298437330628105535e+01 1.317514306153725911e+01
1.243775340481429303e+01 1.267628671246635363e+01
1.192782580543150317e+01 1.220335911975749354e+01
1.192648741763787079e+01 1.208986679258973496e+01
1.190824839341381391e+01 1.197871737337676379e+01
1.154964104179628670e+01 1.162284609548288294e+01
1.101381631845791276e+01 1.113234877323866279e+01
1.046515180349467755e+01 1.063209749549192118e+01
9.915557022364538398e+00 1.013113952589501032e+01
9.365894913718801007e+00 9.630130408454668611e+00
8.816228925404958616e+00 9.129118324346917390e+00
8.266576435562676295e+00 8.628116226605321515e+00
7.717115111981119213e+00 8.127255652884191051e+00
7.170292655230106504e+00 7.628348689301154728e+00
6.659892390619901903e+00 7.156405862102747761e+00
6.652198492665410079e+00 7.056627427998059865e+00
6.646367375415136003e+00 6.953473946015527041e+00
6.641131249135974635e+00 6.852883970961960891e+00
6.635110826425053787e+00 6.755705656861570318e+00
6.626536410098522900e+00 6.659969809632491966e+00
6.614527459838356549e+00 6.565541218721422823e+00
6.599468717414133323e+00 6.470764277116689556e+00
6.581073239350278214e+00 6.374185045987751153e+00
6.560073608034455717e+00 6.276078477202384320e+00
6.537581534455370935e+00 6.176602971915035489e+00
6.512767207792424351e+00 6.076086057183180067e+00
6.484317265017064180e+00 5.973626100922306392e+00
6.448555223602306263e+00 5.871646021856646414e+00
6.408006884603042685e+00 5.772154059359823286e+00
6.362370478836516519e+00 5.677103046157580657e+00
6.291427743682819873e+00 5.558735644977356394e+00
5.776458585625674935e+00 5.085457587655650258e+00
5.229493160418696718e+00 4.586613738108541227e+00
4.682617092740007259e+00 4.087964079767369086e+00
4.168977096801219417e+00 3.617574549015212249e+00
4.116386665687735480e+00 3.539090256976392457e+00
4.053364953350055977e+00 3.465006588504957463e+00
3.573737293757440980e+00 3.025997788023904178e+00
3.509201830767591623e+00 2.958344211629599929e+00
3.442332319017594511e+00 2.897000354767783392e+00
2.962000353905627215e+00 2.459952981427401042e+00
2.891540696491311735e+00 2.406773712016332833e+00
2.376605873479637143e+00 1.938219750832167243e+00
1.829633757333464450e+00 1.439732958455592682e+00
1.282630520157785226e+00 9.413132478836979677e-01
7.672327826687604935e-01 4.737571051857778492e-01
6.903814691008424154e-01 4.343551380197535061e-01
6.276956384582994541e-01 3.828421460919478325e-01
5.658648622525492833e-01 4.203486831675004587e-01
8.941640566101556609e-02 -6.904545079842593254e-03
6.780034115804568773e-02 -2.304385565946735770e-02
7.978939642884186334e-02 4.745341866174296319e-02
-5.046783737768280209e-16 1.470815673690749659e-13
