-4.650677789364003445e+01 -2.351407716371236489e+01
-4.646279060688773654e+01 -2.355051443851422377e+01
-4.642907471577662903e+01 -2.358712355226509061e+01
-4.557081446608016506e+01 -2.317907395246569990e+01
-4.554044549884260107e+01 -2.322784136145438083e+01
-4.552715621933138834e+01 -2.325498359641048651e+01
-4.461126816018992969e+01 -2.281387663292480639e+01
-4.363892528932916548e+01 -2.234347857670986315e+01
-4.266639173997634060e+01 -2.187292518569296007e+01
-4.174726379312093627e+01 -2.142917887200588822e+01
-4.168235496751848501e+01 -2.141426963129729444e+01
-4.161267330913431550e+01 -2.136719257782602099e+01
-4.154265727639247530e+01 -2.130829730543973710e+01
-4.147484231010648159e+01 -2.123907279723215069e+01
-4.140986274960617664e+01 -2.116179991512466430e+01
-4.134731878385318993e+01 -2.108057591788125862e+01
-4.128337471662383962e+01 -2.099405352978964956e+01
-4.122345784331218255e+01 -2.090475835196940935e+01
-4.030482364312251065e+01 -2.045641612963112976e+01
-3.933519382414473142e+01 -1.998675382637976483e+01
-3.840879181662064923e+01 -1.953520138783112259e+01
-3.822465710676047479e+01 -1.939457047325433692e+01
-3.816331625972466668e+01 -1.930265496919829360e+01
-3.810126588522311408e+01 -1.921064785719514845e+01
-3.803718028688179942e+01 -1.911939958968303443e+01
-3.796931385388223390e+01 -1.902931715479994068e+01
-3.789577949890901465e+01 -1.894815423282315336e+01
-3.697631607851040769e+01 -1.850034004206026239e+01
-3.600704337868535276e+01 -1.803098942820366091e+01
-3.508718141372234811e+01 -1.758389329670384171e+01
-3.500727378744130647e+01 -1.751421312195769175e+01
-3.408720313716256101e+01 -1.706702689427863007e+01
-3.311459327442015876e+01 -1.659623551959771248e+01
-3.214197275152624655e+01 -1.612547169386397883e+01
-3.122172097073001140e+01 -1.567875356038127954e+01
-3.113892748051280890e+01 -1.561653130148634894e+01
-3.105728395833997624e+01 -1.556302919890650038e+01
-3.097852096525291898e+01 -1.552140913666660538e+01
-3.090240470667374240e+01 -1.548971433238225792e+01
-3.082196657794170847e+01 -1.546132161132245919e+01
-2.990184879656582240e+01 -1.501672107120905508e+01
-2.892901574562634437e+01 -1.454599091452976189e+01
-2.795287326996812283e+01 -1.407362036057102728e+01
-2.697652384772355560e+01 -1.360114723276072546e+01
-2.600017449195411245e+01 -1.312867420640640503e+01
-2.502403314579875016e+01 -1.265630537632322827e+01
-2.405121809067542316e+01 -1.218560268530981183e+01
-2.313138695744714113e+01 -1.174143963478820574e+01
-2.305551472783590938e+01 -1.172001550348160137e+01
-2.298129892255463602e+01 -1.170514890793570828e+01
-2.290635671701481613e+01 -1.169507985129801853e+01
-2.282950998262570508e+01 -1.168827743701599964e+01
-2.275096785686815082e+01 -1.168331906670209186e+01
-2.267195358816850259e+01 -1.167817634436563168e+01
-2.259206170081345633e+01 -1.167191735326130875e+01
-2.251520088884281634e+01 -1.166505986168993836e+01
-2.243843393504086237e+01 -1.165549821008889353e+01
-2.157473638358318979e+01 -1.124056849160787941e+01
-2.150046860536819793e+01 -1.122548418186028485e+01
-2.138742268285968606e+01 -1.118792519641282013e+01
-2.046548125049732647e+01 -1.074285785920807079e+01
-1.949609332578231147e+01 -1.027382924452111723e+01
-1.857686676911771428e+01 -9.829135465373385117e+00
-1.850723541279769080e+01 -9.797550182885890635e+00
-1.844338517772581909e+01 -9.753854747827917393e+00
-1.752453570336464850e+01 -9.308398122705320077e+00
-1.655539671776762134e+01 -8.839280712713330601e+00
-1.563705907911252702e+01 -8.393556263395014483e+00
-1.558139379525449897e+01 -8.345577954067119109e+00
-1.552883228853915121e+01 -8.288427950768751273e+00
-1.542512398852841748e+01 -8.208573183321574263e+00
-1.450718852823792204e+01 -7.762312302135671693e+00
-1.359252393943722126e+01 -7.316493072853914370e+00
-1.354439220833837254e+01 -7.244142573783643790e+00
-1.262630262953241633e+01 -6.796782354629739231e+00
-1.165359690639922263e+01 -6.325878943064785709e+00
-1.067746237286358202e+01 -5.853497486026897789e+00
-9.701112627550353196e+00 -5.381023257857773245e+00
-8.724750162712229695e+00 -4.908543538209691803e+00
-7.748399507095886207e+00 -4.436068773452522152e+00
-6.772250416571372611e+00 -3.963678735639694750e+00
-5.799312817629448169e+00 -3.492638642365097024e+00
-4.877529785292673559e+00 -3.043101276980173964e+00
-4.770566569230740406e+00 -2.936071921203486479e+00
-4.728353128565217389e+00 -2.853273376777926806e+00
-4.689565154817715964e+00 -2.772235157961755014e+00
-4.652807856918484752e+00 -2.689570987212720699e+00
-4.618560679316449757e+00 -2.604769222600630041e+00
-3.760175521937321186e+00 -2.180803161824665271e+00
-3.728340395879642166e+00 -2.096455523835049739e+00
-3.700665109664403651e+00 -2.014138419883156672e+00
-3.677315011221546470e+00 -1.935303169542855306e+00
-2.764541412249499786e+00 -1.489109611904443353e+00
-1.852063826253920187e+00 -1.043347460844609609e+00
-1.833743392117406001e+00 -9.718423968224965126e-01
-1.823929725602810192e+00 -9.144682777302598486e-01
-9.120868929869258013e-01 -4.698262696921914894e-01
-9.570988801998749854e-04 -2.741438219795627740e-02
-3.258929402136532660e-03 -7.933053597160958509e-03
-7.752929296629526138e-13 -1.613902418712614609e-13
