-1.225554089298842619e+01 3.085512648351560916e+00
-1.229000077801804913e+01 3.091910579431297990e+00
-1.230595018329962542e+01 3.196744291462362497e+00
-1.229063300737148801e+01 3.269226527636862389e+00
-1.230302001682598245e+01 3.304639900247322792e+00
-1.233011887944648777e+01 3.337090366464508850e+00
-1.211615683110387920e+01 3.313103022387585472e+00
-1.205078323868635159e+01 3.306256430363745835e+00
-1.205530421866739488e+01 3.315509167279373948e+00
-1.204424292754059600e+01 3.339347280043737154e+00
-1.199492476118591355e+01 3.360645321183482803e+00
-1.197030844797997240e+01 3.380347215708059405e+00
-1.198053356834228111e+01 3.390882378445233325e+00
-1.196455932396029631e+01 3.388906552536675498e+00
-1.173062104544276707e+01 3.360576789689106558e+00
-1.149428335340296314e+01 3.341629233372404251e+00
-1.145020095249035030e+01 3.449562152798540282e+00
-1.139535094844387864e+01 3.551773105772286332e+00
-1.115586990539972057e+01 3.532021206048912010e+00
-1.089901949851882179e+01 3.500795196200121140e+00
-1.064069443982529073e+01 3.468591601429955151e+00
-1.038393844871866456e+01 3.437387690731059209e+00
-1.014546903241333631e+01 3.417872574438377775e+00
-1.010136378291584336e+01 3.522598466717246524e+00
-9.862893027287226388e+00 3.503082384014571726e+00
-9.606122685843564213e+00 3.471868118667114089e+00
-9.347645208394956384e+00 3.439554544494938693e+00
-9.089176046655556007e+00 3.407160504644110688e+00
-8.832503120373495165e+00 3.375003616497440184e+00
-8.595067812993551826e+00 3.345468178382322577e+00
-8.561959556474283417e+00 3.343783362739702891e+00
-8.324524100910883462e+00 3.314247829871703299e+00
-8.067849586754279656e+00 3.282089926690793469e+00
-7.809363559606237182e+00 3.249685106132548462e+00
-7.550706963856709919e+00 3.217257036305908091e+00
-7.292034307693624484e+00 3.184826777372580686e+00
-7.033360139312692993e+00 3.152396312317147675e+00
-6.774685828544220634e+00 3.119965827853647955e+00
-6.516011504368812268e+00 3.087535341562718472e+00
-6.257337178931034138e+00 3.055104855099719074e+00
-5.998662853374396420e+00 3.022674368620514418e+00
-5.739988527806567653e+00 2.990243882139781206e+00
-5.481314202237689059e+00 2.957813395658901001e+00
-5.222639876668712766e+00 2.925382909178004365e+00
-4.963965551099729367e+00 2.892952422697103732e+00
-4.705291225530747745e+00 2.860521936216199990e+00
-4.446616899961767011e+00 2.828091449735293583e+00
-4.187942574392788053e+00 2.795660963254384956e+00
-3.929268248823811760e+00 2.763230476773473665e+00
-3.670593923254837687e+00 2.730799990292559265e+00
-3.411919597685873828e+00 2.698369503811639092e+00
-3.153245272117003228e+00 2.665939017330678951e+00
-2.894570946549107848e+00 2.633508530849317797e+00
-2.635896620991552641e+00 2.601078044363714259e+00
-2.377222295543802044e+00 2.568647557833077855e+00
-2.118547971262212393e+00 2.536217070824187125e+00
-1.859873659365746557e+00 2.503786578736046931e+00
-1.601199479004692172e+00 2.471356032704077776e+00
-1.342526695607100251e+00 2.438924913765116997e+00
-1.083868748571167995e+00 2.406487710303877314e+00
-8.253683701712917209e-01 2.373985886560497693e+00
-5.685414394562177121e-01 2.340797767217660752e+00
-3.294872535200398245e-01 2.300320889078969255e+00
-2.791873739446422142e-01 2.182434211392874523e+00
-2.956190712299086032e-01 2.059655130925538202e+00
-3.260432214255107874e-01 1.945506531879569900e+00
-3.662938795497990840e-01 1.832034662486553556e+00
-4.009236716945832057e-01 1.724840717700119708e+00
-3.604815808294914992e-01 1.642029072493021324e+00
-3.752319503962163738e-01 1.547400232634708273e+00
-4.125773062630437860e-01 1.445359839974822203e+00
-2.096499721644029535e-01 1.400371273170197162e+00
-2.522623751698758188e-01 1.302995954132881939e+00
-2.935935719419230927e-01 1.208273742113081139e+00
-3.404333659514791055e-01 1.115854308576890386e+00
-1.389235779727521491e-01 1.072724320100510997e+00
-1.872299747407202841e-01 9.856419551368568177e-01
-2.265263738138001762e-02 9.377566699811136219e-01
2.246271210498370242e-03 8.681607090223664169e-01
-4.911201627369649048e-02 7.838027049351645736e-01
-1.021522600670022041e-01 7.021640406694450443e-01
9.816766805845052180e-02 6.607403113703029796e-01
4.331285519657059740e-02 5.811590523905395544e-01
-1.672883573891610631e-02 5.034957883851123306e-01
-2.155581632302898398e-02 4.435116143642417463e-01
-7.858440155493119639e-02 3.803222011699359806e-01
-1.099429098848103276e-01 3.337473262308720545e-01
-1.607134673679628534e-01 2.812763951790127059e-01
-2.035198403266700595e-01 2.358429454332151565e-01
-2.542124591558129199e-01 1.884527628949400624e-01
-3.027364066779378304e-01 1.488469891135256740e-01
-2.951249969344421076e-01 1.256806908662014555e-01
-3.385627287320911449e-01 9.657371740562774309e-02
-2.865206085527294277e-01 7.259984068060301721e-02
-2.556866549209728112e-01 4.975764915050231302e-02
-2.290213960893967837e-01 2.997439020431295550e-02
-5.302144498444738563e-02 4.301960938586465132e-03
-4.174418748989915801e-02 -1.139622524577706434e-03
-4.888137989880399215e-02 7.191540703478394849e-04
-2.763910900964728064e-13 -3.947176033609915774e-13
