-2.707260618145686948e+01 -2.239276905343777102e+00
-2.681931142450055816e+01 -2.226267974362960977e+00
-2.646740963105085243e+01 -2.204376698478420327e+00
-2.641813407725938490e+01 -2.129091947006725327e+00
-2.630686786883056527e+01 -2.115213670985460315e+00
-2.603990181428210704e+01 -2.101433455123465688e+00
-2.581640069465246512e+01 -2.089905854294150878e+00
-2.573777402246379253e+01 -2.071913514381982235e+00
-2.572869344561605942e+01 -2.039630954378603089e+00
-2.573545875377551795e+01 -2.036240987821940074e+00
-2.537673447924345282e+01 -2.020078699779125575e+00
-2.498683415932116247e+01 -2.002826940262389055e+00
-2.459427454115289535e+01 -1.985482249472831917e+00
-2.420148808641596005e+01 -1.968129631700627824e+00
-2.380868228265378050e+01 -1.950776337761489287e+00
-2.341587482843118195e+01 -1.933422986145711286e+00
-2.302306723342528727e+01 -1.916069629610150482e+00
-2.263025962641065902e+01 -1.898716272654935366e+00
-2.223745201837169816e+01 -1.881362915663924662e+00
-2.184464441024535830e+01 -1.864009558669860844e+00
-2.145183680211156840e+01 -1.846656201675536790e+00
-2.105902919397718520e+01 -1.829302844681186091e+00
-2.066622158584319635e+01 -1.811949487686778104e+00
-2.027341397771447618e+01 -1.794596130691710423e+00
-1.988060636964757322e+01 -1.777242773688904931e+00
-1.948779876230537766e+01 -1.759889416595377787e+00
-1.909499116345921976e+01 -1.742536058438276081e+00
-1.870218366421559963e+01 -1.725182687812444993e+00
-1.830937733265341905e+01 -1.707829171010568636e+00
-1.791658469030029011e+01 -1.690473940526879382e+00
-1.752395253216639759e+01 -1.673098619847553925e+00
-1.713320179643815067e+01 -1.655487773554647157e+00
-1.676450774818570366e+01 -1.635115763774082298e+00
-1.665439330488875669e+01 -1.582373500543740708e+00
-1.628570058959881095e+01 -1.562001251667573198e+00
-1.589496559443066026e+01 -1.544387581949607569e+00
-1.550251797903609230e+01 -1.526979159341668391e+00
-1.511188880781723753e+01 -1.509235861189174299e+00
-1.474444573686229454e+01 -1.487332867713666129e+00
-1.464898215724942077e+01 -1.416644113761142965e+00
-1.457411458515021785e+01 -1.322513656724071618e+00
-1.450282074581628500e+01 -1.223386291438880447e+00
-1.443493430863059501e+01 -1.118945328976694631e+00
-1.437168083301768107e+01 -1.013106032415827418e+00
-1.431067306823596930e+01 -9.053959329048373306e-01
-1.425385705439125417e+01 -7.984334320369338434e-01
-1.419614357750097611e+01 -6.905709057331788081e-01
-1.414085548849688578e+01 -5.784434135485889694e-01
-1.395625527324482285e+01 -5.057783568243046091e-01
-1.358120763266931519e+01 -4.837069445369437393e-01
-1.318991493927286385e+01 -4.659511402179602468e-01
-1.279723655247252267e+01 -4.485634547079273005e-01
-1.240443996684978245e+01 -4.312071695132908000e-01
-1.201163329900739285e+01 -4.138535627301087594e-01
-1.161882577197874511e+01 -3.965001842158143441e-01
-1.122601818128831930e+01 -3.791468228511643002e-01
-1.083321069802067882e+01 -3.617934357327928785e-01
-1.044040454693934272e+01 -3.444397273465374387e-01
-1.004761401983700786e+01 -3.270822509546959522e-01
-9.655006659586454987e+00 -3.096806005452436561e-01
-9.264546639602789568e+00 -2.917610799750637307e-01
-8.899260771386527935e+00 -2.677703548439567260e-01
-8.829101822216996354e+00 -1.726044054779105885e-01
-8.739008049424628055e+00 -1.092271554152807467e-01
-8.640492189632464459e+00 -6.291302958831351821e-02
-8.536936959773839817e+00 -2.334789659897893929e-02
-8.428692479968576734e+00 9.746820689330174328e-03
-8.318724050070267495e+00 3.548193681714022218e-02
-8.206602592320654921e+00 5.506957887003136737e-02
-8.091532378957722926e+00 6.950774622820198034e-02
-7.974734939637400544e+00 7.881201666920474580e-02
-7.853512142805644913e+00 8.417926127562594396e-02
-7.619472119048268155e+00 9.249900648933416514e-02
-7.240374954468098423e+00 1.090685204458373414e-01
-6.850702414698613296e+00 1.261993141117698225e-01
-6.481205476329677140e+00 1.417083283876866828e-01
-6.360531740444086424e+00 1.375049403507209167e-01
-6.013765605539615144e+00 1.500284512377329793e-01
-5.892514533388008680e+00 1.319043009953774215e-01
-5.773753389709711747e+00 1.035786079194529336e-01
-5.681961581901285641e+00 5.620775376242781451e-02
-5.671763848220716220e+00 -3.789612028942657140e-02
-5.672990935010203017e+00 -1.457753284787641768e-01
-5.313794253473785645e+00 -1.391042352890448919e-01
-4.923853637518416093e+00 -1.226620690936304631e-01
-4.531290582127581956e+00 -1.053864361457845511e-01
-4.138503834203431708e+00 -8.803970897667745543e-02
-3.745698005445469381e+00 -7.068691751393647860e-02
-3.352890549186573477e+00 -5.333360878718677867e-02
-2.960082955074823996e+00 -3.598025613335868733e-02
-2.567275360599627909e+00 -1.862690202140026424e-02
-2.174467899685450956e+00 -1.273574617876157330e-03
-1.781662016318061648e+00 1.607943593536553112e-02
-1.388874628182279247e+00 3.342873160392714760e-02
-9.963040673273128034e-01 5.073447612666880796e-02
-6.062754617337287044e-01 6.752965268017664668e-02
-2.460472415351540876e-01 7.833923126316680308e-02
-2.351811769827469589e-01 1.897718682555152650e-02
8.483412198780154734e-02 2.615002589787764412e-02
-2.371343526696352138e-13 -4.550419589184537238e-13
