2.700156985871270976e+01 4.497645211930925768e+01
2.698342279797407528e+01 4.494337997129725437e+01
2.695486723144323804e+01 4.489974403256190527e+01
2.691374798783470723e+01 4.483635847586146639e+01
2.686268664141425333e+01 4.475549680780109441e+01
2.679832741468080926e+01 4.465318242519287395e+01
2.655666595501960714e+01 4.426103097431725075e+01
2.639671075656033494e+01 4.399224123927366747e+01
2.633413631465724336e+01 4.389052085271676162e+01
2.627733514306626361e+01 4.379850473742218497e+01
2.621993488442303644e+01 4.370427208174182709e+01
2.615414906520715732e+01 4.359662189644075880e+01
2.600396595158592206e+01 4.335223709699881312e+01
2.530811946148473268e+01 4.217651839267563219e+01
2.426330235884645958e+01 4.044394939443278503e+01
2.375427059890691339e+01 3.959920231805974566e+01
2.316588173047993848e+01 3.861417295369852809e+01
2.246117076441895932e+01 3.744100267802340198e+01
2.175927773710696300e+01 3.627040380628550764e+01
2.125952029531090659e+01 3.543312685284751495e+01
2.076573130663085109e+01 3.460406677167679135e+01
2.067444500186739731e+01 3.444974390030476030e+01
2.062228695923167265e+01 3.436001979684620977e+01
2.057172535005720704e+01 3.427379337328941489e+01
2.048249295755319821e+01 3.412519333792710796e+01
1.999219677110360038e+01 3.330187139444550581e+01
1.940778054365682692e+01 3.232078171747037487e+01
1.882609849854405226e+01 3.135347664839525095e+01
1.858969103468974282e+01 3.095880215291834503e+01
1.843889043504110958e+01 3.070465397913899253e+01
1.810819431407760760e+01 3.015579060317928040e+01
1.741379913097649279e+01 2.899665308277532461e+01
1.683383818958727929e+01 2.802332232952596414e+01
1.669951162600949601e+01 2.779705611412977717e+01
1.664554044363767815e+01 2.770503081101250231e+01
1.659556043022345406e+01 2.762018365708775747e+01
1.654606493544496004e+01 2.753774059634089966e+01
1.649938551498278017e+01 2.746431796907272727e+01
1.645561500324864923e+01 2.739750770994276152e+01
1.641213930411175070e+01 2.732973229366684365e+01
1.636162319267263854e+01 2.724922260889704262e+01
1.626023868354063495e+01 2.708454666032444891e+01
1.608122399052588136e+01 2.679257476887703859e+01
1.593627951050190283e+01 2.655757094048213673e+01
1.587359715761883194e+01 2.645822061909585443e+01
1.581434380367778836e+01 2.636314496964179810e+01
1.560462225930875846e+01 2.601917476167436760e+01
1.511677265515876734e+01 2.521426558718063404e+01
1.469395074491662889e+01 2.451853128170057516e+01
1.412418564364546292e+01 2.357523841703187273e+01
1.408095961116053907e+01 2.350641006910638353e+01
1.404330596441715429e+01 2.344837035501131695e+01
1.399942932632538550e+01 2.337944756231453169e+01
1.343155259897372034e+01 2.243950535309206273e+01
1.294495849061240911e+01 2.163022973840998375e+01
1.245473621573421141e+01 2.081824681460453164e+01
1.161824146185214346e+01 1.942768162186234804e+01
1.092406099047573775e+01 1.827387697277702117e+01
1.023348106049430228e+01 1.712592946213723977e+01
9.657057136259133756e+00 1.616667805681874981e+01
9.166386168562134173e+00 1.535026517669473023e+01
8.319561669017753402e+00 1.393793112534054224e+01
7.040267715501984824e+00 1.180994256205795523e+01
6.878227478250818372e+00 1.154439137228890644e+01
6.831413786976701985e+00 1.146859158922244504e+01
6.794018754630916312e+00 1.140618355171639919e+01
6.758182379098649051e+00 1.134645201438662987e+01
6.725923228895316797e+00 1.129079764063239288e+01
6.696259384695602890e+00 1.123880839722290226e+01
6.668068705774996552e+00 1.118932109834856270e+01
6.639899286472289219e+00 1.113840121645182712e+01
6.612888093802581579e+00 1.108873186260578514e+01
6.587140254210512857e+00 1.104335525898613923e+01
6.561447215458927396e+00 1.099762931128891630e+01
6.537673378243421318e+00 1.095422566712309731e+01
6.510558890857519820e+00 1.090658597977108535e+01
6.384119184619341247e+00 1.069259063974896407e+01
5.909629720239530037e+00 9.900346357684313148e+00
5.230459425322271372e+00 8.766373322218571573e+00
4.547021977815479232e+00 7.626832623346462725e+00
3.864407028926272414e+00 6.487087962343636605e+00
3.170176849799307028e+00 5.334082744359232464e+00
1.903254362878547656e+00 3.218745998372798400e+00
1.751899373732304310e+00 2.965804636909428194e+00
1.714854361077944755e+00 2.901157693697525186e+00
1.690172041849230089e+00 2.857599117385583476e+00
1.668574508220116659e+00 2.822025752217443006e+00
1.650213603350321856e+00 2.790397016538568753e+00
1.633877931510291370e+00 2.762309454920662155e+00
1.620558837519970208e+00 2.739226905711110049e+00
1.606827669161507988e+00 2.712699395556449566e+00
1.519954510574111683e+00 2.562196543077217115e+00
1.497907327629317553e+00 2.519003690477999324e+00
1.479779625427188217e+00 2.482621493576492089e+00
1.381078442803205908e+00 2.312773154206423598e+00
8.284976684783497136e-01 1.387695896306153198e+00
2.204616708061753194e-02 4.038380942458570655e-02
9.391203293900739560e-03 1.539107777696464147e-02
8.150728680896078115e-04 -1.657708228352220304e-04
3.068511558312856037e-15 4.983098063141432278e-15
