-4.522167487684850329e+01 -4.399014778325236108e+01
-4.520763408364393143e+01 -4.392501797614040271e+01
-4.519167967026129418e+01 -4.388838406685053428e+01
-4.447031055365690122e+01 -4.323549043346928045e+01
-4.352064022854514036e+01 -4.238424927452923896e+01
-4.341009893643492035e+01 -4.218598778815851347e+01
-4.272321059079435912e+01 -4.154781568164084149e+01
-4.264326030181258886e+01 -4.135043751161359182e+01
-4.258263179572631429e+01 -4.122764183150390238e+01
-4.253701986642207800e+01 -4.105974396340160837e+01
-4.248485027130865177e+01 -4.092903823405473673e+01
-4.200076880075900476e+01 -4.042148422937086139e+01
-4.116957548988527549e+01 -3.965716032832416715e+01
-4.111457656869490052e+01 -3.944068127221036946e+01
-4.105209106632765526e+01 -3.923701098873801385e+01
-4.098875541542633272e+01 -3.901575108539547188e+01
-4.080718324545872377e+01 -3.872326488801932243e+01
-3.994724075096480931e+01 -3.793063427720455394e+01
-3.898309122753601486e+01 -3.706002755021741280e+01
-3.876548075641174762e+01 -3.672441436451125440e+01
-3.869736806673015650e+01 -3.648213482641178018e+01
-3.777329455509659795e+01 -3.563909077496047928e+01
-3.754862977600504337e+01 -3.529464031349454700e+01
-3.662503362795951745e+01 -3.445130685465932885e+01
-3.656616914036080601e+01 -3.420704103549006447e+01
-3.556839769594801481e+01 -3.330993256460772756e+01
-3.471202212087911931e+01 -3.251578171273329332e+01
-3.465609623565467956e+01 -3.227170743549112331e+01
-3.459221730758247304e+01 -3.202749801950485420e+01
-3.358617919857967138e+01 -3.112458498150920505e+01
-3.258050262640209382e+01 -3.022202274187990767e+01
-3.252373411346776066e+01 -2.998471254566974054e+01
-3.156815622028675250e+01 -2.913469364380842208e+01
-3.149731990712887963e+01 -2.921261732296052926e+01
-3.054162381980119179e+01 -2.836302487248400084e+01
-3.048264895368470917e+01 -2.813367532728155496e+01
-3.042275356672098496e+01 -2.794072470411860110e+01
-3.036302590646043598e+01 -2.773308802100141790e+01
-3.021270351681249977e+01 -2.778405271882612126e+01
-3.016046721852844215e+01 -2.759533874929121566e+01
-2.915216030822404036e+01 -2.669337808674346846e+01
-2.809248895042325955e+01 -2.575309857843932448e+01
-2.703005806171445258e+01 -2.481076040809368521e+01
-2.596747891971577360e+01 -2.386831163832041725e+01
-2.490489183559559905e+01 -2.292585694953744735e+01
-2.384230474763682039e+01 -2.198340236887542787e+01
-2.277972553014340917e+01 -2.104095572553785942e+01
-2.171729323599802086e+01 -2.009865714166022244e+01
-2.065759571813311979e+01 -1.915911447522623945e+01
-1.964880187825372460e+01 -1.827086899687532906e+01
-1.958750213083203207e+01 -1.833744219943296727e+01
-1.952969398047714478e+01 -1.839971511123344072e+01
-1.948011106766126588e+01 -1.841387453354903414e+01
-1.943623754314602436e+01 -1.839718796616601537e+01
-1.939602689909613886e+01 -1.841586724700615463e+01
-1.934994015144761192e+01 -1.842513764475863525e+01
-1.930336972519964434e+01 -1.831675223703777178e+01
-1.926348242009774836e+01 -1.832052462759307332e+01
-1.921190205213642699e+01 -1.832795233143184532e+01
-1.915537765648711144e+01 -1.833853799684593611e+01
-1.909458565208438685e+01 -1.835127263275538922e+01
-1.905345953090587940e+01 -1.817580721897253326e+01
-1.898946752013846506e+01 -1.823872063272780508e+01
-1.894257768853155355e+01 -1.806541519261343964e+01
-1.889658619856404442e+01 -1.789370535852456356e+01
-1.881830615240061988e+01 -1.770165755554151943e+01
-1.780862407420690374e+01 -1.679953677779052512e+01
-1.674932593616416199e+01 -1.585960219999999588e+01
-1.569523717989636147e+01 -1.492386302867907766e+01
-1.478800902742244183e+01 -1.410425412688028857e+01
-1.373404454073130587e+01 -1.316861332778794846e+01
-1.267706616707284972e+01 -1.223051508354241079e+01
-1.171056331275930518e+01 -1.136257512941069869e+01
-1.166461699428365861e+01 -1.119550164720960517e+01
-1.065958552510876522e+01 -1.029698189455207569e+01
-9.654767483435080067e+00 -9.399294032534186272e+00
-9.613018685180382050e+00 -9.248581505522828650e+00
-8.649391076263626132e+00 -8.384486947559802061e+00
-7.636188424381615825e+00 -7.481955935206581643e+00
-6.576269035525668549e+00 -6.541657774236766087e+00
-5.514103842970534686e+00 -5.599541759442917765e+00
-4.456732532441704642e+00 -4.661258661966440009e+00
-3.491095354844595544e+00 -3.796343232209226759e+00
-3.453399225977761056e+00 -3.664389406977182961e+00
-3.427562873134854637e+00 -3.555259410012546528e+00
-3.405083717733865978e+00 -3.458862942658445405e+00
-2.557481484635481639e+00 -2.693697219913024465e+00
-1.604048054576409310e+00 -1.842082198662716941e+00
-1.571151426436542708e+00 -1.747662700761056565e+00
-1.343933254421886714e+00 -1.499925106842208589e+00
-5.183109181709235624e-01 -7.566491431229309672e-01
-2.542959828920707821e-01 -4.869266280120162493e-01
-2.159124930654128527e-01 -4.035879839663630286e-01
-1.829164080504064593e-01 -3.297340844617006050e-01
-1.479882581676576769e-01 -2.648613754438866597e-01
-8.579495940331383075e-02 -1.596211182618706703e-01
-4.141108079969155198e-02 -9.457856506830991661e-02
-1.720962963294449949e-02 -5.655288906994305337e-02
3.155078063572761709e-04 3.096765205866465389e-04
-1.464711272684482010e-12 -1.351454889241899851e-12
