-2.108010178903898790e+01 -1.854775189879730135e+01
-2.108158478463596808e+01 -1.850767456407668021e+01
-2.107959542309083645e+01 -1.841352878194033238e+01
-2.107483697085589114e+01 -1.830816610428870561e+01
-2.107267027587843344e+01 -1.825184303334551217e+01
-2.105153548494909543e+01 -1.818999628574747618e+01
-2.105020724622028183e+01 -1.816993687211381925e+01
-2.102439676870610441e+01 -1.804749636053433193e+01
-2.092425385299413421e+01 -1.791355061992376463e+01
-2.092056136600307070e+01 -1.787617579753797870e+01
-2.069287899083279569e+01 -1.769269322350119822e+01
-2.049580899999361350e+01 -1.753928981769866269e+01
-2.012607751002484946e+01 -1.728740882201401519e+01
-2.012791130533736350e+01 -1.714608268718210837e+01
-2.012346787251799896e+01 -1.702813787271834300e+01
-2.011865923144478430e+01 -1.692217670063142165e+01
-2.011039433114396502e+01 -1.680282176867013177e+01
-2.009031487208524425e+01 -1.668390690061444204e+01
-2.007657577414622807e+01 -1.656240982467270939e+01
-1.996869095924457227e+01 -1.640598155838231165e+01
-1.971995175066254902e+01 -1.619634117827760633e+01
-1.930077543465623435e+01 -1.592501300258028074e+01
-1.887022701713494399e+01 -1.564954122651297297e+01
-1.849878591890592006e+01 -1.539519252273829863e+01
-1.846577337622090553e+01 -1.526151498210500712e+01
-1.809844837737589174e+01 -1.500834030601267877e+01
-1.771098341316784897e+01 -1.474699786115792399e+01
-1.770946631547446515e+01 -1.461281797650443437e+01
-1.771172231979670286e+01 -1.446299417294364176e+01
-1.769206361144448181e+01 -1.432999052196624667e+01
-1.729629433782254111e+01 -1.406647222237309514e+01
-1.686581401376063738e+01 -1.379082028511017555e+01
-1.647163248963786941e+01 -1.352689797601024146e+01
-1.646751741806347269e+01 -1.338993918158508301e+01
-1.646543407324168129e+01 -1.324234496483640555e+01
-1.646205428930926828e+01 -1.309590814549872029e+01
-1.645903365168494403e+01 -1.294970549801663218e+01
-1.645466124160839172e+01 -1.280344212461304743e+01
-1.645019251878621702e+01 -1.265690370575313928e+01
-1.644299451548161173e+01 -1.251091000655664764e+01
-1.643399591070082977e+01 -1.236290303137790225e+01
-1.642203455701413972e+01 -1.221406080469551902e+01
-1.640896993526667913e+01 -1.206421597638871113e+01
-1.638662665961707887e+01 -1.190714154530370905e+01
-1.635539592827223387e+01 -1.174575360111304789e+01
-1.630338750257644165e+01 -1.158260059945827081e+01
-1.619073939259438788e+01 -1.140837974106979935e+01
-1.594012704313974282e+01 -1.119033736474041874e+01
-1.552004092359732468e+01 -1.091788567017445821e+01
-1.508245891719474940e+01 -1.063981694545974754e+01
-1.464307069584301146e+01 -1.036116833794711489e+01
-1.420349600709646865e+01 -1.008245986533666105e+01
-1.376390206809992911e+01 -9.803745212460212244e+00
-1.332430614177404493e+01 -9.525029921554441614e+00
-1.288471001028314156e+01 -9.246314564780726997e+00
-1.244511385761171063e+01 -8.967599201207034909e+00
-1.200551770275367502e+01 -8.688883836931333704e+00
-1.156592154766990355e+01 -8.410168472583162469e+00
-1.112632539256282627e+01 -8.131453108227509219e+00
-1.068672923745334380e+01 -7.852737743871083254e+00
-1.024713308234361264e+01 -7.574022379514577352e+00
-9.807536927233856616e+00 -7.295307015158063457e+00
-9.367940772124100590e+00 -7.016591650801550450e+00
-8.928344617014369433e+00 -6.737876286445045437e+00
-8.488748461904879861e+00 -6.459160922088618584e+00
-8.049152306797740408e+00 -6.180445557732952011e+00
-7.609556151713350758e+00 -5.901730193384640444e+00
-7.169959996849336825e+00 -5.623014829107577661e+00
-6.730363844119982453e+00 -5.344299465520669479e+00
-6.290767712068004336e+00 -5.065584108618927495e+00
-5.851171780307256931e+00 -4.786868816472995114e+00
-5.411577788665939082e+00 -4.508154151583704028e+00
-4.972002589976176168e+00 -4.229445562610921527e+00
-4.532609429063441553e+00 -3.950795827955472017e+00
-4.094979575642218705e+00 -3.672716185180715076e+00
-3.674429986331031905e+00 -3.400158732912195170e+00
-3.419328240616402947e+00 -3.181091935431000106e+00
-3.232250239727954000e+00 -2.981994698575746838e+00
-3.094031862283067369e+00 -2.796594360950619418e+00
-3.077978733763276686e+00 -2.649778783831478801e+00
-3.043037048075980522e+00 -2.518541676430119836e+00
-2.991079357100675296e+00 -2.397555672105588176e+00
-2.933268700609750645e+00 -2.276713182516886036e+00
-2.875005381525336912e+00 -2.159028384258503852e+00
-2.813473034312859777e+00 -2.043849048704629467e+00
-2.752117577439108675e+00 -1.931823440684719229e+00
-2.687257102124481545e+00 -1.819801452498386762e+00
-2.621830210003662120e+00 -1.708786931582905400e+00
-2.220904070906779548e+00 -1.447404170758599173e+00
-1.785707616874029791e+00 -1.170669448520396116e+00
-1.350513325483000626e+00 -8.940114295415346746e-01
-9.496105207034762907e-01 -6.334562760729025577e-01
-8.844099025763517696e-01 -5.304671033476784370e-01
-4.873366584575738458e-01 -2.717901386369520056e-01
-8.963272682443869377e-02 -1.351907797117726275e-02
-1.762716154779734104e-02 8.509050024678829760e-02
-1.381813518907620310e-02 8.457298921286750260e-02
5.995314042102199703e-02 6.254921906287595756e-02
-2.493944368190770255e-02 7.621019592514441734e-03
2.285273714120289809e-15 -1.767184216547082456e-14
