1.276935355147797102e+00 4.393455706304899167e+01
1.254862272520941513e+00 4.316306684866407295e+01
1.229241163056672859e+00 4.227103485777933400e+01
1.223681599134577747e+00 4.214686963766809669e+01
1.197750338372552736e+00 4.124854194017071762e+01
1.169712851451682800e+00 4.035598133264442566e+01
1.121543009199117202e+00 4.034848796554967265e+01
1.093447384689601787e+00 3.945370630250175736e+01
1.066398101575500634e+00 3.851266631205018598e+01
1.039396403065480978e+00 3.756933792197074240e+01
1.012263444989304650e+00 3.662826049687205909e+01
9.825586983942352637e-01 3.573275894204356007e+01
9.035281025425002666e-01 3.571145903841592428e+01
8.502368936474039574e-01 3.564859160523457149e+01
7.688591266569205773e-01 3.563478166119752188e+01
7.360265543288150303e-01 3.553668940425616540e+01
7.087308217411060207e-01 3.463730100469720696e+01
6.817266928360038447e-01 3.369826946700199244e+01
6.547934461927585881e-01 3.279817162163589472e+01
6.289317062908621470e-01 3.268643627614681435e+01
6.071532010342669539e-01 3.251217270798144909e+01
5.870028295006985974e-01 3.241080526767585468e+01
5.699228432303842240e-01 3.230866436370222772e+01
5.564416205665932980e-01 3.219416084317964533e+01
5.451703861490017067e-01 3.207498873629911174e+01
5.356170279618638341e-01 3.194555383068655985e+01
5.095856276807411156e-01 3.104661585981764560e+01
4.836161891420059367e-01 3.014758899745758569e+01
4.753163559278297812e-01 3.001635576113760351e+01
4.502765153538325071e-01 2.915697558839542936e+01
4.421218679092673298e-01 2.902046836503544469e+01
4.332230843320082903e-01 2.887526214592126195e+01
4.081157402504514975e-01 2.801459449485055586e+01
3.992619083108725486e-01 2.786730123722767161e+01
3.738247246264629342e-01 2.699152429047581592e+01
3.585829182791323011e-01 2.655575682371104307e+01
3.493158147924447232e-01 2.637282377551058588e+01
3.413291322466996958e-01 2.622126689191794924e+01
3.338209973564578714e-01 2.606790027419072686e+01
3.230162750077525957e-01 2.575774134825561035e+01
3.154965806114207738e-01 2.559402586571858151e+01
3.071573395138725848e-01 2.538840028977351437e+01
2.998203611824573067e-01 2.521245730143194663e+01
2.917198753481922147e-01 2.499682558931460719e+01
2.843853550099417760e-01 2.479462627940521458e+01
2.779750660885464408e-01 2.460562147487717866e+01
2.720821218979883049e-01 2.442499821501873924e+01
2.644522287998266608e-01 2.417012346201002515e+01
2.567872768919780002e-01 2.389883644319890266e+01
2.515616693716515861e-01 2.368650839481113124e+01
2.482322739573346593e-01 2.351876241597280881e+01
2.441941839808043635e-01 2.329917508793152336e+01
2.291373760728888931e-01 2.271757785625963777e+01
2.275527040872184492e-01 2.253526156167325567e+01
2.097710817794752325e-01 2.186231337378176676e+01
2.090028676889414405e-01 2.166381666147962193e+01
1.833900552856028987e-01 2.075948023358465733e+01
1.566851804860315556e-01 1.982569945796519306e+01
1.338238580831705715e-01 1.903152509417668625e+01
1.346539021923120194e-01 1.886639617354233778e+01
1.103679661798045025e-01 1.799954168072059701e+01
1.075814997225312958e-01 1.775319427114402515e+01
1.082938627825097838e-01 1.758843881343817728e+01
1.091665166317399016e-01 1.742766548240042113e+01
1.098287446859047556e-01 1.727496135036789937e+01
8.431667085492264291e-02 1.637377280909747768e+01
5.811861993764470130e-02 1.545473529050528683e+01
4.490310060333256581e-02 1.494093513447724497e+01
4.396718253539125265e-02 1.478725204853384589e+01
4.194529681112534741e-02 1.462648072382382658e+01
2.574451740629453422e-02 1.402740035874084690e+01
4.379556830771275935e-04 1.313370060940530237e+01
-2.640116054222441458e-02 1.219487000771144913e+01
-5.215028057748564982e-02 1.129294763763372522e+01
-5.540553463763144698e-02 1.114592459974422312e+01
-5.974065964638843734e-02 1.099862606865696080e+01
-8.437562129823260315e-02 1.013840424085412728e+01
-8.870890094600165920e-02 1.000177675669700683e+01
-9.339627145054135715e-02 9.869999596801644515e+00
-9.901750467538249223e-02 9.739529720169112892e+00
-1.248381116436078353e-01 8.840563093066162281e+00
-1.506859873366383218e-01 7.942020124322638708e+00
-1.568588839946276903e-01 7.820121122444660067e+00
-1.629083775179367699e-01 7.703567079436637322e+00
-1.699157459551770000e-01 7.527464904189987926e+00
-1.731713387621174882e-01 7.423637205079359980e+00
-1.684466774286566548e-01 7.329786112924360886e+00
-1.936076241906340423e-01 6.432875655014747451e+00
-2.171157142791017292e-01 5.537255327068983490e+00
-1.789527241115635992e-01 5.469504374545753222e+00
-2.025240049624866534e-01 4.571713025768898930e+00
-2.289001497867330093e-01 3.633052473432510254e+00
-2.474813198220608690e-01 2.738491858755426556e+00
-1.133553638687736786e-01 2.732869952527420487e+00
-1.255520505097944828e-01 1.887199126484300882e+00
-2.915056891903795161e-02 1.888719922270273743e+00
-4.948105379476722826e-02 9.969673264408320801e-01
-7.177314757124401978e-02 1.051640385262700983e-01
-1.505624633067419865e-02 1.056593015853578149e-01
1.495975112936995427e-13 1.478205832060102277e-13
