-4.697381545102118849e+01 1.441709773552953155e+00
-4.696833902093771940e+01 1.452072760522607364e+00
-4.622382473443954609e+01 1.431189263036735770e+00
-4.532556906517740458e+01 1.399560773312657602e+00
-4.442721493205556982e+01 1.368310216259075229e+00
-4.368144549556777889e+01 1.352906106105259187e+00
-4.365007809927791982e+01 1.435239195442213012e+00
-4.362222761564920148e+01 1.529613590777041621e+00
-4.349077331893975185e+01 1.636647026566407037e+00
-4.257172507851477405e+01 1.607085943200080358e+00
-4.161351137130129985e+01 1.570694827898875268e+00
-4.069864958630683560e+01 1.541106648324250150e+00
-4.064677811964069321e+01 1.647626187148105936e+00
-4.058615452882392560e+01 1.728004845369600861e+00
-4.051903762366038109e+01 1.786920031496310068e+00
-4.044172030678049623e+01 1.832859528106995928e+00
-3.957217377057763485e+01 1.803259171076577516e+00
-3.950050812968650149e+01 1.827215391344140238e+00
-3.863125287739358527e+01 1.794937511938170527e+00
-3.855947088738336248e+01 1.789995434808177244e+00
-3.764593490972779932e+01 1.754488646767080162e+00
-3.673279246101331097e+01 1.717085173342499216e+00
-3.666888232045182150e+01 1.674203262588706442e+00
-3.577719570668512006e+01 1.636100336529416444e+00
-3.527138988703912048e+01 1.587301688736338479e+00
-3.523356880111860789e+01 1.499289500253132124e+00
-3.431933528716191972e+01 1.459414176711739453e+00
-3.335897648051246733e+01 1.422064528148985207e+00
-3.239853550604109955e+01 1.384575338181057491e+00
-3.148265837949704959e+01 1.341908736047229489e+00
-3.141371883521556896e+01 1.200994059871331787e+00
-3.139048978221644859e+01 1.083983426291306174e+00
-3.136379330847183411e+01 9.699933142055475743e-01
-3.062308130465430978e+01 9.153027438855602105e-01
-2.988146162598581057e+01 8.590426667569883712e-01
-2.984262306453713975e+01 7.484744306967768823e-01
-2.981629613781732857e+01 6.386397782422902347e-01
-2.978110305090155308e+01 5.313297451364549229e-01
-2.903291622501109970e+01 4.774266204129994362e-01
-2.817571637583387911e+01 4.331699882818376146e-01
-2.813518023638349419e+01 3.456605620333061957e-01
-2.809162048593998762e+01 2.659693507856790151e-01
-2.803657282393186634e+01 2.010115133997608938e-01
-2.795386211996452630e+01 1.502609486149723006e-01
-2.708346663144506650e+01 1.123052646847037539e-01
-2.700106156420399728e+01 7.417334390997523674e-02
-2.608459586941177122e+01 3.693338338539196158e-02
-2.512640291989962549e+01 -2.161071980402738733e-04
-2.420935197832639574e+01 -3.653702739536719701e-02
-2.411585769748000274e+01 -5.720296668675890761e-02
-2.401253973777022210e+01 -6.200109639871022316e-02
-2.313986608630386854e+01 -9.464149176150063458e-02
-2.303477584115827526e+01 -7.771819745881294872e-02
-2.211711277384031504e+01 -1.120421495915269322e-01
-2.115885067333267955e+01 -1.488332932703519407e-01
-2.024168294269439627e+01 -1.812604756808224860e-01
-2.014603837490489013e+01 -1.282911703938410530e-01
-1.922874666400101162e+01 -1.607262134245437402e-01
-1.826809583435927564e+01 -1.976679959295490341e-01
-1.730516319795607671e+01 -2.348467106576352659e-01
-1.634222804888695890e+01 -2.720211606283923222e-01
-1.538152695682136439e+01 -3.088776342377742012e-01
-1.446328260798503074e+01 -3.396957973830405653e-01
-1.434961780901664419e+01 -2.560845990950413875e-01
-1.343146228329568892e+01 -2.868885585457552900e-01
-1.247242043659501931e+01 -3.234762228135193984e-01
-1.154092743202629912e+01 -3.555566329890529342e-01
-1.117383663845280317e+01 -2.962009950895954646e-01
-1.109411878883740776e+01 -2.112180218313710056e-01
-1.102212997347959345e+01 -1.177185620466880411e-01
-1.095191987492614238e+01 -1.440792042941521287e-02
-1.086369235204882244e+01 7.902587765217199134e-02
-1.079766670792014338e+01 1.849108483085531440e-01
-1.073257453733969591e+01 2.934581147519133015e-01
-1.067154594944569190e+01 3.970575695580299547e-01
-1.061275292623489719e+01 4.917376069454029164e-01
-9.699917106412701884e+00 4.618275320613128287e-01
-8.787092080193982468e+00 4.311576049978620429e-01
-8.728514965250415258e+00 5.106381446719847617e-01
-7.860374877248336389e+00 4.847693467632421815e-01
-7.796696383750098214e+00 5.460962001010976063e-01
-7.734046953896097421e+00 5.913565796257794771e-01
-6.865725289179562374e+00 5.620982461820899223e-01
-6.802668625879350728e+00 5.932331386467539769e-01
-6.740615466886420215e+00 6.055009262723692887e-01
-6.681095157951614461e+00 5.925082079477761443e-01
-6.633621434703450781e+00 5.574119805442333542e-01
-5.718871639471736046e+00 5.203297894647680444e-01
-4.758354986432924427e+00 4.831427284883926809e-01
-3.795430015298202342e+00 4.459500724931530491e-01
-2.832506135744513820e+00 4.087559656806044606e-01
-1.872011316058267649e+00 3.715398836456398346e-01
-9.576753201983577712e-01 3.339076495607433137e-01
-9.180753602311496619e-01 2.883890935346923312e-01
-8.834410081795573966e-01 2.401482395461897179e-01
-8.634704916012236886e-01 1.772159680828004902e-01
-8.580275424552747943e-01 1.121622758964800626e-01
-7.399753010572367451e-01 6.685433886696491579e-02
-2.223866018370037820e-02 3.293031156737746129e-02
-2.508487496912433510e-04 4.660578950626518576e-05
