3.544125336325870990e+01 2.592402709844219899e+01
3.535929672446828675e+01 2.587179146759518389e+01
3.475860898383244546e+01 2.542188254621606802e+01
3.385543299264552530e+01 2.473638262303484936e+01
3.302535190498106488e+01 2.410829943745510207e+01
3.296360498430940567e+01 2.408831710873250032e+01
3.209218512014533076e+01 2.342823700403836895e+01
3.121614519783388531e+01 2.276484438346715677e+01
3.107805645533326455e+01 2.269012605601271204e+01
3.019839740197276967e+01 2.202387217877465275e+01
2.927079416228508890e+01 2.131937393734816055e+01
2.834047588206603407e+01 2.061270589330550251e+01
2.741595351012971804e+01 1.991059820656052182e+01
2.658412183507238780e+01 1.928145529036791572e+01
2.654246073005468887e+01 1.926479243255867857e+01
2.640260145759637211e+01 1.919904268557818128e+01
2.630062582000596194e+01 1.916358886688985308e+01
2.542351903071918073e+01 1.850005103274060403e+01
2.449942402310070477e+01 1.779845212427111178e+01
2.362101525901795540e+01 1.713407727002156733e+01
2.349882777004713219e+01 1.708562955473233558e+01
2.267231403713533311e+01 1.646395261550377853e+01
2.255383728001454102e+01 1.642519596423904460e+01
2.167544517728571662e+01 1.576126698837589046e+01
2.074789808860300511e+01 1.505689883010465024e+01
1.981718454571048227e+01 1.434992529501385405e+01
1.888646996663958788e+01 1.364294508329791533e+01
1.795890575614974338e+01 1.293846660050016517e+01
1.708024889073565689e+01 1.227283162376597403e+01
1.695767908058260076e+01 1.220770134651440308e+01
1.678784288051734208e+01 1.211021273583376434e+01
1.638946012420432652e+01 1.182827175414141685e+01
1.642545979649851162e+01 1.175079970776602778e+01
1.630236023390329692e+01 1.170735117885580223e+01
1.635615387928496389e+01 1.162853567214916062e+01
1.638706259712442659e+01 1.155961055242431534e+01
1.635617681371262577e+01 1.152228280661369908e+01
1.622143422657837419e+01 1.147848670611094590e+01
1.608580088951939047e+01 1.143209216750926949e+01
1.593502196608150179e+01 1.137319537823762694e+01
1.533962214706441252e+01 1.094288713991667983e+01
1.540176969364414461e+01 1.087504925967253300e+01
1.525686698370518535e+01 1.081796204889491086e+01
1.527123880420717228e+01 1.075273424093125207e+01
1.525787573791853902e+01 1.070495452841678663e+01
1.523274212237494751e+01 1.065863792342691063e+01
1.521001696113171064e+01 1.061275578522027629e+01
1.518394710753998744e+01 1.056482217442434468e+01
1.516383259677072637e+01 1.051572531457643933e+01
1.514565988300745225e+01 1.046356030505755008e+01
1.513145462395669583e+01 1.040853780875317725e+01
1.512397057432383640e+01 1.034912673759301605e+01
1.513137131076302211e+01 1.028324723851843814e+01
1.518610147053320425e+01 1.020040373333670125e+01
1.520074501115167109e+01 1.007884177606544363e+01
1.516878707530723069e+01 1.003777942907796117e+01
1.440559995340306187e+01 9.442104110306498654e+00
1.442829895930049844e+01 9.346758144000554935e+00
1.430050191700344442e+01 9.168318293464851720e+00
1.421905473519275453e+01 9.132156410749109554e+00
1.410344264237228451e+01 9.118231802490980087e+00
1.409333842983537544e+01 8.998544266740637454e+00
1.327175956202713714e+01 8.375055366318640893e+00
1.311780835370188569e+01 8.379409656233713477e+00
1.297151612067856341e+01 8.393414956447307063e+00
1.283510112889239885e+01 8.425335535814198806e+00
1.195890019606398980e+01 7.769131855026708777e+00
1.108330705419883877e+01 7.114013913857557547e+00
1.095693519778880898e+01 7.163875250208655565e+00
1.084507365170199655e+01 7.233607045064357699e+00
1.075990685561769844e+01 7.321696833573528629e+00
1.066443835329371659e+01 7.421299628806064419e+00
1.007194624728405152e+01 7.016610568582017926e+00
9.575333378052366839e+00 6.705376938999015657e+00
9.478200534401906907e+00 6.752057352454615469e+00
9.378059532100609275e+00 6.777905195400521166e+00
9.279043533451330816e+00 6.813426610376614789e+00
9.179334163894685261e+00 6.850587161206667552e+00
9.077670476144454881e+00 6.868361981892403101e+00
8.241015347722068896e+00 6.245226700140408482e+00
7.316167711154034414e+00 5.543497092521225689e+00
6.385623477012021709e+00 4.836690711203242898e+00
5.454837793702461468e+00 4.129666841728711013e+00
4.526000452082709735e+00 3.424343460704998066e+00
3.627650608011215194e+00 2.745635943555624348e+00
3.200640208819972354e+00 2.478412499292049986e+00
3.039917788825860168e+00 2.428085299049413504e+00
2.935936051138105629e+00 2.413934163693778778e+00
2.847394096177659151e+00 2.397834618978984089e+00
2.766191960855482801e+00 2.362227407525202771e+00
2.697015373487099410e+00 2.314329188374504742e+00
2.617293952747404617e+00 2.237349011806519350e+00
2.568337827331924395e+00 2.174601724967712979e+00
2.523055702747735385e+00 2.094396484570164141e+00
1.653186572531887721e+00 1.430417137109200931e+00
7.847554410698097671e-01 7.667155978523071402e-01
7.632348019795920369e-01 6.911008590762930393e-01
7.816174331686671639e-01 6.377932802893105935e-01
-2.650225150071925176e-02 1.719237911453709577e-02
4.386315540418000662e-13 1.478611426434846668e-12
