-4.830169830169835876e+01 1.748251748252145077e-01
-4.738420572475866521e+01 1.799206078112927931e-01
-4.633115986931843366e+01 1.868446658627696266e-01
-4.544538619600494656e+01 1.945431240473318169e-01
-4.489925939454537485e+01 2.005032012069107306e-01
-4.479287646462906736e+01 1.995682811646631027e-01
-4.465112568882209132e+01 2.013925701235541321e-01
-4.453922699711355193e+01 2.034417814612795306e-01
-4.429222811191289111e+01 2.070785703570535430e-01
-4.402159334373488520e+01 2.100677283983904964e-01
-4.383319467554229476e+01 2.125841354509066805e-01
-4.371451831384792541e+01 2.151333977123682240e-01
-4.360246223468672611e+01 2.170260346476832192e-01
-4.346659209727440043e+01 2.190003744275646202e-01
-4.332484596224565365e+01 2.203302696507193070e-01
-4.318599766738998369e+01 2.211140849970416322e-01
-4.303159842328291518e+01 2.217203947976397194e-01
-4.282288306595688709e+01 2.221959330124383403e-01
-4.253973391590540132e+01 2.230466680866902141e-01
-4.203257345526137101e+01 2.245778953120850241e-01
-4.137132465742489984e+01 2.270291007486858470e-01
-4.085775858532319660e+01 2.289348054307891733e-01
-4.019747667049610129e+01 2.313918297014518899e-01
-3.979261375740644979e+01 2.323622689777289085e-01
-3.954268490892939525e+01 2.323174723248238593e-01
-3.917470405771645403e+01 2.328422524377493086e-01
-3.851154267601712178e+01 2.349646090694446632e-01
-3.784018223769024303e+01 2.369051606859190751e-01
-3.706228640456404122e+01 2.395250274809785918e-01
-3.628148347170135679e+01 2.421261679149963875e-01
-3.550062288610060079e+01 2.446907299630872445e-01
-3.471988930826051245e+01 2.472197267942458365e-01
-3.394202909411725955e+01 2.497004401459149425e-01
-3.326526532584750129e+01 2.514982885047658545e-01
-3.235491884788935124e+01 2.548855817711536131e-01
-3.143800464187674137e+01 2.576311516345582975e-01
-3.052881485737836798e+01 2.607064701523157391e-01
-2.986204195213940693e+01 2.629748786885347522e-01
-2.957588592229663149e+01 2.623761770316828668e-01
-2.929402377767015864e+01 2.618314077138764184e-01
-2.901322344401424758e+01 2.613260841221243802e-01
-2.878229320989102291e+01 2.604571131494280989e-01
-2.858311742682933243e+01 2.594748878787961899e-01
-2.842420803769753590e+01 2.583220551914239271e-01
-2.824958720951326541e+01 2.571770705786696753e-01
-2.807557586464599808e+01 2.559884825985651591e-01
-2.787880951804518403e+01 2.546310390560792558e-01
-2.754595946862965405e+01 2.539746686445708557e-01
-2.665862351292366839e+01 2.564765370786005194e-01
-2.599449375108818572e+01 2.578221603396991246e-01
-2.558652332657181105e+01 2.573174706993999195e-01
-2.492040018237738863e+01 2.580086805828041285e-01
-2.401521808691824234e+01 2.601766962891277069e-01
-2.320592341677092918e+01 2.617710501293227798e-01
-2.143518771324358241e+01 2.699191130901211211e-01
-2.118762855687031532e+01 2.696332659431753265e-01
-2.107285356568056400e+01 2.681444456358573203e-01
-2.098160527446848533e+01 2.659150904850888231e-01
-2.089731385474605219e+01 2.631729232296276533e-01
-2.081799521045566692e+01 2.583607354813516332e-01
-2.074386071241139362e+01 2.503315387071124998e-01
-2.067631548866503621e+01 2.364178544139566296e-01
-2.058852641124114058e+01 2.155178489520988283e-01
-2.011493649165301534e+01 1.971212498545580338e-01
-1.961661034114172608e+01 1.801701414611035501e-01
-1.781978518229681896e+01 1.863947922919114430e-01
-1.687992610963689089e+01 1.765412319606450287e-01
-1.543780797881086642e+01 1.792641865239505694e-01
-1.455366367652409032e+01 1.706536710572754134e-01
-1.450105555307813354e+01 1.449591252359892224e-01
-1.441003020955787584e+01 1.200019692987539244e-01
-1.437570623461678743e+01 7.000978975140909055e-02
-1.415100504594895625e+01 4.001104597098222720e-02
-1.397637881479368005e+01 1.297637757492588976e-03
-1.388933271716014417e+01 -4.374733264153721907e-02
-1.387494953676662313e+01 -1.176292906395875748e-01
-1.385176079838624297e+01 -1.883200482388405761e-01
-1.382585157765385908e+01 -2.511382725005982253e-01
-1.377918084833634360e+01 -3.152756849239253256e-01
-1.370432598087606380e+01 -3.680103195919370296e-01
-1.361236471903448120e+01 -4.061052287915096204e-01
-1.351430127610121623e+01 -4.291344226087419611e-01
-1.180214953901762343e+01 -4.234438360768804088e-01
-1.169964018824812158e+01 -4.350253568628777989e-01
-1.159864353417393978e+01 -4.376257747232220607e-01
-1.150113679599905048e+01 -4.284678984925889278e-01
-1.140967003544743541e+01 -4.050674213861819584e-01
-1.132230499905674392e+01 -3.649183486145409216e-01
-1.124154202860511020e+01 -3.121978444177407330e-01
-1.116911406804206131e+01 -2.501020737631355351e-01
-1.111048331208312945e+01 -1.797849830450060915e-01
-1.108849813106471061e+01 -1.119537496863422521e-01
-9.650988116876417777e+00 -8.940619457941489934e-02
-7.719761773933636384e+00 -7.916196499290530098e-02
-5.754638069582459714e+00 -6.976280586366173653e-02
-3.787776572340843195e+00 -6.041212748249597669e-02
-1.829412328228962048e+00 -5.092498797109140662e-02
3.015692469621471857e-03 -3.939481041829823865e-02
3.218905285858714507e-03 1.860570046106780912e-03
-9.900693500368768056e-14 7.791705765224747937e-14
