3.578947542573166629e+01 4.483968760235353557e+01
3.571245278140035850e+01 4.483185264844202322e+01
3.568198647052779648e+01 4.484062879168389060e+01
3.512114344585530290e+01 4.411900829610416963e+01
3.445726950849143577e+01 4.323728824692256012e+01
3.375973881127127640e+01 4.230113653172435306e+01
3.309404600105360572e+01 4.141915200604908875e+01
3.294592956538966178e+01 4.141491275012130302e+01
3.281259026643216714e+01 4.139371954006412579e+01
3.261580955242106228e+01 4.127865393721080522e+01
3.197999791392820867e+01 4.044479638667012011e+01
3.138225854989989472e+01 3.967622980470083860e+01
3.072180815363890360e+01 3.880280731259349380e+01
3.013373727637668154e+01 3.805360143375700943e+01
2.969610574568418926e+01 3.756250216722569490e+01
2.913371125744938794e+01 3.686038504843470065e+01
2.895706102028507800e+01 3.685342604081693452e+01
2.876574387625159446e+01 3.684947005369731698e+01
2.857428097863582650e+01 3.684529204829232185e+01
2.837987603229883149e+01 3.683895410669986603e+01
2.773740489339266446e+01 3.600151277301876007e+01
2.743912024554228424e+01 3.574449350220940858e+01
2.676333791484251634e+01 3.484553546448896100e+01
2.606261987377624578e+01 3.390417505379067364e+01
2.536038945902441100e+01 3.296025900646137785e+01
2.466010744737397786e+01 3.201990096113503625e+01
2.399095254100325292e+01 3.113617836490420743e+01
2.379296532722029056e+01 3.110972765473378487e+01
2.312380991383505346e+01 3.022600419631977076e+01
2.242352019582388323e+01 2.928563304624526253e+01
2.172117315534197246e+01 2.834151867561809013e+01
2.101869016913076393e+01 2.739715695686965802e+01
2.031619819976713970e+01 2.645277889361461021e+01
1.961370563680614865e+01 2.550839975033156293e+01
1.891121303462086090e+01 2.456402053568139010e+01
1.820872042984366956e+01 2.361964131631534869e+01
1.750622782489521256e+01 2.267526209663769166e+01
1.680373521993543307e+01 2.173088287693944309e+01
1.610124261497490750e+01 2.078650365723983384e+01
1.539875001001433397e+01 1.984212443754013577e+01
1.469625740505376044e+01 1.889774521784043770e+01
1.399376480009325796e+01 1.795336599814082845e+01
1.329127219513385683e+01 1.700898677844252305e+01
1.258877959019109838e+01 1.606460755876399560e+01
1.188628698550019003e+01 1.512022833938475408e+01
1.118379438462065600e+01 1.417584912453469137e+01
1.048130184142019949e+01 1.323146997822659721e+01
9.778810171100865034e+00 1.228709186919220997e+01
9.076331710449530021e+00 1.134272945764619855e+01
8.374053157121137403e+00 1.039860460262905306e+01
7.674799883289695757e+00 9.458074787981514575e+00
7.021329404706117217e+00 8.571950193517862360e+00
7.060708741426672930e+00 8.509162106838639161e+00
7.034872229073451777e+00 8.443191472722768154e+00
7.035754323039739688e+00 8.381324949183690975e+00
7.088692553908310323e+00 8.313326848883392017e+00
7.138204475762490731e+00 8.244928712430779072e+00
7.175423447945254551e+00 8.177876680896293493e+00
7.205000841153873736e+00 8.110062748684448763e+00
7.230173887547937994e+00 8.041475249634851608e+00
7.250054439258718730e+00 7.973069024517744019e+00
7.271323713478345496e+00 7.907190222678157632e+00
7.292799361014490778e+00 7.843091058343005351e+00
7.315289895182653268e+00 7.776508704252128368e+00
7.352722147704185751e+00 7.719082531022600335e+00
7.281098213393237373e+00 7.681438106757053852e+00
7.119766945007257597e+00 7.650053300972341042e+00
7.216858561727184096e+00 7.560100038200708639e+00
7.332093411424740914e+00 7.472945115014124617e+00
7.161560543882759866e+00 7.443174544076319954e+00
6.986726080127380278e+00 7.419893881689322512e+00
7.079702237730819192e+00 7.292813241554526371e+00
6.486047765883377281e+00 6.504091670806197101e+00
6.303859021137419916e+00 6.486613099759787282e+00
6.122434529166007167e+00 6.468747353732767991e+00
5.454524146136272122e+00 5.585857925312178729e+00
4.756595531602544114e+00 4.649578640794250539e+00
4.088891027243438892e+00 3.766824505826061209e+00
3.910595785870341068e+00 3.751015151147060411e+00
3.743699208844935455e+00 3.739158601611476840e+00
3.112535264611621777e+00 2.916988686416177146e+00
2.958605829047318281e+00 2.897605781466761510e+00
2.817511024273568143e+00 2.885240693419039104e+00
2.682630440503806835e+00 2.873383618179034649e+00
2.550447236896840497e+00 2.862128650904874672e+00
1.887166032924063375e+00 1.981832082649002125e+00
1.210357286390209897e+00 1.078352169042931630e+00
8.590348052646326060e-01 6.915388527511315830e-01
7.517517777454081340e-01 6.799113474467844975e-01
6.738196666289945069e-01 6.686601206936541031e-01
5.997934443118866366e-01 6.415222752813570795e-01
3.966738657763237974e-01 4.011636327122197754e-01
2.823033386984519222e-01 2.726461928200082929e-01
2.177338229597273189e-01 2.208877423852758093e-01
1.627186565755165681e-01 1.812947532618021662e-01
1.038636410835521717e-01 1.306285919655927330e-01
5.393905324574996968e-02 8.560502751562364121e-02
1.678332448154792531e-02 5.021270752426282291e-02
-3.282486773251094489e-03 1.481788271905226488e-02
-8.601040838804240220e-14 9.971014654782046483e-14
