-4.639619980218876805e+01 -1.530087440286034939e+00
-4.635607742360072336e+01 -1.408307534075689205e+00
-4.553877259989769044e+01 -1.381381128309092210e+00
-4.550032763481046061e+01 -1.376871957191976303e+00
-4.468318068397091025e+01 -1.356659997343044433e+00
-4.464560861809167136e+01 -1.343346716664764795e+00
-4.462375076979786570e+01 -1.309368238263890483e+00
-4.427804478791822618e+01 -1.259983201995225066e+00
-4.372230749709102327e+01 -1.218062346986361622e+00
-4.343032765003847828e+01 -1.159014050736614676e+00
-4.257074931559304076e+01 -1.133004114437450971e+00
-4.210126629550340027e+01 -1.080568181250413318e+00
-4.125850109207776484e+01 -1.052905432252645435e+00
-4.040901038255507416e+01 -1.025657574408585182e+00
-3.981714270789092325e+01 -9.819587179210542693e-01
-3.909672450943295985e+01 -9.458069355144214096e-01
-3.837055564217212833e+01 -9.096467505984057178e-01
-3.765749625466249739e+01 -8.721302054620574395e-01
-3.721534674418953159e+01 -8.132135310963799490e-01
-3.718042708267075369e+01 -7.045022514041558992e-01
-3.714523648259359589e+01 -5.974295793986170722e-01
-3.627343083839578242e+01 -5.703223158059853581e-01
-3.534963593937749238e+01 -5.481842934790905897e-01
-3.442261030962727375e+01 -5.263550712305467005e-01
-3.349538400498542501e+01 -5.045450316119841627e-01
-3.256814668505624866e+01 -4.827360723084250793e-01
-3.164093209666165407e+01 -4.609253820192197315e-01
-3.071409573372758928e+01 -4.390856486947622983e-01
-2.979334657593818037e+01 -4.167784788224548898e-01
-2.897055323380845948e+01 -3.869492799209824918e-01
-2.893016936856443166e+01 -3.101816791303918519e-01
-2.811263107752795776e+01 -2.829663769681929897e-01
-2.807067611615618929e+01 -2.287780044611959773e-01
-2.725234387792927393e+01 -2.037406273295732650e-01
-2.719913441626719930e+01 -1.621557029524332283e-01
-2.713700075477616380e+01 -1.303134594295128623e-01
-2.706347217586838028e+01 -1.090329859383319944e-01
-2.697875418401495295e+01 -9.467481435611291296e-02
-2.610407012477885047e+01 -7.333178840732090809e-02
-2.518330407165534979e+01 -5.159601860601845807e-02
-2.430808549410075514e+01 -3.050063321286840962e-02
-2.421473277660620838e+01 -2.014290123695891555e-02
-2.411489934366763777e+01 -1.118896508602944609e-02
-2.401413482801786614e+01 -2.168878597861047079e-03
-2.313826654418578954e+01 1.884496473542682585e-02
-2.221441679198810348e+01 4.060113190329819183e-02
-2.129056769066710331e+01 6.235520354832414791e-02
-2.041471057211559526e+01 8.333309982531970916e-02
-2.031412577196543623e+01 9.177458524304714371e-02
-2.021100058269622224e+01 1.017990711996074743e-01
-2.010641079772241824e+01 1.123946276173626579e-01
-2.000115350087312294e+01 1.225523459236132484e-01
-1.912501652293036969e+01 1.436367930448183006e-01
-1.820131900839885830e+01 1.653958775584111196e-01
-1.728019788149568470e+01 1.871264730105927920e-01
-1.644825681951412832e+01 2.077222125516064166e-01
-1.630090691554483584e+01 2.178548505100689758e-01
-1.616593764773947228e+01 2.276122852925113182e-01
-1.533900671979371921e+01 2.478341626852448298e-01
-1.523990645257106813e+01 2.560593909963128634e-01
-1.514574142432220150e+01 2.613816793271220851e-01
-1.486970458756166202e+01 2.680450928036568481e-01
-1.398597684586180634e+01 2.888461610192700202e-01
-1.311043601583319962e+01 3.095217857573020481e-01
-1.297483924959028201e+01 3.140333144277678290e-01
-1.288539694605089636e+01 3.185721689632885489e-01
-1.206121524964317970e+01 3.382869867132765607e-01
-1.196099970458178952e+01 3.435396432133343003e-01
-1.187179563154961848e+01 3.491687545051040398e-01
-1.178225058779120538e+01 3.548797746637232242e-01
-1.169291088210783514e+01 3.595983919735696310e-01
-1.086946847870681232e+01 3.791997039395341718e-01
-1.078109303630419902e+01 3.824390005654051405e-01
-1.069913033682378511e+01 3.833199649227514438e-01
-1.062710470737096813e+01 3.766321482112582886e-01
-1.056202826372777004e+01 3.611399882146271723e-01
-1.050068660873372473e+01 3.383295445966246762e-01
-1.044743421064576516e+01 3.084735611390314602e-01
-1.039996631507217195e+01 2.661243942801876927e-01
-1.035103874292065917e+01 2.128856587420341340e-01
-1.031026072339084720e+01 1.479127245030235072e-01
-1.028025111201155717e+01 6.939890857348247899e-02
-1.025621127018914081e+01 -1.425195169136614891e-02
-9.385098560878269325e+00 1.003296352732188168e-03
-8.461346722300337575e+00 2.240480597569493096e-02
-7.534323762633476029e+00 4.418825895836587386e-02
-6.607097527874805643e+00 6.599544679685911963e-02
-5.679858663984330924e+00 8.780410931950363707e-02
-4.752619061432633352e+00 1.096128593562254588e-01
-3.825380155517944303e+00 1.314215484304009085e-01
-2.898153241890732534e+00 1.532291651882883854e-01
-1.971119357657010074e+00 1.750195204773138391e-01
-1.047191720108443524e+00 1.965321025454307424e-01
-1.732500404042051911e-01 2.135747368168279814e-01
-1.036861920593345060e-01 1.586866315353418488e-01
-8.229811407975205773e-02 1.012179909565898844e-01
-6.461513573837505964e-02 5.483169977536031525e-02
-6.005673677125403925e-02 1.316508352217338890e-02
-7.109075051709853876e-02 8.895032005668684905e-03
-2.092797943497196109e-12 -1.701138147796094491e-12
