-4.829734219269105466e+01 -1.889534883720939140e+00
-4.827038082413525188e+01 -1.887436501707044023e+00
-4.821544132135478833e+01 -1.884315055547021611e+00
-4.778316768663362524e+01 -1.867669856991422517e+00
-4.719773834782157707e+01 -1.846153503218030068e+00
-4.706284959378209010e+01 -1.839318967598584820e+00
-4.698692595240978420e+01 -1.834777466301149351e+00
-4.691241442286610663e+01 -1.829669358113968469e+00
-4.683253779286708607e+01 -1.822975151350998191e+00
-4.674208390442930749e+01 -1.814799451090276072e+00
-4.664365329412004968e+01 -1.805243248716741578e+00
-4.654696059113648943e+01 -1.793734333597902131e+00
-4.644931942134897440e+01 -1.780313270410707638e+00
-4.635697035504868069e+01 -1.764976983229852969e+00
-4.626970171711941049e+01 -1.747561797706933095e+00
-4.618293886356686073e+01 -1.727338286490420760e+00
-4.610463711721295255e+01 -1.702714869030721667e+00
-4.601855730409305778e+01 -1.675207347971886751e+00
-4.529971481910098419e+01 -1.635174397888738085e+00
-4.410842713139061999e+01 -1.589411395852928344e+00
-4.293900496893654406e+01 -1.541420396806282067e+00
-4.273838779438229096e+01 -1.503781980526056383e+00
-4.265882734029851520e+01 -1.464122924764809541e+00
-4.260272934673243839e+01 -1.418126653143094273e+00
-4.255609693731843635e+01 -1.364112289696838731e+00
-4.240639081726450144e+01 -1.319054136571164992e+00
-4.089883143579346125e+01 -1.263593903732409762e+00
-3.939675046497608690e+01 -1.207248803667818171e+00
-3.935421123903630303e+01 -1.144881164581506461e+00
-3.931410454232228346e+01 -1.083346877466813574e+00
-3.780796351331458283e+01 -1.027014849719873224e+00
-3.622261011801286656e+01 -9.709639090339547973e-01
-3.463297677793175922e+01 -9.149281559301959410e-01
-3.304311285592037706e+01 -8.588932227444354695e-01
-3.145324889161080861e+01 -8.028583210287364436e-01
-2.986361472410627016e+01 -7.468231835321220702e-01
-2.827824601273707117e+01 -6.907836380764925677e-01
-2.677182151927074472e+01 -6.346625092947887348e-01
-2.672646856318980468e+01 -5.770314652078151196e-01
-2.667277385370679355e+01 -5.279418148039795033e-01
-2.661408328232606735e+01 -4.929605684032370427e-01
-2.648490752934791459e+01 -4.655170381088992726e-01
-2.497839362212751269e+01 -4.111576494332961906e-01
-2.347518803852320346e+01 -3.576314392021058830e-01
-2.341072864017282384e+01 -3.464862756741899918e-01
-2.334699307714311800e+01 -3.557717820922625673e-01
-2.183957533954650287e+01 -3.032662701652931170e-01
-2.025415295940424087e+01 -2.474220827435113235e-01
-1.866451585365171084e+01 -1.913975009164883834e-01
-1.707465101930581497e+01 -1.353631720848723907e-01
-1.548477388620779038e+01 -7.932831691742588121e-02
-1.389489619625112837e+01 -2.329343907942868150e-02
-1.230502046881697709e+01 3.274133322615511293e-02
-1.071518172594841722e+01 8.877412400272474691e-02
-9.126027516080290169e+00 1.447702398121945011e-01
-7.549542401400915814e+00 2.000875882946477335e-01
-6.207532393624752842e+00 2.428425525516186012e-01
-6.148885511490814970e+00 2.156984589203699565e-01
-6.107402022694278010e+00 1.776005847587820985e-01
-6.083831939551550327e+00 1.252180180477908966e-01
-6.061222200104680269e+00 7.498957137611304835e-02
-6.025597505865058601e+00 3.204036704763615906e-02
-5.975513923830022556e+00 5.826204755605176710e-04
-5.910307003695931094e+00 -2.248795949330383362e-02
-5.833795501834604380e+00 -4.078070148701844200e-02
-5.690516843714336304e+00 -5.407787488125075093e-02
-5.436557943125873038e+00 -6.182105836436876944e-02
-5.343001905375484917e+00 -7.606547920530359885e-02
-5.263766154815357368e+00 -8.849163323377598478e-02
-5.188772391632900494e+00 -9.768664503124475929e-02
-5.115631924420835475e+00 -1.036506684927399197e-01
-5.029150835032625722e+00 -1.071641165258790107e-01
-4.748440535843563737e+00 -1.033580283674656181e-01
-4.228162848679160035e+00 -8.929710383621514147e-02
-3.617641214756469381e+00 -7.189928226119424171e-02
-3.005296440320322393e+00 -5.434039315660625646e-02
-2.398940744716442808e+00 -3.690395482544710226e-02
-2.087150837945972892e+00 -3.028590517820370365e-02
-1.948576914038588903e+00 -3.034457238679289307e-02
-1.827642593535774518e+00 -3.056043358158501075e-02
-1.716545305023880363e+00 -3.014555696390920636e-02
-1.602688017023855549e+00 -2.941846567372428944e-02
-1.482559476153767042e+00 -2.760055793752586029e-02
-1.369466672599533252e+00 -2.570665731632695850e-02
-1.263221399207044238e+00 -2.349270268544287332e-02
-1.166396991197021338e+00 -2.142242799728880098e-02
-1.065948316159116782e+00 -1.916338580206820852e-02
-9.736246569919921878e-01 -1.650609757528101115e-02
-8.870476082669480622e-01 -1.369025787854207497e-02
-8.068481309073132213e-01 -1.112593112985274697e-02
-7.406199316303720970e-01 -9.264639779067685224e-03
-6.804080771080713852e-01 -7.862097241135467679e-03
-6.242068600644192777e-01 -6.756574696834782151e-03
-5.715568324673003797e-01 -5.625885643383041028e-03
-5.232950151764759195e-01 -4.921204934031638695e-03
-4.814788421821653008e-01 -4.870200626736750915e-03
-4.399783217303311345e-01 -5.649583681418278262e-03
-3.592505174896130637e-01 -5.715481795745359916e-03
-6.252633567917226763e-03 5.131619468775121609e-03
-3.003670345582760198e-14 -1.209237491802327117e-14
