-4.013421009196451905e+01 4.240521334449988444e+01
-4.007832027430580979e+01 4.239995097580897720e+01
-3.932666609174830086e+01 4.153039371261607471e+01
-3.856622825429155910e+01 4.065385258528316825e+01
-3.780966231121713150e+01 3.978538531474649886e+01
-3.767891638192839565e+01 3.979676389620063048e+01
-3.753094635552084668e+01 3.979016155270421962e+01
-3.737806617688288213e+01 3.978097638268085490e+01
-3.726065113124484895e+01 3.978099529905829712e+01
-3.713552957940516563e+01 3.977400965238300046e+01
-3.696520992843090170e+01 3.973147917136639506e+01
-3.633137345200833579e+01 3.903560219946221110e+01
-3.577348560706429481e+01 3.844271342322313245e+01
-3.522715074708450089e+01 3.787981627775977955e+01
-3.504718970859779859e+01 3.787856163922806019e+01
-3.487759770856892061e+01 3.786451383288954986e+01
-3.415645777180318987e+01 3.705141449155873801e+01
-3.397489471744955836e+01 3.704432915594800590e+01
-3.378633504698698431e+01 3.704206224287177918e+01
-3.360404580504811634e+01 3.703678339137427855e+01
-3.324398944653765398e+01 3.675201255944198664e+01
-3.247232856574871818e+01 3.586454830394212934e+01
-3.171107438269809720e+01 3.499454311593122213e+01
-3.152006926104980522e+01 3.499338560319392144e+01
-3.133369234452965912e+01 3.498855612361714407e+01
-3.115480029875293866e+01 3.498249288005700208e+01
-3.098338210072502719e+01 3.497556670076464513e+01
-3.080907521031294749e+01 3.496682863729735402e+01
-3.010484504186752375e+01 3.414896220528595450e+01
-3.018577750317405872e+01 3.406389516278604646e+01
-3.003335433433397128e+01 3.405471707426158900e+01
-2.989083362093600016e+01 3.404106085891505273e+01
-2.985517668805078273e+01 3.399332095673060650e+01
-2.989902548175980357e+01 3.390629032627707318e+01
-2.996097904330377659e+01 3.381608963049216499e+01
-3.004212374339023128e+01 3.372114946404118285e+01
-3.010957167814642688e+01 3.363646921887088581e+01
-3.016831322792516445e+01 3.356215084854900255e+01
-3.023350748648756436e+01 3.349117345492588527e+01
-3.031106117610077888e+01 3.341302417763694876e+01
-3.041170161389406346e+01 3.332198860929404560e+01
-3.052037946020551828e+01 3.322400204108175359e+01
-3.063855084199654044e+01 3.310289493644589243e+01
-2.989575073563329966e+01 3.222218207788679223e+01
-2.909622642283154192e+01 3.129142296911999921e+01
-2.829296499045337754e+01 3.035736669887434402e+01
-2.748945734831559307e+01 2.942309320428742581e+01
-2.668593348534769305e+01 2.848880539849892912e+01
-2.588240855372437821e+01 2.755451664986800608e+01
-2.507888355171838413e+01 2.662022783914720847e+01
-2.427535854533280713e+01 2.568593902462797729e+01
-2.347183354248284459e+01 2.475165021418682798e+01
-2.266830859783097551e+01 2.381736146960897216e+01
-2.186478453676500067e+01 2.288307372490334757e+01
-2.106127388722477889e+01 2.194880115675945120e+01
-2.025796680560080532e+01 2.101475894725511040e+01
-1.945774959652149505e+01 2.008421325541062075e+01
-1.870443227157264943e+01 1.920673974211528190e+01
-1.866298827541670491e+01 1.913482613894225892e+01
-1.790986843949909968e+01 1.825761207734271352e+01
-1.711263973696514284e+01 1.733099586666560299e+01
-1.635469320656995862e+01 1.645659686034903402e+01
-1.623969069887858296e+01 1.642762284994942590e+01
-1.611340313879044928e+01 1.640742502736479480e+01
-1.596561075618823011e+01 1.639990528941329728e+01
-1.520530037747057150e+01 1.552669347699339930e+01
-1.440480391854906728e+01 1.459669558824031199e+01
-1.360423263994321275e+01 1.366674234279695455e+01
-1.284270684329210432e+01 1.279425572644395714e+01
-1.267648275555045245e+01 1.279777203607974378e+01
-1.191495793009986137e+01 1.192528731361545802e+01
-1.111437955932926513e+01 1.099533747993687527e+01
-1.031377399130287387e+01 1.006538967486647351e+01
-9.551807351010483060e+00 9.192937896295838129e+00
-9.378897093542910568e+00 9.196979813707049090e+00
-8.619641364051618737e+00 8.328573166983948894e+00
-7.860341051858501515e+00 7.460266689151956676e+00
-7.686706571537367694e+00 7.465935798668275503e+00
-7.523916258470670471e+00 7.478680344415227665e+00
-6.762606466807611127e+00 6.606786927844353841e+00
-5.961872413968945850e+00 5.676623012759874243e+00
-5.158678473818812726e+00 4.742820273935413056e+00
-4.357409132563352827e+00 3.811816102865184686e+00
-3.587939148339236883e+00 2.927113422538374810e+00
-3.301308295829929129e+00 2.745453288466503494e+00
-3.154853775749127731e+00 2.755064481796313025e+00
-3.017693287600540231e+00 2.764939894553201771e+00
-2.893313631669196084e+00 2.773699624607675052e+00
-2.778776023388654259e+00 2.778923286371352219e+00
-2.678839062548385996e+00 2.781209584800028001e+00
-1.968856112274351977e+00 1.969643833941022049e+00
-1.887720017674693107e+00 1.969602400289041544e+00
-1.830547308742152435e+00 1.969075209445277475e+00
-1.745408536383750375e+00 1.908752767343974810e+00
-1.612034383257808345e+00 1.796325287828508754e+00
-8.559641903404744401e-01 9.201679002725414724e-01
-1.056954332539313812e-01 5.018146455418646262e-02
-6.656257272081470000e-02 3.799786737123993924e-02
-4.060717327522933573e-02 2.898826730995190948e-02
-2.836115608426622615e-04 3.412814088359963894e-04
