7.116534686622350137e+02 8.737729355652226104e+02 9.285273908477627174e+02 3.682128475225541706e+02 3.608268877050035144e+02 7.342635315593331597e+02
6.679611995565837788e+02 8.772134886689101450e+02 8.265184334804889659e+02 9.357146754775014585e+01 8.438086807703234626e+01 7.273241604271164533e+02
8.305972467709317471e+02 1.268988328943206170e+03 1.199857215337353409e+03 3.198600210893521876e+02 3.112838547382422689e+02 8.584114792970219696e+02
6.986963422409844497e+02 7.989890456511365073e+02 7.944112423438747328e+02 9.019709619020056834e+01 9.004074001674642602e+01 7.875409454132792462e+02
9.651077606605086885e+02 1.121709853815207452e+03 1.196763275325471113e+03 1.697964058958259841e+02 1.625539602540961539e+02 1.078792984479170855e+03
9.199534266946013759e+02 1.070005867699870350e+03 1.106057343743002320e+03 3.124224762400940563e+02 3.065011784196078111e+02 1.062893408723496350e+03
6.153438654949919737e+02 7.447747711551198790e+02 8.040650038270806590e+02 2.870951626020213894e+02 2.840657481172091252e+02 6.147711826258397423e+02
5.599933893057932437e+02 6.872422727107823448e+02 7.481651349768490036e+02 4.162466705854704401e+02 4.167638348500628354e+02 5.880791394684780471e+02
7.434205902828343824e+02 8.234800197737312146e+02 9.185493365287618417e+02 1.200200027002043441e+02 9.997852206255603846e+01 8.050289095519657394e+02
6.845515209512813044e+02 8.110974094647691572e+02 8.195853587904838378e+02 2.179519852484948217e+02 2.159978033272254550e+02 7.774168875409225166e+02
4.612631739801677782e+02 7.905991434475937467e+02 8.608570329327483250e+02 4.190315299114304821e+02 4.185567288906414092e+02 4.041910310585544153e+02
6.040383609267124712e+02 7.543006931844385008e+02 8.138967141032281916e+02 4.443747308400039628e+02 4.300052463989258626e+02 6.227152736819931533e+02
1.004681747367326238e+03 1.153673054346156050e+03 1.246168556202798527e+03 5.059678100112624293e+02 5.005746519705303967e+02 1.106824969173960881e+03
8.196290134569852626e+02 8.745786169046443774e+02 9.172516421692218955e+02 2.337759151479756952e+02 2.230118797242573407e+02 8.887671051415680950e+02
6.340476038660891618e+02 7.594685363963807276e+02 8.356882582020077734e+02 5.007242000527399455e+02 5.000625019397142523e+02 6.798708887395613374e+02
5.120614896518237629e+02 6.955673411928484029e+02 7.682069625739312642e+02 4.276347545531917831e+02 4.398687643232560163e+02 5.518444416081015333e+02
8.222560413442178060e+02 1.024828294631644667e+03 1.061690119128572178e+03 3.414959246197155949e+02 3.492422516570019866e+02 8.247537903330028257e+02
5.689198342343958075e+02 7.139061204766165929e+02 7.521544493074433149e+02 3.753306640698505134e+02 3.720275270516450519e+02 6.975327461758841991e+02
7.468475173249909176e+02 9.332005256101421082e+02 9.663160736124001460e+02 3.482481613699788454e+02 3.497508375285552233e+02 8.993290509969175446e+02
5.350193323742986422e+02 6.004516215508193682e+02 6.378500006524967603e+02 3.754058481865183126e+02 3.838295088997523976e+02 5.670269278538075923e+02
9.908399791757436788e+02 1.145527167229868610e+03 1.194638174373990523e+03 4.638482950489701579e+02 4.542364511388663573e+02 1.160300373126513477e+03
5.992268398942345584e+02 9.003826092685239928e+02 9.808820287378656531e+02 3.696491065362092741e+02 3.709959984081187372e+02 6.010063745489524081e+02
4.477300826741326318e+02 5.270582668323489770e+02 5.298791546528431127e+02 3.856795354133251408e+02 3.852183466423716709e+02 4.750958560551861183e+02
7.246758485091502280e+02 9.596258139248300267e+02 1.076277191524574619e+03 3.747452888152965897e+02 3.620371043761581973e+02 8.477689975901564594e+02
9.283012746326685374e+02 1.185805673213601040e+03 1.117233931139523520e+03 4.728089142564457461e+02 4.639366810634706439e+02 1.024366356452233731e+03
