6.731439501869475317e-02 1.552049408260700591e-01 3.307020393959886895e-01 2.838473098343894385e-01 3.767445724032702503e-01 4.549002462421621040e-02
5.167880492184499797e-02 1.577182364215978516e-01 3.271033218291009570e-01 5.394466452140141977e-01 5.517092543304915608e-01 8.820642332629989590e-02
5.330959447486339348e-02 2.095648253087190049e-01 3.118200760700937657e-01 5.722566266716493377e-01 6.450120680993133293e-01 6.553504983765703895e-02
5.208287485607597522e-02 7.236591208543419196e-02 2.934191944002148000e-01 4.483869992503258239e-01 4.825522825683345451e-01 4.065357214821597315e-02
5.396106243151547327e-02 1.160937139872399715e-01 3.331237105669626053e-01 2.701669637031462456e-01 3.398409258401450805e-01 6.425986039218016532e-02
7.456110478234138916e-02 4.513291244243833322e-02 2.044757422603722952e-01 2.850174511624286589e-01 2.710409977656035307e-01 9.391661609478919870e-02
5.491907105923748283e-02 1.689084179662254659e-01 3.281679009102921318e-01 2.140480310300904854e-01 2.532582821366185510e-01 7.691967221547506284e-02
7.366066407990594367e-02 1.498573650909946209e-01 2.771399266528276062e-01 2.392711205892947002e-01 2.470330078144268027e-01 9.267360504558599943e-02
6.302672084864933966e-02 7.727493206546579008e-02 2.778649518906549654e-01 5.501301981778924377e-01 5.906860090725212231e-01 6.564804285978263765e-02
1.095896829255128824e-01 3.964041448364775261e-02 2.251132599132329992e-01 4.225821078875351966e-01 4.485625135296495425e-01 7.826162632556668552e-02
7.666339264766730555e-02 2.640297888108663060e-01 3.133855156778422857e-01 4.957655201148019469e-02 5.123677178242366098e-02 4.853734563077786307e-02
7.537987180413348309e-02 1.759653765695257943e-01 2.898512562957155647e-01 2.075723132951547978e-01 3.412251480768466183e-01 5.775138456001923520e-02
8.155337675472404402e-02 9.080691914921103225e-02 2.626873684319798730e-01 2.022007004212277026e-01 2.204806283021696067e-01 7.677945590160994982e-02
5.131307611878920677e-02 7.639834393889123609e-02 3.037116749003679339e-01 1.985405615319832950e-01 2.428621814903140219e-01 6.071879493447406018e-02
6.193391792515655359e-02 1.288973051101874601e-01 2.795343646229513923e-01 1.368468185498501466e-01 2.275186790567521045e-01 3.802789792768272031e-02
9.810885435799078513e-02 1.794656007761870065e-01 2.191755343647873999e-01 1.519095609475965281e-01 1.668320845399102748e-01 8.185635051610865021e-02
4.878638846070848523e-02 1.224478348078533313e-01 2.393288544676004381e-01 5.067426190707565725e-01 5.103365781344274543e-01 4.209225059325794743e-02
1.137739727789046362e-01 6.561152364315951668e-02 2.667124082743363434e-01 2.807490933088066520e-01 3.974725068941359352e-01 7.156400781581542803e-02
1.036953551586542871e-01 5.150270932145887409e-02 2.410903660668743398e-01 2.536980310286676699e-01 2.556232904852737686e-01 5.321339627011240775e-02
5.193618777821414068e-02 9.370599475609571460e-02 2.965439728184924850e-01 1.675527935697329329e-01 2.276858982406291254e-01 5.257557302783422148e-02
7.546158737128649818e-02 6.142416854306714108e-02 2.616592188259236340e-01 2.763335287818614039e-01 2.912456091691465465e-01 6.601498142202875952e-02
6.373450433999158782e-02 1.801151942063408673e-01 3.020670182502774859e-01 3.425835191361865095e-01 3.717856283882052248e-01 5.352812469591914507e-02
6.400294012642546160e-02 9.442429952412730032e-02 2.942909214222435565e-01 1.428173535699872043e-01 1.604129374177580281e-01 3.526796428057945437e-02
1.006559509677654590e-01 1.099014282083549399e-01 2.409483931413552438e-01 2.950791637183413640e-01 3.681680557344328975e-01 1.373466604000834479e-01
7.366385867326215309e-02 1.324877700747413567e-01 2.385320854131676716e-01 2.721882122693507489e-01 3.482512260861101994e-01 5.153410965590471404e-02
