2.353549359332607196e+02 3.272849598572774994e+02 5.727936834891239641e+02 1.095290777587142111e+04 1.375164799014923301e+04 2.497991217212666584e+02
6.891311374728031751e+02 7.959221867975813893e+02 1.044370124098939186e+03 1.169373874856013572e+03 1.257551353498659864e+03 5.777147430679466424e+02
1.367775341855132410e+03 1.501067764994148774e+03 2.233230128166215309e+03 1.269716968722405727e+04 1.138899570300125561e+04 3.690105589690169381e+03
4.320132389343531827e+02 2.710137806346792786e+02 4.070995515903082946e+02 1.279909706145819882e+03 1.284085707124352211e+03 2.582962110140322807e+02
1.016801764562382459e+03 8.659107275451849546e+02 1.287972736620301703e+03 1.983839061233404436e+03 1.935292422976182706e+03 1.384751758739350635e+03
7.951516317923596944e+02 3.477408134474359827e+02 4.773043792274810357e+02 3.722401436252457188e+03 2.414986461500130190e+03 5.580005587430604237e+02
6.462780616850139950e+02 5.659012613508079994e+02 8.395653786461091386e+02 6.994855823279903234e+03 6.659820887555039917e+03 8.898054814148587184e+02
2.731727422880058498e+02 2.733012710127949845e+02 4.710542125425931204e+02 6.451019260892147940e+03 6.190516006552340514e+03 5.746185420712192808e+02
3.695153302698810194e+02 3.128656598785927372e+02 5.258753729807749551e+02 1.139850436984079124e+03 1.715368910016607060e+03 7.875810911507493302e+02
4.098139754950416886e+02 9.059086946139608187e+01 1.541327810998593293e+02 7.875022822551539321e+03 7.225558681070903731e+03 2.167691209976089226e+02
1.481810994109262538e+03 1.711837176544572912e+03 2.002354514110690388e+03 1.121989737097098896e+03 9.627663002898231071e+02 1.495512392097702559e+03
1.863916623984770524e+02 2.435965619257824812e+02 4.613283506668191762e+02 7.671773103321045710e+03 9.325425513175850938e+03 1.833798246628684865e+02
7.274830706756819154e+02 5.386465320056606743e+02 7.888778850223450263e+02 2.844613679172332013e+03 3.035186011629054519e+03 1.339499444383349555e+03
5.361604620324203552e+02 4.096768559884496312e+02 7.112350625369882664e+02 3.130329935282218230e+03 5.072408068048511268e+03 8.208678475465961810e+02
3.269059240494869982e+02 2.546728873306175558e+02 4.433026499412314365e+02 4.610674874551078574e+03 6.693014586957077881e+03 2.395814058861556646e+02
3.894833846922506382e+02 3.557184700684136942e+02 5.481879781554522424e+02 9.973746168412995985e+02 1.237929858124251496e+03 1.264277148098139605e+03
4.524503607149276831e+02 5.764802798124943592e+02 8.992355957609890993e+02 1.841473561269624042e+04 1.353895716221972543e+04 6.095742584047468426e+02
4.954654183429071850e+02 1.514708960472221122e+02 2.496477590310908852e+02 1.771521597287729719e+03 1.709961450391068638e+03 4.893517997938557187e+02
5.894200200279738056e+02 1.603933807151472024e+02 2.471364266723354035e+02 1.144258720770264290e+03 8.320789711897234611e+02 3.108044041031115512e+02
2.642693488461468974e+02 1.826569818616184762e+02 2.925076094834702189e+02 4.427693349529309671e+03 2.911434801339911246e+03 2.135781247519185229e+02
8.785442577505657482e+02 4.169794576150827083e+02 5.937879624575143680e+02 3.888720240982708674e+03 3.846844281687908278e+03 1.165414290480091950e+03
4.011543767923640189e+02 6.103073995160751792e+02 8.267022592092305331e+02 1.535001060026381674e+04 1.008163945366544613e+04 6.560892714793274081e+02
1.300157832177744979e+02 8.169632299298267242e+01 1.578965531383209111e+02 1.217274230364176901e+03 1.822100640904876400e+03 6.571655576970965740e+01
4.494336720899944453e+02 3.401901554244323052e+02 7.910837925545434928e+02 3.245861561853771036e+03 3.500461695799860081e+03 1.161046154546639173e+03
8.815868277796746497e+02 7.758316526152384540e+02 1.051043267123144688e+03 5.345006670603223938e+03 5.182346984623938624e+03 1.031069954156380163e+03
