4.177537099060331549e+00 5.236359040716945579e+00 6.142379643924987143e+00 3.827471073222690023e+01 3.954672960096549872e+01 4.266042352614976885e+00
3.862823050800630487e+00 5.353550574492188296e+00 6.736401024071795973e+00 3.508761922669360445e+01 3.574073409279124292e+01 3.413455633845208670e+00
5.886370470602861005e+00 9.131436710614769581e+00 1.082541592436549749e+01 4.235339149221715616e+01 4.361281962611076324e+01 9.821164937885523472e+00
3.279801772297517459e+00 2.667304031064914760e+00 4.312318220889639342e+00 2.224009836174684906e+01 2.224024994088492946e+01 2.442186823112165506e+00
4.981783863821855007e+00 5.025166061279114693e+00 7.576762868539477225e+00 2.570866338330895928e+01 2.584151996813889340e+01 5.327191440373501230e+00
4.834678218831053975e+00 2.528466683408629567e+00 4.966028225549818487e+00 2.807266018472822111e+01 2.885436537373971078e+01 3.439657656781011763e+00
4.063230288129672019e+00 5.133563051444903103e+00 6.857157026870162042e+00 2.632639326090075471e+01 2.665334679847994792e+01 5.313444217194435382e+00
3.680810995896831361e+00 4.611623323546049313e+00 5.769748116260307036e+00 1.591739881273101176e+01 1.611345696503548197e+01 4.281322651358226317e+00
3.092691259798298287e+00 3.150766126618216312e+00 5.495454177036555699e+00 4.303308634823690682e+01 4.373486059173551865e+01 4.289281013003551912e+00
4.267830776109842184e+00 1.977397387381249150e+00 3.275996937249194385e+00 3.262847597941129862e+01 3.319619826026307408e+01 2.805494182511082180e+00
7.599073294094822018e+00 1.030917583041765795e+01 1.258851329092056304e+01 5.289890142916708449e+00 5.281313156866955794e+00 5.573551188203372142e+00
3.914016665428313058e+00 4.928635931171109874e+00 6.527456880953762308e+00 2.595186332635634230e+01 2.749157255128849897e+01 3.637892525260386645e+00
5.064672116115973566e+00 4.080056440161933473e+00 6.990834295421691991e+00 2.357733577653330670e+01 2.390448717935574408e+01 5.332710004528698811e+00
3.812625050907270552e+00 3.250568544842716623e+00 5.837652449070752425e+00 2.864102247537900681e+01 2.872286065190733240e+01 4.987794979310853805e+00
3.659657179902982893e+00 3.971143624994188936e+00 5.349035277410849609e+00 2.151674228253300925e+01 2.220716814163565189e+01 3.461320674079697124e+00
4.187101104806123963e+00 4.774741015073018957e+00 6.877085138284109611e+00 9.263698120530904134e+00 9.357711959604058549e+00 5.008406635901550885e+00
4.628825760397961453e+00 7.030253084901203486e+00 8.877403737174587306e+00 3.439625368460662713e+01 3.470875019403671047e+01 4.899774830678631510e+00
4.399743764477420882e+00 2.547807199314223947e+00 3.980991592819087099e+00 1.564020880584356199e+01 1.636168703098688226e+01 3.573660619380516046e+00
5.103944333929299582e+00 2.318403021646834095e+00 4.175278904072392550e+00 2.753119113889215797e+01 2.760929493159210679e+01 3.386211214249623236e+00
2.796012059551644224e+00 2.803690639008273866e+00 3.790081606880462139e+00 1.888181081918409276e+01 1.935197077486957795e+01 2.473214921748490891e+00
5.976082705648493310e+00 3.542707513139789821e+00 5.511755279721817224e+00 2.643252421144166675e+01 2.634962939734664289e+01 4.989480222788011510e+00
4.081089240412848262e+00 6.358974117832825179e+00 6.900085208063450715e+00 2.455639913175633637e+01 2.523113006795478341e+01 5.136410187061621890e+00
2.558585742915195027e+00 3.177633800986381818e+00 3.662966174050795498e+00 1.332534529522614442e+01 1.378518883197395617e+01 1.814040735731063947e+00
5.021186104919686422e+00 6.205639723348045145e+00 7.562647032120194623e+00 2.466580035730077469e+01 2.553742701108098245e+01 5.952113866764581651e+00
6.320782304172956501e+00 5.989883804981393389e+00 7.824108646920639565e+00 2.728320301339502763e+01 2.742121413811057451e+01 5.402286781258502479e+00
