5.462285105499753435e-01 -4.727182048804072223e-01 3.943860871431731363e-01
5.462597836302011123e-01 -4.727533472556343375e-01 3.941876380112694922e-01
5.464409831751599889e-01 -4.729922292162661579e-01 3.929747969038564492e-01
5.486904099955810521e-01 -4.759967156617720963e-01 3.780749548954355221e-01
5.512934081635113559e-01 -4.794837231383826670e-01 3.607550580352141267e-01
5.539625713791622719e-01 -4.830733508299209222e-01 3.428456287702422722e-01
5.564597770997401494e-01 -4.864690542378305449e-01 3.259922973845290617e-01
5.586744754799888302e-01 -4.896096914456301019e-01 3.112759656857672086e-01
5.606843738802438359e-01 -4.925321643609942290e-01 2.986257353552181359e-01
5.625849273736746037e-01 -4.953224914744064900e-01 2.879789660009305918e-01
5.644139953390111542e-01 -4.980379892618899684e-01 2.790126090910630685e-01
5.661538692272073403e-01 -5.006832459829185789e-01 2.713174773876737556e-01
5.675900688268462613e-01 -5.032361077213433065e-01 2.644964104014819184e-01
5.685324686404997774e-01 -5.058964524778130079e-01 2.582645514991379621e-01
5.689305340054428006e-01 -5.087976585716227351e-01 2.525634739005126472e-01
5.689622154597363535e-01 -5.115713664511510883e-01 2.478179257221019005e-01
5.697156085731032160e-01 -5.138537898320715280e-01 2.438999287689670725e-01
5.708904696763227316e-01 -5.156036552178074883e-01 2.412606613545340839e-01
5.728518597598086792e-01 -5.165517366621095174e-01 2.397431146906435218e-01
5.749305351954911991e-01 -5.166656904759900915e-01 2.385973677192782250e-01
5.772992541401088529e-01 -5.157011689201370652e-01 2.374362132355521959e-01
5.796381766782446876e-01 -5.142700161026556582e-01 2.364842050022027409e-01
5.818743471180088944e-01 -5.124098424602414603e-01 2.358455262035384636e-01
5.835757917249744242e-01 -5.093999203413643873e-01 2.339498943376402684e-01
5.847799785158963592e-01 -5.057442911675966712e-01 2.310179463549244250e-01
5.856947753471321017e-01 -5.020088636594218778e-01 2.277262140916532229e-01
5.863646298380771338e-01 -4.984775928862149597e-01 2.244088557492384395e-01
5.867606467660040348e-01 -4.953595827809200713e-01 2.212364606714228854e-01
5.868151615522017028e-01 -4.925786948334547888e-01 2.180511637652635115e-01
5.866167474879675492e-01 -4.898962338130707361e-01 2.146192526835016545e-01
5.861875895232706579e-01 -4.873148959003151259e-01 2.109608856960377976e-01
5.858893612245735794e-01 -4.858030786755853092e-01 2.087107119615680129e-01
5.857345059198214576e-01 -4.851274932758438130e-01 2.075222612167912928e-01
5.854409898923543798e-01 -4.846354714564351518e-01 2.061570278273682499e-01
5.846636602683443762e-01 -4.837852226373657305e-01 2.037560707739919930e-01
5.837671594756724813e-01 -4.828599874613267451e-01 2.011572493583959342e-01
5.834526847196533916e-01 -4.824741159211239916e-01 2.000080782384140443e-01
5.832877089392987102e-01 -4.819480168190475866e-01 1.982127345137758845e-01
5.832834022351741643e-01 -4.810477011505900902e-01 1.950517390717438349e-01
5.836496078992825520e-01 -4.805690040496485849e-01 1.932678451790332819e-01
5.850977345174952493e-01 -4.802763202334525139e-01 1.923351456164590079e-01
5.904041719602661775e-01 -4.795185431468668158e-01 1.907559425817809129e-01
5.976384482508638740e-01 -4.779380210911818305e-01 1.887766736756453512e-01
6.073108896596646211e-01 -4.756197736309981661e-01 1.860894359321123848e-01
6.139114196775156129e-01 -4.726396477945841723e-01 1.844785506713297052e-01
6.212305462279240631e-01 -4.686423123698102988e-01 1.826414463921479658e-01
6.283601732823279606e-01 -4.653221468213162293e-01 1.807691072088484230e-01
6.350133905405472845e-01 -4.646990626115535816e-01 1.790749355111335983e-01
6.413279701256788812e-01 -4.662505515632733299e-01 1.775218958659752766e-01
6.461904786620994434e-01 -4.679516756969647195e-01 1.763895027780284785e-01
6.496812542848011685e-01 -4.692805129215360527e-01 1.756375103945323479e-01
6.542394762082434090e-01 -4.705925201380415368e-01 1.747798829605451965e-01
6.570913632278494454e-01 -4.713358133807909467e-01 1.742709713931558102e-01
6.581575234173715483e-01 -4.720688837319891307e-01 1.740020207650290196e-01
6.577477116926142564e-01 -4.741521803146836467e-01 1.735920851037924817e-01
6.551268095740938602e-01 -4.804395573592280533e-01 1.722678773423732823e-01
6.510154633469604768e-01 -4.888292332109125393e-01 1.707415394902393191e-01
6.463790586450547382e-01 -4.958532703615599613e-01 1.704806643965442181e-01
6.392459950013582581e-01 -5.043723656892026286e-01 1.708884004797536493e-01
6.307536670872505580e-01 -5.123528034906827955e-01 1.725004138926110320e-01
6.243397717419547632e-01 -5.160088592823496301e-01 1.750563046757809826e-01
6.174183962043434670e-01 -5.163216272206768709e-01 1.796392931562856288e-01
6.129637357849834212e-01 -5.151068471875077659e-01 1.831533262935975959e-01
6.108805146407999542e-01 -5.137810010520017512e-01 1.849904942687246034e-01
6.102992353120720859e-01 -5.125125474648424273e-01 1.858537455411921335e-01
6.106457573864407795e-01 -5.107572414200922672e-01 1.863234412069435242e-01
6.112047332084676876e-01 -5.086630556205786746e-01 1.866036600755216490e-01
6.114163033726682794e-01 -5.066354643495247778e-01 1.869521975375177114e-01
6.112459262556344530e-01 -5.047014528507348663e-01 1.874050369977362518e-01
6.107403126694274098e-01 -5.030911279150275250e-01 1.879303480727680387e-01
6.095346674208196314e-01 -5.016819298470085453e-01 1.886141000748050300e-01
6.081304199150822098e-01 -5.011237870066881372e-01 1.891993766920579134e-01
6.063956559328752549e-01 -5.018883451760413061e-01 1.896926966088333666e-01
6.039715362170662294e-01 -5.042148475893702964e-01 1.901384239700088796e-01
6.000322097225332385e-01 -5.086820686396208435e-01 1.906716017533658103e-01
5.938593690901599054e-01 -5.160973983943883958e-01 1.913218000711473521e-01
5.893985824742477009e-01 -5.214651459769107378e-01 1.917217169048849035e-01
5.849155303319508725e-01 -5.264635499232570570e-01 1.918125177047815266e-01
5.818494542437414596e-01 -5.297672361914739225e-01 1.917310333908587572e-01
5.813269807625800478e-01 -5.304298478994214916e-01 1.916304850627501555e-01
5.826347428463045652e-01 -5.292196450918599249e-01 1.913716135936899265e-01
5.828690542162271448e-01 -5.287503520723186856e-01 1.911761522484997089e-01
5.815232461332001668e-01 -5.297304445606683121e-01 1.914353864846028708e-01
5.798340492913347521e-01 -5.309972593881802094e-01 1.920477786486855520e-01
5.782437290928530427e-01 -5.318202755134204818e-01 1.937684853803866292e-01
5.764951165593429350e-01 -5.319053767956950507e-01 1.973016195129770056e-01
5.744835259081735312e-01 -5.307790183358762626e-01 2.038332955522043910e-01
5.722395780153115563e-01 -5.290127743133485883e-01 2.121833538314083500e-01
5.698388178245835656e-01 -5.269163409797588127e-01 2.212946589554960763e-01
5.672557182266811937e-01 -5.244981299055303525e-01 2.307443315854859622e-01
5.641621634294080589e-01 -5.213937129433221518e-01 2.405387910228579673e-01
5.606213033715441441e-01 -5.177160021220734709e-01 2.496705858241672626e-01
5.555764229362459838e-01 -5.125238389406360229e-01 2.589918051554015443e-01
5.500403841533629823e-01 -5.066468206048813094e-01 2.657140875625537690e-01
5.458814872443020771e-01 -5.013176698190993097e-01 2.653511294539008247e-01
5.426572048776768797e-01 -4.966657278520673624e-01 2.612870108943884384e-01
5.407341971408478054e-01 -4.931086379492439220e-01 2.515046968340460265e-01
5.397219685719379934e-01 -4.905954187585294113e-01 2.400194240394609713e-01
5.397047596909602118e-01 -4.905428399098738512e-01 2.397098275118421939e-01
5.396895209913942226e-01 -4.905346572457696674e-01 2.396954097316750243e-01
