0.000000000000000000e+00 8.915416098226466302e-01 0.000000000000000000e+00 7.220238095238095122e-01 0.000000000000000000e+00 3.434178250204415472e-01
5.518763796909492269e-04 1.993110236220472509e-01 0.000000000000000000e+00 3.549337260677467021e-01 0.000000000000000000e+00 1.114317982180951239e-01
0.000000000000000000e+00 9.014911884319927182e-01 0.000000000000000000e+00 4.001354096140826155e-01 0.000000000000000000e+00 2.834283209118807489e-01
0.000000000000000000e+00 9.473202015574896384e-01 0.000000000000000000e+00 0.000000000000000000e+00 0.000000000000000000e+00 2.239549491011479376e-01
8.951111111111110796e-01 2.633015006821282644e-01 7.949820788530466142e-01 8.380952380952381153e-01 0.000000000000000000e+00 5.328427364404469957e-01
5.391832229580574287e-01 3.754921259842519676e-01 7.314618644067796271e-01 1.016200294550810013e-01 0.000000000000000000e+00 4.089597189107792574e-01
4.178117048346056128e-01 2.828739267962042669e-01 6.140506891951978963e-01 1.963439404197697968e-01 3.622950819672131062e-01 3.901797457255589685e-01
5.295047418335089295e-01 3.284470911589555397e-01 3.379867744305657673e-02 0.000000000000000000e+00 1.330561330561330635e-01 2.261208576998050557e-01
7.182222222222222063e-01 1.000000000000000000e+00 0.000000000000000000e+00 9.482142857142856762e-01 9.563397129186602674e-01 7.448896156991006157e-01
4.514348785871964420e-01 4.074803149606299191e-01 0.000000000000000000e+00 0.000000000000000000e+00 8.236632536973833574e-01 2.974024344334295633e-01
4.122137404580152875e-01 0.000000000000000000e+00 0.000000000000000000e+00 0.000000000000000000e+00 0.000000000000000000e+00 8.877685225778167433e-02
5.305584826132770937e-01 3.380668804397617966e-01 0.000000000000000000e+00 0.000000000000000000e+00 0.000000000000000000e+00 1.889755252328351731e-01
0.000000000000000000e+00 8.888130968622101058e-01 0.000000000000000000e+00 7.196428571428571397e-01 0.000000000000000000e+00 3.423276097029163134e-01
5.518763796909492269e-04 2.007874015748031538e-01 0.000000000000000000e+00 3.571428571428571508e-01 0.000000000000000000e+00 1.121847157736227951e-01
5.124681933842238912e-01 9.032986895616810230e-01 0.000000000000000000e+00 3.974272173324305824e-01 0.000000000000000000e+00 3.937965804471723064e-01
0.000000000000000000e+00 9.436555199267063765e-01 0.000000000000000000e+00 0.000000000000000000e+00 0.000000000000000000e+00 2.230885856616850738e-01
8.951111111111110796e-01 1.000000000000000000e+00 7.949820788530466142e-01 8.380952380952381153e-01 0.000000000000000000e+00 6.800218043063505080e-01
0.000000000000000000e+00 2.480314960629921295e-01 6.144067796610169774e-01 0.000000000000000000e+00 5.597269624573378843e-01 2.705483749529426496e-01
0.000000000000000000e+00 2.828739267962042669e-01 6.140506891951978963e-01 1.963439404197697968e-01 3.622950819672131062e-01 3.001972818939061538e-01
0.000000000000000000e+00 4.580852038479157093e-04 8.427626745040411871e-01 0.000000000000000000e+00 1.268191268191268262e-01 1.573532596924409888e-01
7.182222222222222063e-01 1.000000000000000000e+00 0.000000000000000000e+00 9.482142857142856762e-01 9.563397129186602674e-01 7.448896156991006157e-01
4.514348785871964420e-01 4.074803149606299191e-01 0.000000000000000000e+00 0.000000000000000000e+00 8.236632536973833574e-01 2.974024344334295633e-01
4.122137404580152875e-01 0.000000000000000000e+00 0.000000000000000000e+00 0.000000000000000000e+00 0.000000000000000000e+00 8.877685225778167433e-02
5.305584826132770937e-01 3.380668804397617966e-01 0.000000000000000000e+00 0.000000000000000000e+00 0.000000000000000000e+00 1.889755252328351731e-01
5.200000000000000178e-01 1.000000000000000000e+00 0.000000000000000000e+00 9.357142857142857206e-01 0.000000000000000000e+00 4.937312619242300582e-01
5.402869757174393328e-01 3.971456692913385988e-01 0.000000000000000000e+00 1.000000000000000000e+00 0.000000000000000000e+00 3.945287990964989611e-01
5.089058524173027936e-04 1.000000000000000000e+00 0.000000000000000000e+00 3.019634394041976755e-01 0.000000000000000000e+00 2.915387987724681884e-01
2.502634351949420410e-01 1.000000000000000000e+00 0.000000000000000000e+00 0.000000000000000000e+00 9.896049896049896599e-02 3.136235650855533907e-01
0.000000000000000000e+00 3.178717598908594733e-01 0.000000000000000000e+00 9.375000000000000000e-01 0.000000000000000000e+00 2.781411828836194977e-01
0.000000000000000000e+00 0.000000000000000000e+00 0.000000000000000000e+00 1.000000000000000000e+00 0.000000000000000000e+00 1.704103400677625668e-01
0.000000000000000000e+00 0.000000000000000000e+00 5.704757670075588649e-01 0.000000000000000000e+00 3.655737704918032849e-01 1.895002192021043308e-01
0.000000000000000000e+00 5.359596885020614376e-01 2.865540044085231400e-02 0.000000000000000000e+00 9.521829521829522358e-02 1.557288282434481363e-01
7.111111111111111382e-01 1.000000000000000000e+00 0.000000000000000000e+00 9.482142857142856762e-01 9.563397129186602674e-01 7.437994003815753263e-01
4.481236203090507852e-01 4.074803149606299191e-01 0.000000000000000000e+00 0.000000000000000000e+00 8.236632536973833574e-01 2.966495168779018643e-01
1.740458015267175584e-01 1.000000000000000000e+00 6.047132058692752249e-02 3.026404874746106977e-01 0.000000000000000000e+00 3.439281017097763904e-01
5.305584826132770937e-01 3.389830508474576121e-01 0.000000000000000000e+00 0.000000000000000000e+00 0.000000000000000000e+00 1.891921160927008960e-01
0.000000000000000000e+00 4.918144611186903159e-01 0.000000000000000000e+00 0.000000000000000000e+00 5.992822966507177496e-01 2.348051240119923555e-01
0.000000000000000000e+00 3.218503937007873850e-01 0.000000000000000000e+00 0.000000000000000000e+00 1.000000000000000000e+00 1.923704354373196035e-01
5.124681933842238912e-01 1.938544961590600857e-01 0.000000000000000000e+00 0.000000000000000000e+00 5.270491803278688492e-01 2.278605874616396187e-01
0.000000000000000000e+00 3.206596426935410249e-01 0.000000000000000000e+00 0.000000000000000000e+00 5.613305613305613617e-01 2.220056313623565147e-01
8.951111111111110796e-01 2.946793997271486831e-01 0.000000000000000000e+00 9.380952380952380931e-01 0.000000000000000000e+00 4.108748977923140089e-01
0.000000000000000000e+00 0.000000000000000000e+00 6.144067796610169774e-01 1.840942562592047180e-02 0.000000000000000000e+00 1.487012172167147817e-01
0.000000000000000000e+00 2.864889290555806545e-01 5.726989773232548098e-01 0.000000000000000000e+00 0.000000000000000000e+00 2.106532222709338042e-01
0.000000000000000000e+00 3.307375171781951617e-01 3.379867744305657673e-02 0.000000000000000000e+00 6.557172557172556981e-01 2.539527831925492696e-01
7.182222222222222063e-01 1.000000000000000000e+00 0.000000000000000000e+00 9.482142857142856762e-01 9.563397129186602674e-01 7.448896156991006157e-01
4.514348785871964420e-01 4.074803149606299191e-01 0.000000000000000000e+00 0.000000000000000000e+00 8.236632536973833574e-01 2.974024344334295633e-01
4.122137404580152875e-01 0.000000000000000000e+00 0.000000000000000000e+00 0.000000000000000000e+00 0.000000000000000000e+00 8.877685225778167433e-02
5.305584826132770937e-01 3.380668804397617966e-01 0.000000000000000000e+00 0.000000000000000000e+00 0.000000000000000000e+00 1.889755252328351731e-01
0.000000000000000000e+00 4.884038199181446327e-01 0.000000000000000000e+00 3.702380952380952550e-01 3.755980861244019309e-01 2.679204142818206735e-01
0.000000000000000000e+00 3.272637795275590289e-01 0.000000000000000000e+00 5.463917525773195338e-01 0.000000000000000000e+00 1.765591667712385626e-01
5.124681933842238912e-01 0.000000000000000000e+00 4.446420631391729563e-04 1.706161137440758424e-01 0.000000000000000000e+00 1.380973257343270366e-01
0.000000000000000000e+00 3.069170865781035151e-01 0.000000000000000000e+00 1.795241528478730975e-01 0.000000000000000000e+00 9.952350010829542903e-02
0.000000000000000000e+00 2.619372442019099467e-01 0.000000000000000000e+00 2.874999999999999778e-01 0.000000000000000000e+00 1.181520850367947656e-01
0.000000000000000000e+00 0.000000000000000000e+00 6.175847457627118287e-01 0.000000000000000000e+00 0.000000000000000000e+00 1.463169782908771421e-01
0.000000000000000000e+00 0.000000000000000000e+00 5.731436193863939099e-01 9.214624238320920924e-01 0.000000000000000000e+00 2.904427882507671921e-01
0.000000000000000000e+00 0.000000000000000000e+00 3.012490815576781764e-02 0.000000000000000000e+00 0.000000000000000000e+00 4.440112627247130503e-03
7.182222222222222063e-01 1.000000000000000000e+00 0.000000000000000000e+00 9.482142857142856762e-01 9.563397129186602674e-01 7.448896156991006157e-01
4.514348785871964420e-01 4.074803149606299191e-01 0.000000000000000000e+00 0.000000000000000000e+00 8.236632536973833574e-01 2.974024344334295633e-01
4.122137404580152875e-01 0.000000000000000000e+00 0.000000000000000000e+00 0.000000000000000000e+00 0.000000000000000000e+00 8.877685225778167433e-02
5.305584826132770937e-01 3.380668804397617966e-01 0.000000000000000000e+00 0.000000000000000000e+00 0.000000000000000000e+00 1.889755252328351731e-01
0.000000000000000000e+00 0.000000000000000000e+00 0.000000000000000000e+00 0.000000000000000000e+00 0.000000000000000000e+00 0.000000000000000000e+00
0.000000000000000000e+00 0.000000000000000000e+00 0.000000000000000000e+00 0.000000000000000000e+00 0.000000000000000000e+00 0.000000000000000000e+00
0.000000000000000000e+00 0.000000000000000000e+00 0.000000000000000000e+00 0.000000000000000000e+00 0.000000000000000000e+00 0.000000000000000000e+00
0.000000000000000000e+00 0.000000000000000000e+00 0.000000000000000000e+00 0.000000000000000000e+00 0.000000000000000000e+00 0.000000000000000000e+00
0.000000000000000000e+00 0.000000000000000000e+00 0.000000000000000000e+00 0.000000000000000000e+00 0.000000000000000000e+00 0.000000000000000000e+00
0.000000000000000000e+00 0.000000000000000000e+00 0.000000000000000000e+00 0.000000000000000000e+00 0.000000000000000000e+00 0.000000000000000000e+00
0.000000000000000000e+00 0.000000000000000000e+00 0.000000000000000000e+00 0.000000000000000000e+00 0.000000000000000000e+00 0.000000000000000000e+00
0.000000000000000000e+00 0.000000000000000000e+00 0.000000000000000000e+00 0.000000000000000000e+00 0.000000000000000000e+00 0.000000000000000000e+00
0.000000000000000000e+00 0.000000000000000000e+00 0.000000000000000000e+00 0.000000000000000000e+00 0.000000000000000000e+00 0.000000000000000000e+00
0.000000000000000000e+00 0.000000000000000000e+00 0.000000000000000000e+00 0.000000000000000000e+00 0.000000000000000000e+00 0.000000000000000000e+00
0.000000000000000000e+00 0.000000000000000000e+00 0.000000000000000000e+00 0.000000000000000000e+00 0.000000000000000000e+00 0.000000000000000000e+00
0.000000000000000000e+00 0.000000000000000000e+00 0.000000000000000000e+00 0.000000000000000000e+00 0.000000000000000000e+00 0.000000000000000000e+00
0.000000000000000000e+00 0.000000000000000000e+00 0.000000000000000000e+00 0.000000000000000000e+00 0.000000000000000000e+00 0.000000000000000000e+00
0.000000000000000000e+00 0.000000000000000000e+00 0.000000000000000000e+00 0.000000000000000000e+00 0.000000000000000000e+00 0.000000000000000000e+00
0.000000000000000000e+00 0.000000000000000000e+00 0.000000000000000000e+00 0.000000000000000000e+00 0.000000000000000000e+00 0.000000000000000000e+00
0.000000000000000000e+00 0.000000000000000000e+00 0.000000000000000000e+00 0.000000000000000000e+00 0.000000000000000000e+00 0.000000000000000000e+00
0.000000000000000000e+00 0.000000000000000000e+00 0.000000000000000000e+00 0.000000000000000000e+00 0.000000000000000000e+00 0.000000000000000000e+00
0.000000000000000000e+00 0.000000000000000000e+00 0.000000000000000000e+00 0.000000000000000000e+00 0.000000000000000000e+00 0.000000000000000000e+00
0.000000000000000000e+00 0.000000000000000000e+00 0.000000000000000000e+00 0.000000000000000000e+00 0.000000000000000000e+00 0.000000000000000000e+00
0.000000000000000000e+00 0.000000000000000000e+00 0.000000000000000000e+00 0.000000000000000000e+00 0.000000000000000000e+00 0.000000000000000000e+00
0.000000000000000000e+00 0.000000000000000000e+00 0.000000000000000000e+00 0.000000000000000000e+00 0.000000000000000000e+00 0.000000000000000000e+00
0.000000000000000000e+00 0.000000000000000000e+00 0.000000000000000000e+00 0.000000000000000000e+00 0.000000000000000000e+00 0.000000000000000000e+00
0.000000000000000000e+00 0.000000000000000000e+00 0.000000000000000000e+00 0.000000000000000000e+00 0.000000000000000000e+00 0.000000000000000000e+00
0.000000000000000000e+00 0.000000000000000000e+00 0.000000000000000000e+00 0.000000000000000000e+00 0.000000000000000000e+00 0.000000000000000000e+00
0.000000000000000000e+00 0.000000000000000000e+00 0.000000000000000000e+00 0.000000000000000000e+00 0.000000000000000000e+00 0.000000000000000000e+00
0.000000000000000000e+00 0.000000000000000000e+00 0.000000000000000000e+00 0.000000000000000000e+00 0.000000000000000000e+00 0.000000000000000000e+00
0.000000000000000000e+00 0.000000000000000000e+00 0.000000000000000000e+00 0.000000000000000000e+00 0.000000000000000000e+00 0.000000000000000000e+00
0.000000000000000000e+00 0.000000000000000000e+00 0.000000000000000000e+00 0.000000000000000000e+00 0.000000000000000000e+00 0.000000000000000000e+00
0.000000000000000000e+00 0.000000000000000000e+00 0.000000000000000000e+00 0.000000000000000000e+00 0.000000000000000000e+00 0.000000000000000000e+00
0.000000000000000000e+00 0.000000000000000000e+00 0.000000000000000000e+00 0.000000000000000000e+00 0.000000000000000000e+00 0.000000000000000000e+00
0.000000000000000000e+00 0.000000000000000000e+00 0.000000000000000000e+00 0.000000000000000000e+00 0.000000000000000000e+00 0.000000000000000000e+00
0.000000000000000000e+00 0.000000000000000000e+00 0.000000000000000000e+00 0.000000000000000000e+00 0.000000000000000000e+00 0.000000000000000000e+00
0.000000000000000000e+00 0.000000000000000000e+00 0.000000000000000000e+00 0.000000000000000000e+00 0.000000000000000000e+00 0.000000000000000000e+00
0.000000000000000000e+00 0.000000000000000000e+00 0.000000000000000000e+00 0.000000000000000000e+00 0.000000000000000000e+00 0.000000000000000000e+00
0.000000000000000000e+00 0.000000000000000000e+00 0.000000000000000000e+00 0.000000000000000000e+00 0.000000000000000000e+00 0.000000000000000000e+00
0.000000000000000000e+00 0.000000000000000000e+00 0.000000000000000000e+00 0.000000000000000000e+00 0.000000000000000000e+00 0.000000000000000000e+00
0.000000000000000000e+00 0.000000000000000000e+00 0.000000000000000000e+00 0.000000000000000000e+00 0.000000000000000000e+00 0.000000000000000000e+00
0.000000000000000000e+00 0.000000000000000000e+00 0.000000000000000000e+00 0.000000000000000000e+00 0.000000000000000000e+00 0.000000000000000000e+00
0.000000000000000000e+00 0.000000000000000000e+00 0.000000000000000000e+00 0.000000000000000000e+00 0.000000000000000000e+00 0.000000000000000000e+00
0.000000000000000000e+00 0.000000000000000000e+00 0.000000000000000000e+00 0.000000000000000000e+00 0.000000000000000000e+00 0.000000000000000000e+00
0.000000000000000000e+00 0.000000000000000000e+00 0.000000000000000000e+00 0.000000000000000000e+00 0.000000000000000000e+00 0.000000000000000000e+00
0.000000000000000000e+00 0.000000000000000000e+00 0.000000000000000000e+00 0.000000000000000000e+00 0.000000000000000000e+00 0.000000000000000000e+00
0.000000000000000000e+00 0.000000000000000000e+00 0.000000000000000000e+00 0.000000000000000000e+00 0.000000000000000000e+00 0.000000000000000000e+00
0.000000000000000000e+00 0.000000000000000000e+00 0.000000000000000000e+00 0.000000000000000000e+00 0.000000000000000000e+00 0.000000000000000000e+00
0.000000000000000000e+00 0.000000000000000000e+00 0.000000000000000000e+00 0.000000000000000000e+00 0.000000000000000000e+00 0.000000000000000000e+00
0.000000000000000000e+00 0.000000000000000000e+00 0.000000000000000000e+00 0.000000000000000000e+00 0.000000000000000000e+00 0.000000000000000000e+00
0.000000000000000000e+00 0.000000000000000000e+00 0.000000000000000000e+00 0.000000000000000000e+00 0.000000000000000000e+00 0.000000000000000000e+00
0.000000000000000000e+00 0.000000000000000000e+00 0.000000000000000000e+00 0.000000000000000000e+00 0.000000000000000000e+00 0.000000000000000000e+00
0.000000000000000000e+00 0.000000000000000000e+00 0.000000000000000000e+00 0.000000000000000000e+00 0.000000000000000000e+00 0.000000000000000000e+00
0.000000000000000000e+00 0.000000000000000000e+00 0.000000000000000000e+00 0.000000000000000000e+00 0.000000000000000000e+00 0.000000000000000000e+00
0.000000000000000000e+00 0.000000000000000000e+00 0.000000000000000000e+00 0.000000000000000000e+00 0.000000000000000000e+00 0.000000000000000000e+00
0.000000000000000000e+00 0.000000000000000000e+00 0.000000000000000000e+00 0.000000000000000000e+00 0.000000000000000000e+00 0.000000000000000000e+00
0.000000000000000000e+00 0.000000000000000000e+00 0.000000000000000000e+00 0.000000000000000000e+00 0.000000000000000000e+00 0.000000000000000000e+00
0.000000000000000000e+00 0.000000000000000000e+00 0.000000000000000000e+00 0.000000000000000000e+00 0.000000000000000000e+00 0.000000000000000000e+00
0.000000000000000000e+00 0.000000000000000000e+00 0.000000000000000000e+00 0.000000000000000000e+00 0.000000000000000000e+00 0.000000000000000000e+00
0.000000000000000000e+00 0.000000000000000000e+00 0.000000000000000000e+00 0.000000000000000000e+00 0.000000000000000000e+00 0.000000000000000000e+00
0.000000000000000000e+00 0.000000000000000000e+00 0.000000000000000000e+00 0.000000000000000000e+00 0.000000000000000000e+00 0.000000000000000000e+00
0.000000000000000000e+00 0.000000000000000000e+00 0.000000000000000000e+00 0.000000000000000000e+00 0.000000000000000000e+00 0.000000000000000000e+00
0.000000000000000000e+00 0.000000000000000000e+00 0.000000000000000000e+00 0.000000000000000000e+00 0.000000000000000000e+00 0.000000000000000000e+00
0.000000000000000000e+00 0.000000000000000000e+00 0.000000000000000000e+00 0.000000000000000000e+00 0.000000000000000000e+00 0.000000000000000000e+00
