0.000000000000000000e+00 8.485675306957708441e-01 2.222222222222222307e-02 8.422619047619047672e-01 0.000000000000000000e+00 3.665849005178522524e-01
0.000000000000000000e+00 1.993110236220472509e-01 4.931144067796610075e-01 2.430044182621502249e-02 3.458475540386803382e-01 2.099385117329652384e-01
0.000000000000000000e+00 9.014911884319927182e-01 4.446420631391729238e-03 0.000000000000000000e+00 0.000000000000000000e+00 2.197501096010521793e-01
0.000000000000000000e+00 1.539166284928996931e-01 0.000000000000000000e+00 0.000000000000000000e+00 0.000000000000000000e+00 3.638726445743989402e-02
5.120000000000000107e-01 2.633015006821282644e-01 6.064516129032258007e-01 9.380952380952380931e-01 0.000000000000000000e+00 4.611610793131643571e-01
5.391832229580574287e-01 3.754921259842519676e-01 4.221398305084745894e-01 5.316642120765832091e-01 0.000000000000000000e+00 4.089597189107792574e-01
4.178117048346056128e-01 2.828739267962042669e-01 2.236549577590040139e-01 6.702775897088693313e-02 3.622950819672131062e-01 2.730162209557212005e-01
5.295047418335089295e-01 3.284470911589555397e-01 0.000000000000000000e+00 5.623648161499639198e-02 1.330561330561330635e-01 2.295863114576564834e-01
7.182222222222222063e-01 1.000000000000000000e+00 7.949820788530466142e-01 2.380952380952380820e-01 2.607655502392344227e-01 5.749523030798582290e-01
5.176600441501103544e-01 1.948818897637795144e-01 0.000000000000000000e+00 0.000000000000000000e+00 6.450511945392491953e-01 2.385493788430166906e-01
4.122137404580152875e-01 0.000000000000000000e+00 0.000000000000000000e+00 3.026404874746106977e-01 0.000000000000000000e+00 1.377685225778167433e-01
5.305584826132770937e-01 0.000000000000000000e+00 3.232916972814107309e-02 0.000000000000000000e+00 0.000000000000000000e+00 1.138184968594325303e-01
0.000000000000000000e+00 8.472032742155525264e-01 2.293906810035842292e-02 8.416666666666666741e-01 0.000000000000000000e+00 3.663123466884709578e-01
0.000000000000000000e+00 2.007874015748031538e-01 2.436440677966101795e-02 1.000000000000000000e+00 0.000000000000000000e+00 2.273811017693562475e-01
5.124681933842238912e-01 9.032986895616810230e-01 2.667852378835037629e-03 0.000000000000000000e+00 0.000000000000000000e+00 3.301183691363436812e-01
0.000000000000000000e+00 1.552908841044434163e-01 0.000000000000000000e+00 0.000000000000000000e+00 0.000000000000000000e+00 3.671215074723846450e-02
0.000000000000000000e+00 1.000000000000000000e+00 1.369175627240143411e-01 5.767857142857142350e-01 0.000000000000000000e+00 3.578631779776506039e-01
0.000000000000000000e+00 3.745078740157480324e-01 8.686440677966102142e-02 5.338733431516936578e-01 0.000000000000000000e+00 2.070523277701091791e-01
0.000000000000000000e+00 2.828739267962042669e-01 2.312138728323699377e-01 6.635071090047393871e-02 3.622950819672131062e-01 1.847873739587899966e-01
0.000000000000000000e+00 0.000000000000000000e+00 8.427626745040411871e-01 0.000000000000000000e+00 1.268191268191268262e-01 1.572449642625081134e-01
7.182222222222222063e-01 1.000000000000000000e+00 7.949820788530466142e-01 2.380952380952380820e-01 2.607655502392344227e-01 5.749523030798582290e-01
5.176600441501103544e-01 1.948818897637795144e-01 0.000000000000000000e+00 0.000000000000000000e+00 6.450511945392491953e-01 2.385493788430166906e-01
4.122137404580152875e-01 0.000000000000000000e+00 0.000000000000000000e+00 3.026404874746106977e-01 0.000000000000000000e+00 1.377685225778167433e-01
5.305584826132770937e-01 0.000000000000000000e+00 3.232916972814107309e-02 0.000000000000000000e+00 0.000000000000000000e+00 1.138184968594325303e-01
0.000000000000000000e+00 1.000000000000000000e+00 0.000000000000000000e+00 2.619047619047619180e-01 2.972488038277512068e-01 3.274734260016353149e-01
0.000000000000000000e+00 3.971456692913385988e-01 0.000000000000000000e+00 9.941089837997053869e-02 4.618885096700796611e-01 1.691554774752164758e-01
0.000000000000000000e+00 1.000000000000000000e+00 0.000000000000000000e+00 0.000000000000000000e+00 3.639344262295082233e-01 2.912099956159578951e-01
0.000000000000000000e+00 1.000000000000000000e+00 0.000000000000000000e+00 0.000000000000000000e+00 6.773388773388773210e-01 4.128221789040502632e-01
0.000000000000000000e+00 3.178717598908594733e-01 0.000000000000000000e+00 9.375000000000000000e-01 0.000000000000000000e+00 2.781411828836194977e-01
0.000000000000000000e+00 0.000000000000000000e+00 0.000000000000000000e+00 1.000000000000000000e+00 0.000000000000000000e+00 1.704103400677625668e-01
0.000000000000000000e+00 2.928151830094893882e-01 0.000000000000000000e+00 8.056872037914691864e-02 3.655737704918032849e-01 1.329460762823323206e-01
0.000000000000000000e+00 1.000000000000000000e+00 2.865540044085231400e-02 0.000000000000000000e+00 1.621621621621621712e-01 2.828676629846220703e-01
7.111111111111111382e-01 1.000000000000000000e+00 7.949820788530466142e-01 3.017857142857142683e-01 3.247607655502392499e-01 6.030253475061324586e-01
5.126931567328918415e-01 0.000000000000000000e+00 0.000000000000000000e+00 0.000000000000000000e+00 0.000000000000000000e+00 1.165767348475341969e-01
1.740458015267175584e-01 1.030275643922277384e-01 0.000000000000000000e+00 0.000000000000000000e+00 0.000000000000000000e+00 6.247259973695747787e-02
5.305584826132770937e-01 0.000000000000000000e+00 2.939015429831006582e-02 0.000000000000000000e+00 0.000000000000000000e+00 1.133853151397010983e-01
0.000000000000000000e+00 4.918144611186903159e-01 0.000000000000000000e+00 0.000000000000000000e+00 0.000000000000000000e+00 9.825565549195966475e-02
0.000000000000000000e+00 3.218503937007873850e-01 0.000000000000000000e+00 1.583210603829160457e-01 0.000000000000000000e+00 1.090475592922574982e-01
0.000000000000000000e+00 1.938544961590600857e-01 6.140506891951978963e-01 8.124576844955992000e-03 1.344262295081967151e-01 2.176676896098202474e-01
0.000000000000000000e+00 3.156207054512139010e-01 0.000000000000000000e+00 0.000000000000000000e+00 0.000000000000000000e+00 7.461555122373836335e-02
0.000000000000000000e+00 2.946793997271486831e-01 0.000000000000000000e+00 9.380952380952380931e-01 0.000000000000000000e+00 2.736440446988280262e-01
0.000000000000000000e+00 0.000000000000000000e+00 4.867584745762711940e-01 1.000000000000000000e+00 0.000000000000000000e+00 2.857322123227506450e-01
0.000000000000000000e+00 2.864889290555806545e-01 0.000000000000000000e+00 6.635071090047393871e-02 3.639344262295082233e-01 1.288908373520385731e-01
0.000000000000000000e+00 3.307375171781951617e-01 0.000000000000000000e+00 4.109589041095890183e-02 1.243243243243243312e-01 1.167424734676196646e-01
7.182222222222222063e-01 1.000000000000000000e+00 7.949820788530466142e-01 2.380952380952380820e-01 2.607655502392344227e-01 5.749523030798582290e-01
5.176600441501103544e-01 1.948818897637795144e-01 0.000000000000000000e+00 0.000000000000000000e+00 6.450511945392491953e-01 2.385493788430166906e-01
4.122137404580152875e-01 0.000000000000000000e+00 0.000000000000000000e+00 3.026404874746106977e-01 0.000000000000000000e+00 1.377685225778167433e-01
5.305584826132770937e-01 0.000000000000000000e+00 3.232916972814107309e-02 0.000000000000000000e+00 0.000000000000000000e+00 1.138184968594325303e-01
0.000000000000000000e+00 4.884038199181446327e-01 0.000000000000000000e+00 0.000000000000000000e+00 0.000000000000000000e+00 9.757427091850640055e-02
0.000000000000000000e+00 3.272637795275590289e-01 0.000000000000000000e+00 0.000000000000000000e+00 0.000000000000000000e+00 8.344836240431673102e-02
0.000000000000000000e+00 0.000000000000000000e+00 0.000000000000000000e+00 1.000000000000000000e+00 0.000000000000000000e+00 1.618807540552389401e-01
0.000000000000000000e+00 3.023362345396243822e-01 0.000000000000000000e+00 0.000000000000000000e+00 0.000000000000000000e+00 7.147498375568550610e-02
0.000000000000000000e+00 2.619372442019099467e-01 0.000000000000000000e+00 9.440476190476190244e-01 0.000000000000000000e+00 2.684655219405832627e-01
0.000000000000000000e+00 0.000000000000000000e+00 0.000000000000000000e+00 1.723122238586156096e-01 0.000000000000000000e+00 2.936378466557912001e-02
0.000000000000000000e+00 0.000000000000000000e+00 5.353490440195642908e-01 1.000000000000000000e+00 0.000000000000000000e+00 2.938404208680403529e-01
0.000000000000000000e+00 0.000000000000000000e+00 0.000000000000000000e+00 1.000000000000000000e+00 0.000000000000000000e+00 1.502057613168724381e-01
7.182222222222222063e-01 1.000000000000000000e+00 7.949820788530466142e-01 2.380952380952380820e-01 2.607655502392344227e-01 5.749523030798582290e-01
5.176600441501103544e-01 1.948818897637795144e-01 0.000000000000000000e+00 0.000000000000000000e+00 6.450511945392491953e-01 2.385493788430166906e-01
4.122137404580152875e-01 0.000000000000000000e+00 0.000000000000000000e+00 3.026404874746106977e-01 0.000000000000000000e+00 1.377685225778167433e-01
5.305584826132770937e-01 0.000000000000000000e+00 3.232916972814107309e-02 0.000000000000000000e+00 0.000000000000000000e+00 1.138184968594325303e-01
0.000000000000000000e+00 0.000000000000000000e+00 0.000000000000000000e+00 0.000000000000000000e+00 0.000000000000000000e+00 0.000000000000000000e+00
0.000000000000000000e+00 0.000000000000000000e+00 0.000000000000000000e+00 0.000000000000000000e+00 0.000000000000000000e+00 0.000000000000000000e+00
0.000000000000000000e+00 0.000000000000000000e+00 0.000000000000000000e+00 0.000000000000000000e+00 0.000000000000000000e+00 0.000000000000000000e+00
0.000000000000000000e+00 0.000000000000000000e+00 0.000000000000000000e+00 0.000000000000000000e+00 0.000000000000000000e+00 0.000000000000000000e+00
0.000000000000000000e+00 0.000000000000000000e+00 0.000000000000000000e+00 0.000000000000000000e+00 0.000000000000000000e+00 0.000000000000000000e+00
0.000000000000000000e+00 0.000000000000000000e+00 0.000000000000000000e+00 0.000000000000000000e+00 0.000000000000000000e+00 0.000000000000000000e+00
0.000000000000000000e+00 0.000000000000000000e+00 0.000000000000000000e+00 0.000000000000000000e+00 0.000000000000000000e+00 0.000000000000000000e+00
0.000000000000000000e+00 0.000000000000000000e+00 0.000000000000000000e+00 0.000000000000000000e+00 0.000000000000000000e+00 0.000000000000000000e+00
0.000000000000000000e+00 0.000000000000000000e+00 0.000000000000000000e+00 0.000000000000000000e+00 0.000000000000000000e+00 0.000000000000000000e+00
0.000000000000000000e+00 0.000000000000000000e+00 0.000000000000000000e+00 0.000000000000000000e+00 0.000000000000000000e+00 0.000000000000000000e+00
0.000000000000000000e+00 0.000000000000000000e+00 0.000000000000000000e+00 0.000000000000000000e+00 0.000000000000000000e+00 0.000000000000000000e+00
0.000000000000000000e+00 0.000000000000000000e+00 0.000000000000000000e+00 0.000000000000000000e+00 0.000000000000000000e+00 0.000000000000000000e+00
0.000000000000000000e+00 0.000000000000000000e+00 0.000000000000000000e+00 0.000000000000000000e+00 0.000000000000000000e+00 0.000000000000000000e+00
0.000000000000000000e+00 0.000000000000000000e+00 0.000000000000000000e+00 0.000000000000000000e+00 0.000000000000000000e+00 0.000000000000000000e+00
0.000000000000000000e+00 0.000000000000000000e+00 0.000000000000000000e+00 0.000000000000000000e+00 0.000000000000000000e+00 0.000000000000000000e+00
0.000000000000000000e+00 0.000000000000000000e+00 0.000000000000000000e+00 0.000000000000000000e+00 0.000000000000000000e+00 0.000000000000000000e+00
0.000000000000000000e+00 0.000000000000000000e+00 0.000000000000000000e+00 0.000000000000000000e+00 0.000000000000000000e+00 0.000000000000000000e+00
0.000000000000000000e+00 0.000000000000000000e+00 0.000000000000000000e+00 0.000000000000000000e+00 0.000000000000000000e+00 0.000000000000000000e+00
0.000000000000000000e+00 0.000000000000000000e+00 0.000000000000000000e+00 0.000000000000000000e+00 0.000000000000000000e+00 0.000000000000000000e+00
0.000000000000000000e+00 0.000000000000000000e+00 0.000000000000000000e+00 0.000000000000000000e+00 0.000000000000000000e+00 0.000000000000000000e+00
0.000000000000000000e+00 0.000000000000000000e+00 0.000000000000000000e+00 0.000000000000000000e+00 0.000000000000000000e+00 0.000000000000000000e+00
0.000000000000000000e+00 0.000000000000000000e+00 0.000000000000000000e+00 0.000000000000000000e+00 0.000000000000000000e+00 0.000000000000000000e+00
0.000000000000000000e+00 0.000000000000000000e+00 0.000000000000000000e+00 0.000000000000000000e+00 0.000000000000000000e+00 0.000000000000000000e+00
0.000000000000000000e+00 0.000000000000000000e+00 0.000000000000000000e+00 0.000000000000000000e+00 0.000000000000000000e+00 0.000000000000000000e+00
0.000000000000000000e+00 0.000000000000000000e+00 0.000000000000000000e+00 0.000000000000000000e+00 0.000000000000000000e+00 0.000000000000000000e+00
0.000000000000000000e+00 0.000000000000000000e+00 0.000000000000000000e+00 0.000000000000000000e+00 0.000000000000000000e+00 0.000000000000000000e+00
0.000000000000000000e+00 0.000000000000000000e+00 0.000000000000000000e+00 0.000000000000000000e+00 0.000000000000000000e+00 0.000000000000000000e+00
0.000000000000000000e+00 0.000000000000000000e+00 0.000000000000000000e+00 0.000000000000000000e+00 0.000000000000000000e+00 0.000000000000000000e+00
0.000000000000000000e+00 0.000000000000000000e+00 0.000000000000000000e+00 0.000000000000000000e+00 0.000000000000000000e+00 0.000000000000000000e+00
0.000000000000000000e+00 0.000000000000000000e+00 0.000000000000000000e+00 0.000000000000000000e+00 0.000000000000000000e+00 0.000000000000000000e+00
0.000000000000000000e+00 0.000000000000000000e+00 0.000000000000000000e+00 0.000000000000000000e+00 0.000000000000000000e+00 0.000000000000000000e+00
0.000000000000000000e+00 0.000000000000000000e+00 0.000000000000000000e+00 0.000000000000000000e+00 0.000000000000000000e+00 0.000000000000000000e+00
0.000000000000000000e+00 0.000000000000000000e+00 0.000000000000000000e+00 0.000000000000000000e+00 0.000000000000000000e+00 0.000000000000000000e+00
0.000000000000000000e+00 0.000000000000000000e+00 0.000000000000000000e+00 0.000000000000000000e+00 0.000000000000000000e+00 0.000000000000000000e+00
0.000000000000000000e+00 0.000000000000000000e+00 0.000000000000000000e+00 0.000000000000000000e+00 0.000000000000000000e+00 0.000000000000000000e+00
0.000000000000000000e+00 0.000000000000000000e+00 0.000000000000000000e+00 0.000000000000000000e+00 0.000000000000000000e+00 0.000000000000000000e+00
0.000000000000000000e+00 0.000000000000000000e+00 0.000000000000000000e+00 0.000000000000000000e+00 0.000000000000000000e+00 0.000000000000000000e+00
0.000000000000000000e+00 0.000000000000000000e+00 0.000000000000000000e+00 0.000000000000000000e+00 0.000000000000000000e+00 0.000000000000000000e+00
0.000000000000000000e+00 0.000000000000000000e+00 0.000000000000000000e+00 0.000000000000000000e+00 0.000000000000000000e+00 0.000000000000000000e+00
0.000000000000000000e+00 0.000000000000000000e+00 0.000000000000000000e+00 0.000000000000000000e+00 0.000000000000000000e+00 0.000000000000000000e+00
0.000000000000000000e+00 0.000000000000000000e+00 0.000000000000000000e+00 0.000000000000000000e+00 0.000000000000000000e+00 0.000000000000000000e+00
0.000000000000000000e+00 0.000000000000000000e+00 0.000000000000000000e+00 0.000000000000000000e+00 0.000000000000000000e+00 0.000000000000000000e+00
0.000000000000000000e+00 0.000000000000000000e+00 0.000000000000000000e+00 0.000000000000000000e+00 0.000000000000000000e+00 0.000000000000000000e+00
0.000000000000000000e+00 0.000000000000000000e+00 0.000000000000000000e+00 0.000000000000000000e+00 0.000000000000000000e+00 0.000000000000000000e+00
0.000000000000000000e+00 0.000000000000000000e+00 0.000000000000000000e+00 0.000000000000000000e+00 0.000000000000000000e+00 0.000000000000000000e+00
0.000000000000000000e+00 0.000000000000000000e+00 0.000000000000000000e+00 0.000000000000000000e+00 0.000000000000000000e+00 0.000000000000000000e+00
0.000000000000000000e+00 0.000000000000000000e+00 0.000000000000000000e+00 0.000000000000000000e+00 0.000000000000000000e+00 0.000000000000000000e+00
0.000000000000000000e+00 0.000000000000000000e+00 0.000000000000000000e+00 0.000000000000000000e+00 0.000000000000000000e+00 0.000000000000000000e+00
0.000000000000000000e+00 0.000000000000000000e+00 0.000000000000000000e+00 0.000000000000000000e+00 0.000000000000000000e+00 0.000000000000000000e+00
0.000000000000000000e+00 0.000000000000000000e+00 0.000000000000000000e+00 0.000000000000000000e+00 0.000000000000000000e+00 0.000000000000000000e+00
0.000000000000000000e+00 0.000000000000000000e+00 0.000000000000000000e+00 0.000000000000000000e+00 0.000000000000000000e+00 0.000000000000000000e+00
0.000000000000000000e+00 0.000000000000000000e+00 0.000000000000000000e+00 0.000000000000000000e+00 0.000000000000000000e+00 0.000000000000000000e+00
0.000000000000000000e+00 0.000000000000000000e+00 0.000000000000000000e+00 0.000000000000000000e+00 0.000000000000000000e+00 0.000000000000000000e+00
0.000000000000000000e+00 0.000000000000000000e+00 0.000000000000000000e+00 0.000000000000000000e+00 0.000000000000000000e+00 0.000000000000000000e+00
0.000000000000000000e+00 0.000000000000000000e+00 0.000000000000000000e+00 0.000000000000000000e+00 0.000000000000000000e+00 0.000000000000000000e+00
0.000000000000000000e+00 0.000000000000000000e+00 0.000000000000000000e+00 0.000000000000000000e+00 0.000000000000000000e+00 0.000000000000000000e+00
0.000000000000000000e+00 0.000000000000000000e+00 0.000000000000000000e+00 0.000000000000000000e+00 0.000000000000000000e+00 0.000000000000000000e+00
0.000000000000000000e+00 0.000000000000000000e+00 0.000000000000000000e+00 0.000000000000000000e+00 0.000000000000000000e+00 0.000000000000000000e+00
0.000000000000000000e+00 0.000000000000000000e+00 0.000000000000000000e+00 0.000000000000000000e+00 0.000000000000000000e+00 0.000000000000000000e+00
0.000000000000000000e+00 0.000000000000000000e+00 0.000000000000000000e+00 0.000000000000000000e+00 0.000000000000000000e+00 0.000000000000000000e+00
