0.000000000000000000e+00 8.778990450204638973e-01 0.000000000000000000e+00 7.101190476190476497e-01 0.000000000000000000e+00 3.379667484328154892e-01
5.518763796909492269e-04 1.958661417322834775e-01 0.000000000000000000e+00 3.497790868924889329e-01 0.000000000000000000e+00 1.096749905885305576e-01
0.000000000000000000e+00 9.159511974694983794e-01 0.000000000000000000e+00 3.784698713608666276e-01 0.000000000000000000e+00 2.834283209118807489e-01
0.000000000000000000e+00 9.491525423728813804e-01 0.000000000000000000e+00 0.000000000000000000e+00 0.000000000000000000e+00 2.243881308208793557e-01
8.951111111111110796e-01 2.694406548431105275e-01 7.956989247311827551e-01 8.386904761904762085e-01 0.000000000000000000e+00 5.343417825020441159e-01
5.458057395143487422e-01 3.592519685039369803e-01 7.314618644067796271e-01 1.067746686303387288e-01 0.000000000000000000e+00 4.072029112812147189e-01
4.269720101781170341e-01 2.783551739719837270e-01 6.140506891951978963e-01 1.983750846310088078e-01 3.647540983606557541e-01 3.917141604559403745e-01
0.000000000000000000e+00 3.202015574896930894e-01 3.306392358559882144e-02 0.000000000000000000e+00 1.384615384615384692e-01 1.166341780376868031e-01
7.262222222222222134e-01 9.624829467939972627e-01 9.505376344086021723e-01 9.452380952380952106e-01 9.533492822966507241e-01 9.179612973562278899e-01
5.154525386313465463e-01 0.000000000000000000e+00 7.314618644067796271e-01 0.000000000000000000e+00 0.000000000000000000e+00 2.905006901744259240e-01
4.218829516539440161e-01 5.503840939900587204e-01 0.000000000000000000e+00 1.000000000000000000e+00 0.000000000000000000e+00 3.862341078474353373e-01
4.915700737618545757e-01 0.000000000000000000e+00 0.000000000000000000e+00 0.000000000000000000e+00 0.000000000000000000e+00 1.010396361273554200e-01
0.000000000000000000e+00 8.669849931787175779e-01 0.000000000000000000e+00 7.005952380952380487e-01 0.000000000000000000e+00 3.336058871627146094e-01
5.518763796909492269e-04 2.012795275590551214e-01 0.000000000000000000e+00 3.578792341678939670e-01 0.000000000000000000e+00 1.124356882921320050e-01
0.000000000000000000e+00 9.177586985991865731e-01 0.000000000000000000e+00 3.757616790792146499e-01 0.000000000000000000e+00 2.834283209118807489e-01
0.000000000000000000e+00 9.418231791113147455e-01 0.000000000000000000e+00 0.000000000000000000e+00 0.000000000000000000e+00 2.226554039419536557e-01
8.951111111111110796e-01 1.000000000000000000e+00 7.956989247311827551e-01 8.386904761904762085e-01 0.000000000000000000e+00 6.802943581357318026e-01
0.000000000000000000e+00 0.000000000000000000e+00 6.112288135593220151e-01 8.328424153166421595e-01 0.000000000000000000e+00 2.867361023967875400e-01
0.000000000000000000e+00 2.774514234071396301e-01 6.140506891951978963e-01 1.976980365605958134e-01 3.639344262295082233e-01 2.993204734765453900e-01
0.000000000000000000e+00 3.046266605588639487e-01 8.603967670830271475e-01 0.000000000000000000e+00 1.251559251559251629e-01 2.314273337665150587e-01
7.262222222222222134e-01 9.624829467939972627e-01 9.505376344086021723e-01 9.452380952380952106e-01 9.533492822966507241e-01 9.179612973562278899e-01
5.154525386313465463e-01 0.000000000000000000e+00 7.314618644067796271e-01 0.000000000000000000e+00 0.000000000000000000e+00 2.905006901744259240e-01
4.218829516539440161e-01 5.503840939900587204e-01 0.000000000000000000e+00 1.000000000000000000e+00 0.000000000000000000e+00 3.862341078474353373e-01
4.915700737618545757e-01 0.000000000000000000e+00 0.000000000000000000e+00 0.000000000000000000e+00 0.000000000000000000e+00 1.010396361273554200e-01
6.675555555555555687e-01 1.000000000000000000e+00 0.000000000000000000e+00 9.386904761904761862e-01 0.000000000000000000e+00 5.170346143363314662e-01
1.258278145695364281e-01 1.000000000000000000e+00 0.000000000000000000e+00 1.000000000000000000e+00 0.000000000000000000e+00 4.540092859831848515e-01
5.089058524173027936e-04 1.000000000000000000e+00 0.000000000000000000e+00 3.019634394041976755e-01 0.000000000000000000e+00 2.915387987724681884e-01
2.423603793466807266e-01 1.000000000000000000e+00 0.000000000000000000e+00 0.000000000000000000e+00 9.771309771309771852e-02 3.116742473467619678e-01
0.000000000000000000e+00 3.151432469304228934e-01 0.000000000000000000e+00 9.404761904761904656e-01 1.226076555023923459e-01 3.062142273098937273e-01
0.000000000000000000e+00 0.000000000000000000e+00 0.000000000000000000e+00 1.000000000000000000e+00 0.000000000000000000e+00 1.704103400677625668e-01
5.124681933842238912e-01 2.806145503840939970e-01 0.000000000000000000e+00 1.000000000000000000e+00 9.393442622950819443e-01 4.659140727750986644e-01
0.000000000000000000e+00 5.359596885020614376e-01 2.130786186627479928e-02 0.000000000000000000e+00 9.230769230769231282e-02 1.538878059345895610e-01
8.951111111111110796e-01 4.713506139154161056e-01 9.491039426523297795e-01 9.452380952380952106e-01 9.533492822966507241e-01 8.454619787408013121e-01
5.126931567328918415e-01 0.000000000000000000e+00 7.314618644067796271e-01 0.000000000000000000e+00 0.000000000000000000e+00 2.898732588781528507e-01
4.193384223918574794e-01 5.485765928603705266e-01 0.000000000000000000e+00 1.000000000000000000e+00 0.000000000000000000e+00 3.852476983779044017e-01
4.942044257112750416e-01 0.000000000000000000e+00 3.526818515797208037e-02 0.000000000000000000e+00 0.000000000000000000e+00 1.067792939137968411e-01
0.000000000000000000e+00 4.809004092769440519e-01 0.000000000000000000e+00 0.000000000000000000e+00 6.088516746411483105e-01 2.348051240119923555e-01
0.000000000000000000e+00 3.385826771653543399e-01 0.000000000000000000e+00 0.000000000000000000e+00 9.829351535836177156e-01 1.947546743631572430e-01
3.053435114503816761e-03 2.010845006778129163e-01 0.000000000000000000e+00 0.000000000000000000e+00 5.139344262295082455e-01 1.181499342393687035e-01
0.000000000000000000e+00 3.060009161704076996e-01 0.000000000000000000e+00 0.000000000000000000e+00 5.746361746361746681e-01 2.220056313623565147e-01
8.951111111111110796e-01 2.824010914051841570e-01 0.000000000000000000e+00 9.416666666666666519e-01 0.000000000000000000e+00 4.092395748160261859e-01
5.325607064017660042e-01 0.000000000000000000e+00 6.106991525423728362e-01 8.321060382916053433e-01 0.000000000000000000e+00 4.075793700589785407e-01
0.000000000000000000e+00 2.819701762313601701e-01 5.758114717652289549e-01 0.000000000000000000e+00 0.000000000000000000e+00 2.103244191144235109e-01
0.000000000000000000e+00 3.243243243243243423e-01 3.306392358559882144e-02 0.000000000000000000e+00 6.561330561330561695e-01 2.524366471734892925e-01
7.262222222222222134e-01 9.624829467939972627e-01 9.505376344086021723e-01 9.452380952380952106e-01 9.533492822966507241e-01 9.179612973562278899e-01
5.154525386313465463e-01 0.000000000000000000e+00 7.314618644067796271e-01 0.000000000000000000e+00 0.000000000000000000e+00 2.905006901744259240e-01
4.218829516539440161e-01 5.503840939900587204e-01 0.000000000000000000e+00 1.000000000000000000e+00 0.000000000000000000e+00 3.862341078474353373e-01
4.915700737618545757e-01 0.000000000000000000e+00 0.000000000000000000e+00 0.000000000000000000e+00 0.000000000000000000e+00 1.010396361273554200e-01
0.000000000000000000e+00 4.733969986357435267e-01 0.000000000000000000e+00 0.000000000000000000e+00 3.588516746411483330e-03 9.539384028345598843e-02
0.000000000000000000e+00 3.474409448818897572e-01 0.000000000000000000e+00 5.765832106038291105e-01 0.000000000000000000e+00 1.868490400301167087e-01
5.124681933842238912e-01 0.000000000000000000e+00 4.446420631391729563e-04 1.631685849695328483e-01 0.000000000000000000e+00 1.368917141604559518e-01
0.000000000000000000e+00 3.005038937242326957e-01 0.000000000000000000e+00 1.694304253785147707e-01 0.000000000000000000e+00 9.649122807017543324e-02
0.000000000000000000e+00 2.619372442019099467e-01 0.000000000000000000e+00 2.994047619047618958e-01 0.000000000000000000e+00 1.208776233306077946e-01
0.000000000000000000e+00 0.000000000000000000e+00 0.000000000000000000e+00 1.782032400589101673e-01 0.000000000000000000e+00 3.036767473961601155e-02
0.000000000000000000e+00 0.000000000000000000e+00 0.000000000000000000e+00 4.468517264725795773e-02 0.000000000000000000e+00 7.233669443226654894e-03
0.000000000000000000e+00 3.192853870819972739e-01 0.000000000000000000e+00 3.604902667627973845e-02 1.214137214137214205e-01 1.125189517002382483e-01
7.262222222222222134e-01 9.624829467939972627e-01 9.505376344086021723e-01 9.452380952380952106e-01 9.533492822966507241e-01 9.179612973562278899e-01
5.154525386313465463e-01 0.000000000000000000e+00 7.314618644067796271e-01 0.000000000000000000e+00 0.000000000000000000e+00 2.905006901744259240e-01
4.218829516539440161e-01 5.503840939900587204e-01 0.000000000000000000e+00 1.000000000000000000e+00 0.000000000000000000e+00 3.862341078474353373e-01
4.915700737618545757e-01 0.000000000000000000e+00 0.000000000000000000e+00 0.000000000000000000e+00 0.000000000000000000e+00 1.010396361273554200e-01
0.000000000000000000e+00 0.000000000000000000e+00 0.000000000000000000e+00 0.000000000000000000e+00 0.000000000000000000e+00 0.000000000000000000e+00
0.000000000000000000e+00 0.000000000000000000e+00 0.000000000000000000e+00 0.000000000000000000e+00 0.000000000000000000e+00 0.000000000000000000e+00
0.000000000000000000e+00 0.000000000000000000e+00 0.000000000000000000e+00 0.000000000000000000e+00 0.000000000000000000e+00 0.000000000000000000e+00
0.000000000000000000e+00 0.000000000000000000e+00 0.000000000000000000e+00 0.000000000000000000e+00 0.000000000000000000e+00 0.000000000000000000e+00
0.000000000000000000e+00 0.000000000000000000e+00 0.000000000000000000e+00 0.000000000000000000e+00 0.000000000000000000e+00 0.000000000000000000e+00
0.000000000000000000e+00 0.000000000000000000e+00 0.000000000000000000e+00 0.000000000000000000e+00 0.000000000000000000e+00 0.000000000000000000e+00
0.000000000000000000e+00 0.000000000000000000e+00 0.000000000000000000e+00 0.000000000000000000e+00 0.000000000000000000e+00 0.000000000000000000e+00
0.000000000000000000e+00 0.000000000000000000e+00 0.000000000000000000e+00 0.000000000000000000e+00 0.000000000000000000e+00 0.000000000000000000e+00
0.000000000000000000e+00 0.000000000000000000e+00 0.000000000000000000e+00 0.000000000000000000e+00 0.000000000000000000e+00 0.000000000000000000e+00
0.000000000000000000e+00 0.000000000000000000e+00 0.000000000000000000e+00 0.000000000000000000e+00 0.000000000000000000e+00 0.000000000000000000e+00
0.000000000000000000e+00 0.000000000000000000e+00 0.000000000000000000e+00 0.000000000000000000e+00 0.000000000000000000e+00 0.000000000000000000e+00
0.000000000000000000e+00 0.000000000000000000e+00 0.000000000000000000e+00 0.000000000000000000e+00 0.000000000000000000e+00 0.000000000000000000e+00
0.000000000000000000e+00 0.000000000000000000e+00 0.000000000000000000e+00 0.000000000000000000e+00 0.000000000000000000e+00 0.000000000000000000e+00
0.000000000000000000e+00 0.000000000000000000e+00 0.000000000000000000e+00 0.000000000000000000e+00 0.000000000000000000e+00 0.000000000000000000e+00
0.000000000000000000e+00 0.000000000000000000e+00 0.000000000000000000e+00 0.000000000000000000e+00 0.000000000000000000e+00 0.000000000000000000e+00
0.000000000000000000e+00 0.000000000000000000e+00 0.000000000000000000e+00 0.000000000000000000e+00 0.000000000000000000e+00 0.000000000000000000e+00
0.000000000000000000e+00 0.000000000000000000e+00 0.000000000000000000e+00 0.000000000000000000e+00 0.000000000000000000e+00 0.000000000000000000e+00
0.000000000000000000e+00 0.000000000000000000e+00 0.000000000000000000e+00 0.000000000000000000e+00 0.000000000000000000e+00 0.000000000000000000e+00
0.000000000000000000e+00 0.000000000000000000e+00 0.000000000000000000e+00 0.000000000000000000e+00 0.000000000000000000e+00 0.000000000000000000e+00
0.000000000000000000e+00 0.000000000000000000e+00 0.000000000000000000e+00 0.000000000000000000e+00 0.000000000000000000e+00 0.000000000000000000e+00
0.000000000000000000e+00 0.000000000000000000e+00 0.000000000000000000e+00 0.000000000000000000e+00 0.000000000000000000e+00 0.000000000000000000e+00
0.000000000000000000e+00 0.000000000000000000e+00 0.000000000000000000e+00 0.000000000000000000e+00 0.000000000000000000e+00 0.000000000000000000e+00
0.000000000000000000e+00 0.000000000000000000e+00 0.000000000000000000e+00 0.000000000000000000e+00 0.000000000000000000e+00 0.000000000000000000e+00
0.000000000000000000e+00 0.000000000000000000e+00 0.000000000000000000e+00 0.000000000000000000e+00 0.000000000000000000e+00 0.000000000000000000e+00
0.000000000000000000e+00 0.000000000000000000e+00 0.000000000000000000e+00 0.000000000000000000e+00 0.000000000000000000e+00 0.000000000000000000e+00
0.000000000000000000e+00 0.000000000000000000e+00 0.000000000000000000e+00 0.000000000000000000e+00 0.000000000000000000e+00 0.000000000000000000e+00
0.000000000000000000e+00 0.000000000000000000e+00 0.000000000000000000e+00 0.000000000000000000e+00 0.000000000000000000e+00 0.000000000000000000e+00
0.000000000000000000e+00 0.000000000000000000e+00 0.000000000000000000e+00 0.000000000000000000e+00 0.000000000000000000e+00 0.000000000000000000e+00
0.000000000000000000e+00 0.000000000000000000e+00 0.000000000000000000e+00 0.000000000000000000e+00 0.000000000000000000e+00 0.000000000000000000e+00
0.000000000000000000e+00 0.000000000000000000e+00 0.000000000000000000e+00 0.000000000000000000e+00 0.000000000000000000e+00 0.000000000000000000e+00
0.000000000000000000e+00 0.000000000000000000e+00 0.000000000000000000e+00 0.000000000000000000e+00 0.000000000000000000e+00 0.000000000000000000e+00
0.000000000000000000e+00 0.000000000000000000e+00 0.000000000000000000e+00 0.000000000000000000e+00 0.000000000000000000e+00 0.000000000000000000e+00
0.000000000000000000e+00 0.000000000000000000e+00 0.000000000000000000e+00 0.000000000000000000e+00 0.000000000000000000e+00 0.000000000000000000e+00
0.000000000000000000e+00 0.000000000000000000e+00 0.000000000000000000e+00 0.000000000000000000e+00 0.000000000000000000e+00 0.000000000000000000e+00
0.000000000000000000e+00 0.000000000000000000e+00 0.000000000000000000e+00 0.000000000000000000e+00 0.000000000000000000e+00 0.000000000000000000e+00
0.000000000000000000e+00 0.000000000000000000e+00 0.000000000000000000e+00 0.000000000000000000e+00 0.000000000000000000e+00 0.000000000000000000e+00
0.000000000000000000e+00 0.000000000000000000e+00 0.000000000000000000e+00 0.000000000000000000e+00 0.000000000000000000e+00 0.000000000000000000e+00
0.000000000000000000e+00 0.000000000000000000e+00 0.000000000000000000e+00 0.000000000000000000e+00 0.000000000000000000e+00 0.000000000000000000e+00
0.000000000000000000e+00 0.000000000000000000e+00 0.000000000000000000e+00 0.000000000000000000e+00 0.000000000000000000e+00 0.000000000000000000e+00
0.000000000000000000e+00 0.000000000000000000e+00 0.000000000000000000e+00 0.000000000000000000e+00 0.000000000000000000e+00 0.000000000000000000e+00
0.000000000000000000e+00 0.000000000000000000e+00 0.000000000000000000e+00 0.000000000000000000e+00 0.000000000000000000e+00 0.000000000000000000e+00
0.000000000000000000e+00 0.000000000000000000e+00 0.000000000000000000e+00 0.000000000000000000e+00 0.000000000000000000e+00 0.000000000000000000e+00
0.000000000000000000e+00 0.000000000000000000e+00 0.000000000000000000e+00 0.000000000000000000e+00 0.000000000000000000e+00 0.000000000000000000e+00
0.000000000000000000e+00 0.000000000000000000e+00 0.000000000000000000e+00 0.000000000000000000e+00 0.000000000000000000e+00 0.000000000000000000e+00
0.000000000000000000e+00 0.000000000000000000e+00 0.000000000000000000e+00 0.000000000000000000e+00 0.000000000000000000e+00 0.000000000000000000e+00
0.000000000000000000e+00 0.000000000000000000e+00 0.000000000000000000e+00 0.000000000000000000e+00 0.000000000000000000e+00 0.000000000000000000e+00
0.000000000000000000e+00 0.000000000000000000e+00 0.000000000000000000e+00 0.000000000000000000e+00 0.000000000000000000e+00 0.000000000000000000e+00
0.000000000000000000e+00 0.000000000000000000e+00 0.000000000000000000e+00 0.000000000000000000e+00 0.000000000000000000e+00 0.000000000000000000e+00
0.000000000000000000e+00 0.000000000000000000e+00 0.000000000000000000e+00 0.000000000000000000e+00 0.000000000000000000e+00 0.000000000000000000e+00
0.000000000000000000e+00 0.000000000000000000e+00 0.000000000000000000e+00 0.000000000000000000e+00 0.000000000000000000e+00 0.000000000000000000e+00
0.000000000000000000e+00 0.000000000000000000e+00 0.000000000000000000e+00 0.000000000000000000e+00 0.000000000000000000e+00 0.000000000000000000e+00
0.000000000000000000e+00 0.000000000000000000e+00 0.000000000000000000e+00 0.000000000000000000e+00 0.000000000000000000e+00 0.000000000000000000e+00
0.000000000000000000e+00 0.000000000000000000e+00 0.000000000000000000e+00 0.000000000000000000e+00 0.000000000000000000e+00 0.000000000000000000e+00
0.000000000000000000e+00 0.000000000000000000e+00 0.000000000000000000e+00 0.000000000000000000e+00 0.000000000000000000e+00 0.000000000000000000e+00
0.000000000000000000e+00 0.000000000000000000e+00 0.000000000000000000e+00 0.000000000000000000e+00 0.000000000000000000e+00 0.000000000000000000e+00
0.000000000000000000e+00 0.000000000000000000e+00 0.000000000000000000e+00 0.000000000000000000e+00 0.000000000000000000e+00 0.000000000000000000e+00
0.000000000000000000e+00 0.000000000000000000e+00 0.000000000000000000e+00 0.000000000000000000e+00 0.000000000000000000e+00 0.000000000000000000e+00
0.000000000000000000e+00 0.000000000000000000e+00 0.000000000000000000e+00 0.000000000000000000e+00 0.000000000000000000e+00 0.000000000000000000e+00
0.000000000000000000e+00 0.000000000000000000e+00 0.000000000000000000e+00 0.000000000000000000e+00 0.000000000000000000e+00 0.000000000000000000e+00
0.000000000000000000e+00 0.000000000000000000e+00 0.000000000000000000e+00 0.000000000000000000e+00 0.000000000000000000e+00 0.000000000000000000e+00
