0.000000000000000000e+00 8.390177353342428423e-01 1.792114695340501704e-02 8.458333333333333259e-01 0.000000000000000000e+00 3.646770237121831348e-01
0.000000000000000000e+00 1.958661417322834775e-01 4.899364406779661008e-01 1.030927835051546372e-02 3.242320819112627928e-01 2.035387125109800466e-01
0.000000000000000000e+00 9.159511974694983794e-01 1.600711427301022838e-02 0.000000000000000000e+00 0.000000000000000000e+00 2.261069706269180080e-01
0.000000000000000000e+00 1.598717361429225770e-01 0.000000000000000000e+00 0.000000000000000000e+00 0.000000000000000000e+00 3.779510504656703740e-02
5.226666666666666128e-01 2.694406548431105275e-01 5.999999999999999778e-01 9.416666666666666519e-01 0.000000000000000000e+00 4.636140637775960638e-01
5.458057395143487422e-01 3.592519685039369803e-01 4.120762711864406902e-01 5.508100147275405423e-01 0.000000000000000000e+00 4.072029112812147189e-01
4.269720101781170341e-01 2.783551739719837270e-01 2.214317474433081245e-01 6.025727826675694038e-02 3.647540983606557541e-01 2.725778167470407909e-01
0.000000000000000000e+00 3.202015574896930894e-01 0.000000000000000000e+00 6.560922855082912397e-02 1.384615384615384692e-01 1.216157678145982218e-01
7.262222222222222134e-01 9.624829467939972627e-01 9.505376344086021723e-01 2.797619047619047672e-01 3.056220095693780170e-01 6.180158081221041044e-01
1.418322295805739541e-01 0.000000000000000000e+00 1.138771186440677985e-01 0.000000000000000000e+00 0.000000000000000000e+00 5.922951436817668752e-02
4.218829516539440161e-01 7.184816990510618784e-02 0.000000000000000000e+00 1.000000000000000000e+00 0.000000000000000000e+00 2.701665935992985657e-01
4.915700737618545757e-01 0.000000000000000000e+00 3.526818515797208037e-02 0.000000000000000000e+00 0.000000000000000000e+00 1.062378167641325477e-01
0.000000000000000000e+00 8.315143246930423171e-01 2.078853046594981990e-02 8.434523809523809534e-01 0.000000000000000000e+00 3.631779776505860147e-01
0.000000000000000000e+00 2.012795275590551214e-01 2.860169491525423741e-02 1.000000000000000000e+00 0.000000000000000000e+00 2.285104781026477683e-01
0.000000000000000000e+00 9.177586985991865731e-01 1.422854602045353460e-02 0.000000000000000000e+00 0.000000000000000000e+00 2.261069706269180080e-01
0.000000000000000000e+00 1.594136509390746692e-01 0.000000000000000000e+00 0.000000000000000000e+00 0.000000000000000000e+00 3.768680961663417595e-02
0.000000000000000000e+00 1.000000000000000000e+00 1.103942652329749086e-01 5.994047619047618847e-01 0.000000000000000000e+00 3.579994548923412512e-01
0.000000000000000000e+00 3.567913385826771422e-01 6.779661016949152519e-02 5.559646539027982559e-01 0.000000000000000000e+00 2.017819048814154803e-01
0.000000000000000000e+00 2.774514234071396301e-01 2.325477990217874602e-01 6.093432633716994173e-02 3.639344262295082233e-01 1.831433581762385021e-01
0.000000000000000000e+00 3.046266605588639487e-01 0.000000000000000000e+00 4.253785147801009137e-02 1.251559251559251629e-01 1.110028156811782574e-01
7.262222222222222134e-01 9.624829467939972627e-01 9.505376344086021723e-01 2.797619047619047672e-01 3.056220095693780170e-01 6.180158081221041044e-01
1.418322295805739541e-01 0.000000000000000000e+00 1.138771186440677985e-01 0.000000000000000000e+00 0.000000000000000000e+00 5.922951436817668752e-02
4.218829516539440161e-01 7.184816990510618784e-02 0.000000000000000000e+00 1.000000000000000000e+00 0.000000000000000000e+00 2.701665935992985657e-01
4.915700737618545757e-01 0.000000000000000000e+00 3.526818515797208037e-02 0.000000000000000000e+00 0.000000000000000000e+00 1.062378167641325477e-01
0.000000000000000000e+00 1.000000000000000000e+00 0.000000000000000000e+00 2.565476190476190244e-01 2.888755980861243966e-01 3.243390569637503162e-01
0.000000000000000000e+00 1.000000000000000000e+00 0.000000000000000000e+00 1.215022091310751090e-01 4.960182025028441188e-01 3.304053206173924173e-01
0.000000000000000000e+00 1.000000000000000000e+00 0.000000000000000000e+00 0.000000000000000000e+00 3.737704918032787038e-01 2.925252082419991240e-01
0.000000000000000000e+00 1.000000000000000000e+00 0.000000000000000000e+00 0.000000000000000000e+00 6.773388773388773210e-01 4.128221789040502632e-01
0.000000000000000000e+00 1.000000000000000000e+00 0.000000000000000000e+00 2.607142857142857317e-01 2.912679425837320646e-01 3.258381030253474919e-01
0.000000000000000000e+00 0.000000000000000000e+00 0.000000000000000000e+00 1.000000000000000000e+00 0.000000000000000000e+00 1.704103400677625668e-01
0.000000000000000000e+00 2.806145503840939970e-01 0.000000000000000000e+00 2.064996614759647964e-01 3.745901639344262346e-01 1.515782551512494525e-01
0.000000000000000000e+00 1.000000000000000000e+00 2.130786186627479928e-02 0.000000000000000000e+00 1.463617463617463699e-01 2.776694823478449425e-01
8.951111111111110796e-01 4.713506139154161056e-01 9.491039426523297795e-01 2.803571428571428603e-01 3.062200956937798924e-01 5.457890433360588212e-01
5.126931567328918415e-01 0.000000000000000000e+00 0.000000000000000000e+00 0.000000000000000000e+00 0.000000000000000000e+00 1.165767348475341969e-01
4.193384223918574794e-01 7.184816990510618784e-02 0.000000000000000000e+00 1.000000000000000000e+00 0.000000000000000000e+00 2.696185883384480397e-01
5.221285563751316694e-01 0.000000000000000000e+00 3.526818515797208037e-02 0.000000000000000000e+00 0.000000000000000000e+00 1.125189517002382483e-01
0.000000000000000000e+00 4.809004092769440519e-01 0.000000000000000000e+00 0.000000000000000000e+00 0.000000000000000000e+00 9.607522485690923875e-02
0.000000000000000000e+00 3.385826771653543399e-01 0.000000000000000000e+00 1.391752577319587680e-01 0.000000000000000000e+00 1.100514493662943932e-01
0.000000000000000000e+00 2.010845006778129163e-01 6.140506891951978963e-01 1.760324983073798324e-02 1.459016393442622850e-01 2.224901359053046979e-01
0.000000000000000000e+00 3.060009161704076996e-01 0.000000000000000000e+00 0.000000000000000000e+00 0.000000000000000000e+00 7.234134719514836998e-02
0.000000000000000000e+00 2.824010914051841570e-01 0.000000000000000000e+00 9.416666666666666519e-01 0.000000000000000000e+00 2.720087217225402032e-01
0.000000000000000000e+00 0.000000000000000000e+00 4.788135593220338992e-01 1.000000000000000000e+00 0.000000000000000000e+00 2.838499184339314807e-01
0.000000000000000000e+00 2.819701762313601701e-01 0.000000000000000000e+00 6.161137440758293615e-02 3.680327868852458773e-01 1.275756247259973719e-01
0.000000000000000000e+00 3.243243243243243423e-01 0.000000000000000000e+00 4.109589041095890183e-02 1.243243243243243312e-01 1.152263374485596736e-01
7.262222222222222134e-01 9.624829467939972627e-01 9.505376344086021723e-01 2.797619047619047672e-01 3.056220095693780170e-01 6.180158081221041044e-01
1.418322295805739541e-01 0.000000000000000000e+00 1.138771186440677985e-01 0.000000000000000000e+00 0.000000000000000000e+00 5.922951436817668752e-02
4.218829516539440161e-01 7.184816990510618784e-02 0.000000000000000000e+00 1.000000000000000000e+00 0.000000000000000000e+00 2.701665935992985657e-01
4.915700737618545757e-01 0.000000000000000000e+00 3.526818515797208037e-02 0.000000000000000000e+00 0.000000000000000000e+00 1.062378167641325477e-01
0.000000000000000000e+00 4.733969986357435267e-01 0.000000000000000000e+00 0.000000000000000000e+00 0.000000000000000000e+00 9.457617879531207694e-02
0.000000000000000000e+00 3.474409448818897572e-01 0.000000000000000000e+00 0.000000000000000000e+00 0.000000000000000000e+00 8.859329903375580406e-02
0.000000000000000000e+00 0.000000000000000000e+00 0.000000000000000000e+00 1.000000000000000000e+00 0.000000000000000000e+00 1.618807540552389401e-01
0.000000000000000000e+00 3.005038937242326957e-01 0.000000000000000000e+00 6.532083633741888606e-01 0.000000000000000000e+00 1.691574615551223737e-01
0.000000000000000000e+00 2.619372442019099467e-01 0.000000000000000000e+00 9.499999999999999556e-01 0.000000000000000000e+00 2.698282910874897911e-01
0.000000000000000000e+00 0.000000000000000000e+00 0.000000000000000000e+00 1.546391752577319645e-01 0.000000000000000000e+00 2.635211444346844192e-02
0.000000000000000000e+00 0.000000000000000000e+00 0.000000000000000000e+00 1.000000000000000000e+00 0.000000000000000000e+00 1.618807540552389401e-01
0.000000000000000000e+00 3.192853870819972739e-01 0.000000000000000000e+00 3.604902667627973845e-02 1.214137214137214205e-01 1.125189517002382483e-01
7.262222222222222134e-01 9.624829467939972627e-01 9.505376344086021723e-01 2.797619047619047672e-01 3.056220095693780170e-01 6.180158081221041044e-01
1.418322295805739541e-01 0.000000000000000000e+00 1.138771186440677985e-01 0.000000000000000000e+00 0.000000000000000000e+00 5.922951436817668752e-02
4.218829516539440161e-01 7.184816990510618784e-02 0.000000000000000000e+00 1.000000000000000000e+00 0.000000000000000000e+00 2.701665935992985657e-01
4.915700737618545757e-01 0.000000000000000000e+00 3.526818515797208037e-02 0.000000000000000000e+00 0.000000000000000000e+00 1.062378167641325477e-01
0.000000000000000000e+00 0.000000000000000000e+00 0.000000000000000000e+00 0.000000000000000000e+00 0.000000000000000000e+00 0.000000000000000000e+00
0.000000000000000000e+00 0.000000000000000000e+00 0.000000000000000000e+00 0.000000000000000000e+00 0.000000000000000000e+00 0.000000000000000000e+00
0.000000000000000000e+00 0.000000000000000000e+00 0.000000000000000000e+00 0.000000000000000000e+00 0.000000000000000000e+00 0.000000000000000000e+00
0.000000000000000000e+00 0.000000000000000000e+00 0.000000000000000000e+00 0.000000000000000000e+00 0.000000000000000000e+00 0.000000000000000000e+00
0.000000000000000000e+00 0.000000000000000000e+00 0.000000000000000000e+00 0.000000000000000000e+00 0.000000000000000000e+00 0.000000000000000000e+00
0.000000000000000000e+00 0.000000000000000000e+00 0.000000000000000000e+00 0.000000000000000000e+00 0.000000000000000000e+00 0.000000000000000000e+00
0.000000000000000000e+00 0.000000000000000000e+00 0.000000000000000000e+00 0.000000000000000000e+00 0.000000000000000000e+00 0.000000000000000000e+00
0.000000000000000000e+00 0.000000000000000000e+00 0.000000000000000000e+00 0.000000000000000000e+00 0.000000000000000000e+00 0.000000000000000000e+00
0.000000000000000000e+00 0.000000000000000000e+00 0.000000000000000000e+00 0.000000000000000000e+00 0.000000000000000000e+00 0.000000000000000000e+00
0.000000000000000000e+00 0.000000000000000000e+00 0.000000000000000000e+00 0.000000000000000000e+00 0.000000000000000000e+00 0.000000000000000000e+00
0.000000000000000000e+00 0.000000000000000000e+00 0.000000000000000000e+00 0.000000000000000000e+00 0.000000000000000000e+00 0.000000000000000000e+00
0.000000000000000000e+00 0.000000000000000000e+00 0.000000000000000000e+00 0.000000000000000000e+00 0.000000000000000000e+00 0.000000000000000000e+00
0.000000000000000000e+00 0.000000000000000000e+00 0.000000000000000000e+00 0.000000000000000000e+00 0.000000000000000000e+00 0.000000000000000000e+00
0.000000000000000000e+00 0.000000000000000000e+00 0.000000000000000000e+00 0.000000000000000000e+00 0.000000000000000000e+00 0.000000000000000000e+00
0.000000000000000000e+00 0.000000000000000000e+00 0.000000000000000000e+00 0.000000000000000000e+00 0.000000000000000000e+00 0.000000000000000000e+00
0.000000000000000000e+00 0.000000000000000000e+00 0.000000000000000000e+00 0.000000000000000000e+00 0.000000000000000000e+00 0.000000000000000000e+00
0.000000000000000000e+00 0.000000000000000000e+00 0.000000000000000000e+00 0.000000000000000000e+00 0.000000000000000000e+00 0.000000000000000000e+00
0.000000000000000000e+00 0.000000000000000000e+00 0.000000000000000000e+00 0.000000000000000000e+00 0.000000000000000000e+00 0.000000000000000000e+00
0.000000000000000000e+00 0.000000000000000000e+00 0.000000000000000000e+00 0.000000000000000000e+00 0.000000000000000000e+00 0.000000000000000000e+00
0.000000000000000000e+00 0.000000000000000000e+00 0.000000000000000000e+00 0.000000000000000000e+00 0.000000000000000000e+00 0.000000000000000000e+00
0.000000000000000000e+00 0.000000000000000000e+00 0.000000000000000000e+00 0.000000000000000000e+00 0.000000000000000000e+00 0.000000000000000000e+00
0.000000000000000000e+00 0.000000000000000000e+00 0.000000000000000000e+00 0.000000000000000000e+00 0.000000000000000000e+00 0.000000000000000000e+00
0.000000000000000000e+00 0.000000000000000000e+00 0.000000000000000000e+00 0.000000000000000000e+00 0.000000000000000000e+00 0.000000000000000000e+00
0.000000000000000000e+00 0.000000000000000000e+00 0.000000000000000000e+00 0.000000000000000000e+00 0.000000000000000000e+00 0.000000000000000000e+00
0.000000000000000000e+00 0.000000000000000000e+00 0.000000000000000000e+00 0.000000000000000000e+00 0.000000000000000000e+00 0.000000000000000000e+00
0.000000000000000000e+00 0.000000000000000000e+00 0.000000000000000000e+00 0.000000000000000000e+00 0.000000000000000000e+00 0.000000000000000000e+00
0.000000000000000000e+00 0.000000000000000000e+00 0.000000000000000000e+00 0.000000000000000000e+00 0.000000000000000000e+00 0.000000000000000000e+00
0.000000000000000000e+00 0.000000000000000000e+00 0.000000000000000000e+00 0.000000000000000000e+00 0.000000000000000000e+00 0.000000000000000000e+00
0.000000000000000000e+00 0.000000000000000000e+00 0.000000000000000000e+00 0.000000000000000000e+00 0.000000000000000000e+00 0.000000000000000000e+00
0.000000000000000000e+00 0.000000000000000000e+00 0.000000000000000000e+00 0.000000000000000000e+00 0.000000000000000000e+00 0.000000000000000000e+00
0.000000000000000000e+00 0.000000000000000000e+00 0.000000000000000000e+00 0.000000000000000000e+00 0.000000000000000000e+00 0.000000000000000000e+00
0.000000000000000000e+00 0.000000000000000000e+00 0.000000000000000000e+00 0.000000000000000000e+00 0.000000000000000000e+00 0.000000000000000000e+00
0.000000000000000000e+00 0.000000000000000000e+00 0.000000000000000000e+00 0.000000000000000000e+00 0.000000000000000000e+00 0.000000000000000000e+00
0.000000000000000000e+00 0.000000000000000000e+00 0.000000000000000000e+00 0.000000000000000000e+00 0.000000000000000000e+00 0.000000000000000000e+00
0.000000000000000000e+00 0.000000000000000000e+00 0.000000000000000000e+00 0.000000000000000000e+00 0.000000000000000000e+00 0.000000000000000000e+00
0.000000000000000000e+00 0.000000000000000000e+00 0.000000000000000000e+00 0.000000000000000000e+00 0.000000000000000000e+00 0.000000000000000000e+00
0.000000000000000000e+00 0.000000000000000000e+00 0.000000000000000000e+00 0.000000000000000000e+00 0.000000000000000000e+00 0.000000000000000000e+00
0.000000000000000000e+00 0.000000000000000000e+00 0.000000000000000000e+00 0.000000000000000000e+00 0.000000000000000000e+00 0.000000000000000000e+00
0.000000000000000000e+00 0.000000000000000000e+00 0.000000000000000000e+00 0.000000000000000000e+00 0.000000000000000000e+00 0.000000000000000000e+00
0.000000000000000000e+00 0.000000000000000000e+00 0.000000000000000000e+00 0.000000000000000000e+00 0.000000000000000000e+00 0.000000000000000000e+00
0.000000000000000000e+00 0.000000000000000000e+00 0.000000000000000000e+00 0.000000000000000000e+00 0.000000000000000000e+00 0.000000000000000000e+00
0.000000000000000000e+00 0.000000000000000000e+00 0.000000000000000000e+00 0.000000000000000000e+00 0.000000000000000000e+00 0.000000000000000000e+00
0.000000000000000000e+00 0.000000000000000000e+00 0.000000000000000000e+00 0.000000000000000000e+00 0.000000000000000000e+00 0.000000000000000000e+00
0.000000000000000000e+00 0.000000000000000000e+00 0.000000000000000000e+00 0.000000000000000000e+00 0.000000000000000000e+00 0.000000000000000000e+00
0.000000000000000000e+00 0.000000000000000000e+00 0.000000000000000000e+00 0.000000000000000000e+00 0.000000000000000000e+00 0.000000000000000000e+00
0.000000000000000000e+00 0.000000000000000000e+00 0.000000000000000000e+00 0.000000000000000000e+00 0.000000000000000000e+00 0.000000000000000000e+00
0.000000000000000000e+00 0.000000000000000000e+00 0.000000000000000000e+00 0.000000000000000000e+00 0.000000000000000000e+00 0.000000000000000000e+00
0.000000000000000000e+00 0.000000000000000000e+00 0.000000000000000000e+00 0.000000000000000000e+00 0.000000000000000000e+00 0.000000000000000000e+00
0.000000000000000000e+00 0.000000000000000000e+00 0.000000000000000000e+00 0.000000000000000000e+00 0.000000000000000000e+00 0.000000000000000000e+00
0.000000000000000000e+00 0.000000000000000000e+00 0.000000000000000000e+00 0.000000000000000000e+00 0.000000000000000000e+00 0.000000000000000000e+00
0.000000000000000000e+00 0.000000000000000000e+00 0.000000000000000000e+00 0.000000000000000000e+00 0.000000000000000000e+00 0.000000000000000000e+00
0.000000000000000000e+00 0.000000000000000000e+00 0.000000000000000000e+00 0.000000000000000000e+00 0.000000000000000000e+00 0.000000000000000000e+00
0.000000000000000000e+00 0.000000000000000000e+00 0.000000000000000000e+00 0.000000000000000000e+00 0.000000000000000000e+00 0.000000000000000000e+00
0.000000000000000000e+00 0.000000000000000000e+00 0.000000000000000000e+00 0.000000000000000000e+00 0.000000000000000000e+00 0.000000000000000000e+00
0.000000000000000000e+00 0.000000000000000000e+00 0.000000000000000000e+00 0.000000000000000000e+00 0.000000000000000000e+00 0.000000000000000000e+00
0.000000000000000000e+00 0.000000000000000000e+00 0.000000000000000000e+00 0.000000000000000000e+00 0.000000000000000000e+00 0.000000000000000000e+00
0.000000000000000000e+00 0.000000000000000000e+00 0.000000000000000000e+00 0.000000000000000000e+00 0.000000000000000000e+00 0.000000000000000000e+00
0.000000000000000000e+00 0.000000000000000000e+00 0.000000000000000000e+00 0.000000000000000000e+00 0.000000000000000000e+00 0.000000000000000000e+00
0.000000000000000000e+00 0.000000000000000000e+00 0.000000000000000000e+00 0.000000000000000000e+00 0.000000000000000000e+00 0.000000000000000000e+00
0.000000000000000000e+00 0.000000000000000000e+00 0.000000000000000000e+00 0.000000000000000000e+00 0.000000000000000000e+00 0.000000000000000000e+00
