5.194711858484283296e-01 -4.747082824159858383e-01 3.577688953077722833e-01
5.195260231648465288e-01 -4.746422486671081908e-01 3.578091720892858651e-01
5.194413517729711272e-01 -4.747142899733407528e-01 3.577838013913655635e-01
5.195053108532091679e-01 -4.746664646443403690e-01 3.578244729168312821e-01
5.195071018386515638e-01 -4.746580105903674962e-01 3.577317164715659858e-01
5.194564577391421745e-01 -4.747173078895490228e-01 3.578214947891440456e-01
5.194956027488496497e-01 -4.746508720880922572e-01 3.578008391689491141e-01
5.194685743356632912e-01 -4.747119101821018483e-01 3.577407219913669723e-01
5.195120587467447759e-01 -4.746569800269747619e-01 3.578280974938264358e-01
5.194570005803689217e-01 -4.747250257940442419e-01 3.577826749289941821e-01
5.195018957922586944e-01 -4.746567883243110741e-01 3.578180010699846259e-01
5.194551351359509850e-01 -4.747198430733651775e-01 3.577498225101719553e-01
5.194767929838592924e-01 -4.746719747945077894e-01 3.578361202640193417e-01
5.195107593876379104e-01 -4.746583599717981716e-01 3.577004225354396549e-01
5.194805915603524227e-01 -4.746791057431462013e-01 3.578675269875120635e-01
5.195077113307038363e-01 -4.746485422656965270e-01 3.577475274663951543e-01
5.194957628456611243e-01 -4.746643239612196030e-01 3.578460382160574826e-01
5.194600805769835628e-01 -4.747150376158049689e-01 3.577665206931402442e-01
5.194772936112499462e-01 -4.746718801897173434e-01 3.578602404198857334e-01
5.195157116822545218e-01 -4.746643424697773450e-01 3.577418625479926728e-01
5.194544034615329320e-01 -4.747146486310219182e-01 3.578447196132320540e-01
5.195077614409947531e-01 -4.746478623279093978e-01 3.577811627683372686e-01
5.194539335266377122e-01 -4.747079185696857495e-01 3.577466375093840134e-01
5.194897489666883139e-01 -4.746571818761041728e-01 3.578372202514660816e-01
5.194478328376956888e-01 -4.747336280332864478e-01 3.577568757727219162e-01
5.194972884803104041e-01 -4.746589436794277916e-01 3.577456725429773443e-01
5.194579747711862705e-01 -4.746913617291425580e-01 3.578414782043837228e-01
5.194886562318203893e-01 -4.746856638660856276e-01 3.577293207367301942e-01
5.195121766019206166e-01 -4.746449632937595475e-01 3.578095610059889853e-01
5.194689477138191291e-01 -4.747114682497454718e-01 3.577143372455373616e-01
5.194623001961612418e-01 -4.746950365606247280e-01 3.578214037620833787e-01
5.194512190721141121e-01 -4.747043218493117722e-01 3.577286517394129284e-01
5.194988533725822810e-01 -4.746717224699880111e-01 3.578358119277444405e-01
5.195212590184685730e-01 -4.746576230762016291e-01 3.577586235355354471e-01
5.194570323387910360e-01 -4.747146893792026368e-01 3.578327394977273146e-01
5.194960763128715353e-01 -4.746825263744213763e-01 3.577393496808342621e-01
5.195077700412612520e-01 -4.746508573945348308e-01 3.578452817581171397e-01
5.194785851315325553e-01 -4.747016260936550158e-01 3.577455482131313147e-01
5.195100337286874259e-01 -4.746411425969728204e-01 3.578038100075737749e-01
5.194493791275587302e-01 -4.747145932640994825e-01 3.577415214492188911e-01
5.194831510866207980e-01 -4.746820593533747079e-01 3.578382750479475738e-01
5.195133214033367253e-01 -4.746578402142855313e-01 3.577582013497631053e-01
5.194794820564908600e-01 -4.746795951576919803e-01 3.578569716578063886e-01
5.194695527390401635e-01 -4.747009895299688642e-01 3.577300859648605558e-01
5.195286568089010348e-01 -4.746469647675451986e-01 3.577979171777153633e-01
5.194577940176082764e-01 -4.747115489273713851e-01 3.577292889413844490e-01
5.195071357958955804e-01 -4.746538617624678769e-01 3.577959116757202240e-01
5.194629757094296751e-01 -4.747189735518026477e-01 3.577444385470719412e-01
5.194479514473449022e-01 -4.747150528367783950e-01 3.578331067564858303e-01
5.194593404944212178e-01 -4.747047776780079498e-01 3.577246560886828686e-01
5.194815591949683009e-01 -4.746980468238347628e-01 3.578390436609318881e-01
5.194963188743337845e-01 -4.746794520261665151e-01 3.577221244622602603e-01
5.194521482404783619e-01 -4.747258247142538412e-01 3.577775090624958354e-01
5.195042779124469101e-01 -4.746415675591477701e-01 3.577982942340745542e-01
5.194632808110194455e-01 -4.747086747703472831e-01 3.577126658952128335e-01
5.194663731360484871e-01 -4.747121917840890215e-01 3.578223622172850282e-01
5.195158854027022155e-01 -4.746521174813599919e-01 3.577826402252225479e-01
5.194429906187938428e-01 -4.747022017533242266e-01 3.578283820679753480e-01
5.194713739785655759e-01 -4.746870899209176820e-01 3.577233519715914412e-01
5.195051068021004914e-01 -4.746539331250245741e-01 3.578157330377919609e-01
5.194586221976631446e-01 -4.747200700504556892e-01 3.577257815926194739e-01
5.194872044076812578e-01 -4.746763446247826423e-01 3.578287037556580064e-01
5.195209527233529689e-01 -4.746522944705127700e-01 3.577614879499508849e-01
5.194602535413023192e-01 -4.747202121035625777e-01 3.578383611544548870e-01
5.195229230938562814e-01 -4.746413010906738172e-01 3.577426238660810220e-01
5.194518088383204280e-01 -4.747097909798851934e-01 3.577568985299271476e-01
5.194733946054281848e-01 -4.746817417566459585e-01 3.578404626075453732e-01
5.194575393972693522e-01 -4.747075111257570978e-01 3.577412734356255619e-01
5.194651079898167101e-01 -4.747117772703502991e-01 3.578156508769774202e-01
5.195185680474375678e-01 -4.746537296671510253e-01 3.577620462629959031e-01
5.194764669034651616e-01 -4.746905615943106671e-01 3.578424347631384839e-01
5.194571416572424383e-01 -4.747312043478862931e-01 3.577597814980583713e-01
5.194879657572303300e-01 -4.746574191531865439e-01 3.578429353961740667e-01
5.194587693635370762e-01 -4.747144549633725008e-01 3.577349757266157226e-01
5.194731121794965434e-01 -4.746927295116040169e-01 3.578286059269168984e-01
5.195133111194033537e-01 -4.746503950145118944e-01 3.577590205076781604e-01
5.194630567955470513e-01 -4.747027028440488072e-01 3.578405038056599596e-01
5.194849690035112655e-01 -4.746957512159333259e-01 3.576931812521377818e-01
5.194783565280270965e-01 -4.746829513631536934e-01 3.578655166991346892e-01
5.194668756070048854e-01 -4.747258823181129128e-01 3.577641249003487012e-01
5.194976761411045363e-01 -4.746449282395308611e-01 3.577694625971410414e-01
5.194862903105146312e-01 -4.746681267083986411e-01 3.578548898626598973e-01
5.194475349567404532e-01 -4.747137040773514727e-01 3.577564418402753299e-01
5.194779485225461402e-01 -4.746865380604824991e-01 3.578595903970917536e-01
5.194734065931962963e-01 -4.746968729205216508e-01 3.577274693768721092e-01
5.194855999430049165e-01 -4.746934863479185251e-01 3.578547583153017242e-01
5.194890480857623505e-01 -4.746913935801727602e-01 3.577362901548332141e-01
5.195053880969924265e-01 -4.746503484504052128e-01 3.578356929802847253e-01
5.194582726712199117e-01 -4.747072741038245725e-01 3.578175276079194056e-01
5.195157919574711070e-01 -4.746349353233247359e-01 3.577949894935342212e-01
5.194712264081732256e-01 -4.747121972330049511e-01 3.577383475682424652e-01
5.195211343539668514e-01 -4.746518567654234855e-01 3.578040932362220317e-01
5.194955423878071521e-01 -4.746884593462680768e-01 3.577341139522502989e-01
5.194648607834655429e-01 -4.746951473859826742e-01 3.578496572173274215e-01
5.194618800507060374e-01 -4.747087488684124112e-01 3.577545675954066362e-01
5.195232938319649385e-01 -4.746451991172914719e-01 3.577720627100380302e-01
5.194453842898326679e-01 -4.747168822429648771e-01 3.577525343652911971e-01
5.195175600014061423e-01 -4.746538839394752740e-01 3.577634144787021353e-01
5.194810558513949239e-01 -4.746808870542833514e-01 3.578318009012705914e-01
5.194596042782424483e-01 -4.747163879841440615e-01 3.577464700746276205e-01
5.194851259634241103e-01 -4.746612878828426196e-01 3.578546910376397272e-01
5.195040612821932857e-01 -4.746562132121035504e-01 3.577601245837582766e-01
5.194476433407331228e-01 -4.747185837913684980e-01 3.578055807664389243e-01
5.195095704703338590e-01 -4.746390286711110185e-01 3.577549691663660103e-01
5.194519371519361606e-01 -4.747272621690612482e-01 3.577852360709530277e-01
5.195179017513971154e-01 -4.746365241684106784e-01 3.577611994560968567e-01
5.194601881088349860e-01 -4.747127750746678032e-01 3.577641536726202665e-01
5.194791477243335676e-01 -4.746707521011783171e-01 3.578358168707342912e-01
5.194588400535739003e-01 -4.747278331996919731e-01 3.577452301618764818e-01
5.194969426362023857e-01 -4.746822874507514167e-01 3.578502151121839003e-01
5.194608257439975452e-01 -4.747185160697812711e-01 3.577702037549745917e-01
5.195156822782279749e-01 -4.746617080043123993e-01 3.577651032036377465e-01
5.194718984302796327e-01 -4.746968940210590793e-01 3.578545019024358398e-01
5.194891805883887770e-01 -4.746956916071454202e-01 3.577057418155922264e-01
5.195190818443349290e-01 -4.746483404701470343e-01 3.577991726525805993e-01
5.194950194833298784e-01 -4.746927881965632978e-01 3.577355708988771976e-01
5.194564126756191502e-01 -4.746984251400581112e-01 3.578315251021955135e-01
5.194734368492798238e-01 -4.746968289363063254e-01 3.577373883354648676e-01
5.195205176696178206e-01 -4.746399781427050879e-01 3.577849447627004520e-01
5.194891209389570497e-01 -4.746623768331812987e-01 3.578547865432350483e-01
5.194704964974804495e-01 -4.747216237660880633e-01 3.577735559055313930e-01
5.195161100253420372e-01 -4.746430193989436552e-01 3.577707029839694575e-01
5.194441422211697468e-01 -4.747168940061100018e-01 3.577590280622888752e-01
5.195033835653303234e-01 -4.746586327985535814e-01 3.577674097488544591e-01
5.194627661344818348e-01 -4.746820497088511392e-01 3.578557504664187094e-01
5.195069140157637655e-01 -4.746590769224838247e-01 3.577407046750619157e-01
5.194610820409780727e-01 -4.747248633131762041e-01 3.577794937717065360e-01
5.195131829304830973e-01 -4.746596785109285510e-01 3.578203939123536514e-01
5.194592993916143930e-01 -4.747388604484237828e-01 3.577710686355709546e-01
5.195095705651214812e-01 -4.746469907205809191e-01 3.577791883877817214e-01
5.194647108501720956e-01 -4.746995821482022926e-01 3.577499922086966877e-01
5.194829451835153433e-01 -4.746768432774691182e-01 3.578539005613191604e-01
5.194706901496916052e-01 -4.747048571046509902e-01 3.577244513527564340e-01
5.194794166203385855e-01 -4.746953647992889769e-01 3.578344208869813636e-01
5.194872963120859000e-01 -4.746932071217699334e-01 3.577395210211851140e-01
5.195170786634190074e-01 -4.746415999545202102e-01 3.577888655892292880e-01
5.194642876658621677e-01 -4.746990200044590158e-01 3.578300212329865726e-01
5.194634248178771063e-01 -4.746835988724262267e-01 3.577489167258789404e-01
5.195375308687026905e-01 -4.746239095139422326e-01 3.577958836839181256e-01
5.195240643874793340e-01 -4.745715020877445678e-01 3.580863682581084118e-01
5.198233318350627963e-01 -4.741316447592390237e-01 3.582395423652319222e-01
5.200858580883084281e-01 -4.738728462069017322e-01 3.582249521292699135e-01
5.201130622555000249e-01 -4.738283687817208545e-01 3.581323796666994186e-01
5.203459546702673411e-01 -4.735391900728855297e-01 3.582337023237975870e-01
5.203623427250058109e-01 -4.735359573242159947e-01 3.581439093061128953e-01
5.209221895127362778e-01 -4.729365687201215751e-01 3.580764822659764923e-01
5.210741019417002295e-01 -4.729364975943193827e-01 3.576124531137102047e-01
5.211693336252237740e-01 -4.730743021056950659e-01 3.571879882493528835e-01
5.212392843574963353e-01 -4.730356536435788573e-01 3.572223728575062984e-01
5.212324727306612004e-01 -4.730935430347754656e-01 3.571134370423613147e-01
5.217108416776292668e-01 -4.732236470423302754e-01 3.565238538958211967e-01
5.226417962142791973e-01 -4.735938900515792027e-01 3.558989218059112614e-01
5.234684727664817849e-01 -4.740603392549334050e-01 3.554618588097442911e-01
5.240063600904889540e-01 -4.743568335848236672e-01 3.553095803072049974e-01
5.252151757825174183e-01 -4.750675940028949995e-01 3.551194734853720947e-01
5.285216783915790417e-01 -4.770365488001997445e-01 3.548759005142129719e-01
5.309895329880148784e-01 -4.788246128237062527e-01 3.547125693449579287e-01
5.323589522102777361e-01 -4.799636687972398397e-01 3.546058133094603937e-01
5.358973733943581674e-01 -4.828662423601859377e-01 3.540796478634752331e-01
5.371108932013903825e-01 -4.841007636496709177e-01 3.537413806400278027e-01
5.376351631718291335e-01 -4.845046412717857742e-01 3.536722710426020710e-01
5.385393087546527235e-01 -4.854837655436688437e-01 3.533321868925718978e-01
5.394240337426280396e-01 -4.864074883379983505e-01 3.528368147708055291e-01
5.403252768894395430e-01 -4.872649892817967343e-01 3.522111082921112191e-01
5.414881075975621627e-01 -4.885181159928183581e-01 3.511379261851696465e-01
5.426522875393384737e-01 -4.895969881317364658e-01 3.496650110842976500e-01
5.440863791153239815e-01 -4.907311002114734810e-01 3.473564488916598414e-01
5.452079070356439239e-01 -4.914877227787722291e-01 3.448789143012983005e-01
5.460068702634495175e-01 -4.919125002181495288e-01 3.423951046088483108e-01
5.468479038088069899e-01 -4.921332629083862709e-01 3.391729736545033846e-01
5.474419987007904664e-01 -4.920439594952200069e-01 3.366777461062193666e-01
5.481982061361816427e-01 -4.916720384732987115e-01 3.329634437055246643e-01
5.489958648476975789e-01 -4.909039847924282496e-01 3.285433235700593313e-01
5.497931361172990750e-01 -4.897230821234447862e-01 3.235691820979687550e-01
5.503221540724800853e-01 -4.885973450698620768e-01 3.195915661382271455e-01
5.508731366855522671e-01 -4.869074612702265492e-01 3.147097900510588131e-01
5.512125358963029242e-01 -4.855398069744169542e-01 3.114762424007110342e-01
5.514357839266138539e-01 -4.840740241152989287e-01 3.083101136063038372e-01
5.515758226431102251e-01 -4.818606147470252954e-01 3.034356856654702450e-01
5.515754493090461175e-01 -4.791908624003985984e-01 2.981054645784979029e-01
5.512017402774219699e-01 -4.773261292397719679e-01 2.937778209155041398e-01
5.504729096126089738e-01 -4.759594432555649401e-01 2.899769932905057468e-01
5.488168687474748175e-01 -4.741476230413775861e-01 2.842607409128429241e-01
5.479936619812230125e-01 -4.733825396345338610e-01 2.818404196703311326e-01
5.464917732103684589e-01 -4.722743161330882899e-01 2.780371138171198742e-01
5.429035898837791807e-01 -4.684188485395572865e-01 2.677821495840502219e-01
5.406568348830524950e-01 -4.656718544561766482e-01 2.613667940230651743e-01
5.388037511716948780e-01 -4.634246782840812928e-01 2.565345881987504684e-01
5.368450207826184206e-01 -4.612774098342831142e-01 2.517880850964550055e-01
5.348044248854009197e-01 -4.593533736851451166e-01 2.477054907967726205e-01
5.339300942186707699e-01 -4.588319465327562741e-01 2.464482006968781169e-01
5.328114289919950730e-01 -4.581912312913958840e-01 2.451109470433883997e-01
5.316904717147460380e-01 -4.578170838550858490e-01 2.441194388621234779e-01
5.305260494634174151e-01 -4.576667348541098579e-01 2.436712199234200571e-01
5.293417898534638066e-01 -4.577618654267375797e-01 2.434707783671368198e-01
5.287487952977374395e-01 -4.579436020343596869e-01 2.434293723441632307e-01
5.283451294646640539e-01 -4.582082629799860696e-01 2.434283835762110493e-01
5.280524596493281209e-01 -4.584752229425639869e-01 2.435613093628249404e-01
5.272494623781951439e-01 -4.591946606050505419e-01 2.436495931038000218e-01
5.257514881140464835e-01 -4.602000709277113133e-01 2.434492733093074623e-01
5.259752001823179146e-01 -4.599679216081135058e-01 2.434773566877601048e-01
5.259391981348989775e-01 -4.600176641116315301e-01 2.434146625286597865e-01
5.261111684616541773e-01 -4.597933066009475267e-01 2.433523396048277165e-01
5.261381877725501699e-01 -4.597604915809589410e-01 2.434304726184132739e-01
5.262203249378217818e-01 -4.596698722496774803e-01 2.432551860627012452e-01
5.263574093197260773e-01 -4.595045619498751566e-01 2.431988960548250867e-01
5.268953244489504861e-01 -4.589633431687844545e-01 2.431979099699733138e-01
5.278584055032300437e-01 -4.580455316033672508e-01 2.433074913727884814e-01
5.302376064953767676e-01 -4.557182882054758299e-01 2.432604868812314747e-01
5.307749592172843478e-01 -4.552364886757815921e-01 2.433698678907638135e-01
5.350827391095049901e-01 -4.509758261500348420e-01 2.433809106915348908e-01
5.386333114016326196e-01 -4.475407701507639335e-01 2.436248182127625506e-01
5.405157585319730895e-01 -4.458158356468380212e-01 2.439467250965664524e-01
5.432432751641436131e-01 -4.436928345144720565e-01 2.448217828669164153e-01
5.435288980223457189e-01 -4.434108377447482097e-01 2.447832993985237793e-01
5.437197171104060089e-01 -4.432835001850721213e-01 2.449054955755993190e-01
5.441981008565833777e-01 -4.428709769012614261e-01 2.449707505419372322e-01
5.453850784593420320e-01 -4.420238546852660044e-01 2.457004865972134966e-01
5.458935529786296259e-01 -4.415833155741543670e-01 2.457303954623098752e-01
5.458909314923977574e-01 -4.415605885992918700e-01 2.458122583264827354e-01
5.459181088736293486e-01 -4.415457526954657541e-01 2.457171246736374881e-01
5.459495074042958196e-01 -4.415358693638697374e-01 2.458399306928359673e-01
5.459244002780827554e-01 -4.414602463617279260e-01 2.455502048641670099e-01
5.458311179990124051e-01 -4.415098473830467163e-01 2.453781810054479207e-01
5.455631679550037028e-01 -4.418553496923341428e-01 2.452330495314756220e-01
5.443872996453311686e-01 -4.432159887547340027e-01 2.451232969072246470e-01
5.435689055946919535e-01 -4.442165221084647397e-01 2.448220102668136056e-01
5.433267114819642085e-01 -4.445199192336198313e-01 2.448594217805762918e-01
5.423925564782734465e-01 -4.456375282666506510e-01 2.446121412864148970e-01
5.422518976922017231e-01 -4.458239576613473032e-01 2.446856619516738496e-01
5.411777912453378248e-01 -4.470342099557287341e-01 2.444438166445985494e-01
5.409564914051936402e-01 -4.472542632718707334e-01 2.443066641105508530e-01
5.406093690549422792e-01 -4.477210164700086703e-01 2.443024203965183938e-01
5.396357672594536137e-01 -4.489371927591158107e-01 2.439285965195908956e-01
5.388174120729203320e-01 -4.499943588534381922e-01 2.438174573059356254e-01
5.384769265543967176e-01 -4.503745613543458370e-01 2.436628379798512489e-01
5.383415558183999305e-01 -4.505233243379385133e-01 2.433318890210613428e-01
5.383276108510828273e-01 -4.505417115937888628e-01 2.423418222851352888e-01
5.380282926523245468e-01 -4.511023409207554624e-01 2.391864999620739174e-01
5.372445515110803038e-01 -4.517939058351277959e-01 2.356201683259549484e-01
5.352507570702588202e-01 -4.528859958962467847e-01 2.297288619204604365e-01
5.338972340910328462e-01 -4.535768597467550456e-01 2.261128743678367803e-01
5.324701071584205803e-01 -4.543007193088607343e-01 2.231452634477032182e-01
5.309322121277449957e-01 -4.551043169594944926e-01 2.202271576624528215e-01
5.298137536221744215e-01 -4.556577085621860146e-01 2.184587693725085766e-01
5.278017487550046294e-01 -4.566614237677468213e-01 2.157578628843997981e-01
5.265945616190449430e-01 -4.572687567875621806e-01 2.144170093618521511e-01
5.249070789708230045e-01 -4.581949266907908713e-01 2.129779675204068745e-01
5.230034487531968201e-01 -4.592235664476090884e-01 2.118026443420136240e-01
5.207350299739818000e-01 -4.606182305468822236e-01 2.107251579625513127e-01
5.192813769454336370e-01 -4.617766622715138158e-01 2.102371498158247531e-01
5.167394241158858037e-01 -4.645773502610896499e-01 2.101740705323028868e-01
5.165412886918544499e-01 -4.647573211926703807e-01 2.100951835852396810e-01
5.160759811854828127e-01 -4.652760915519885687e-01 2.101694759282889957e-01
5.141394347111262197e-01 -4.673549371724349810e-01 2.099699989553837631e-01
5.139422746750091919e-01 -4.670563836719197059e-01 2.092433918542653815e-01
5.131984977132781900e-01 -4.659172908393428014e-01 2.048928798836616161e-01
5.127558587484092323e-01 -4.652656996332298345e-01 2.006634924262736264e-01
5.127293224088733670e-01 -4.650515311229548310e-01 1.992327833985735874e-01
5.129145794020631977e-01 -4.649017591470216426e-01 1.984875755970623157e-01
5.134717473124220666e-01 -4.645813065673556341e-01 1.979572179312600877e-01
5.139523686828453286e-01 -4.643126589443530849e-01 1.977820781786931992e-01
5.143528081450756684e-01 -4.641163194785077883e-01 1.977858677906038087e-01
5.154711837072152303e-01 -4.637656054672848471e-01 1.982231105175974450e-01
5.163103905118976433e-01 -4.636488742486394310e-01 1.988805447583072428e-01
5.167725121068198479e-01 -4.636542987368394986e-01 1.993559104212853650e-01
5.177984031418322308e-01 -4.638343326260021549e-01 2.006874909166403986e-01
5.182822828498818701e-01 -4.640844346738419168e-01 2.015461562826634245e-01
5.185813140257391485e-01 -4.644031837979119004e-01 2.022023741897414073e-01
5.188152013967853859e-01 -4.648116697385660245e-01 2.029052603170044544e-01
5.188578720983423320e-01 -4.652328405917822152e-01 2.034239765224029606e-01
5.187966589600105927e-01 -4.655663965373285085e-01 2.036952760324416412e-01
5.186153612087193165e-01 -4.659324347562833202e-01 2.038879903037766061e-01
5.180556301574560374e-01 -4.666681504302596095e-01 2.039433829297569167e-01
5.171664256560757345e-01 -4.674501783928645682e-01 2.036984942000417687e-01
5.168183174648982581e-01 -4.676917055152498004e-01 2.034482448037210345e-01
5.166979766088024562e-01 -4.677892355799398993e-01 2.034831648739079957e-01
5.155421994477014103e-01 -4.686580192036890469e-01 2.026959377706193666e-01
5.140603308920392855e-01 -4.697026585322707781e-01 2.011252976924653435e-01
5.129589594400861818e-01 -4.703109524707039246e-01 1.994161554344173748e-01
5.122061567114309932e-01 -4.706100939256535609e-01 1.979163218667119306e-01
5.105966172267025760e-01 -4.709985515004759815e-01 1.936798810476542676e-01
5.097034738487951078e-01 -4.710687042178209882e-01 1.904598824107941180e-01
5.093100546529809591e-01 -4.710380372441129171e-01 1.886908118437330417e-01
5.090625906159154113e-01 -4.712272181591642406e-01 1.872284358490980682e-01
5.089645467088850239e-01 -4.714609314160348452e-01 1.863646352474842005e-01
5.088061003366532997e-01 -4.716360396319470016e-01 1.859457791284345740e-01
5.085355955798575023e-01 -4.719370698380639939e-01 1.859122168049773260e-01
5.074433725676974483e-01 -4.731298052892439210e-01 1.861552523700423512e-01
5.061114501290511214e-01 -4.745472077248386045e-01 1.860149024092233594e-01
5.035817004806727448e-01 -4.772364241635675408e-01 1.861114543743614125e-01
5.035031899385215004e-01 -4.773097184957780237e-01 1.860113977490600035e-01
5.034773077483655213e-01 -4.773610007990807813e-01 1.860940799117503652e-01
5.029678241797302940e-01 -4.778778725802620975e-01 1.860324084119175381e-01
5.027925198118798900e-01 -4.780749528423107741e-01 1.861133622772875862e-01
5.019050081499875082e-01 -4.789666256931829902e-01 1.860286958803175628e-01
5.013041591294157273e-01 -4.796460448601829185e-01 1.861341121809135801e-01
5.007524132853206078e-01 -4.801912520766169479e-01 1.860422747423962631e-01
5.006120660746157247e-01 -4.803701912800766860e-01 1.861193620772999546e-01
5.005915148760952116e-01 -4.803549300041467518e-01 1.860274614636488466e-01
5.005932527288837752e-01 -4.803873452516770337e-01 1.861229244407480998e-01
5.005304969091802780e-01 -4.803509341519143216e-01 1.859392239856408335e-01
5.004906283471571848e-01 -4.804156101955045499e-01 1.860150387120169668e-01
5.002578041494747385e-01 -4.805931045074339214e-01 1.858656056482693164e-01
5.001789491676176258e-01 -4.806666274957188678e-01 1.859372126080593712e-01
5.001927959396277323e-01 -4.806070189087378042e-01 1.858014251782803827e-01
5.001450369120454820e-01 -4.806827234641202762e-01 1.857863399006938754e-01
5.002074761281989357e-01 -4.805743115633057672e-01 1.857307964200420880e-01
5.001699817043143703e-01 -4.806532747281496709e-01 1.857291439113865072e-01
5.001154602957826878e-01 -4.805915698104536449e-01 1.855004833957624999e-01
4.978003101914759143e-01 -4.822419340082428341e-01 1.846195914090593693e-01
4.978997149114818832e-01 -4.820978055159421682e-01 1.845281162715667334e-01
4.978598396246839419e-01 -4.821725755637314426e-01 1.845623039528723475e-01
4.978989202546328929e-01 -4.821084007624456547e-01 1.844633449691050475e-01
4.978663134469074603e-01 -4.821291587784835020e-01 1.843577402203713800e-01
4.978691306217549739e-01 -4.821770264488020041e-01 1.844493989014936164e-01
4.979256931723543556e-01 -4.821297482581251570e-01 1.830685752869661009e-01
4.979577740352484350e-01 -4.822427331946674833e-01 1.797620528084046820e-01
4.980527837575484118e-01 -4.823457287241737501e-01 1.790352629793191541e-01
4.980967049509523736e-01 -4.824198160378104783e-01 1.792775544706158020e-01
4.981666609981567628e-01 -4.823216964824563746e-01 1.792216761617386744e-01
4.982216608740569486e-01 -4.823652876164539194e-01 1.793556849301564671e-01
4.982404656131165233e-01 -4.822894138836962274e-01 1.792809940643644573e-01
4.989271673779509531e-01 -4.817814065820141822e-01 1.794787355908051274e-01
4.989213761548833559e-01 -4.817631617092220098e-01 1.794082860165417403e-01
4.989752224400921254e-01 -4.817418267690907752e-01 1.794798800190202104e-01
4.989947723724326156e-01 -4.816973265248351010e-01 1.794042737044516111e-01
4.989984100739900397e-01 -4.817069520950989503e-01 1.794809837987565992e-01
4.993998194465203988e-01 -4.813311206740653603e-01 1.793822924367063087e-01
4.996342881330755326e-01 -4.811974866457977007e-01 1.794201287304190706e-01
5.000862257051258419e-01 -4.808788601522816508e-01 1.790830231988228827e-01
5.010817464491590378e-01 -4.802852000699657786e-01 1.778589248815219959e-01
5.018664929169707190e-01 -4.797188572564855535e-01 1.776143711889824617e-01
5.018721054136411341e-01 -4.797281262653277367e-01 1.773168806929712460e-01
5.020376979043598142e-01 -4.795843658336246818e-01 1.774140774573429447e-01
5.021467733445665882e-01 -4.794573217375477370e-01 1.773219994740745098e-01
5.021789286828184373e-01 -4.794539159230896130e-01 1.774209471240826286e-01
5.022080216633525440e-01 -4.794312388350192577e-01 1.773502818450962693e-01
5.023974227566129214e-01 -4.793304974034679478e-01 1.774954195456769912e-01
5.024911784882202248e-01 -4.792275593600584527e-01 1.774426192130149627e-01
5.026924818274719486e-01 -4.791112691333281881e-01 1.775417280007555165e-01
5.033796418390653615e-01 -4.788789760684231678e-01 1.775634609267008890e-01
5.043359786929064725e-01 -4.785315234216516167e-01 1.770412859951995266e-01
5.059498134500683975e-01 -4.781488112865654450e-01 1.764328793539158835e-01
5.082602213533233826e-01 -4.780248726893124300e-01 1.760125500395219311e-01
5.085076629223699296e-01 -4.779438837479459412e-01 1.759081430142463986e-01
5.104558690950159461e-01 -4.777522044015710678e-01 1.747051749803723020e-01
5.115330200264114335e-01 -4.777464710391323144e-01 1.745227303942133990e-01
5.123978056444373763e-01 -4.778484188779343889e-01 1.741636717507868415e-01
5.130968208461578195e-01 -4.779549291998077543e-01 1.737304689927853529e-01
5.144094131270826598e-01 -4.778602923336651709e-01 1.728607700447274409e-01
5.150766144349484543e-01 -4.777499130729233046e-01 1.727878473772825330e-01
5.152093835033512148e-01 -4.777471573545113426e-01 1.728596254189401771e-01
5.153223776953144153e-01 -4.777113053679182264e-01 1.727671603081679108e-01
5.153933495033901080e-01 -4.777175896868540717e-01 1.728363954166415029e-01
5.158961807240767250e-01 -4.776583814382087678e-01 1.725355254376294556e-01
5.164307388399079768e-01 -4.774740295844900340e-01 1.718944558826477342e-01
5.166916970948747245e-01 -4.773955297967289457e-01 1.717830111071456112e-01
5.174260975873025137e-01 -4.770774382462096841e-01 1.720084812106646432e-01
5.179344645318596507e-01 -4.767256864079496004e-01 1.720006563824479362e-01
5.183978588357073258e-01 -4.763379734419023182e-01 1.716130566297276450e-01
5.192087872346610178e-01 -4.756252258336040040e-01 1.705748121381508997e-01
5.198214198800894525e-01 -4.752093612323946559e-01 1.702178816080525681e-01
5.207195738136088936e-01 -4.746702789430287117e-01 1.700260352608696512e-01
5.215628159852707668e-01 -4.741559955986739960e-01 1.695885244583990037e-01
5.225086958821776317e-01 -4.735657948723392408e-01 1.684777712906951608e-01
5.230498132234864261e-01 -4.733378948852201007e-01 1.677410829460910247e-01
5.234036954641440031e-01 -4.732870119199318326e-01 1.674997772288215891e-01
5.241502934356756516e-01 -4.734805272661834485e-01 1.675777379744004536e-01
5.244579311790618092e-01 -4.737097406104812114e-01 1.675209149070775172e-01
5.246408420446073695e-01 -4.739852319875332287e-01 1.670757451494668533e-01
5.248589077704728378e-01 -4.742614448004022765e-01 1.661105640580221032e-01
5.250390302749184945e-01 -4.744422703099839267e-01 1.657142666577054446e-01
5.252922551276911767e-01 -4.745764260418538494e-01 1.656444188014811747e-01
5.256483629545564140e-01 -4.747827762325211864e-01 1.657288058638721473e-01
5.259531384869206017e-01 -4.747834174858495127e-01 1.656654183614352516e-01
5.262852610192377822e-01 -4.747203250150318077e-01 1.653354550473211115e-01
5.270920369361722368e-01 -4.742642103517675789e-01 1.643432272216351353e-01
5.278484033465571379e-01 -4.738766403219641932e-01 1.642571672496315471e-01
5.286151579955812307e-01 -4.734886499800786686e-01 1.645510194674061621e-01
5.293595387520459994e-01 -4.729539864241545932e-01 1.645710926085032777e-01
5.303292780175739018e-01 -4.720219972717142332e-01 1.637525946804776755e-01
5.308861838315177550e-01 -4.715472407401375410e-01 1.634811984887314384e-01
5.314218616675856488e-01 -4.712713626580600224e-01 1.636094470032272707e-01
5.320284883226157335e-01 -4.710876484053124758e-01 1.640906278673635310e-01
5.325157604033675662e-01 -4.708905861234552459e-01 1.642159707725998341e-01
5.329713432493013991e-01 -4.706395817536895287e-01 1.640715684821778542e-01
5.339029300737595518e-01 -4.702506156349048339e-01 1.633653788393963358e-01
5.344096738528841817e-01 -4.701772367461312663e-01 1.631134185596510577e-01
5.352832373970065616e-01 -4.701324185158982649e-01 1.631846828805072480e-01
5.355128659476903197e-01 -4.702220252784054533e-01 1.633263749703655066e-01
5.356288898475776161e-01 -4.701526833533385408e-01 1.632657177824941019e-01
5.360256223482433580e-01 -4.702114340975615536e-01 1.634296767952848894e-01
5.364806032459998875e-01 -4.701263697930942453e-01 1.634286249474930508e-01
5.375339967021397491e-01 -4.700481057351745262e-01 1.631070562538985969e-01
5.387220846996717549e-01 -4.702118087971081106e-01 1.626772869494043650e-01
5.396378342564497332e-01 -4.702939544196153565e-01 1.625340922649651798e-01
5.411175290688654549e-01 -4.705811618764993431e-01 1.627655646112978749e-01
5.419615573448330892e-01 -4.706293781615635829e-01 1.629850834752179511e-01
5.429509861492141098e-01 -4.706707540432871206e-01 1.630484666629601620e-01
5.438531014669514274e-01 -4.707327728909923570e-01 1.628698845736365197e-01
5.442061993564533129e-01 -4.707343368304702236e-01 1.626563381361120775e-01
5.449501384438244500e-01 -4.708545699760120495e-01 1.625052531751115803e-01
5.459811027799914562e-01 -4.708905735946970483e-01 1.621514223966981361e-01
5.466719135150002185e-01 -4.709274222283972300e-01 1.620580371481588067e-01
5.481615708319038660e-01 -4.711976925961022800e-01 1.621026919992735738e-01
5.497389320799564993e-01 -4.715304418150542132e-01 1.623856598285891017e-01
5.505055471574487047e-01 -4.716844542835846310e-01 1.623306748493592577e-01
5.518382206106021703e-01 -4.719490808248327784e-01 1.619876129253116914e-01
5.531356042426806008e-01 -4.722216323323088494e-01 1.613859580058036869e-01
5.534182634345141683e-01 -4.723559757830899097e-01 1.613975793265320369e-01
5.541527368609983073e-01 -4.725105239400425039e-01 1.612484644133455602e-01
5.547873680788126816e-01 -4.726511712955905331e-01 1.612576790933548387e-01
5.570772881609132865e-01 -4.732147764551309366e-01 1.617129595879820414e-01
5.581266399816438017e-01 -4.734806783733249147e-01 1.616631468954766726e-01
5.593581916676044763e-01 -4.737421555642192250e-01 1.614659161138145838e-01
5.595379596745996276e-01 -4.737334246956996231e-01 1.613325388927790427e-01
5.600586665710510781e-01 -4.738583257706220353e-01 1.612436671808490929e-01
5.612303144015040601e-01 -4.738817076371709680e-01 1.608658141972335587e-01
5.616266081606721139e-01 -4.739090538714787471e-01 1.608638593503556868e-01
5.620193036448479784e-01 -4.739138453887927205e-01 1.606717008173747518e-01
5.641290980421312939e-01 -4.741216804361561010e-01 1.603762952383053220e-01
5.693555255556232986e-01 -4.745861740518694250e-01 1.608141259415371005e-01
5.712809866220577293e-01 -4.747247903454518969e-01 1.605130823782048022e-01
5.736477931514627482e-01 -4.746712960939780124e-01 1.596287474478886304e-01
5.754284105870869359e-01 -4.748455747092312773e-01 1.590586657254478564e-01
5.760092627505144502e-01 -4.749238253927356435e-01 1.589871669918397901e-01
5.767912843612497120e-01 -4.749986478440134108e-01 1.589684016637084030e-01
5.777194640096913192e-01 -4.751760600522882960e-01 1.590851219222850776e-01
5.799682512920449895e-01 -4.755519133276024379e-01 1.597995789222685925e-01
5.812453459145646706e-01 -4.758245268738480749e-01 1.599308141597237110e-01
5.827773996078737806e-01 -4.760757661694804410e-01 1.593821580584142417e-01
5.838692895408129635e-01 -4.761626612922253976e-01 1.584837042609798519e-01
5.851026638384806411e-01 -4.764116017407654113e-01 1.576845745164210943e-01
5.856407457790603344e-01 -4.765419266038043999e-01 1.574690821481948833e-01
5.874422227894350312e-01 -4.770537079382837220e-01 1.572016059855059766e-01
5.882340264565646404e-01 -4.773236743182286412e-01 1.573440755628290888e-01
5.891991769833345716e-01 -4.775079697724800010e-01 1.573826058275207829e-01
5.904913076637849922e-01 -4.776316326495141928e-01 1.566706104004221833e-01
5.907670132002773578e-01 -4.776142563723072554e-01 1.567521473620576145e-01
5.912180660962468304e-01 -4.776064834853740448e-01 1.572867705363205637e-01
5.913606099179085085e-01 -4.775207504699316430e-01 1.573763652007302005e-01
5.915714912183880347e-01 -4.772298776535334741e-01 1.572536869576667828e-01
5.915844740544010660e-01 -4.772377869041921628e-01 1.573360529259443252e-01
5.917373581398741589e-01 -4.770685893053220328e-01 1.569829535825975619e-01
5.917180594931056303e-01 -4.771015633439950054e-01 1.570445437140846612e-01
5.918361106486510481e-01 -4.769780848382613736e-01 1.570948473425911596e-01
5.918147991173874356e-01 -4.769572422342031048e-01 1.570122603520879290e-01
5.923089019873213346e-01 -4.763374247398166061e-01 1.570055704046893486e-01
5.923216793877359443e-01 -4.763407729118934175e-01 1.570785118539438918e-01
5.925499358213277556e-01 -4.760396808957361170e-01 1.569765837517957396e-01
5.932463232995281999e-01 -4.752162091858747606e-01 1.570577605099154894e-01
5.932941671617690815e-01 -4.751282849231783234e-01 1.569643714848102944e-01
5.934376147500273202e-01 -4.749758315133182363e-01 1.570801455153630621e-01
5.936122467824213045e-01 -4.747194292846085295e-01 1.569589478323319409e-01
5.938462392023508007e-01 -4.744791636633936549e-01 1.570854606543902188e-01
5.942704945314842835e-01 -4.739356920659106298e-01 1.570115930811606941e-01
5.946594732296027752e-01 -4.734801028210544049e-01 1.571101669503728870e-01
5.947495665080023697e-01 -4.733449795266586047e-01 1.570254008404197710e-01
5.950221899404689596e-01 -4.730464652246953450e-01 1.571018906881778698e-01
5.958566122576387514e-01 -4.719743918179909459e-01 1.570059796906415062e-01
5.959258250843616489e-01 -4.718994704779353455e-01 1.571239162907836773e-01
5.961326944682857620e-01 -4.716167290856591587e-01 1.570214437147599840e-01
5.967922717304170455e-01 -4.708264726385091858e-01 1.570388846972785579e-01
5.968275265418840902e-01 -4.708198798180130429e-01 1.571281376526381113e-01
5.972661547018978112e-01 -4.703738284973324468e-01 1.572134401640362666e-01
5.980667606293494920e-01 -4.696451427191913885e-01 1.572346010333574573e-01
5.984665564466113974e-01 -4.693134885231500797e-01 1.570622122718697278e-01
5.992525909600161516e-01 -4.691394887167660288e-01 1.569442456849599044e-01
5.995860182262827687e-01 -4.693485299416434442e-01 1.571766421069283326e-01
5.996831337787917882e-01 -4.693951760953143926e-01 1.570538507918847193e-01
5.997188745517624264e-01 -4.694538270425808180e-01 1.571096027511042492e-01
5.998030922387098673e-01 -4.694538125994047184e-01 1.568751173440207647e-01
5.999244833904809893e-01 -4.695769997226460490e-01 1.567774249943045262e-01
6.003156857937336222e-01 -4.698527908339167336e-01 1.571120182087691886e-01
6.005736561764902781e-01 -4.698631899860754024e-01 1.568685813998537126e-01
6.006896774716865561e-01 -4.697693283446696677e-01 1.568163947460795016e-01
6.006615350234010275e-01 -4.698350652808213623e-01 1.567530260636493256e-01
6.008406149624938575e-01 -4.699248485848678825e-01 1.570360786297820832e-01
6.008553065544548488e-01 -4.699573841236280858e-01 1.567991779969414301e-01
6.009048762792207343e-01 -4.699257866296313590e-01 1.568845385342463872e-01
6.008704275028583508e-01 -4.699975888479016595e-01 1.568414238076514255e-01
6.009467089283613284e-01 -4.699862880614366079e-01 1.569622202365446584e-01
6.009121678636972774e-01 -4.700589192381805503e-01 1.569310123515524902e-01
6.009353082656619938e-01 -4.700694547051076921e-01 1.570478564065827809e-01
6.009151092197493327e-01 -4.700684432259028545e-01 1.569251213403168865e-01
6.010014594469277327e-01 -4.700785504810170989e-01 1.571009151274962989e-01
6.010191022661215410e-01 -4.701567055440368792e-01 1.570816794397432437e-01
6.010954115702342726e-01 -4.700383889217314426e-01 1.570451916303194917e-01
6.011051502769000354e-01 -4.700566464941385858e-01 1.571377800528593882e-01
6.011333823577132973e-01 -4.699852766229731249e-01 1.570441913269715606e-01
6.012426204407639307e-01 -4.699189678609750342e-01 1.571479126325449061e-01
6.012597941945668767e-01 -4.698886103484927745e-01 1.570570524426436465e-01
6.012874359316923156e-01 -4.698940771442347009e-01 1.571484184945774742e-01
6.012492541811188529e-01 -4.699284340953708838e-01 1.570535254273485726e-01
6.014945345065050297e-01 -4.696425326063101702e-01 1.570618415231935794e-01
6.017628736454740945e-01 -4.695074378180658092e-01 1.572270638427247236e-01
6.018739599644962190e-01 -4.695585642872303067e-01 1.573595360872471205e-01
6.020719171186821317e-01 -4.695759625605515075e-01 1.573019255413996842e-01
6.021031834084433765e-01 -4.695885954941237950e-01 1.573978863437659470e-01
6.023356412876047505e-01 -4.696949106326182566e-01 1.570621746449242240e-01
6.033022128954717012e-01 -4.699703230234412166e-01 1.565507340529447844e-01
6.037327995577738138e-01 -4.701471191105435210e-01 1.565165506191641409e-01
6.044739110025167950e-01 -4.705146961549930285e-01 1.567930407989963915e-01
6.047641401253912585e-01 -4.707680850073712731e-01 1.568264599410155169e-01
6.051211549268018519e-01 -4.709052244839310730e-01 1.567984997199399211e-01
6.057072590077745566e-01 -4.714836028942766544e-01 1.563921658501296608e-01
6.064035088913940497e-01 -4.722626260867334724e-01 1.557036849376749466e-01
6.067220796886946266e-01 -4.726272041576690119e-01 1.556304993719585805e-01
6.081337713253275323e-01 -4.744051061017113824e-01 1.557508178300778812e-01
6.082354652991199817e-01 -4.744613012344000569e-01 1.558268291576908604e-01
6.084089556659663112e-01 -4.747398836678836109e-01 1.557761437768743484e-01
6.085076853473384562e-01 -4.747954662863445030e-01 1.558546704484322920e-01
6.093037469913753501e-01 -4.757545759995835399e-01 1.555865807161486147e-01
6.098834785362526878e-01 -4.765787026401361870e-01 1.550794178203005469e-01
6.103673467815630138e-01 -4.771146547598495435e-01 1.549609786015980484e-01
6.112200715319666688e-01 -4.781832012119778264e-01 1.550384069783215524e-01
6.119310762381370283e-01 -4.790067368686531379e-01 1.553710965231639429e-01
6.124668204358750812e-01 -4.796981118111525721e-01 1.554354013575671711e-01
6.129585679285719513e-01 -4.804465244190447848e-01 1.551541259102496295e-01
6.134133746516540198e-01 -4.812748958642732444e-01 1.544418676215439379e-01
6.140623817341304136e-01 -4.822083509839965587e-01 1.543377149313134300e-01
6.144375993656601143e-01 -4.829992566555603717e-01 1.545797543801543661e-01
6.145354746399090962e-01 -4.830180877635623093e-01 1.545629963034685639e-01
6.149994183017358784e-01 -4.838364630873296379e-01 1.547908128013097406e-01
6.154025390909219073e-01 -4.845553298309103751e-01 1.547236011988897264e-01
6.155776238961587765e-01 -4.852704596119223890e-01 1.544217378532342921e-01
6.156061610421886821e-01 -4.856198247398251233e-01 1.541453286403859368e-01
6.157227504726803247e-01 -4.863687012768991846e-01 1.539532251902511750e-01
6.158492059981895972e-01 -4.872273560665250081e-01 1.539936567729213446e-01
6.158838621191118357e-01 -4.872869073441916110e-01 1.540715805095319579e-01
6.158858235965173344e-01 -4.873624379741456902e-01 1.539965074882407303e-01
6.160227876908568323e-01 -4.884019437522024720e-01 1.543140976110040918e-01
6.160294932822381053e-01 -4.889837749991870486e-01 1.543302673665324642e-01
6.160452410236670895e-01 -4.898183371115444884e-01 1.541297568536688645e-01
6.159993110797664650e-01 -4.906237993206090109e-01 1.537490187830922450e-01
6.158730789017027307e-01 -4.915070168564225073e-01 1.535857337815687562e-01
6.157885857693606857e-01 -4.923820208090941009e-01 1.536621764038853255e-01
6.157984043959272569e-01 -4.925702080330093824e-01 1.537787155325806010e-01
6.157499702672276642e-01 -4.930253356226090289e-01 1.537587673507470332e-01
6.157508239881233081e-01 -4.931066318194914921e-01 1.538636109186640177e-01
6.156886067599576240e-01 -4.938510168779678411e-01 1.539910738197360907e-01
6.155198773984260630e-01 -4.946250428098113994e-01 1.540032216740450099e-01
6.151503989982084475e-01 -4.959791723882608916e-01 1.535405852790155956e-01
6.149006529028412382e-01 -4.966785099086118427e-01 1.534740249793592748e-01
6.144445656570640679e-01 -4.975536572953114800e-01 1.535308595662897568e-01
6.140896186404957158e-01 -4.981952361162348963e-01 1.538253066675748515e-01
6.133672432142064368e-01 -4.994094672139988145e-01 1.540927605467150574e-01
6.121112958635461787e-01 -5.009935511301341071e-01 1.537849604547019688e-01
6.121023173339915635e-01 -5.010513866318992982e-01 1.538702360764307442e-01
6.105683650577783395e-01 -5.029619706497284737e-01 1.538293043047682662e-01
6.092493924010087269e-01 -5.048610751973838795e-01 1.541223636469149227e-01
6.091118045672290204e-01 -5.050820107621887267e-01 1.540724827249924656e-01
6.090765612243923544e-01 -5.051504946006492025e-01 1.541534020720158882e-01
6.079891435182551707e-01 -5.069158171966423598e-01 1.539512299419183994e-01
6.074270052079449034e-01 -5.079779477492079032e-01 1.539740216516693461e-01
6.066247599664088552e-01 -5.095414711076059477e-01 1.543211315836745534e-01
6.063784220386769785e-01 -5.100560598447813065e-01 1.545860924149433935e-01
6.058304704046018063e-01 -5.112336082159720796e-01 1.549313967379642998e-01
6.057479815837154558e-01 -5.114503142463208141e-01 1.551115479879030257e-01
6.056963254269680519e-01 -5.115455448673031924e-01 1.550414576241628262e-01
6.051076761953553262e-01 -5.128457240305248632e-01 1.555427437701134563e-01
6.049653639140957218e-01 -5.131231088542795860e-01 1.554961802039025454e-01
6.040893165299150436e-01 -5.145092247178549849e-01 1.558032747171839705e-01
6.038887338041600827e-01 -5.147552748204604622e-01 1.557521220394509354e-01
6.038505334133488223e-01 -5.148554942216291286e-01 1.558416413565912040e-01
6.034657659578840372e-01 -5.153148077381893843e-01 1.557732687606386279e-01
6.033308782168957940e-01 -5.155143688526443446e-01 1.558596179361030898e-01
6.031546272286321120e-01 -5.157142298505218436e-01 1.557863854175759732e-01
6.031123890538573340e-01 -5.157800307197688561e-01 1.558728665788036705e-01
6.030495556623511888e-01 -5.158437521376681989e-01 1.557493224550057231e-01
6.030118638551512644e-01 -5.159198268052558323e-01 1.558513009686600115e-01
6.029676019521208463e-01 -5.159445522911362270e-01 1.557702749034869938e-01
6.027981928458977512e-01 -5.161806112737393759e-01 1.558811976611708394e-01
6.024391666510667820e-01 -5.166178514815386036e-01 1.558717742894694114e-01
6.023903836414826740e-01 -5.166459122836003504e-01 1.557830713531741518e-01
6.021961681265477484e-01 -5.168887503809405093e-01 1.559095817174911414e-01
6.005911956753861025e-01 -5.188413182774023191e-01 1.559316837966001346e-01
6.004189535919274290e-01 -5.190250234870587009e-01 1.558407629914426995e-01
6.002202244241865436e-01 -5.192966538265478826e-01 1.559505020147560206e-01
5.993639185747505760e-01 -5.203275360127923577e-01 1.560156480696552328e-01
5.991084861426896335e-01 -5.206478545161909999e-01 1.559205021788119261e-01
5.971508345001262930e-01 -5.230575796003450462e-01 1.559884171081525883e-01
5.956938020432525072e-01 -5.249297020787294654e-01 1.559392516218225389e-01
5.943420709585716111e-01 -5.267682445402127600e-01 1.557443514073161284e-01
5.935686806187551179e-01 -5.278941908293376395e-01 1.557881730345852533e-01
5.919603014299851251e-01 -5.302395597938092120e-01 1.561614594330815731e-01
5.904727950922813440e-01 -5.319541597302364089e-01 1.561263196583764223e-01
5.904125442267094126e-01 -5.319955659577956242e-01 1.560110065687261571e-01
5.886410060333159278e-01 -5.339496624437748418e-01 1.560697787650789925e-01
5.866344318852093620e-01 -5.360890128763595719e-01 1.559446425756425558e-01
5.864972540191910610e-01 -5.362087305908684876e-01 1.558332086144144091e-01
5.860639748090280543e-01 -5.366920387329082720e-01 1.559169230391996286e-01
5.841268221716139353e-01 -5.386630276804107442e-01 1.556650239095324628e-01
5.835392227654370156e-01 -5.392432055052380768e-01 1.554864270895196798e-01
5.832321366096863136e-01 -5.395765061213672054e-01 1.555125159813450231e-01
5.807561609920856016e-01 -5.417405009466907950e-01 1.547096547296838986e-01
5.804228810654321613e-01 -5.419879257310460385e-01 1.544771665976466812e-01
5.795733380998091544e-01 -5.426407043355662152e-01 1.541778440770181224e-01
5.795264377405209277e-01 -5.426548996930129487e-01 1.540840195412778169e-01
5.790174054728567388e-01 -5.430500179228631152e-01 1.539713954712618182e-01
5.785056438103355347e-01 -5.433590879573059196e-01 1.536342325622221949e-01
5.780883830041155802e-01 -5.435046793945544907e-01 1.532819482099291586e-01
5.769495919348577306e-01 -5.439268473901235357e-01 1.519927756067459002e-01
5.762376585602601020e-01 -5.443420259007134554e-01 1.514284659565716118e-01
5.761357161439228936e-01 -5.444320799965346458e-01 1.514592683393649608e-01
5.757268397567638640e-01 -5.446717851958292611e-01 1.511078446580080004e-01
5.749518434608045236e-01 -5.452564212875173899e-01 1.506923202224642599e-01
5.729416608608757233e-01 -5.467478240909828813e-01 1.498626667938894597e-01
5.725854225294891853e-01 -5.470306777117492913e-01 1.499071237263687739e-01
5.723136768116412476e-01 -5.473831885899933525e-01 1.502220809180623284e-01
5.721856470143865669e-01 -5.474880004122318899e-01 1.502104609248821054e-01
5.722372958692467648e-01 -5.474546444882976148e-01 1.502891470476987734e-01
5.720676659782399920e-01 -5.476128651894882626e-01 1.503256804915641398e-01
5.720298620342638696e-01 -5.476711576024781980e-01 1.504547862092461830e-01
5.719062256116713705e-01 -5.477785627093777476e-01 1.504316100887762853e-01
5.719507842853229773e-01 -5.477078202750508273e-01 1.505005835609400378e-01
5.718660453814814471e-01 -5.477999362059672306e-01 1.511421680339905815e-01
5.718988739050985259e-01 -5.477459059523671625e-01 1.512724934692868950e-01
5.717270223261633477e-01 -5.478195730743414815e-01 1.517871119600593122e-01
5.708099464716978044e-01 -5.474728255525695975e-01 1.524052316179182465e-01
5.703488046517929400e-01 -5.473380650062753539e-01 1.529729164264100882e-01
5.691162273077320366e-01 -5.468999687049214131e-01 1.554634996081524223e-01
5.680783859251384849e-01 -5.462297819791153142e-01 1.573956315898806801e-01
5.667501702310971945e-01 -5.450892573198672375e-01 1.596465520833779128e-01
5.660226357750060000e-01 -5.444030096793620599e-01 1.611090249806067243e-01
5.652576304539723706e-01 -5.436288173552381586e-01 1.629812142357744131e-01
5.644273165383276725e-01 -5.424022865977002894e-01 1.655668634487366120e-01
5.632437735425658287e-01 -5.402511749137831609e-01 1.701239449503466061e-01
5.629883419402035294e-01 -5.395664640931407963e-01 1.713375856750454784e-01
5.629368344070453389e-01 -5.395255223906813002e-01 1.716138776240384856e-01
5.622514536295537546e-01 -5.375342399233193902e-01 1.748525278665686578e-01
5.620019247558156739e-01 -5.369291738634156541e-01 1.754985903849642370e-01
5.618374466795535982e-01 -5.365739214454574579e-01 1.756597888037458866e-01
5.615975234307608588e-01 -5.360800644787384606e-01 1.756310258783839728e-01
5.615025143862124590e-01 -5.357994153319289854e-01 1.754804079732614208e-01
5.614439059573581581e-01 -5.355244393245334189e-01 1.751146434838323218e-01
5.613078856294120289e-01 -5.353905541953088987e-01 1.745973263849527890e-01
5.613552423449381656e-01 -5.353139733528857747e-01 1.744790708882967833e-01
5.613127617653423940e-01 -5.353825455496010743e-01 1.744595724143308546e-01
5.613245007781192397e-01 -5.353651904869951572e-01 1.741062541396858621e-01
5.613756634834583537e-01 -5.355177069126366707e-01 1.744163740810517615e-01
5.612369003992229155e-01 -5.359520631251232237e-01 1.746859257362038675e-01
5.614322961182652838e-01 -5.365444800234067113e-01 1.755958306109263733e-01
5.624702476824434694e-01 -5.380217832158713520e-01 1.785201122583751077e-01
5.635498096211551955e-01 -5.393590100042574553e-01 1.814738137738570456e-01
5.636967644134300848e-01 -5.396892342836062673e-01 1.820772935582177787e-01
5.647908737387443701e-01 -5.408486286871876381e-01 1.848174734707125899e-01
5.648996589877128827e-01 -5.410397439692583577e-01 1.849684641910576688e-01
5.649685692289148076e-01 -5.411009973136052809e-01 1.846441013693640165e-01
5.649212234897954543e-01 -5.412042379945597448e-01 1.816481464272522717e-01
5.650307478863643151e-01 -5.411362538038773096e-01 1.797194106484529263e-01
5.649817899837000779e-01 -5.413392255395310659e-01 1.770124699696764559e-01
5.650853278056241491e-01 -5.413824692716038278e-01 1.749291317669180723e-01
5.650770896923842379e-01 -5.414918972598025126e-01 1.741088399564118538e-01
5.650430729726436674e-01 -5.417420065782425631e-01 1.736229985171994783e-01
5.651489727731605628e-01 -5.419357374776562208e-01 1.731871764717734796e-01
5.652170222098178431e-01 -5.421592820482222796e-01 1.729826450956664097e-01
5.652566764192895610e-01 -5.424083178724541376e-01 1.729775665073018942e-01
5.652785172195811114e-01 -5.424935538428697912e-01 1.728375978495148846e-01
5.656913475215842313e-01 -5.437291237404261457e-01 1.727974665306425961e-01
5.659635650542751417e-01 -5.443839277658405473e-01 1.729223544307629257e-01
5.663455960570582537e-01 -5.448052646239580632e-01 1.728117788566206348e-01
5.665752179136752664e-01 -5.449768337166315257e-01 1.725357256041399334e-01
5.666259897479500873e-01 -5.451067994466227695e-01 1.725358486792019641e-01
5.669113519626918229e-01 -5.452737945537059483e-01 1.720695524433753509e-01
5.668968538414750347e-01 -5.453697283865213130e-01 1.720205623575070675e-01
5.670570264050133202e-01 -5.454183652939793570e-01 1.716248991768202781e-01
5.672187004420670142e-01 -5.457109963009201259e-01 1.703937713818722832e-01
5.673533345732598709e-01 -5.457663730037123351e-01 1.685650047311094690e-01
5.672854603879272650e-01 -5.457713627610316642e-01 1.663173017134591258e-01
5.674413781241576249e-01 -5.456715891482919467e-01 1.622573780859275505e-01
5.673617678715660029e-01 -5.457557341841074994e-01 1.596304710297227758e-01
5.674346558495986237e-01 -5.456828977642409484e-01 1.592407094277463742e-01
5.673687878182280819e-01 -5.457565529911846403e-01 1.591498555097416445e-01
5.674784817303031303e-01 -5.458227264398639589e-01 1.586819416929284854e-01
5.678470551851335646e-01 -5.461140046755293964e-01 1.596506235429150378e-01
5.678056548347426569e-01 -5.462240234289517105e-01 1.596769426628150135e-01
5.678606443695637385e-01 -5.461542096422594694e-01 1.597074970088299961e-01
5.677688206177361474e-01 -5.462121931276024966e-01 1.595849464636604487e-01
5.678018232507584528e-01 -5.461646161016199263e-01 1.596547570232846602e-01
5.678186278548037480e-01 -5.461457767391026952e-01 1.595534562047150606e-01
5.678241617387652651e-01 -5.461371175412976786e-01 1.596522968981614055e-01
5.677834093203096844e-01 -5.461715962224307219e-01 1.595743154786044005e-01
5.678284423489999844e-01 -5.460940362246597957e-01 1.595618428153243173e-01
5.677512685516870050e-01 -5.461394431187975851e-01 1.594914713213199664e-01
5.676706034787668553e-01 -5.460139490476284552e-01 1.592861150970952266e-01
5.677063283807035621e-01 -5.458302452062758769e-01 1.591105693837199797e-01
5.675245709748217848e-01 -5.455713238634205542e-01 1.586505345250576182e-01
5.675823674746158787e-01 -5.454943955357686169e-01 1.586379023086034734e-01
5.675126652705320129e-01 -5.455679237624705413e-01 1.586508152296884910e-01
5.675436424133547542e-01 -5.454781889086963709e-01 1.585698812186367990e-01
5.674557938696833670e-01 -5.454825879211407935e-01 1.584480211435621566e-01
5.674349798049388438e-01 -5.455012120065935166e-01 1.585269597249286400e-01
5.673251570686420608e-01 -5.455805517295618801e-01 1.584266290160203927e-01
5.673637716345721893e-01 -5.455130651163911937e-01 1.584770027566600459e-01
5.673816228676072937e-01 -5.454424569655973443e-01 1.583367276422731618e-01
5.673070810181047863e-01 -5.454827395675172497e-01 1.583214340180489343e-01
5.673625962045384385e-01 -5.454045269417987507e-01 1.582712365682404920e-01
5.672312182965021377e-01 -5.453145717734753095e-01 1.580976608458389276e-01
5.672024520266784053e-01 -5.453157621475315242e-01 1.582711247331799187e-01
5.670742546127288675e-01 -5.451613347508329488e-01 1.580185352395837572e-01
5.666902870623393706e-01 -5.447138592243787603e-01 1.594218817471370619e-01
5.665417953186436817e-01 -5.444355555058966178e-01 1.596895332604875706e-01
5.663495287784189314e-01 -5.441511463151955663e-01 1.597292983683620271e-01
5.662032702775604553e-01 -5.441303940685379148e-01 1.598556190700776425e-01
5.659786928636613146e-01 -5.438026679390675078e-01 1.601883126663609658e-01
5.657868672585002479e-01 -5.434128730802330054e-01 1.607529475951730014e-01
5.657185564302581460e-01 -5.434284537132495485e-01 1.609606873748208322e-01
5.651788923458669345e-01 -5.424678934116268225e-01 1.628975545305856309e-01
5.650060427710821287e-01 -5.422059509015356715e-01 1.630554595536512497e-01
5.645089383494356072e-01 -5.415920884326109741e-01 1.629242324171849554e-01
5.643556530008601024e-01 -5.412637731777015793e-01 1.630839831980246679e-01
5.643456270587652313e-01 -5.410682871802072746e-01 1.636806315733543848e-01
5.643985111398035492e-01 -5.410342250666212438e-01 1.641622116467939541e-01
5.643452031870914709e-01 -5.410930920561343171e-01 1.642002545716907957e-01
5.644236411962052502e-01 -5.410111994837233373e-01 1.644400893899726213e-01
5.645150957378650691e-01 -5.409230070803398016e-01 1.645472211947828778e-01
5.646301703526113158e-01 -5.407577885275336449e-01 1.644365816532546432e-01
5.647829797817514041e-01 -5.404866655487403637e-01 1.641378105173454949e-01
5.647295484172911717e-01 -5.402867293994054743e-01 1.638977139574437913e-01
5.649843897335979914e-01 -5.400126148101596080e-01 1.639648013869672849e-01
5.650420802687069477e-01 -5.399368455804541833e-01 1.638343461131911982e-01
5.650972704262759994e-01 -5.398883371318056179e-01 1.639290236070164997e-01
5.650848116495404971e-01 -5.398831773511072463e-01 1.638208531598563111e-01
5.651512169921587558e-01 -5.398320157341055525e-01 1.639078919493214825e-01
5.651372030650880784e-01 -5.398011262463231485e-01 1.638156257111431646e-01
5.651711799058720676e-01 -5.397800549468733111e-01 1.639057650965334845e-01
5.652352464108979513e-01 -5.396900415343537372e-01 1.637947386343376888e-01
5.653087892542794091e-01 -5.395634611014599180e-01 1.638532691780595352e-01
5.652827227933426846e-01 -5.394299824093903295e-01 1.636020929774541499e-01
5.653066585247135123e-01 -5.394323907981674049e-01 1.637180073381811485e-01
5.653041987409956892e-01 -5.393958711256778837e-01 1.635759436126961175e-01
5.653130575260507662e-01 -5.394006576249056328e-01 1.636786010216412235e-01
5.652816720590709831e-01 -5.390110633158576858e-01 1.633943317005687734e-01
5.652171076293353025e-01 -5.388645965718268371e-01 1.637022674222211316e-01
5.652412959217099075e-01 -5.388024930269958990e-01 1.636689695270911460e-01
5.652447248289631521e-01 -5.386575571227968373e-01 1.640217360023655813e-01
5.653133298995879352e-01 -5.382617526757321746e-01 1.644456316237824511e-01
5.653335713150208219e-01 -5.378556110810477353e-01 1.646562131172576438e-01
5.652676641284799519e-01 -5.374846539451347827e-01 1.646517727404097076e-01
5.652855651233904544e-01 -5.373095165378871663e-01 1.647797945627660354e-01
5.652027112285106236e-01 -5.369410346961732694e-01 1.648486013378001325e-01
5.651941551972459177e-01 -5.369015882253089789e-01 1.649691230117469321e-01
5.651639683028686356e-01 -5.367697294723240420e-01 1.649383809260550060e-01
5.651609915295860986e-01 -5.362769467915619037e-01 1.653739719098350491e-01
5.650893053650266618e-01 -5.360024331773709516e-01 1.658037256231544021e-01
5.650677719275410960e-01 -5.351238762058985188e-01 1.667586953764585989e-01
5.649234889397285464e-01 -5.344772624823953544e-01 1.671410602983662841e-01
5.647449048496365753e-01 -5.339589516030242011e-01 1.673655087165187849e-01
5.647280972124664178e-01 -5.338587794014574284e-01 1.672853350479266421e-01
5.645271693644918765e-01 -5.333480504122934951e-01 1.674563472713298529e-01
5.644375148599902747e-01 -5.329078208020072704e-01 1.676927098344225819e-01
5.641810655177836864e-01 -5.321785081841523546e-01 1.683361001453835271e-01
5.639626119220632061e-01 -5.312557343919839248e-01 1.694479564293540630e-01
5.638996590568799983e-01 -5.305954583871096419e-01 1.699766738743466454e-01
5.639543842765795123e-01 -5.299101862536076402e-01 1.703132558393247731e-01
5.639939584917117443e-01 -5.292595416247555251e-01 1.703252330891201205e-01
5.640823993274584058e-01 -5.280883339788491337e-01 1.700925819577384090e-01
5.643313262953352227e-01 -5.270541133925663591e-01 1.702500864162891370e-01
5.645965880292829198e-01 -5.264780835909174117e-01 1.706000373164397454e-01
5.650240912662184423e-01 -5.257553085409084614e-01 1.713522219326412688e-01
5.654129569776524811e-01 -5.251639717793145090e-01 1.717081663528093882e-01
5.658406073452607599e-01 -5.246585486908452722e-01 1.719110655620001982e-01
5.667270244172715188e-01 -5.236627995904760136e-01 1.718693194536224933e-01
5.681029093295758559e-01 -5.218664367580795327e-01 1.712784510473216448e-01
5.692999439358580327e-01 -5.205863302823777738e-01 1.714113238895200175e-01
5.693490943733050536e-01 -5.204960463277080729e-01 1.713313835942847918e-01
5.696439219649572783e-01 -5.201936279311570877e-01 1.714094344433305661e-01
5.701777154069904707e-01 -5.195799885872245394e-01 1.712983888937019694e-01
5.702825840853944506e-01 -5.194973833373368599e-01 1.713676426945303644e-01
5.714809453222104985e-01 -5.181053930431421817e-01 1.713133465950976153e-01
5.718162832764582815e-01 -5.175768057858577409e-01 1.711864672690667222e-01
5.721048141393498820e-01 -5.168627368088066776e-01 1.708538973257351101e-01
5.724385842633233912e-01 -5.164241810453090720e-01 1.709596194756644039e-01
5.727602504588048538e-01 -5.160674544433926370e-01 1.712686118225661969e-01
5.729434984203247705e-01 -5.158400510400035222e-01 1.712460034883453719e-01
5.729689525300647457e-01 -5.158135674534417570e-01 1.711579501329503483e-01
5.730619894980293338e-01 -5.157236636576986166e-01 1.712470579472812338e-01
5.730823020079319763e-01 -5.156803338552936600e-01 1.711541502600043563e-01
5.731280689848639032e-01 -5.156426503043608500e-01 1.712333230942615914e-01
5.732014422682476518e-01 -5.155431787037728641e-01 1.711475344556444567e-01
5.733034056720800464e-01 -5.154099593183577577e-01 1.712018448729464293e-01
5.734228997061251443e-01 -5.152217405259479355e-01 1.710679329665433512e-01
5.734603771795878657e-01 -5.151798691943916264e-01 1.711961355312879851e-01
5.734114852701780451e-01 -5.152194383791877108e-01 1.711031708591464751e-01
5.734890071440315040e-01 -5.150987979884736889e-01 1.711709761430185162e-01
5.734785914591480349e-01 -5.151054362044342749e-01 1.710697683838561245e-01
5.735548864848503126e-01 -5.150190146485962295e-01 1.711107943328862013e-01
5.735380887826397878e-01 -5.149775852110295427e-01 1.710118753082377485e-01
5.734394664846018674e-01 -5.147915469283831369e-01 1.708600460894166284e-01
5.733256140263559564e-01 -5.145932088842092300e-01 1.709645101935575173e-01
5.732774103421065526e-01 -5.143473985322464248e-01 1.714715686257613503e-01
5.733537918512191522e-01 -5.138580250348883105e-01 1.719931654369309948e-01
5.732699574858656222e-01 -5.136856657591742925e-01 1.720022721320493830e-01
5.729701108315297109e-01 -5.128947295052197486e-01 1.715841337741929040e-01
5.727765345278233999e-01 -5.123495156104792558e-01 1.716396376022564785e-01
5.726328416363261065e-01 -5.116944119420427928e-01 1.722977712763191505e-01
5.726556763591832411e-01 -5.109528902325893851e-01 1.732809418394096190e-01
5.727663471501625025e-01 -5.102740196816070162e-01 1.736510861069615330e-01
5.728026632754480429e-01 -5.095658916209908629e-01 1.735616905848018365e-01
5.727404568354171888e-01 -5.087320470617398005e-01 1.730260191767098998e-01
5.727461507932359863e-01 -5.081924136493181088e-01 1.729210087830147791e-01
5.728321827498903396e-01 -5.078085398676728257e-01 1.730745033416444256e-01
5.730040306650395765e-01 -5.074544827734620567e-01 1.735134029757035568e-01
5.729952013146336620e-01 -5.074595554271987830e-01 1.736475062943502734e-01
5.734189623865819652e-01 -5.068160283010111344e-01 1.742886336558572835e-01
5.736044975680870683e-01 -5.065845433841554835e-01 1.744121395261558904e-01
5.741785266664987120e-01 -5.058518284612989468e-01 1.743771611339963168e-01
5.749962588731066804e-01 -5.048245963030261185e-01 1.741245352509044886e-01
5.752693868758549378e-01 -5.045227220852366301e-01 1.742291724948437648e-01
5.760266386775654279e-01 -5.036078285309351088e-01 1.741318266154175953e-01
5.761320279460638849e-01 -5.035502805748943711e-01 1.742522428104199272e-01
5.766464172129183163e-01 -5.029073723650898664e-01 1.741348454339666785e-01
5.777957945919089955e-01 -5.015831107112654896e-01 1.741690142324649471e-01
5.781368216539536364e-01 -5.010686878204433370e-01 1.740470704107139333e-01
5.781897168156385769e-01 -5.005952706675509400e-01 1.737327119400301212e-01
5.781881115499499790e-01 -5.005595757560821202e-01 1.738104536031452874e-01
5.782345557482186926e-01 -5.002597162437046885e-01 1.735349640506111957e-01
5.783621177993919504e-01 -4.998839111660418055e-01 1.735722157692978773e-01
5.785037347952675102e-01 -4.995129295895735511e-01 1.737841967191248449e-01
5.787262291678372250e-01 -4.992617652745767187e-01 1.741155270972959412e-01
5.787337338350621030e-01 -4.992135813630098617e-01 1.740535971539066695e-01
5.788429588205727949e-01 -4.991248421643357247e-01 1.741782254773400207e-01
5.790590637395589546e-01 -4.988539974445434511e-01 1.742111204870261942e-01
5.793089251986629495e-01 -4.985342346806437841e-01 1.740876072723956947e-01
5.793804570640099794e-01 -4.984678372643089883e-01 1.741587204952572687e-01
5.792945244572045294e-01 -4.985501898493335804e-01 1.741084131400149615e-01
5.793588523603855345e-01 -4.985078542635213439e-01 1.742286899740827788e-01
5.793366822199326194e-01 -4.985284181055864572e-01 1.741049739362969528e-01
5.793384002939478972e-01 -4.985403800698000043e-01 1.742307551543700317e-01
5.793302939238736959e-01 -4.985414522425436479e-01 1.741255337475977882e-01
5.793502337310908468e-01 -4.985322588967285307e-01 1.742207374179172152e-01
5.793084738315206206e-01 -4.985592089664168114e-01 1.741525470011585086e-01
5.792574450209202475e-01 -4.986862146308673194e-01 1.742466697009139587e-01
5.792367364038372157e-01 -4.986686303825511590e-01 1.741655133855506410e-01
5.790380423567388357e-01 -4.989881682437206645e-01 1.743268867095012498e-01
5.788578468249488962e-01 -4.992408742688198009e-01 1.743181571571491006e-01
5.788653607127899337e-01 -4.992609736228025841e-01 1.743980768180878327e-01
5.781872987440347389e-01 -5.000832076702829143e-01 1.743505517624729106e-01
5.777748733120233737e-01 -5.006202390284424375e-01 1.744724129749098407e-01
5.775783072620752634e-01 -5.008375426755704574e-01 1.743882854345660816e-01
5.775063142764194080e-01 -5.009379453651723324e-01 1.744952446183239969e-01
5.750298193125717994e-01 -5.037600211388815197e-01 1.744414024751676784e-01
5.746252798097001291e-01 -5.042441424762443836e-01 1.745205822754087310e-01
5.744393045084074112e-01 -5.044522341719993586e-01 1.744403620538991506e-01
5.739568531415999431e-01 -5.050361454951183271e-01 1.745495183168656594e-01
5.727978408434479807e-01 -5.063172558681762192e-01 1.744485134422014694e-01
5.725981937848971803e-01 -5.065680472326986594e-01 1.745481761626830886e-01
5.723081002228758152e-01 -5.068826913809820756e-01 1.744833225337689697e-01
5.716238648688244384e-01 -5.076683558474845981e-01 1.745897995773613987e-01
5.715787471259473618e-01 -5.077600607924178666e-01 1.747040318832699668e-01
5.712085118154877073e-01 -5.081951339716596072e-01 1.748478822748668615e-01
5.711009780423982329e-01 -5.083949842684127862e-01 1.750636366590806181e-01
5.710042784036658547e-01 -5.084781420306083710e-01 1.750231112409465772e-01
5.706132541844007866e-01 -5.089607685734783837e-01 1.754701730073267019e-01
5.702507837681107805e-01 -5.093524213626132724e-01 1.756426208824980462e-01
5.700639973488520473e-01 -5.095409602241901537e-01 1.758633969167519573e-01
5.694468769288155707e-01 -5.101121936353546493e-01 1.760148111334822740e-01
5.687627958009218165e-01 -5.107026252545541212e-01 1.763895438704025653e-01
5.680720306397227803e-01 -5.113715465781978331e-01 1.766193652727678365e-01
5.671494745541849625e-01 -5.122954926697367295e-01 1.773921952676715541e-01
5.663919807470130241e-01 -5.130135822267442025e-01 1.777435109939461411e-01
5.663290304490056215e-01 -5.130487679308874949e-01 1.776697284334191884e-01
5.659901581599273701e-01 -5.134036374200529051e-01 1.777734040068330024e-01
5.649553504942679272e-01 -5.144880223789396467e-01 1.777269625297961952e-01
5.644199742148077181e-01 -5.151557403043505179e-01 1.778620100408657423e-01
5.638451988770170065e-01 -5.157830165429145852e-01 1.778601162714479322e-01
5.636528439194881113e-01 -5.160212601522817799e-01 1.779685541940667359e-01
5.631214901949662677e-01 -5.166085657859674773e-01 1.778791716908510456e-01
5.628384186928709898e-01 -5.169271288818784171e-01 1.779707433154172069e-01
5.617490158510075604e-01 -5.180864485130017849e-01 1.778889593460766527e-01
5.602834716007266680e-01 -5.197021321172168307e-01 1.779713228154886362e-01
5.597763521625641614e-01 -5.202272924873125870e-01 1.778800964724932543e-01
5.589916056676497158e-01 -5.210945672792567374e-01 1.779703542491639923e-01
5.527593577329280583e-01 -5.277518811467474258e-01 1.779813897506332121e-01
5.520348361374440849e-01 -5.285718962048309155e-01 1.781254940201685844e-01
5.518935730509101356e-01 -5.287488520843390827e-01 1.780693832972095603e-01
5.507221348884389078e-01 -5.303059025932038706e-01 1.783287275777870606e-01
5.499072549515506836e-01 -5.314669496839207197e-01 1.786381203884242486e-01
5.483767859152803847e-01 -5.334379574530829782e-01 1.789926651032649474e-01
5.476589817941323046e-01 -5.341320434706373632e-01 1.789901053445344115e-01
5.474533360146955907e-01 -5.342706449426016801e-01 1.788778003266346672e-01
5.472326337488611081e-01 -5.344966669505563095e-01 1.789425198197332756e-01
5.451758297023625577e-01 -5.363347508103450956e-01 1.786923051495434567e-01
5.437751589336334845e-01 -5.376164385550278313e-01 1.787610083545308481e-01
5.434004517286412650e-01 -5.379573459397598567e-01 1.788710767171228511e-01
5.431831944538372259e-01 -5.381806288040784647e-01 1.790945765721843330e-01
5.428694230605697335e-01 -5.384775223982879444e-01 1.794699603791497511e-01
5.426242270122738631e-01 -5.388670752015352061e-01 1.800324855024047488e-01
5.424710243754308214e-01 -5.390629721820681119e-01 1.801571826491734085e-01
5.424666909364505019e-01 -5.390436051216753732e-01 1.800549938942941075e-01
5.423817246639890399e-01 -5.391208703716090511e-01 1.801290962010022034e-01
5.420839094979864603e-01 -5.393402293560795036e-01 1.799878682289844933e-01
5.420271117744906997e-01 -5.394047468089805397e-01 1.800540616168670449e-01
5.419964691974606952e-01 -5.393953921754175429e-01 1.799417057758298244e-01
5.415484040808500321e-01 -5.398520672690790834e-01 1.800819923549915047e-01
5.406533908538025957e-01 -5.407626031306823622e-01 1.801007355319553804e-01
5.397081468348501332e-01 -5.416661441273468158e-01 1.799808056183735960e-01
5.396172679990430820e-01 -5.417771106379649648e-01 1.800875258279519553e-01
5.389230453725367687e-01 -5.424787285764158806e-01 1.801319063695199230e-01
5.387312578036483890e-01 -5.426439142774910351e-01 1.800353786017769298e-01
5.386905127377062952e-01 -5.426977581960419350e-01 1.801157271573482488e-01
5.381769132798350785e-01 -5.432226835049082103e-01 1.800503070301505693e-01
5.380825676605580643e-01 -5.433109133764247867e-01 1.801244218522905505e-01
5.378168766768267606e-01 -5.435633337462700831e-01 1.800360075256127734e-01
5.353344291769994712e-01 -5.460260635656561945e-01 1.801171247249662155e-01
5.352200296827019921e-01 -5.461050025070709468e-01 1.800403466184702372e-01
5.343216852379976123e-01 -5.470125747289645846e-01 1.801439897535084822e-01
5.342020599663741542e-01 -5.471080137852939451e-01 1.800609438454799927e-01
5.331246369935709328e-01 -5.481841366921169634e-01 1.800691176866762999e-01
5.330575641840619161e-01 -5.482725529895344785e-01 1.801611037555937433e-01
5.328375850763893418e-01 -5.484594903381013742e-01 1.800871564062348773e-01
5.326242352028697224e-01 -5.486944067930864533e-01 1.802003000988488812e-01
5.323526120578776499e-01 -5.489349158598932910e-01 1.800853377487260376e-01
5.320343111309231432e-01 -5.492644652303813047e-01 1.801813061953696782e-01
5.318616739361661239e-01 -5.494031475456091496e-01 1.800757737832349992e-01
5.317527021395302977e-01 -5.495302060005754496e-01 1.801883973796345462e-01
5.314026970873885203e-01 -5.498335793678900130e-01 1.800891998536209848e-01
5.311118026641330481e-01 -5.501415566840585081e-01 1.802040009246964058e-01
5.310536491309140184e-01 -5.501966272264666724e-01 1.801087770252156051e-01
5.301039718408461221e-01 -5.511231434397155793e-01 1.802184038689328416e-01
5.283899356300405525e-01 -5.527706240604541854e-01 1.801643274565963293e-01
5.282902368216558786e-01 -5.528372208645133679e-01 1.802528649808071426e-01
5.274856861290581067e-01 -5.536334019906826720e-01 1.802879294615631900e-01
5.274441848718456338e-01 -5.536596942145350919e-01 1.802142536475995205e-01
5.271475636696857370e-01 -5.539526164323776980e-01 1.803129670876510160e-01
5.256323615591194098e-01 -5.553930128527887478e-01 1.802442644833466279e-01
5.251949148470762552e-01 -5.558299077768148466e-01 1.803578854814814059e-01
5.249011218142339841e-01 -5.560813058358266003e-01 1.803105166746294952e-01
5.249082477610202968e-01 -5.560803111069070326e-01 1.803827591892750992e-01
5.245972772537412787e-01 -5.563602005439114428e-01 1.802902183130501157e-01
5.245462212277791636e-01 -5.564209263080468482e-01 1.803657717660197002e-01
5.242489766716791344e-01 -5.566949524963902274e-01 1.802921597873274884e-01
5.231361440088809767e-01 -5.577580859880414410e-01 1.803893462244674784e-01
5.217459443747910486e-01 -5.590109553806789089e-01 1.803523880673780777e-01
5.216920343810595995e-01 -5.590828738626189010e-01 1.804145415061753077e-01
5.217349295824827982e-01 -5.590164275720715947e-01 1.804086227624956962e-01
5.217066389367744916e-01 -5.590732803378259952e-01 1.804887902053072812e-01
5.217129698634916934e-01 -5.589524725916826808e-01 1.807764659967783516e-01
5.215887654667274997e-01 -5.590425387606516860e-01 1.820200175273089804e-01
5.210482400692406646e-01 -5.594168041884693965e-01 1.846507764485745828e-01
5.190361357707944379e-01 -5.608622994539979034e-01 1.910417762615375936e-01
5.181954085700175572e-01 -5.612634377551604103e-01 1.944210818487184800e-01
5.176769730126211666e-01 -5.614008730993690355e-01 1.963186151917584721e-01
5.170170802083200456e-01 -5.613998940916643532e-01 1.989410194189643599e-01
5.165978933952296570e-01 -5.613383295840128628e-01 2.001642777056955591e-01
5.156994189065117196e-01 -5.609487804954407242e-01 2.031668330278619816e-01
5.148757480439604128e-01 -5.604311595240910604e-01 2.054660629870248556e-01
5.139318087785218481e-01 -5.597881474920017864e-01 2.077543072463283180e-01
5.132034731904502323e-01 -5.592566251949094847e-01 2.093318197458251817e-01
5.117324391938983252e-01 -5.578410013718732019e-01 2.126912981390965962e-01
5.100796973106137555e-01 -5.558763710593416230e-01 2.165882300175709929e-01
5.099267294731746336e-01 -5.557146424028209797e-01 2.170697203836954026e-01
5.094360399680014639e-01 -5.550985693898879969e-01 2.181265222275736715e-01
5.074187190449940266e-01 -5.524103055246835092e-01 2.234184730526185825e-01
5.061121274051781915e-01 -5.504026980762232180e-01 2.273036512346788274e-01
5.047567905065495353e-01 -5.480567747134310608e-01 2.322198116983286709e-01
5.023750463682283840e-01 -5.442034941428142147e-01 2.413899279068668080e-01
5.010136272653378242e-01 -5.419268914526882419e-01 2.472685761121710124e-01
4.993968630841736367e-01 -5.391346824924615477e-01 2.548824667836388502e-01
4.992078320035873151e-01 -5.389553926930317207e-01 2.556059563805259116e-01
4.973812074967067787e-01 -5.360279663980141995e-01 2.639967875667691422e-01
4.952281123323472034e-01 -5.321943835014337765e-01 2.749232691155477082e-01
4.934265179542649538e-01 -5.294342651246406461e-01 2.831557022195457796e-01
4.926126643710420083e-01 -5.279277921482331548e-01 2.873687319292703712e-01
4.924064879245129145e-01 -5.277337047960598548e-01 2.881510859813275482e-01
4.920182355719600609e-01 -5.269317614371133995e-01 2.902624282467346495e-01
4.906594842668698386e-01 -5.247624374793630198e-01 2.964850933830331381e-01
4.878423188578629999e-01 -5.200701070503566115e-01 3.091472871397057953e-01
4.868310784956957349e-01 -5.184783559923534790e-01 3.132847371792411018e-01
4.848257238913799561e-01 -5.152500508050439354e-01 3.213795311088646356e-01
4.831057604746422651e-01 -5.122913689324927189e-01 3.282928721821194440e-01
4.801463415089685660e-01 -5.075992503663870892e-01 3.391677042634251849e-01
4.781980126874675885e-01 -5.044632071227301839e-01 3.460315898371218446e-01
4.765683922846710718e-01 -5.019705038248245543e-01 3.513095962509102943e-01
4.721630123818541525e-01 -4.965562926132191524e-01 3.632433434420675455e-01
4.694673461749627186e-01 -4.936840010372279819e-01 3.697012073033338897e-01
4.659524651465949407e-01 -4.902371222405438878e-01 3.774414934247484199e-01
4.629001386638564863e-01 -4.874750751029086615e-01 3.836989256263491077e-01
4.580867394029399242e-01 -4.833029153826141622e-01 3.927707233335394066e-01
4.551573967344652027e-01 -4.806557444019972647e-01 3.981949734817313846e-01
4.528031655181808945e-01 -4.786643377259331422e-01 4.021227476471382900e-01
4.487536285155192539e-01 -4.752152210981079872e-01 4.084561310846308579e-01
4.459984884449678111e-01 -4.727500595191830302e-01 4.126222893437175854e-01
4.425809466349956978e-01 -4.698334730520760671e-01 4.172869547647350963e-01
4.378789356697267987e-01 -4.655529727704024734e-01 4.233837005787273733e-01
4.350061395136299303e-01 -4.627543029331036006e-01 4.269713700566764025e-01
4.305555777135547380e-01 -4.583948371107746667e-01 4.320366011563301911e-01
4.288961023381973048e-01 -4.566311353002130424e-01 4.339518410677431492e-01
4.254241158704749060e-01 -4.526309806461752960e-01 4.379529055182628805e-01
4.222804367069953324e-01 -4.485408146944053209e-01 4.417395624231539863e-01
4.206138091972141391e-01 -4.458059327721149989e-01 4.439608258840390675e-01
4.187887728602306403e-01 -4.425279230710615908e-01 4.466955725520327936e-01
4.163539079084176420e-01 -4.385385871531337632e-01 4.499289648707189282e-01
4.146309467218047828e-01 -4.357355526935710044e-01 4.524546026857632075e-01
4.140911169999507702e-01 -4.348245139873634368e-01 4.533307271301932895e-01
4.133822401822496717e-01 -4.336670511835113984e-01 4.547075236317301705e-01
4.129433932231378890e-01 -4.329349037538876011e-01 4.558921719383570159e-01
4.123422786194816947e-01 -4.319808320550802549e-01 4.580832467679997189e-01
