5.462381157538380716e-01 -4.727147212881362970e-01 3.944416061132380857e-01
5.462233586414076969e-01 -4.727118163992663491e-01 3.943462728152054009e-01
5.461817360652700959e-01 -4.727493979468148089e-01 3.944677468502306161e-01
5.462247179588683998e-01 -4.727155646384499366e-01 3.943683677017774114e-01
5.462301844056549616e-01 -4.726707080824613660e-01 3.944377569963716246e-01
5.461925360995079082e-01 -4.727734271941304578e-01 3.944058436576386995e-01
5.462321123956314084e-01 -4.727058226890032966e-01 3.944373552464868204e-01
5.462386974874070544e-01 -4.727108701877738017e-01 3.943518359525509664e-01
5.461974327415902719e-01 -4.727361422885248965e-01 3.944642624990979951e-01
5.462607422686882597e-01 -4.726923226146877433e-01 3.943830194075432227e-01
5.462048375977328618e-01 -4.727231933729891256e-01 3.944647498146002240e-01
5.462038556092768671e-01 -4.727410203784223053e-01 3.943792418285108070e-01
5.462198245516444173e-01 -4.727048044280433570e-01 3.944922448313713526e-01
5.462059743373680609e-01 -4.727411080858583414e-01 3.943464608928527459e-01
5.461980395505902086e-01 -4.727372384042390907e-01 3.944627240277957525e-01
5.462259648678201573e-01 -4.727259993936028248e-01 3.943438739848733054e-01
5.462042138914260381e-01 -4.727352578104111469e-01 3.944500988104938100e-01
5.462385121856816461e-01 -4.726763638418516322e-01 3.944281812207550697e-01
5.461988567892992474e-01 -4.727589109024020742e-01 3.943716311156476584e-01
5.461996532470310139e-01 -4.727318693550607298e-01 3.944900608203008030e-01
5.462153701281116103e-01 -4.727295258844860792e-01 3.943528106144517653e-01
5.462027909089206545e-01 -4.727546695310385072e-01 3.944569019278356681e-01
5.462044151451792562e-01 -4.727431681321301316e-01 3.943616579520321519e-01
5.462353879698008674e-01 -4.726785182514078865e-01 3.944388454276324674e-01
5.462279634014350904e-01 -4.727346013156713544e-01 3.943590583905503544e-01
5.462456676201508099e-01 -4.726890421383430074e-01 3.944583363565994927e-01
5.462192794758045089e-01 -4.727292165487593234e-01 3.943551575005113663e-01
5.461905888386187069e-01 -4.727452236258384288e-01 3.944649959581106868e-01
5.462122699944159665e-01 -4.727319358457574006e-01 3.943763094843006911e-01
5.462503510263172490e-01 -4.726731232121971771e-01 3.944369787427631779e-01
5.461911069818545794e-01 -4.727324987919236388e-01 3.943752100490022783e-01
5.462484216974683449e-01 -4.726747091283249325e-01 3.944572841799462992e-01
5.461875127416400133e-01 -4.727569990200459760e-01 3.944284846742426298e-01
5.462398472025465912e-01 -4.726981391710182723e-01 3.944470798782580556e-01
5.462328536752759645e-01 -4.727277102796346719e-01 3.943746983230317360e-01
5.462379055909228898e-01 -4.726869512864061429e-01 3.944769299544271246e-01
5.462242339701418592e-01 -4.727193857957693313e-01 3.943587463940211313e-01
5.462323966517664831e-01 -4.726861280637916218e-01 3.944583741182046133e-01
5.462288693730122935e-01 -4.727108865870854326e-01 3.943728770185622734e-01
5.461787268626483449e-01 -4.727640262628154955e-01 3.944276869983958655e-01
5.462257514653309221e-01 -4.726977188600459123e-01 3.944641457784283656e-01
5.462475789559032568e-01 -4.727098462299154646e-01 3.943472602261133275e-01
5.461810484735142301e-01 -4.727385369655536795e-01 3.944539516351093233e-01
5.462530403544206825e-01 -4.726796486544062037e-01 3.944367664663784856e-01
5.461914424249744160e-01 -4.727492358371945813e-01 3.944173748628045928e-01
5.462345602176429393e-01 -4.726954315425955788e-01 3.943963917519392459e-01
5.461968715157585752e-01 -4.727211159936308693e-01 3.944895431086815618e-01
5.462114544475982214e-01 -4.727498288271923532e-01 3.943696161710006365e-01
5.461888929391357506e-01 -4.727207155213831169e-01 3.944914342055438339e-01
5.462320242623734945e-01 -4.727180577856189836e-01 3.943490779606482199e-01
5.461818318255619031e-01 -4.727575044511402869e-01 3.944592785553830416e-01
5.462304215815135811e-01 -4.727015660842441291e-01 3.943817538321745531e-01
5.461852896520310585e-01 -4.727486021754234158e-01 3.944641813682468467e-01
5.462202920312841936e-01 -4.727367398890786609e-01 3.943821265477181481e-01
5.462415386168965048e-01 -4.726911879575849129e-01 3.944693654803706484e-01
5.462004890348111097e-01 -4.727634163844023352e-01 3.943703794780731298e-01
5.462383165661819362e-01 -4.726788940002501493e-01 3.944245288552966633e-01
5.462099194415123149e-01 -4.727599285243153648e-01 3.943482823046702834e-01
5.462081379409479132e-01 -4.727059558603972644e-01 3.944694154430191668e-01
5.462087287684006531e-01 -4.727354934100352901e-01 3.943585569065107821e-01
5.462163724553760202e-01 -4.727036527846316671e-01 3.944760934726288526e-01
5.461929875205194795e-01 -4.727550801849723094e-01 3.944255477254198783e-01
5.462590976378765006e-01 -4.726987317799171140e-01 3.944015750293279887e-01
5.461991912051943343e-01 -4.727291043150124716e-01 3.944672861512193984e-01
5.462129954607368720e-01 -4.727367872996515175e-01 3.943617023955032774e-01
5.462049362230078087e-01 -4.727253188444644483e-01 3.944774298118184919e-01
5.462533371979867436e-01 -4.726957421346725807e-01 3.943724804626116964e-01
5.461942057752449120e-01 -4.727616492108915325e-01 3.943811990112029986e-01
5.462270525644962182e-01 -4.727100613441415633e-01 3.944464902172383214e-01
5.462464934919021298e-01 -4.727033571840987825e-01 3.943709078146580560e-01
5.462030440112600749e-01 -4.727293670020150662e-01 3.944745762720925919e-01
5.462458044938699464e-01 -4.726780095904882795e-01 3.943959351185792883e-01
5.462130368110356127e-01 -4.727512243742392206e-01 3.943820722549780111e-01
5.461990231748206082e-01 -4.727156860273817318e-01 3.944828496642308613e-01
5.462434446675773492e-01 -4.727021089763495665e-01 3.943669798689385386e-01
5.462363494505861894e-01 -4.726976036266665182e-01 3.944761592769523428e-01
5.461800110994106117e-01 -4.727631351697250128e-01 3.943832929476381866e-01
5.462247117466119128e-01 -4.727081724545883490e-01 3.944514893823863888e-01
5.462488129253749713e-01 -4.727048863810734414e-01 3.943838534034205812e-01
5.461931701234994385e-01 -4.727358954660048074e-01 3.944718490793057142e-01
5.462062488883855371e-01 -4.727526590204751411e-01 3.943841244195875895e-01
5.462391023820282188e-01 -4.726849635929956661e-01 3.944209400158743550e-01
5.461926760244482093e-01 -4.727528184880406270e-01 3.943866143554541903e-01
5.462662776340690973e-01 -4.726829644244439632e-01 3.944037530026714422e-01
5.462102574306398894e-01 -4.727137342781059792e-01 3.944500747689564379e-01
5.462182896249009323e-01 -4.727306351539576901e-01 3.943576439981404391e-01
5.462174323875281789e-01 -4.726984937002896570e-01 3.944578528262144279e-01
5.461864162602744210e-01 -4.727691475576497604e-01 3.943714868554761832e-01
5.462159328469577968e-01 -4.727004968775503357e-01 3.944593747909374004e-01
5.461815878272506808e-01 -4.727506452164821349e-01 3.943973611223724474e-01
5.462316319219407967e-01 -4.727149761960547369e-01 3.944396469054390342e-01
5.462487095233594658e-01 -4.727017555163510742e-01 3.943395752710295854e-01
5.462001146204431556e-01 -4.727283950671979373e-01 3.944795560488198460e-01
5.462393469879693875e-01 -4.726887654294479324e-01 3.944102594646621274e-01
5.462005414583098739e-01 -4.727595740155990933e-01 3.943848653658328374e-01
5.462548139928091739e-01 -4.726850225012805273e-01 3.943916986296431837e-01
5.462112675477726054e-01 -4.727482449873352532e-01 3.943775834858402329e-01
5.462067951096452045e-01 -4.727346932771783750e-01 3.944788121145292870e-01
5.462122458390615831e-01 -4.727497684037922365e-01 3.943685613230847320e-01
5.461987027882130308e-01 -4.727298482590877593e-01 3.944573403907857267e-01
5.462532945219142899e-01 -4.726986992601489024e-01 3.944053034309165096e-01
5.462139640964873699e-01 -4.727228248836013447e-01 3.944599505851930088e-01
5.462059245781243355e-01 -4.727408108537054510e-01 3.943775412635440736e-01
5.462180312772536572e-01 -4.726974217869076011e-01 3.944790574509606795e-01
5.461925075120892537e-01 -4.727552896771586854e-01 3.943805102542589092e-01
5.462268216463507242e-01 -4.726929645424092774e-01 3.944690959680794973e-01
5.462430515517721075e-01 -4.727035682965771146e-01 3.943749754041570577e-01
5.462048644480086423e-01 -4.727262313051884268e-01 3.944765628944464919e-01
5.461772631777535025e-01 -4.727645997056344473e-01 3.943598957602144628e-01
5.462022200902790781e-01 -4.727177227039722207e-01 3.944631754291575421e-01
5.462054004005553187e-01 -4.727509327742124845e-01 3.943876156856018222e-01
5.462485629430964273e-01 -4.726930819157563746e-01 3.944085438928427445e-01
5.462119280645818531e-01 -4.727509130856343278e-01 3.943711536756368541e-01
5.462042204427318692e-01 -4.727249349475867723e-01 3.944753442831426260e-01
5.461966106004737531e-01 -4.727475240255591959e-01 3.943845087788663273e-01
5.461930290217574813e-01 -4.727501861577651510e-01 3.944561019349075992e-01
5.462431288474285385e-01 -4.726762579294643829e-01 3.943805492120976419e-01
5.462241042014910342e-01 -4.727008972147825339e-01 3.944701011486164144e-01
5.462075150145744296e-01 -4.727448997736101166e-01 3.943705883167406556e-01
5.462162323885325632e-01 -4.727157254876513948e-01 3.944684636206109429e-01
5.462006837705308815e-01 -4.727514158312489112e-01 3.943601938403946683e-01
5.462211544416939457e-01 -4.727088344166132106e-01 3.944641768945326699e-01
5.462480527689662635e-01 -4.726869802572817858e-01 3.943938355544073238e-01
5.461872922821769949e-01 -4.727397032603074534e-01 3.944670070989503841e-01
5.462020433179656242e-01 -4.727414494778183762e-01 3.943666523656753631e-01
5.462417753850460356e-01 -4.726941868445256878e-01 3.944343829894394471e-01
5.461948649711224624e-01 -4.727482408348441245e-01 3.943668262156432291e-01
5.462392005546863327e-01 -4.726892272959476449e-01 3.944213246463975087e-01
5.461881385539880673e-01 -4.727329660438570613e-01 3.944597504146685196e-01
5.462439164380744616e-01 -4.727120050466449008e-01 3.943653550218002568e-01
5.462157439008871185e-01 -4.727539336157720595e-01 3.944238668137892700e-01
5.462475614651333133e-01 -4.726806828963904805e-01 3.944342006680803259e-01
5.461914142498606184e-01 -4.727515018741491049e-01 3.944353150331392222e-01
5.462481164091222974e-01 -4.726947048022355768e-01 3.944294317181574194e-01
5.462098024178833056e-01 -4.727477387548393861e-01 3.943375557270701326e-01
5.462015990160751233e-01 -4.727366701370955271e-01 3.944345874600642676e-01
5.462610333378530303e-01 -4.726725779789113790e-01 3.944038522179110773e-01
5.461893218215942980e-01 -4.727439910349265917e-01 3.944082257984049544e-01
5.462259613178872542e-01 -4.727263069530112105e-01 3.944734954957873629e-01
5.464054333513084227e-01 -4.725278073942875690e-01 3.943242778972556040e-01
5.464158695950896982e-01 -4.724814809708032248e-01 3.944246820807766341e-01
5.464455800014252906e-01 -4.724761803154207129e-01 3.942913492935344877e-01
5.464890234197296026e-01 -4.724416528590497655e-01 3.943752024270631429e-01
5.464078233915343752e-01 -4.724970729234700406e-01 3.943642898490382631e-01
5.463611806853395647e-01 -4.725528831888197723e-01 3.933930913945821173e-01
5.463293085159448559e-01 -4.728376714118212032e-01 3.921457433790658809e-01
5.465334016064694600e-01 -4.732464794720101509e-01 3.901510953644707902e-01
5.483632988476232484e-01 -4.755198936125681342e-01 3.806175610579036195e-01
5.487709748355995565e-01 -4.758991201202976140e-01 3.786353651089988115e-01
5.500471505127285665e-01 -4.775768085759220516e-01 3.712160446762255983e-01
5.513477212813525652e-01 -4.791149220786810048e-01 3.636272144693260544e-01
5.526717043036215582e-01 -4.807639708964114855e-01 3.550181515468470161e-01
5.554986832425856669e-01 -4.843875332355306318e-01 3.335857474532669675e-01
5.573370685335243824e-01 -4.868946517696179921e-01 3.200254964218076092e-01
5.592367167171889974e-01 -4.891695153964038534e-01 3.057547915605893785e-01
5.596192738345800999e-01 -4.898488395053295918e-01 3.018597227349975598e-01
5.597256070937142169e-01 -4.898758805009038042e-01 3.012878266693602702e-01
5.605562522326041908e-01 -4.914289036999222038e-01 2.925710834350133127e-01
5.612964809807197142e-01 -4.924698242103557888e-01 2.854476472883344940e-01
5.612806141575527041e-01 -4.925866128627108265e-01 2.850672871191956004e-01
5.618097726173967299e-01 -4.935661330236807420e-01 2.787047073669117192e-01
5.621127331673354544e-01 -4.942921008465743227e-01 2.748522899714559431e-01
5.623478232199565774e-01 -4.946580464567559843e-01 2.731194699815698845e-01
5.629766998916969634e-01 -4.954763855525612937e-01 2.700785853264620062e-01
5.635098223598236089e-01 -4.961780795658974896e-01 2.681881677769240580e-01
5.640565807201622928e-01 -4.970073232206935199e-01 2.664959440887921804e-01
5.646825612096471048e-01 -4.976713770994311004e-01 2.652132486539835465e-01
5.653075227677372139e-01 -4.984156383073285457e-01 2.642139319412969978e-01
5.667145961361947926e-01 -4.999693880120823497e-01 2.625649173094207756e-01
5.682490765267654842e-01 -5.011193526046081592e-01 2.615940568230669117e-01
5.693473268298091527e-01 -5.016554500306946718e-01 2.608840762754170983e-01
5.709006971820953513e-01 -5.020307772808112468e-01 2.598953065635924431e-01
5.723301419976719595e-01 -5.021711399735183656e-01 2.587040836812245503e-01
5.732045770822578046e-01 -5.021894201737625574e-01 2.577603789690189884e-01
5.739009228062695867e-01 -5.020830321116493966e-01 2.564935479468665180e-01
5.743452081639662810e-01 -5.021536052600359401e-01 2.549867784824776384e-01
5.746690707051972380e-01 -5.025824811333204911e-01 2.535924963618604866e-01
5.746593204133326749e-01 -5.032895122481895189e-01 2.522005610967561484e-01
5.744466381277245626e-01 -5.038689128106461634e-01 2.514384069395370069e-01
5.737127798171148818e-01 -5.051962546653747665e-01 2.501026671749185804e-01
5.711614814910512816e-01 -5.084743762926974275e-01 2.479520797983532920e-01
5.687018728269466195e-01 -5.114748018144390507e-01 2.456431377963270712e-01
5.681915600568145930e-01 -5.121170295281612939e-01 2.452522802125552404e-01
5.669682671450633205e-01 -5.136908985452467435e-01 2.438057018143295895e-01
5.658554724388312751e-01 -5.152054064603178718e-01 2.420031143988249367e-01
5.655015767611821786e-01 -5.157510580876067952e-01 2.410373755446345578e-01
5.653378461601514804e-01 -5.161010378260139086e-01 2.399255811359022883e-01
5.654379718803632660e-01 -5.163222857575996416e-01 2.381505624064443327e-01
5.657972099145495148e-01 -5.164737127678566964e-01 2.365253253587426274e-01
5.660327729882808079e-01 -5.167325962928230876e-01 2.360097203493952134e-01
5.665391010774181169e-01 -5.174473655984315190e-01 2.354248882942420185e-01
5.669376672235270087e-01 -5.179895515845235332e-01 2.351689032501362853e-01
5.676205479493932060e-01 -5.189863368620581952e-01 2.349752716380132389e-01
5.689937122710055917e-01 -5.205894462164690761e-01 2.354201304629817693e-01
5.691202006697365645e-01 -5.206423918222446989e-01 2.355120798136072779e-01
5.694526443103993252e-01 -5.211604034467542945e-01 2.356729269953598549e-01
5.709520910310779129e-01 -5.229032260455075409e-01 2.365660547707672534e-01
5.724373922581381668e-01 -5.243711632035025216e-01 2.377466879739970063e-01
5.727416025854091819e-01 -5.245499948445471183e-01 2.378543918412967528e-01
5.732846060848253433e-01 -5.250588239470973528e-01 2.382370247594684520e-01
5.735049553645861220e-01 -5.250766984091683742e-01 2.383679643535401294e-01
5.735776164774590846e-01 -5.250071312881647856e-01 2.382765575987146334e-01
5.736298210548766985e-01 -5.249453644722740231e-01 2.383297416687630288e-01
5.736343251159179424e-01 -5.240120566484706144e-01 2.371959925687129322e-01
5.743381812029267897e-01 -5.225069243257707274e-01 2.361060748974505019e-01
5.759089321154080565e-01 -5.197734219804156508e-01 2.350333294174509202e-01
5.766150338776474538e-01 -5.188143707271548610e-01 2.348098410896963806e-01
5.771586116018908585e-01 -5.182178234216604507e-01 2.347440619526800498e-01
5.784038713740414783e-01 -5.171150520751965907e-01 2.350200940343441514e-01
5.794379524162643902e-01 -5.165264714672394009e-01 2.354837605438245274e-01
5.811447119876693712e-01 -5.158323864538120196e-01 2.366221752688284496e-01
5.815433621741297188e-01 -5.157196270312512931e-01 2.369819565853722998e-01
5.818251044299682651e-01 -5.155676815366856403e-01 2.370790658241057058e-01
5.835956529199572973e-01 -5.149012486551898249e-01 2.382642845786968333e-01
5.847699652105529111e-01 -5.142604677577623518e-01 2.388695957898179234e-01
5.858480225568958311e-01 -5.134703588194226009e-01 2.393631969673657989e-01
5.863307360589707917e-01 -5.130452894865292768e-01 2.394725257430710408e-01
5.870152598862488080e-01 -5.122803433665642503e-01 2.395142786532363788e-01
5.874049283512480235e-01 -5.116675888151680507e-01 2.394350614843498426e-01
5.877499511048165370e-01 -5.110417594358814819e-01 2.391711913345322404e-01
5.879420720640404774e-01 -5.107159390742764815e-01 2.391490293723055882e-01
5.889773796318800159e-01 -5.087295822518143051e-01 2.382906750366915460e-01
5.901148027839199228e-01 -5.054990095719851251e-01 2.361739651467314460e-01
5.905079669493938921e-01 -5.036648720979209903e-01 2.347198289490293188e-01
5.912112575331255337e-01 -4.998855143359552389e-01 2.313504043712790725e-01
5.914160869464454295e-01 -4.958736279786625234e-01 2.270361391439355003e-01
5.917261955157607778e-01 -4.926872246344542461e-01 2.241670949659747836e-01
5.917702457815433581e-01 -4.915595175632995750e-01 2.229350403847435158e-01
5.916952823045805721e-01 -4.906938231642781756e-01 2.217380184797841935e-01
5.915323064844948409e-01 -4.907448436600332919e-01 2.214785896848548430e-01
5.908050653217843395e-01 -4.912340693290470073e-01 2.214457774083144759e-01
5.903800188493365519e-01 -4.913137553600230856e-01 2.213384171195937611e-01
5.901099793390759407e-01 -4.913395949412830421e-01 2.211231788022441358e-01
5.898005573007274460e-01 -4.910704073224718691e-01 2.206414648402403034e-01
5.895365774340436404e-01 -4.901748265626214573e-01 2.194042104641021895e-01
5.894443977921121069e-01 -4.889818780734978554e-01 2.178202902155415843e-01
5.892608251891749971e-01 -4.883875443382480475e-01 2.167565112627899415e-01
5.864947652604528550e-01 -4.850343945628058373e-01 2.091141912231495037e-01
5.857749835660320814e-01 -4.843896168240842681e-01 2.073832680093069536e-01
5.856679590895317311e-01 -4.841977951374523137e-01 2.069651756458669167e-01
5.857234028578816032e-01 -4.841348597591900726e-01 2.070570280880026370e-01
5.856378058150113475e-01 -4.842559287400968193e-01 2.068716208446108040e-01
5.857186110022400971e-01 -4.841542307707970560e-01 2.068708687783771816e-01
5.856202582040015425e-01 -4.842446284909834309e-01 2.068008628524669046e-01
5.856823389550662728e-01 -4.841997193018861001e-01 2.066586805873567578e-01
5.856827764835773609e-01 -4.842103278220148410e-01 2.067452735799816255e-01
5.856263568786959084e-01 -4.842544980826402612e-01 2.066955854034705220e-01
5.856911013751451289e-01 -4.841964020883841036e-01 2.067538721860209816e-01
5.856693109141271059e-01 -4.842281788608919224e-01 2.066678048882528707e-01
5.856299626247121193e-01 -4.843034377460934126e-01 2.067284407057422002e-01
5.856585110813135042e-01 -4.842416722297232523e-01 2.066889140856247864e-01
5.857081185237215104e-01 -4.843092034822438774e-01 2.068504476709828732e-01
5.856642621447645247e-01 -4.843414896574506079e-01 2.067585947345517705e-01
5.857377814966648888e-01 -4.843697166104116714e-01 2.069822258866166886e-01
5.857173786083381684e-01 -4.844510949849205050e-01 2.069613533966665475e-01
5.857655151275839023e-01 -4.844036209068185994e-01 2.070043573449117935e-01
5.858765156543135344e-01 -4.846224039455858112e-01 2.071762933778400484e-01
5.860349831211806304e-01 -4.847627930699466847e-01 2.075247332090191521e-01
5.862380965817074463e-01 -4.851229011974442784e-01 2.078827688110949923e-01
5.865298280731302549e-01 -4.853333135935822273e-01 2.083101848278093304e-01
5.870534055196122702e-01 -4.860602340564217916e-01 2.092835420426515658e-01
5.871570299810288107e-01 -4.860679891348168025e-01 2.094119559997441316e-01
5.871031016670967828e-01 -4.861260342026091363e-01 2.094097680023768726e-01
5.871602224538399195e-01 -4.860968253127122551e-01 2.094544362555625372e-01
5.870842504199208500e-01 -4.861274845909749898e-01 2.094411260860609691e-01
5.870368158971078776e-01 -4.859104838922982950e-01 2.090862344444112397e-01
5.866846709350109768e-01 -4.857323562874849010e-01 2.084529363312047634e-01
5.859329426136055119e-01 -4.848296194378816648e-01 2.063885025856841415e-01
5.847170518825950403e-01 -4.836425083196924102e-01 2.035147304750534458e-01
5.845717877363346693e-01 -4.836106092701752956e-01 2.032703539946183469e-01
5.834238509973336262e-01 -4.825382142890698445e-01 2.005052749732044171e-01
5.833405409247260920e-01 -4.825905125101133675e-01 2.004930566387321256e-01
5.831637701704368570e-01 -4.823748911841489462e-01 1.999799560877301152e-01
5.831235723253818115e-01 -4.824302780935377788e-01 2.001096147440509232e-01
5.831761504662799078e-01 -4.823717686664439896e-01 2.001062868955141572e-01
5.831110719603677106e-01 -4.824308043454363371e-01 1.999979583131157312e-01
5.831456893634818783e-01 -4.823791479256070436e-01 2.000797506146576588e-01
5.831594478768865608e-01 -4.823703135914303997e-01 2.000068951891550983e-01
5.831267774826697226e-01 -4.824155728636284057e-01 2.000793942351343779e-01
5.831640732074010458e-01 -4.823511476496778472e-01 2.000027131023653371e-01
5.831281194559511105e-01 -4.824102225874986050e-01 2.000678694242185029e-01
5.831026584507570387e-01 -4.823986512792485803e-01 1.999211324592013450e-01
5.831428840600462182e-01 -4.823356015085797921e-01 1.999567278283119198e-01
5.831022002408061677e-01 -4.823933459647229416e-01 1.999030112357940703e-01
5.831170608170381797e-01 -4.823915850502598079e-01 2.000059887521851432e-01
5.830976411644450685e-01 -4.823788115871845417e-01 1.998933139044091756e-01
5.831389491449685547e-01 -4.823590515418313407e-01 1.999894360361617329e-01
5.831170488931317619e-01 -4.823806194310654161e-01 1.999072343990399570e-01
5.830930768929589725e-01 -4.824120055732292189e-01 1.999693571314117846e-01
5.831632155646456761e-01 -4.823464885820867298e-01 1.999090085264490502e-01
5.831440199412990522e-01 -4.823486353339846433e-01 1.998265812623793436e-01
5.830871650683794316e-01 -4.824006575682223130e-01 1.998800899267853537e-01
5.831581679787936068e-01 -4.823380401970623899e-01 1.998727838484996300e-01
5.830965593979181572e-01 -4.823986677481442165e-01 1.998113517075877921e-01
5.831411472030938459e-01 -4.823272823154186040e-01 1.996144510698484864e-01
5.830935881326980708e-01 -4.823407214330698856e-01 1.991531709559726804e-01
5.829868857782062319e-01 -4.821377465748719615e-01 1.985189057724579820e-01
5.829053091527776065e-01 -4.821726878356157320e-01 1.984113833183982489e-01
5.823920534973276997e-01 -4.814517861925958764e-01 1.968933749459609583e-01
5.816654012076039049e-01 -4.806471387956440799e-01 1.943696420894285293e-01
5.808658447246433099e-01 -4.798052002946632810e-01 1.922223964229039517e-01
5.809665077025175650e-01 -4.798995549031893626e-01 1.924427373105650763e-01
5.813500676012921531e-01 -4.803944664632218697e-01 1.929321934754871792e-01
5.813563684248337360e-01 -4.803940325815778678e-01 1.928431580405460255e-01
5.813921510114961055e-01 -4.804616806617066915e-01 1.929887050932139747e-01
5.814311735124623182e-01 -4.803714101112883106e-01 1.928819469942400500e-01
5.813914412041338853e-01 -4.804475345195126090e-01 1.928034278045567262e-01
5.814685884996552145e-01 -4.805025470318862180e-01 1.928658809811856223e-01
5.814277256058425492e-01 -4.805128196049298084e-01 1.927571395301242441e-01
5.814833175039940683e-01 -4.804311201271841414e-01 1.927106339141775593e-01
5.814651226202804946e-01 -4.804652760607501238e-01 1.927914535783553651e-01
5.814154897576684355e-01 -4.805057309404979771e-01 1.927139686468846425e-01
5.814754686364662639e-01 -4.804186739693069308e-01 1.926911747964776267e-01
5.814247167509226655e-01 -4.804712734144612196e-01 1.926388881106042561e-01
5.814873382706047256e-01 -4.804171421829897537e-01 1.927330593436838158e-01
5.814631968634075276e-01 -4.804533715315564280e-01 1.926271824682902756e-01
5.814707261797775750e-01 -4.804444292098880576e-01 1.927278059737978499e-01
5.814852558104546265e-01 -4.804030356604084284e-01 1.926015159231708185e-01
5.814776688887890455e-01 -4.804490740470324650e-01 1.927248990506379434e-01
5.815540184990470873e-01 -4.803510343933622972e-01 1.925781767972421510e-01
5.815586331270338194e-01 -4.803707774080379078e-01 1.926623941638777593e-01
5.815954455574725568e-01 -4.803159493949914483e-01 1.925680968114532599e-01
5.815878482425568263e-01 -4.803457036793144508e-01 1.926400739535871487e-01
5.816506341640690358e-01 -4.802959282360096949e-01 1.926212449436867091e-01
5.816044462787111069e-01 -4.803224401865480719e-01 1.925558355267281696e-01
5.816694459366787973e-01 -4.802992448517570678e-01 1.926738826831041473e-01
5.818452107910265791e-01 -4.804354631722646540e-01 1.928218072364445701e-01
5.821167861309685110e-01 -4.805587781093316746e-01 1.928089273561648942e-01
5.821669385866182767e-01 -4.806105704123641020e-01 1.927039451623101529e-01
5.822771304555570682e-01 -4.806968685759632209e-01 1.927235134073250200e-01
5.823074305013207219e-01 -4.806788104447425880e-01 1.925570958780196962e-01
5.823341183137430432e-01 -4.807288561903919066e-01 1.926096123994689435e-01
5.828340361919498447e-01 -4.809872593720941891e-01 1.921437406526266267e-01
5.830483627993988671e-01 -4.811123041208476558e-01 1.920929900785225686e-01
5.836572336711539633e-01 -4.813402320702148685e-01 1.921317413250985817e-01
5.840933420950983335e-01 -4.815329834207554005e-01 1.923573901247075391e-01
5.846103110623217525e-01 -4.816549316709534678e-01 1.923634991107686654e-01
5.855622696536348926e-01 -4.818411032308513309e-01 1.917806238375312500e-01
5.857721059843790101e-01 -4.819154038929926442e-01 1.915512306006836307e-01
5.863357619642369789e-01 -4.818598966881578183e-01 1.914408890092424154e-01
5.863537759266788107e-01 -4.819286866344178466e-01 1.914083631429014387e-01
5.868684105337914625e-01 -4.818628528297022040e-01 1.915169801866780652e-01
5.876188840100339261e-01 -4.815790126340659949e-01 1.916134308531122488e-01
5.880716176771115800e-01 -4.813793892374698680e-01 1.913031539428031169e-01
5.882559584964455190e-01 -4.812940079382584391e-01 1.913167365853616353e-01
5.885546581875349403e-01 -4.811418446733685683e-01 1.911294546253126392e-01
5.902145088062701328e-01 -4.801009735486420071e-01 1.913549641220431696e-01
5.908105596042724228e-01 -4.796340873024313445e-01 1.911852243081272051e-01
5.912658581879008945e-01 -4.793445432455792909e-01 1.909003374997180758e-01
5.914663970286113681e-01 -4.792493381890464699e-01 1.908904114121675044e-01
5.916639702110929599e-01 -4.791122652495897749e-01 1.906900895721369005e-01
5.928212352443159583e-01 -4.785490635416704830e-01 1.901614176847413740e-01
5.935326960560408649e-01 -4.782984288843620257e-01 1.901810889760171541e-01
5.938979972093021420e-01 -4.782162696145468850e-01 1.900952917713481238e-01
5.940232761347561397e-01 -4.781984394412091555e-01 1.901768795866025652e-01
5.947990458418247472e-01 -4.780991394311794318e-01 1.900653967769917463e-01
5.953729128576622509e-01 -4.781340445237030057e-01 1.897016746778873997e-01
5.955167040792451738e-01 -4.781173457325829101e-01 1.897088651144560045e-01
5.963437326935365768e-01 -4.783071489519921671e-01 1.888611514656085566e-01
5.965168164627159264e-01 -4.784372864263806147e-01 1.887216210133751404e-01
5.967144216001842860e-01 -4.784627239146220234e-01 1.886999362143141346e-01
5.972498818548673816e-01 -4.787563076892387137e-01 1.886258836018413210e-01
5.981412135317135670e-01 -4.795374660413339041e-01 1.885331071575586104e-01
5.993371188610508993e-01 -4.804812427529074337e-01 1.876258642738967974e-01
5.998206492500161024e-01 -4.807770918773429658e-01 1.873955349073350429e-01
6.002892515027573594e-01 -4.810677025907865167e-01 1.873162541904424550e-01
6.004588507532095942e-01 -4.811712645616241235e-01 1.874140721341154281e-01
6.014262060306825308e-01 -4.815077445979889514e-01 1.873181931395780930e-01
6.022946849572620165e-01 -4.816880547857416150e-01 1.864909271073393326e-01
6.028421462204374137e-01 -4.816580178874986240e-01 1.861355988746172807e-01
6.031727096327569315e-01 -4.815930115982041682e-01 1.861290643704782699e-01
6.037987491609083657e-01 -4.813380636123077982e-01 1.861182138121291185e-01
6.038908241921827624e-01 -4.813350376015252396e-01 1.862453808043365022e-01
6.039450105047815542e-01 -4.813050498117411036e-01 1.861729378280717606e-01
6.045387558111992021e-01 -4.810402302703548627e-01 1.862185973927687477e-01
6.051772181986800891e-01 -4.803551833496972900e-01 1.856585974011870921e-01
6.058937270159397981e-01 -4.796043402065347516e-01 1.858202164636820752e-01
6.072312618780669746e-01 -4.779506193517642498e-01 1.858181147611040473e-01
6.075399313453430095e-01 -4.775800132729434710e-01 1.859046948790693543e-01
6.075462577258446961e-01 -4.775549815454618874e-01 1.858252635690237076e-01
6.078974466497550910e-01 -4.771481889922623010e-01 1.858245269910329678e-01
6.079667772326378117e-01 -4.770661528296272769e-01 1.859237333877241660e-01
6.080457736563366078e-01 -4.769742689700119387e-01 1.858412700933601003e-01
6.085515560501767451e-01 -4.767483457223677945e-01 1.859211336352245558e-01
6.087961563101956797e-01 -4.765964928848508975e-01 1.856763138065162244e-01
6.092786039923310248e-01 -4.763475922051940703e-01 1.855459023298459686e-01
6.102992892874310460e-01 -4.756991054683515352e-01 1.858710278576717889e-01
6.106145849638305867e-01 -4.755139818608425384e-01 1.857701812682501785e-01
6.110007982555154538e-01 -4.752704763400156240e-01 1.853513922735286479e-01
6.111073948629778263e-01 -4.751812210530763081e-01 1.853387943885298206e-01
6.114023091336275861e-01 -4.749763019892514482e-01 1.849162011099033665e-01
6.117364266588156685e-01 -4.748048591331556212e-01 1.847867802703772877e-01
6.122883627790137728e-01 -4.745567158424452980e-01 1.848543080654912185e-01
6.127919909894284922e-01 -4.742678862387679217e-01 1.850997182287518750e-01
6.134097426784839158e-01 -4.738688725959383508e-01 1.850849695970828712e-01
6.143900653418730151e-01 -4.732176934164992188e-01 1.841791104381658717e-01
6.148685861106152339e-01 -4.729021709683508545e-01 1.839585446072882768e-01
6.154158738349422286e-01 -4.725835474247137014e-01 1.839524707287695793e-01
6.164748997138399522e-01 -4.719670983502020079e-01 1.843112354799576469e-01
6.167910522013260177e-01 -4.717296927634388459e-01 1.843266553330619173e-01
6.173029030974201969e-01 -4.714090243062152297e-01 1.841394932334404211e-01
6.182004289434791522e-01 -4.707619620062177823e-01 1.833285860488265140e-01
6.185459144848208801e-01 -4.705590399694822290e-01 1.831393909920034924e-01
6.188863613594979274e-01 -4.703317406779481957e-01 1.831090732918662922e-01
6.197445986320758715e-01 -4.698056074381053993e-01 1.833487393964087775e-01
6.202722467475437762e-01 -4.694642356504808434e-01 1.833646735156014007e-01
6.207368595077857876e-01 -4.692105915747368794e-01 1.830927550017593664e-01
6.212361955055780705e-01 -4.688847099625538806e-01 1.824643063313989289e-01
6.215948745985783175e-01 -4.686448148086921339e-01 1.822456868461383994e-01
6.220593025254614883e-01 -4.682771098108383656e-01 1.822425233212401074e-01
6.227283610231107991e-01 -4.678440612668289811e-01 1.825269436763296560e-01
6.234917137026245726e-01 -4.672515561543541529e-01 1.826245024098211711e-01
6.237911562367082219e-01 -4.670117394968268387e-01 1.824002562412402884e-01
6.243759238255425226e-01 -4.665144485587589540e-01 1.816096612225286400e-01
6.246951037748726954e-01 -4.662860440321762168e-01 1.814489106310995248e-01
6.249870257304164234e-01 -4.661628966244986128e-01 1.814915074758666758e-01
6.255415152881071972e-01 -4.659073478090795528e-01 1.818191736525283098e-01
6.261689215911351303e-01 -4.655176548020874550e-01 1.819612087027400182e-01
6.264048251839048342e-01 -4.653520650385549184e-01 1.818788099286603732e-01
6.270822715474224651e-01 -4.648428817121207923e-01 1.810922638739176083e-01
6.272803384202899624e-01 -4.646842320279394034e-01 1.809745313529847466e-01
6.277128699691283398e-01 -4.643999703584744121e-01 1.809960563124883848e-01
6.278541133052804035e-01 -4.643523419252513218e-01 1.811314666644129323e-01
6.284884773399432856e-01 -4.638832518936951144e-01 1.813600848894673101e-01
6.288708139122344276e-01 -4.635332861645167224e-01 1.811703672200160598e-01
6.296616656678643009e-01 -4.628105028754389005e-01 1.804963979194662005e-01
6.301029491029799257e-01 -4.624103928676400743e-01 1.803131367015840814e-01
6.304860608069382533e-01 -4.621467890050845462e-01 1.803811251013039962e-01
6.309783918527654967e-01 -4.618840074414041208e-01 1.806540439012709609e-01
6.314355813757697167e-01 -4.616250139174486455e-01 1.806355959712508952e-01
6.321378737198227737e-01 -4.611063177319169593e-01 1.798347891458381698e-01
6.329724345048609591e-01 -4.605746694250640316e-01 1.792857599134048407e-01
6.336853953429262276e-01 -4.602697707153959317e-01 1.792464553874431044e-01
6.337560973156310951e-01 -4.602271959477845509e-01 1.791609326637991773e-01
6.339983186977062868e-01 -4.601547016093620046e-01 1.792625610585776297e-01
6.346429134637804337e-01 -4.599089630612032131e-01 1.791992006503664858e-01
6.349003181727682632e-01 -4.598206708865985037e-01 1.790677980176162420e-01
6.354796757425752451e-01 -4.596615638847386665e-01 1.784144718495341286e-01
6.356597637941734380e-01 -4.596267434237261140e-01 1.783429940470181441e-01
6.356736027616065599e-01 -4.596845484804170656e-01 1.782695494665902658e-01
6.358206065915651406e-01 -4.596208014398696640e-01 1.782621834238503622e-01
6.358951130087289183e-01 -4.597009299717805253e-01 1.783028198827897037e-01
6.359472654666175062e-01 -4.597013802226216361e-01 1.782279349782391331e-01
6.367057878813107141e-01 -4.601232372165974249e-01 1.787576947554896933e-01
6.370299418358853494e-01 -4.604647106688763980e-01 1.787127872335423084e-01
6.372140023624123240e-01 -4.607016848699619915e-01 1.784892247165270063e-01
6.373512687148902289e-01 -4.607114505835553375e-01 1.783594203587123284e-01
6.378243267928572768e-01 -4.611118158446952386e-01 1.777906535809872790e-01
6.381193355805117040e-01 -4.613844551284904671e-01 1.776033962649471443e-01
6.383751931721441952e-01 -4.615831679935991638e-01 1.775868331973537995e-01
6.391210291333077054e-01 -4.622694720525878931e-01 1.781223955293185224e-01
6.396973647500125981e-01 -4.627435909623144328e-01 1.783298928273169270e-01
6.398966003448373074e-01 -4.629527683562760787e-01 1.782323992120972700e-01
6.408841320491039939e-01 -4.638043238734422258e-01 1.771398879073378951e-01
6.414675589892122609e-01 -4.642216497489041194e-01 1.768183401505058483e-01
6.419467752669628657e-01 -4.646233935843596119e-01 1.769149150916657365e-01
6.427916840901245488e-01 -4.652825284621984747e-01 1.774412232033891756e-01
6.434011149756105885e-01 -4.657261499510878533e-01 1.775842430218529944e-01
6.436877903882762819e-01 -4.659607825797486558e-01 1.775077448230021893e-01
6.445356336299142841e-01 -4.666221545773105994e-01 1.767730084488590148e-01
6.446953142358570199e-01 -4.667549540912147576e-01 1.765192425652507002e-01
6.455786731151932356e-01 -4.672367294923528425e-01 1.758652621268649574e-01
6.459959591001334100e-01 -4.675296839943251515e-01 1.758169859178919658e-01
6.471648637692519745e-01 -4.683208679587719248e-01 1.763700682479043547e-01
6.477079558833032102e-01 -4.686926578724980863e-01 1.764212480325668408e-01
6.478248286127062938e-01 -4.687206764561218097e-01 1.763114301772001624e-01
6.480187501778521542e-01 -4.688637984745511744e-01 1.763325160844791961e-01
6.491206671409002205e-01 -4.695749018309205991e-01 1.752009798300618315e-01
6.495524420151219669e-01 -4.697532773410330598e-01 1.749019352761170820e-01
6.501293481129082341e-01 -4.700499529538459398e-01 1.747684634316075403e-01
6.507349789028500364e-01 -4.703388527512205597e-01 1.748031474267395802e-01
6.509319164667672908e-01 -4.705189685546561917e-01 1.749403706618933851e-01
6.515806235630511312e-01 -4.707660541924211239e-01 1.751115746898596615e-01
6.520481106595960030e-01 -4.709895097769286054e-01 1.751022404162118074e-01
6.523389047536969354e-01 -4.710043461520672659e-01 1.750863044667931023e-01
6.531356289785770208e-01 -4.713306445859020144e-01 1.746260933568188345e-01
6.532781597930147344e-01 -4.712953044511373757e-01 1.745237471515360961e-01
6.533722426668756578e-01 -4.713783623294750535e-01 1.745512209471126175e-01
6.542851014329206238e-01 -4.715099068334761556e-01 1.743282712067165952e-01
6.558637564930640540e-01 -4.715966633416334708e-01 1.745973920809340274e-01
6.564377748551836200e-01 -4.716463919362105517e-01 1.745680675212518407e-01
6.575345990797533124e-01 -4.716426092929922875e-01 1.741620884099272515e-01
6.575612857857482396e-01 -4.716606874909172187e-01 1.740585791584773334e-01
6.579308059879347415e-01 -4.716184473973095703e-01 1.738906108766452574e-01
6.580105945662629852e-01 -4.716008546884319919e-01 1.739569802170942148e-01
6.582780023631248367e-01 -4.715757539769481199e-01 1.737434705871014895e-01
6.588056495536191992e-01 -4.714393021557339858e-01 1.738667146466193747e-01
6.588046776280972461e-01 -4.715011756703733070e-01 1.739394282976790551e-01
6.589602685283174610e-01 -4.714353220502638386e-01 1.739671243464835093e-01
6.591834355641482679e-01 -4.713714336839198715e-01 1.742726179273188514e-01
6.593912699749395756e-01 -4.709674218760809272e-01 1.740363818339838997e-01
6.595732565608068976e-01 -4.707206616569094004e-01 1.740061676157867443e-01
6.596265387957139792e-01 -4.706709050746018530e-01 1.741000784143942881e-01
6.597726141160983326e-01 -4.704349977944911609e-01 1.740010647727540660e-01
6.598309122885386291e-01 -4.703721179096523319e-01 1.740878028621015983e-01
6.598321254255525847e-01 -4.703653893805019304e-01 1.739908482189545247e-01
6.598553384081523587e-01 -4.703506382163349930e-01 1.741054502491820588e-01
6.598588545477461764e-01 -4.703163492551070135e-01 1.739845957635203499e-01
6.598170952459231353e-01 -4.704419855200687173e-01 1.741270551966915825e-01
6.598668032437963182e-01 -4.703946135640562631e-01 1.741539646612775549e-01
6.598143793232726928e-01 -4.704452496117623173e-01 1.741320998954628552e-01
6.598816388861870053e-01 -4.703950227802945472e-01 1.741709248316661851e-01
6.598652000794409389e-01 -4.703932485833446919e-01 1.740822339261841045e-01
6.598358643912506372e-01 -4.704403513591146613e-01 1.741790395746100617e-01
6.598040674685288209e-01 -4.704814038442096669e-01 1.741114648722468239e-01
6.598619935512159973e-01 -4.704306831077758599e-01 1.741675353566277118e-01
6.598146387281055292e-01 -4.705218010262480766e-01 1.741379608671566048e-01
6.598689408126083844e-01 -4.704792436998890826e-01 1.741938612573515899e-01
6.598661380915649133e-01 -4.705833537080659212e-01 1.742677059845346987e-01
6.599094516975014812e-01 -4.705075297809461210e-01 1.742609430471628862e-01
6.598679215700767875e-01 -4.706993229991804917e-01 1.743963622938787539e-01
6.598973973899698864e-01 -4.706249472404069323e-01 1.742942270224721035e-01
6.598923781625116725e-01 -4.706887547799648575e-01 1.742055372693454285e-01
6.599240263873890067e-01 -4.706799185453748313e-01 1.743105274297488128e-01
6.598696510796334680e-01 -4.707537834668680810e-01 1.742482582420008530e-01
6.598785797402068054e-01 -4.707598661295683273e-01 1.743505050902772746e-01
6.598601779084695140e-01 -4.707594416604738985e-01 1.742436801330194684e-01
6.598666571637049616e-01 -4.707612640600820075e-01 1.743579822342782859e-01
6.598714210896088339e-01 -4.707551780421176946e-01 1.742688005969421916e-01
6.598548850564475154e-01 -4.708376998293080651e-01 1.743384215908223567e-01
6.598392003084199153e-01 -4.708006582702601306e-01 1.742502287704021935e-01
6.598199866842668904e-01 -4.708723908889165255e-01 1.743098946259452053e-01
6.597601738636721391e-01 -4.709216387329007714e-01 1.742073277534588183e-01
6.596438318078493568e-01 -4.711575451809200676e-01 1.742864381393059992e-01
6.595291391273382375e-01 -4.712656014629257317e-01 1.741820119875310269e-01
6.593248885089864064e-01 -4.716148222645752397e-01 1.742325954326418569e-01
6.592487327502902783e-01 -4.716925108995455029e-01 1.741522247715311389e-01
6.592333447260430024e-01 -4.717515918962905674e-01 1.742260275631756783e-01
6.589819646240880902e-01 -4.721056587498724255e-01 1.741191239665819679e-01
6.584769186870383928e-01 -4.729621074785739232e-01 1.742356324362265563e-01
6.582842525173351333e-01 -4.734267438454074495e-01 1.742042612724314932e-01
6.577511525240072876e-01 -4.745373040377945939e-01 1.736138629270889966e-01
6.577597092983357152e-01 -4.745878573829801494e-01 1.737630051388127095e-01
6.577043317942115053e-01 -4.747674396925241069e-01 1.736311202788495822e-01
6.576764972035394896e-01 -4.749940703320707502e-01 1.736842735642649682e-01
6.575700322875351889e-01 -4.754938234546771114e-01 1.735496052639755593e-01
6.575310555858355777e-01 -4.758756678098441384e-01 1.733487008629994164e-01
6.575144370317481668e-01 -4.767109792904472565e-01 1.724184378922530292e-01
6.575161700966034584e-01 -4.769955649225368632e-01 1.723862614332042353e-01
6.575655234957856754e-01 -4.770590692628250418e-01 1.722723261699375952e-01
6.575793757309795762e-01 -4.771314356325135897e-01 1.723342518311328786e-01
6.576680358399259463e-01 -4.775694195556210442e-01 1.720927470633536460e-01
6.577137507336147104e-01 -4.777578228754827405e-01 1.721021010414759966e-01
6.577340897570481681e-01 -4.792614973576910797e-01 1.702571811674111202e-01
6.577249603706263326e-01 -4.800123191357996144e-01 1.698968819352908444e-01
6.576951902293077801e-01 -4.807242890166028015e-01 1.697396191446752245e-01
6.577109865891561657e-01 -4.807481811027232710e-01 1.696134994712675814e-01
6.575406108144946637e-01 -4.815970222515068011e-01 1.691592833346945712e-01
6.574846435911931852e-01 -4.817334629195020312e-01 1.689619700970502181e-01
6.572281360946786721e-01 -4.823925829823386136e-01 1.685461927390271009e-01
6.568726271200496791e-01 -4.831548785921911948e-01 1.683305969575248917e-01
6.561789048202523178e-01 -4.844317870617147470e-01 1.686768349483339091e-01
6.552077105923713729e-01 -4.855686133072304456e-01 1.684288693879189835e-01
6.534761823155266214e-01 -4.878290310559506571e-01 1.684619636246123542e-01
6.523760228135578876e-01 -4.897265922581462982e-01 1.690546814921036201e-01
6.523460038974160380e-01 -4.897449190398054375e-01 1.689761190447817141e-01
6.522427088220068558e-01 -4.899464562771015386e-01 1.691583422559858607e-01
6.514632696597640882e-01 -4.913284163041020114e-01 1.695559518812850830e-01
6.504779997825242965e-01 -4.926792710886679916e-01 1.696304269936502740e-01
6.499496233783098598e-01 -4.934072552589430782e-01 1.697925294610573010e-01
6.488565078235485339e-01 -4.948104171742042090e-01 1.697854282239745771e-01
6.485302996509154649e-01 -4.952593361140873451e-01 1.699051254319610682e-01
6.484576684059509821e-01 -4.953106344126252392e-01 1.697939333476705115e-01
6.483885707160259582e-01 -4.954180955572072831e-01 1.698827989563487795e-01
6.479178372575895573e-01 -4.959834916041289676e-01 1.698220731448001342e-01
6.477517638522501953e-01 -4.961955342631279020e-01 1.699121250686156104e-01
6.475212406821586608e-01 -4.964426346819803548e-01 1.698329615689964101e-01
6.466763962535957422e-01 -4.975070933563933706e-01 1.698895790701110409e-01
6.465330455074619342e-01 -4.976651199515804702e-01 1.698063142958889105e-01
6.464344059642224138e-01 -4.978097883219239073e-01 1.698877221227885759e-01
6.458403547036599690e-01 -4.985131556907541617e-01 1.697981762017827800e-01
6.454022985478249375e-01 -4.990625711698820632e-01 1.698975219461124619e-01
6.447981432829397175e-01 -4.998084641626767688e-01 1.698578736003508172e-01
6.447403796401411924e-01 -4.999085627229472029e-01 1.699479236858343345e-01
6.444685172691210218e-01 -5.002210167617721082e-01 1.698626912663581956e-01
6.434425737330486950e-01 -5.015440323061813865e-01 1.699635911401652932e-01
6.425933889273188759e-01 -5.025588821879473089e-01 1.698850589887773987e-01
6.424924926037905992e-01 -5.027076860160937244e-01 1.699685381240460536e-01
6.414756292711161212e-01 -5.039057127223470767e-01 1.698540942482993921e-01
6.405160486987331314e-01 -5.050509261071194356e-01 1.699258018425436334e-01
6.404347895366500065e-01 -5.051223345574230583e-01 1.698224767583633721e-01
6.403351238192103168e-01 -5.052560029139145925e-01 1.698877759768704643e-01
6.401329707219772791e-01 -5.054908071623372967e-01 1.698082124241967472e-01
6.396605620416667692e-01 -5.060482191990155476e-01 1.699115353542149931e-01
6.395856525178242880e-01 -5.061177258840795501e-01 1.698097303219383014e-01
6.374786995268103551e-01 -5.086164625798084149e-01 1.698671254747721182e-01
6.367278866092903611e-01 -5.094557906885804899e-01 1.697247119708313878e-01
6.340756635785765871e-01 -5.125350078019952349e-01 1.698267150123293767e-01
6.337684840238331230e-01 -5.128967113103435338e-01 1.697597578802519380e-01
6.328111748477425191e-01 -5.140211970514330098e-01 1.699400576612909441e-01
6.316855372485639109e-01 -5.152683435487075414e-01 1.699102127951799546e-01
6.316415126755017262e-01 -5.153416079435596542e-01 1.699947108486506986e-01
6.307892474025301732e-01 -5.163819725587273091e-01 1.700686327901872741e-01
6.287401042658472550e-01 -5.187390240726906798e-01 1.700479130555158647e-01
6.286709375215888684e-01 -5.188131288664828977e-01 1.701640036587683813e-01
6.283011874608196434e-01 -5.192275698024647612e-01 1.701130868767471993e-01
6.279353887350337393e-01 -5.196500755085081691e-01 1.702182318182287879e-01
6.270909103171954380e-01 -5.204166669590256644e-01 1.701779245912550254e-01
6.267270176681569716e-01 -5.207297097600963598e-01 1.703269097386467812e-01
6.252096877171997580e-01 -5.218040992193828664e-01 1.713610168083525287e-01
6.248855878223747995e-01 -5.219623800884737319e-01 1.713703559753532724e-01
6.248206669726443785e-01 -5.219914693959105678e-01 1.714763878827179344e-01
6.240588721003070827e-01 -5.224184990345112078e-01 1.716085180211242567e-01
6.236097006816928578e-01 -5.226291284042403618e-01 1.718029041107187460e-01
6.235164615825840029e-01 -5.226253274526316828e-01 1.717416271951397455e-01
6.230814666547601632e-01 -5.227730994248510621e-01 1.721232626704852220e-01
6.228734422022738082e-01 -5.228555401420191817e-01 1.721688458399273647e-01
6.223703523762772472e-01 -5.229873453855836685e-01 1.726344062518838651e-01
6.215957801023535012e-01 -5.232006333275178722e-01 1.730794280392259632e-01
6.210068423352299583e-01 -5.233125955582901279e-01 1.734685838082093978e-01
6.203851077851059159e-01 -5.233248344339951341e-01 1.740000047808683559e-01
6.189838789112639406e-01 -5.231091925532562747e-01 1.759049556884562659e-01
6.183806018400160864e-01 -5.229397511242331875e-01 1.765231211751431273e-01
6.179183214810968217e-01 -5.228330933225727728e-01 1.768056322009825543e-01
6.166059831038291916e-01 -5.223249359718310503e-01 1.779408171878136269e-01
6.154819646592684101e-01 -5.217532918461988967e-01 1.794623558746620273e-01
6.147982713389226195e-01 -5.214334052085481952e-01 1.801176130827343014e-01
6.139409383017099264e-01 -5.207352364895476704e-01 1.806423090712575008e-01
6.136340016841070888e-01 -5.203328056650398103e-01 1.809903396922891150e-01
6.123152079989103713e-01 -5.188217179186576100e-01 1.830718346297646737e-01
6.118379736781592859e-01 -5.182401803892928704e-01 1.834704040272478465e-01
6.117845531587569052e-01 -5.181574251815126431e-01 1.834181419160969551e-01
6.114432395367710438e-01 -5.178456481256208388e-01 1.835834869757390908e-01
6.109173220036578922e-01 -5.170523205888410967e-01 1.840301525450289688e-01
6.105086656861190564e-01 -5.166517395905102505e-01 1.845840461229041884e-01
6.103328032963560856e-01 -5.163493354766477417e-01 1.850294956609565000e-01
6.098737158237332867e-01 -5.157875961062393655e-01 1.855516978111558801e-01
6.096760759125050555e-01 -5.154683590182492781e-01 1.856157767327429042e-01
6.093706123350886017e-01 -5.150512216172584701e-01 1.854390031907936498e-01
6.091651892680514102e-01 -5.148025421316411165e-01 1.854489802409513277e-01
6.089428732809878397e-01 -5.143889794647684699e-01 1.859164402068678723e-01
6.087010999584653304e-01 -5.139548779188822802e-01 1.868306060325624629e-01
6.086328641578414578e-01 -5.138197904148263939e-01 1.869091321538001726e-01
6.085815483098699907e-01 -5.138291582840590621e-01 1.868178791983940157e-01
6.085402970417216340e-01 -5.136853161554536529e-01 1.868145665496007135e-01
6.083925863615173846e-01 -5.134739139286430554e-01 1.863614026079975228e-01
6.083807473725725279e-01 -5.132444199194102774e-01 1.861999364563822756e-01
6.083622491823159617e-01 -5.133049122222315130e-01 1.866426116439365568e-01
6.084066020833747146e-01 -5.131948946840402259e-01 1.867326155127433662e-01
6.085705723666624545e-01 -5.129918453084938434e-01 1.866037784998401117e-01
6.086040447935835429e-01 -5.129556073172985009e-01 1.867240982801420812e-01
6.086278300368110905e-01 -5.129107669334103115e-01 1.866119211515815390e-01
6.086453084119179957e-01 -5.129076954891035323e-01 1.867206344158880427e-01
6.086435927696031145e-01 -5.128937657957201024e-01 1.866356174262703282e-01
6.087485398701196759e-01 -5.127589143746027478e-01 1.866968746084435304e-01
6.087417764623974659e-01 -5.127622983272702717e-01 1.866240750486660716e-01
6.087487855447989427e-01 -5.127730870583536715e-01 1.867114773806368977e-01
6.088290804029482528e-01 -5.126516926549705699e-01 1.866169924117465073e-01
6.088683275391209015e-01 -5.126247161071803005e-01 1.867082593103098764e-01
6.088205794803170923e-01 -5.126573518242374394e-01 1.866358532695331640e-01
6.089398452797766259e-01 -5.125272832242400156e-01 1.866912215397262265e-01
6.089946224508470118e-01 -5.124422053342365668e-01 1.866026026582561503e-01
6.090748788701635386e-01 -5.123350670310630184e-01 1.866967210318074832e-01
6.091899050820425154e-01 -5.121769933454838331e-01 1.865910593110099436e-01
6.093082045162447891e-01 -5.120473399248888224e-01 1.866780239292197829e-01
6.095960317824195007e-01 -5.116850363519780398e-01 1.866259405090125445e-01
6.096388100920927533e-01 -5.116668098290968469e-01 1.867064919238727305e-01
6.095894514316197998e-01 -5.116872054684358240e-01 1.866222309651599520e-01
6.098996163434614592e-01 -5.113324940286098075e-01 1.866452721778806556e-01
6.103256049169544228e-01 -5.109041667486918792e-01 1.867149694910171243e-01
6.104217956825495062e-01 -5.107903327212630629e-01 1.866237483068449721e-01
6.107100216915685165e-01 -5.105350446595854352e-01 1.866598036186015441e-01
6.107789145323184732e-01 -5.104923524416545844e-01 1.867531533422256973e-01
6.107997381240316548e-01 -5.104678581676285187e-01 1.866258146387797523e-01
6.108963105438861563e-01 -5.103792711404934179e-01 1.867250380843122892e-01
6.112740093553784559e-01 -5.100375928759138811e-01 1.867385565278542048e-01
6.125222109367430834e-01 -5.088282233241088193e-01 1.866471294837002137e-01
6.130060459772124215e-01 -5.082289559478937457e-01 1.865255387110231478e-01
6.131059750793055318e-01 -5.080489382819886046e-01 1.864053371754622601e-01
6.131655727357471219e-01 -5.079677774716321315e-01 1.864581283192246752e-01
6.138329990089913535e-01 -5.067555037840231202e-01 1.859731898696984631e-01
6.141304460497925000e-01 -5.061400038069047147e-01 1.860103140731511062e-01
6.143354000506574542e-01 -5.057087742961001720e-01 1.862864690358268516e-01
6.142914746763453726e-01 -5.054503516221233728e-01 1.860375727085960551e-01
6.141408294152149727e-01 -5.053719246102064133e-01 1.858889414894434045e-01
6.141482177472992188e-01 -5.053949346402545340e-01 1.862867478030461599e-01
6.141601485222314416e-01 -5.051419431325392395e-01 1.860419266422498885e-01
6.141306194396390916e-01 -5.048131741578412157e-01 1.859999669362618624e-01
6.140655417662658211e-01 -5.044405434889740469e-01 1.865017262758692507e-01
6.139643702652629598e-01 -5.039310159857368632e-01 1.867468233678564182e-01
6.139181202997606723e-01 -5.039291771454113000e-01 1.868313875026260673e-01
6.135775320331898763e-01 -5.032275954631248993e-01 1.867384689586247259e-01
6.133437842147633212e-01 -5.027675644452211934e-01 1.868431604682308789e-01
6.130282988948499989e-01 -5.021623592978998740e-01 1.874148005352440083e-01
6.124946497225719488e-01 -5.014357251768779555e-01 1.880197740631276149e-01
6.121518391032311213e-01 -5.010324278216440330e-01 1.881489744056565883e-01
6.114237772911286228e-01 -5.001031567803817524e-01 1.879490765874857194e-01
6.111224158350656577e-01 -4.996413481915401023e-01 1.880933955843820393e-01
6.105943492425144337e-01 -4.990440669821721853e-01 1.887205352384672963e-01
6.102962626022297998e-01 -4.986687727573864692e-01 1.892952942489722346e-01
6.100006854441204496e-01 -4.983338525461583624e-01 1.895057417909050135e-01
6.097134567755628787e-01 -4.979260661996282034e-01 1.894232120976565847e-01
6.093037367999204479e-01 -4.973241666964572927e-01 1.890079917947778410e-01
6.093138623713300062e-01 -4.971481606832891531e-01 1.891517957519679161e-01
6.093159737154072442e-01 -4.971812133081197627e-01 1.894674928974737216e-01
6.095601349075310260e-01 -4.968443859174447308e-01 1.894732139965681628e-01
6.095677794250853321e-01 -4.968524085377169497e-01 1.895659570992602183e-01
6.095685324402050353e-01 -4.968282784003558716e-01 1.894519893372915154e-01
6.096084711131263267e-01 -4.967979962175619879e-01 1.895511983676416712e-01
6.095827409659964058e-01 -4.968289073942485090e-01 1.894355442549971735e-01
6.095964383709475687e-01 -4.968212357602506124e-01 1.895441266637577782e-01
6.095327399015602055e-01 -4.969254548726736997e-01 1.894843599406465795e-01
6.095576470965285987e-01 -4.969227870982403927e-01 1.895915301792867602e-01
6.095022983149718243e-01 -4.969734487440511939e-01 1.894967557129039748e-01
6.094743249444285471e-01 -4.970394735248327422e-01 1.896112483019041783e-01
6.094326441905116853e-01 -4.970836493765622421e-01 1.895177640685982157e-01
6.093220962940993912e-01 -4.972486056244319608e-01 1.896321895446669292e-01
6.087500282303849319e-01 -4.979485089170349044e-01 1.895458055546896947e-01
6.086493146415075106e-01 -4.980844559876937416e-01 1.896460867697398189e-01
6.086115736122924558e-01 -4.980896412063350320e-01 1.895339624747739704e-01
6.084206837376814336e-01 -4.983235923261511990e-01 1.896516729184462013e-01
6.082581808128909584e-01 -4.985176167265767955e-01 1.895509860366764165e-01
6.079600689418445114e-01 -4.988574574843293030e-01 1.896241833896654128e-01
6.078326813006573737e-01 -4.989647161828599797e-01 1.895504061599603274e-01
6.067212767852385724e-01 -5.001859594910735840e-01 1.895670445292660933e-01
6.058418119668924628e-01 -5.012197136205455150e-01 1.898657902911260464e-01
6.056133542316226581e-01 -5.015205397358151185e-01 1.900416481841585847e-01
6.051761433329075901e-01 -5.020145563649424103e-01 1.900862787529780662e-01
6.041850591365048873e-01 -5.039177897690942931e-01 1.907629500302694958e-01
6.029048224556357027e-01 -5.051495095207033659e-01 1.907756121704745622e-01
6.021910758364494853e-01 -5.060389820227517710e-01 1.909634579085268680e-01
6.018016807531755274e-01 -5.063780683388364734e-01 1.908650947357936611e-01
6.016176754242541502e-01 -5.065756162415001596e-01 1.909608062996518418e-01
6.014740131119525879e-01 -5.066926165623696354e-01 1.908750189135147157e-01
6.002382885446285732e-01 -5.079269331687611411e-01 1.909298550826482033e-01
6.001874393339837743e-01 -5.079344292863801069e-01 1.908375508778408780e-01
5.999206612970754415e-01 -5.082418706198903458e-01 1.909550876477960069e-01
5.998378528092710438e-01 -5.083148332036255823e-01 1.908371663560644582e-01
5.997971388631657685e-01 -5.083929751418481136e-01 1.909331873383992018e-01
5.991571098871129042e-01 -5.091380285053184185e-01 1.908612799128185378e-01
5.986731060822592099e-01 -5.097379404773216827e-01 1.909850413150574466e-01
5.984599534925173492e-01 -5.099779815595733012e-01 1.908943348457446676e-01
5.966573369421200868e-01 -5.121097491997432805e-01 1.909278959079165616e-01
5.965132783448306997e-01 -5.123107101196625601e-01 1.910140351612754084e-01
5.956207937248703121e-01 -5.133263592169152734e-01 1.909367072043612890e-01
5.939390175218650647e-01 -5.154211057354876058e-01 1.910452075556713369e-01
5.932164609784009723e-01 -5.165884526861617143e-01 1.913412948751923859e-01
5.914611546599866099e-01 -5.191637030835685174e-01 1.916511743104568066e-01
5.904804068895814773e-01 -5.206302289008212236e-01 1.920184136505199146e-01
5.902685346254377130e-01 -5.208793339646404785e-01 1.919760967661139350e-01
5.893624752431756431e-01 -5.221826318995222982e-01 1.922541072871065126e-01
5.892447224866144140e-01 -5.223373510395251662e-01 1.921613001416174749e-01
5.891716559580459922e-01 -5.224492151213965263e-01 1.922934993424932348e-01
5.866030445533050308e-01 -5.256544555174249567e-01 1.924659153779725296e-01
5.856506416425381056e-01 -5.267194739937863801e-01 1.926181845263649217e-01
5.854555381087006571e-01 -5.269227166662624473e-01 1.925202029360686962e-01
5.850832349544913269e-01 -5.273059387993582758e-01 1.925969718892623361e-01
5.849777574148158354e-01 -5.274204359695229272e-01 1.924944679884826870e-01
5.832042898111384766e-01 -5.291632539048991557e-01 1.925225631654961800e-01
5.830842032232311789e-01 -5.292552928808016421e-01 1.924250931295739542e-01
5.828248793810942852e-01 -5.294946867486258757e-01 1.924989425928847475e-01
5.820589033368587240e-01 -5.301832818669126590e-01 1.923892706588575530e-01
5.819799117731336846e-01 -5.302703362054219660e-01 1.924690968707407634e-01
5.817081023342693946e-01 -5.304879356151460668e-01 1.923722459857161726e-01
5.794932926738276535e-01 -5.323730160943704881e-01 1.923525005755176154e-01
5.782275100520174460e-01 -5.334492801893248037e-01 1.921259287346311906e-01
5.778804102693955169e-01 -5.337232837856982215e-01 1.919553997659312616e-01
5.778122892646109232e-01 -5.337896825390087141e-01 1.920118449209454459e-01
5.775281556273592631e-01 -5.340825315984638610e-01 1.918013050018054222e-01
5.774924707384276878e-01 -5.341524382926072789e-01 1.918980597907508356e-01
5.774652044368383530e-01 -5.341831617406471722e-01 1.917928101875420177e-01
5.773604393376730037e-01 -5.342940982626384061e-01 1.918530753239966469e-01
5.773888939730726921e-01 -5.342487809832201506e-01 1.917648946120500408e-01
5.774185037581601732e-01 -5.342204745105414432e-01 1.918371128060526454e-01
5.773722679509180056e-01 -5.342386936185246071e-01 1.917244570076871435e-01
5.774204510729475937e-01 -5.342072149840364492e-01 1.918126915023469770e-01
5.774232970493773376e-01 -5.341729401200764338e-01 1.917419708944565759e-01
5.775770642169489877e-01 -5.340438766979259677e-01 1.918180822479481629e-01
5.775930483377031965e-01 -5.340251289622442998e-01 1.917335201989067706e-01
5.776813748242759505e-01 -5.339471761933836103e-01 1.918169002465750783e-01
5.777020359646550807e-01 -5.339327928027637338e-01 1.917161766140180190e-01
5.777815357422992903e-01 -5.338688355876782810e-01 1.918137435143228986e-01
5.781707555346735639e-01 -5.335360969410014587e-01 1.917112446339012677e-01
5.785200300919211003e-01 -5.332827984816713718e-01 1.917991091117847435e-01
5.805388885345938998e-01 -5.317293164154623941e-01 1.917596314942961455e-01
5.815481970398553857e-01 -5.309715570871625934e-01 1.918206119079896577e-01
5.816917069486446934e-01 -5.308744107042833171e-01 1.919321325088296226e-01
5.823723269680226577e-01 -5.303396689862485136e-01 1.918791686206347824e-01
5.854886996063265459e-01 -5.279000900781127825e-01 1.921606692331780386e-01
5.854074450856263656e-01 -5.279384550136673182e-01 1.920569114701519142e-01
5.854528546443745762e-01 -5.278836354872594727e-01 1.921128040069321752e-01
5.854431509736006678e-01 -5.278392721926056241e-01 1.919848890620806103e-01
5.854454196548622980e-01 -5.278264961117677956e-01 1.920584695194481051e-01
5.853483000224855015e-01 -5.277703665579538406e-01 1.917754690893587188e-01
5.854301851880751029e-01 -5.275282075576920304e-01 1.916138874073166076e-01
5.849921156763511210e-01 -5.270853853093030450e-01 1.908154129283313183e-01
5.847513897813969574e-01 -5.267815233153732013e-01 1.905027779501335394e-01
5.848576028696226281e-01 -5.267012531049525270e-01 1.905401003877804089e-01
5.848470768242985951e-01 -5.267231255601796391e-01 1.906147637312413656e-01
5.847927905962394535e-01 -5.267812315609030627e-01 1.905336668789474330e-01
5.848483832154728335e-01 -5.267446999515579265e-01 1.906278961507469061e-01
5.847949542094876829e-01 -5.267971935335905576e-01 1.905755887786672043e-01
5.848202340949182343e-01 -5.268267971203364208e-01 1.907018468687020352e-01
5.848370390637207539e-01 -5.267803214341698625e-01 1.906083629972316063e-01
5.848151935155638803e-01 -5.268253720077926694e-01 1.906812386261048931e-01
5.848338084801771863e-01 -5.268087375920919024e-01 1.905993903153678504e-01
5.847932341240016374e-01 -5.268493598468981798e-01 1.906761102559489385e-01
5.847548332297543006e-01 -5.269067079625879835e-01 1.905926907703742734e-01
5.847921506972498795e-01 -5.268711807701265126e-01 1.906769246063111933e-01
5.847113408738764395e-01 -5.269482968227988673e-01 1.905941596872556820e-01
5.847041557386185584e-01 -5.269682842350671415e-01 1.906810406026140381e-01
5.846418517703542150e-01 -5.270140171139123808e-01 1.905639544693608078e-01
5.845980066709995926e-01 -5.270871573875938187e-01 1.906980495657765451e-01
5.844640903019577838e-01 -5.272163022055768034e-01 1.906277826154501309e-01
5.843692287102488780e-01 -5.273342304897964405e-01 1.907320782360435452e-01
5.841083907504995842e-01 -5.275780287222064935e-01 1.906414264883556364e-01
5.833279009846213947e-01 -5.282621512032293909e-01 1.906866112365126487e-01
5.832649119580735064e-01 -5.283329435812192942e-01 1.907727440601258151e-01
5.824989995303322399e-01 -5.289715917139143908e-01 1.906922931804195809e-01
5.816368413376411528e-01 -5.297287398720846863e-01 1.908688866384809502e-01
5.806981841739343730e-01 -5.305121872441119768e-01 1.908757618681686807e-01
5.805721501989093980e-01 -5.306230736504836676e-01 1.909554325849275314e-01
5.801916830253218693e-01 -5.309445218350664630e-01 1.908849846151633445e-01
5.793378274270484241e-01 -5.318618862545767545e-01 1.911394217553846475e-01
5.789079699604118279e-01 -5.321971972260406414e-01 1.910508819300304473e-01
5.784133036652920890e-01 -5.326056868456859883e-01 1.911654603559548860e-01
5.783440996479120022e-01 -5.326349035452935254e-01 1.910544656396576113e-01
5.783275539102592511e-01 -5.326597291824116676e-01 1.911613205995169040e-01
5.781257118231286629e-01 -5.328070121906646195e-01 1.911490676214818163e-01
5.781237621527757220e-01 -5.328015773153538248e-01 1.910697759106186888e-01
5.781074395540390931e-01 -5.328216790557610549e-01 1.911580675514967242e-01
5.781402560661215162e-01 -5.327866887178446254e-01 1.910564188006742825e-01
5.781374952876995321e-01 -5.328223653341416233e-01 1.911594407840023213e-01
5.782039680262622827e-01 -5.326998136469570655e-01 1.910561828926566341e-01
5.781692591678518900e-01 -5.327813506304187596e-01 1.911596171189381410e-01
5.781728050065424451e-01 -5.327642188255123923e-01 1.910703702900236611e-01
5.780273530081777578e-01 -5.329347302384829232e-01 1.911632426603400714e-01
5.780480744930832637e-01 -5.329468774517633900e-01 1.912455055552874372e-01
5.777990312351299895e-01 -5.332794778408459502e-01 1.912185736129001778e-01
5.777940311398922502e-01 -5.334249534583015429e-01 1.913844158302268617e-01
5.776695951348947977e-01 -5.339278572439368764e-01 1.915641970516309689e-01
5.777075995735885261e-01 -5.339384469162231639e-01 1.916343429924312614e-01
5.775602561455326356e-01 -5.342435133028978766e-01 1.918173421624218555e-01
5.770759279277259957e-01 -5.345868539254898799e-01 1.917834940764178708e-01
5.768575589550136717e-01 -5.347257317977340829e-01 1.916638024778219984e-01
5.766142081012127774e-01 -5.349117414311527208e-01 1.917302004051607556e-01
5.754838481134660899e-01 -5.356852186375768987e-01 1.916227671389438836e-01
5.755528836607289866e-01 -5.356362576681448218e-01 1.915632866407126489e-01
5.755806010884738644e-01 -5.356280722206420153e-01 1.916519566292016474e-01
5.756550880204804876e-01 -5.355455760589530323e-01 1.915912688525754359e-01
5.757546694067440241e-01 -5.354458143430965711e-01 1.916930745317944607e-01
5.756964339593493296e-01 -5.354872295262779192e-01 1.916957393364831230e-01
5.756796896563507460e-01 -5.355169984853025422e-01 1.926311278739195054e-01
5.755162447690870264e-01 -5.352393677497564450e-01 1.989647572288622546e-01
5.754522170071449949e-01 -5.352884891116431731e-01 1.993089580213560086e-01
5.751124481068826677e-01 -5.347641562717797559e-01 2.090809046805241211e-01
5.750042664205295972e-01 -5.347626268204469513e-01 2.101091458267990708e-01
5.746475723233925859e-01 -5.342259082114733104e-01 2.174593187840483388e-01
5.743121470161490771e-01 -5.338073779852412493e-01 2.213498467544703918e-01
5.737765917654207293e-01 -5.330891725984022722e-01 2.257978231770638167e-01
5.731257345641185275e-01 -5.322304217457818343e-01 2.295178938554718606e-01
5.723815604929400891e-01 -5.311225201717918454e-01 2.330825488008709256e-01
5.713748499089529309e-01 -5.296361739527203349e-01 2.370564292979688847e-01
5.702800982918949657e-01 -5.281194071403551016e-01 2.404042851418432269e-01
5.698915855823107890e-01 -5.277324050726526217e-01 2.413420528007654275e-01
5.687870982105419637e-01 -5.263449607314205636e-01 2.440707046625696652e-01
5.677829097574510486e-01 -5.251428390842493021e-01 2.462498469424675429e-01
5.664794516011685266e-01 -5.236919495053855567e-01 2.488655318684873663e-01
5.647285865689211093e-01 -5.215391222602496768e-01 2.522673183315764511e-01
5.618914994305080901e-01 -5.183213573878028280e-01 2.577187451462483736e-01
5.598376327896799065e-01 -5.163338635520177133e-01 2.613124881571288194e-01
5.576510459396294417e-01 -5.144876851820762154e-01 2.649506523841910210e-01
5.568096882428898997e-01 -5.138609244918405095e-01 2.663625226946622071e-01
5.552149678042216374e-01 -5.124745583396626003e-01 2.694440390171440325e-01
5.507710787512475337e-01 -5.087449809571406023e-01 2.785076417130162296e-01
5.484478394994042327e-01 -5.069840661434280582e-01 2.834087018789670509e-01
5.442425763719225262e-01 -5.036249870058285838e-01 2.931860766935611151e-01
5.404364433439765580e-01 -5.009309143354250260e-01 3.016248099862132159e-01
5.384859880328336512e-01 -4.993408336027326810e-01 3.059964871744350057e-01
5.367089501861279643e-01 -4.975720740312880030e-01 3.102227244068586076e-01
5.350291564867539762e-01 -4.957290757533232561e-01 3.144529391919901329e-01
5.327303802229685914e-01 -4.927936462026719089e-01 3.203148964674347177e-01
5.291712627536691027e-01 -4.877103647355041094e-01 3.297307190739258709e-01
5.258436303591338401e-01 -4.831435200889969139e-01 3.380573353660982772e-01
5.241185539390298409e-01 -4.809175738041781001e-01 3.423285882715690898e-01
5.238817285325335638e-01 -4.805688759738551696e-01 3.428223483028918217e-01
5.218538850678948737e-01 -4.777158336921836224e-01 3.482937325899529979e-01
5.210410113128822740e-01 -4.765859310807182281e-01 3.507711437479497651e-01
5.202955094856598350e-01 -4.755347770221222681e-01 3.533867438699413999e-01
5.199405746411177587e-01 -4.750870488600703601e-01 3.549916400298914754e-01
5.195625916295976143e-01 -4.746023183585579286e-01 3.578600267612054298e-01
5.194322177577067601e-01 -4.746219974195843849e-01 3.582517896023272863e-01
5.194756741842698755e-01 -4.747324313930273432e-01 3.576576332479135534e-01
5.195126390369256830e-01 -4.746717516299315820e-01 3.576485262343787608e-01
5.194526797290390796e-01 -4.747188796122755461e-01 3.578084962179640116e-01
5.195096059894582785e-01 -4.746539352846358972e-01 3.577004309168565488e-01
5.194888419975491889e-01 -4.746647306742940997e-01 3.578218548838603130e-01
5.194847678451789408e-01 -4.746950764627104191e-01 3.576740708244831035e-01
5.194291358446327944e-01 -4.747406287500756106e-01 3.577111106574355492e-01
5.194864277506135997e-01 -4.746800079650291826e-01 3.577751806941418811e-01
5.194900047515118580e-01 -4.746753406099571970e-01 3.576964319324407171e-01
5.194727579667719475e-01 -4.746672559486843634e-01 3.578490113084159541e-01
5.195203248258088990e-01 -4.746526112310201495e-01 3.577319389700205354e-01
5.194460513121594847e-01 -4.747296356044520271e-01 3.577189423376173627e-01
5.194889411070680030e-01 -4.746911591586533419e-01 3.578004795480159705e-01
5.194967692953860183e-01 -4.746633726884645355e-01 3.577302898600166481e-01
5.194744233684641666e-01 -4.746880456824884020e-01 3.578448373111696168e-01
5.195016832263869011e-01 -4.746586909209070670e-01 3.577360691611495280e-01
5.194595115609184077e-01 -4.747139964925289335e-01 3.578135841797691619e-01
5.194558779147750993e-01 -4.747189294120483516e-01 3.577334414236307825e-01
5.195129569902441347e-01 -4.746455359463439549e-01 3.577837304783054728e-01
5.194568096387357503e-01 -4.746901519634765809e-01 3.578443819540687576e-01
5.195035490649489995e-01 -4.746671671598126085e-01 3.577191225341834757e-01
5.194589818182970831e-01 -4.747053046066082582e-01 3.577955325690009292e-01
5.194471277283529975e-01 -4.747241348817553552e-01 3.577127679339337507e-01
5.195069244025676269e-01 -4.746341492285592323e-01 3.577796657370437838e-01
5.194667595842322738e-01 -4.747022993276909242e-01 3.578022222080361470e-01
5.194700153916363972e-01 -4.746999863186908142e-01 3.577047485280858696e-01
5.194568445607713469e-01 -4.746987988069563680e-01 3.578118153748312547e-01
5.194703222346682692e-01 -4.747014519654099707e-01 3.577067635833627302e-01
5.194419449457661209e-01 -4.747235498388528985e-01 3.577831080907369898e-01
5.194964241643305058e-01 -4.746497447118844248e-01 3.577930508014057764e-01
5.194818253888976445e-01 -4.747119664373382619e-01 3.577102391476130183e-01
5.195218658344263885e-01 -4.746507420342441219e-01 3.577723498947139591e-01
5.194650818005388526e-01 -4.747124141149768883e-01 3.577169233418203143e-01
5.195100350800282429e-01 -4.746507933095593379e-01 3.577879764128076845e-01
5.194774186087689483e-01 -4.746988667316840993e-01 3.577373643779847012e-01
5.194490474699238192e-01 -4.746984863176939573e-01 3.578162217500643894e-01
5.194937033452560193e-01 -4.746870575909155621e-01 3.577052319493786436e-01
5.194507378842948553e-01 -4.747125427529992892e-01 3.577839259177492681e-01
5.195088853593603506e-01 -4.746476256010493944e-01 3.577599474750699504e-01
5.194991410016073230e-01 -4.746736924852654194e-01 3.576906693141573834e-01
5.194435580055219992e-01 -4.747144112280229922e-01 3.577874661341480800e-01
5.195031233217882738e-01 -4.746530139558068351e-01 3.577507971137794396e-01
5.194663300962147900e-01 -4.747120166331111890e-01 3.577119240687883783e-01
5.194895716001362018e-01 -4.746766633585439710e-01 3.578230333181632306e-01
5.195287213065887810e-01 -4.746551791394036379e-01 3.577375798585438194e-01
5.194551300852310316e-01 -4.747223523312645299e-01 3.577668811403720839e-01
5.194955984205128496e-01 -4.746678285925509111e-01 3.576999692655674079e-01
5.195033650226115185e-01 -4.746606343583498200e-01 3.578208723388852652e-01
5.194500852208742137e-01 -4.747149152700756436e-01 3.577527001219275027e-01
5.194791097474422692e-01 -4.746913290373749317e-01 3.578338440899494488e-01
5.194607066770388082e-01 -4.747034574108453531e-01 3.577087280522282531e-01
5.194589399187918843e-01 -4.746859863482625341e-01 3.578387461278059178e-01
5.195065538797920546e-01 -4.746727796248956799e-01 3.577139756448392549e-01
5.194843820838586090e-01 -4.746889586101512570e-01 3.578191846325417536e-01
5.195143384258941177e-01 -4.746947184436989819e-01 3.577211938842178029e-01
5.194882798596444085e-01 -4.746837565962189198e-01 3.578017022988897455e-01
5.194442264707830326e-01 -4.747448593024833352e-01 3.577552527895523360e-01
5.195027424030829177e-01 -4.746579675782996999e-01 3.577405204756054502e-01
5.194806554653380593e-01 -4.746796265390774150e-01 3.578256888125521118e-01
5.194561458789668240e-01 -4.747154456991326543e-01 3.577112420232466672e-01
5.195198718074366395e-01 -4.746432609744442033e-01 3.577561067819388096e-01
5.194507698517818461e-01 -4.747187597140455351e-01 3.577621282801657920e-01
5.195159773533993830e-01 -4.746757238452300465e-01 3.577369545099120529e-01
5.194668497959363807e-01 -4.746826193008008565e-01 3.578465726074364084e-01
5.194716281660028967e-01 -4.747084756935394667e-01 3.577218987381871051e-01
5.195168038857341797e-01 -4.746501243234849676e-01 3.577582331994246800e-01
5.194611155137413006e-01 -4.747227536848445117e-01 3.577449905281995246e-01
5.195092335850395315e-01 -4.746571678787081527e-01 3.578263712935864649e-01
5.195193837096304668e-01 -4.746547308685392652e-01 3.577290253133065256e-01
5.194684595438804342e-01 -4.746863590778502839e-01 3.578167421566790796e-01
5.194545019158812726e-01 -4.747148582789527116e-01 3.576810560822287766e-01
5.195031339813288573e-01 -4.746386421416247670e-01 3.578069164246584499e-01
5.194879397810145960e-01 -4.746859419897115351e-01 3.576864211167698482e-01
5.194492891933772949e-01 -4.747224840297643578e-01 3.577738893680745269e-01
5.195210480200850300e-01 -4.746392107501801183e-01 3.577533023876282581e-01
5.194693662393938816e-01 -4.746846829723823658e-01 3.577989547790466074e-01
5.194559902651301186e-01 -4.747225679504613605e-01 3.577047826488770066e-01
5.194699004089536887e-01 -4.746854137845103461e-01 3.578178653219968308e-01
5.194703900150993148e-01 -4.747270338368251297e-01 3.577140713961015628e-01
5.194802357611840726e-01 -4.746811421007627319e-01 3.578178103674786170e-01
5.194702650192836169e-01 -4.747179495187577869e-01 3.577298138220042500e-01
5.194689924757250887e-01 -4.747165526187794304e-01 3.578074748762905544e-01
5.195167226132775262e-01 -4.746452265624013234e-01 3.577384711268550843e-01
5.194650932302723456e-01 -4.747280593999660403e-01 3.577993582155952756e-01
5.195099498669941696e-01 -4.746566812475391250e-01 3.577868595736841684e-01
5.194721379913218584e-01 -4.747057630351813051e-01 3.576988178468240021e-01
5.195014475287751399e-01 -4.746571382512164150e-01 3.577888627382462272e-01
5.194593118614282412e-01 -4.747251486727734893e-01 3.577968127861816949e-01
5.194984321597438948e-01 -4.746775731985810043e-01 3.577173199475120469e-01
5.194460378573682036e-01 -4.747090925335009093e-01 3.577881547192229839e-01
5.195123130379788456e-01 -4.746606213873566515e-01 3.578097925745118424e-01
5.194653493952327006e-01 -4.747006827895323133e-01 3.577032245644893860e-01
5.195108013135925074e-01 -4.746531437348445737e-01 3.577756043404840547e-01
5.194884120151824769e-01 -4.746890166897801966e-01 3.577144617055414422e-01
5.194646197182777314e-01 -4.746955091084232858e-01 3.578086279023282024e-01
5.194915157025408181e-01 -4.746969146166898357e-01 3.577151159333659125e-01
5.194603600305328639e-01 -4.747158496602854605e-01 3.578251147914353059e-01
5.194853961266050479e-01 -4.746944398883987670e-01 3.576935270609957196e-01
5.195079863702632972e-01 -4.746594602679651831e-01 3.578002160008274535e-01
5.194675206878245355e-01 -4.747259839964182437e-01 3.577699598078095677e-01
5.195116845612608447e-01 -4.746414282340833402e-01 3.577735970415794053e-01
5.194515210576977626e-01 -4.747354784065044853e-01 3.577251495773345891e-01
5.194895795561824681e-01 -4.746705811689357901e-01 3.578133356261735676e-01
5.195216751473793471e-01 -4.746682985635786722e-01 3.577441535358077407e-01
5.194438969444544751e-01 -4.747309914217158755e-01 3.577737303852117634e-01
5.195112382404328821e-01 -4.746734488142088093e-01 3.577471290905382961e-01
5.194786168032663465e-01 -4.746867365233962688e-01 3.578149620204383874e-01
5.194754078914457507e-01 -4.747177348132399777e-01 3.577138713300559991e-01
5.195124115696378997e-01 -4.746626329744608186e-01 3.577720940843343023e-01
5.194699441217810465e-01 -4.747188648267290922e-01 3.577238638572423080e-01
5.195063895746677707e-01 -4.746614595994705921e-01 3.577899383453507776e-01
5.195028867408679751e-01 -4.746979260488720653e-01 3.577055086222638014e-01
5.194569195802604122e-01 -4.747139729258924024e-01 3.578240390358536915e-01
5.194996118111278038e-01 -4.746445553757834279e-01 3.577611189507896583e-01
5.194724223888359527e-01 -4.746884987222470542e-01 3.578253738594255884e-01
5.194689145853916834e-01 -4.747105104200783354e-01 3.577413705655599907e-01
5.194534919647831872e-01 -4.746957085908966589e-01 3.578463699218533689e-01
5.194873385979573710e-01 -4.747046103901013114e-01 3.577612851955462303e-01
