4.298236396293259598e-01 -4.582802715642704250e-01 4.595581365135565366e-01
4.298142165617019894e-01 -4.582508602953817012e-01 4.596449648971780988e-01
4.298599265031252115e-01 -4.582847975879175695e-01 4.595135704098941565e-01
4.297999945158261226e-01 -4.582840780590592966e-01 4.596340169152349775e-01
4.298419540524650584e-01 -4.582926532443055700e-01 4.595362821033380230e-01
4.297858357931191309e-01 -4.583300262623189458e-01 4.595699082997528606e-01
4.298324865205194190e-01 -4.582874590697882944e-01 4.595297222081411448e-01
4.298304963998622052e-01 -4.582809560390327941e-01 4.596349987541922255e-01
4.297926046267420142e-01 -4.583262799595093639e-01 4.595374488545460601e-01
4.298084756450182287e-01 -4.582767272945662551e-01 4.596113445206068127e-01
4.298523486717826247e-01 -4.582780002775817541e-01 4.595222886563498088e-01
4.298074389520285532e-01 -4.582659998120438560e-01 4.596132057217977573e-01
4.298397323175490725e-01 -4.582866893419016430e-01 4.595210859428211503e-01
4.298016488745984853e-01 -4.582778566045443425e-01 4.596132421430396686e-01
4.297894957069439137e-01 -4.583270900884784949e-01 4.595512126265534625e-01
4.298224213765272084e-01 -4.582508492440876546e-01 4.596136991531006855e-01
4.298378013765067340e-01 -4.582899310285204475e-01 4.595075168656695408e-01
4.297928181843060358e-01 -4.583102304959079665e-01 4.596125525975509607e-01
4.298171136108844270e-01 -4.582896735998644999e-01 4.595349487713661918e-01
4.298286825776810316e-01 -4.582467090370559992e-01 4.595960516639183702e-01
4.298091769629944769e-01 -4.583142978876669216e-01 4.595207965022538588e-01
4.298465468703862591e-01 -4.582586473528388327e-01 4.596269989258567890e-01
4.298351122870375796e-01 -4.582923740225264830e-01 4.595081909741743353e-01
4.298362607406491787e-01 -4.582731613820884564e-01 4.596151520748090191e-01
4.298484167531287925e-01 -4.582769238785897592e-01 4.595277484933033563e-01
4.297843961713058714e-01 -4.583251762151972497e-01 4.595843739648486359e-01
4.298372568940964089e-01 -4.582595521740268074e-01 4.596059550789882708e-01
4.298271888886368020e-01 -4.583151981713068923e-01 4.595063060171804548e-01
4.297961908943969678e-01 -4.582738235925245540e-01 4.596435340361980648e-01
4.298535023074945283e-01 -4.582577593845374442e-01 4.595578364817911599e-01
4.297829203646307272e-01 -4.583125050549844426e-01 4.596013876949513466e-01
4.298272021329731518e-01 -4.583082190560523461e-01 4.595022029956050691e-01
4.297842783637839670e-01 -4.583156556750750954e-01 4.595760375485679616e-01
4.298351680619281745e-01 -4.582528593982506115e-01 4.595788732118896158e-01
4.297785613506956426e-01 -4.583214325184874482e-01 4.595942799536961720e-01
4.298529195216712062e-01 -4.582614350326763009e-01 4.595851477271583052e-01
4.297667585603492379e-01 -4.583125632068578703e-01 4.595821192397318566e-01
4.298341471774703715e-01 -4.582705808815538684e-01 4.596150191684607589e-01
4.298409887189975076e-01 -4.582864133762672987e-01 4.595076018269729778e-01
4.297905234023313703e-01 -4.583163569964989748e-01 4.595804229137294694e-01
4.298205256774449423e-01 -4.582829081804909999e-01 4.595160465370812242e-01
4.298465217932576077e-01 -4.582500595690884304e-01 4.595889144628975131e-01
4.298169146059242496e-01 -4.583099106401525291e-01 4.595055005811772286e-01
4.297861031666250220e-01 -4.583152492686225488e-01 4.595709282684668495e-01
4.298274748246341814e-01 -4.583018458603024814e-01 4.594962629540392252e-01
4.297758452522442152e-01 -4.583336245206827142e-01 4.595800140117566324e-01
4.298360048005898104e-01 -4.582698300823270232e-01 4.595411179852841310e-01
4.298106240246901688e-01 -4.582652259715787046e-01 4.596144660148279715e-01
4.298366971837129236e-01 -4.582896434719060386e-01 4.595312246771673936e-01
4.298009691580348401e-01 -4.582722876056277150e-01 4.596307643451675862e-01
4.298300173080442654e-01 -4.582975893651538568e-01 4.595089485791280515e-01
4.298297555424829830e-01 -4.582590295599687225e-01 4.596306467925710959e-01
4.298092668993017118e-01 -4.583146675702624018e-01 4.594902819231155844e-01
4.298127254919762441e-01 -4.583021043007153850e-01 4.596069444853166930e-01
4.298312622413152928e-01 -4.582470206662399015e-01 4.595677387660963564e-01
4.297999277537321028e-01 -4.583250972528689071e-01 4.595229024485478209e-01
4.298003684535257607e-01 -4.582974161409020808e-01 4.596195035064350454e-01
4.298114989698668675e-01 -4.583227739746307261e-01 4.595060168070384532e-01
4.298427889126242296e-01 -4.582627233769231423e-01 4.595748752676017124e-01
4.297870165567828638e-01 -4.583087193939901494e-01 4.595956583608808432e-01
4.298236478637484370e-01 -4.583046065709513450e-01 4.595107655900831922e-01
4.297827658566211184e-01 -4.583164791972321739e-01 4.595949499838757890e-01
4.298414364166379120e-01 -4.582568254865988511e-01 4.595923171441410049e-01
4.298170140505744308e-01 -4.583005324433642724e-01 4.595146822180527502e-01
4.297816672321816966e-01 -4.582984389004889358e-01 4.596164927293591718e-01
4.298447789146337961e-01 -4.582461474435093329e-01 4.595748987998763968e-01
4.298168711286974308e-01 -4.583139190719950906e-01 4.595226566775758581e-01
4.298398961679759656e-01 -4.582349588552898090e-01 4.596026827956941063e-01
4.297960617615236845e-01 -4.583152339863507119e-01 4.595130202561204524e-01
4.297906674023758145e-01 -4.582994504181122641e-01 4.596342180561642232e-01
4.298236827119074621e-01 -4.582954513454727263e-01 4.595015855053623532e-01
4.298372008459118709e-01 -4.582695097092409631e-01 4.596069834464355797e-01
4.298272503263920741e-01 -4.583061007508675289e-01 4.595267412162568066e-01
4.297718749353004464e-01 -4.583268606951068636e-01 4.595987654666789934e-01
4.298224529393773197e-01 -4.583034221400395514e-01 4.595329430732787435e-01
4.298143489408373097e-01 -4.582663435711661903e-01 4.596237279182192048e-01
4.298245487445270796e-01 -4.582928699387811555e-01 4.595191099088602460e-01
4.297806325091889645e-01 -4.582932992520908910e-01 4.596210468726052989e-01
4.298515394134413969e-01 -4.582637080297229937e-01 4.595672767749242604e-01
4.297923407734644541e-01 -4.583317636132753781e-01 4.595398143889242726e-01
4.298403382994550603e-01 -4.582385291782759551e-01 4.595826768892574132e-01
4.298178697156011530e-01 -4.582975829874924578e-01 4.595435078259136885e-01
4.298009270818644034e-01 -4.582823039983181523e-01 4.596284668263643236e-01
4.298124488152976763e-01 -4.583272798031859940e-01 4.595190121501523950e-01
4.298394091825462060e-01 -4.582465612914769504e-01 4.596004752831306939e-01
4.298255218671809263e-01 -4.583028767415757709e-01 4.595222119172548969e-01
4.297823220882480699e-01 -4.583065422341761619e-01 4.596231823969357810e-01
4.298133969956191569e-01 -4.583037938757514862e-01 4.595053223825966149e-01
4.297867165663701861e-01 -4.582768441529427306e-01 4.596496301715846111e-01
4.298450344137833556e-01 -4.582361473302765664e-01 4.595854031722559352e-01
4.299857323030395473e-01 -4.585597918389561767e-01 4.585412322728343870e-01
4.304988522557045560e-01 -4.589561935104007340e-01 4.567889375189206902e-01
4.314252392505570910e-01 -4.594980300208301727e-01 4.545703866300476181e-01
4.319960416942377202e-01 -4.595839550029465759e-01 4.536050377188879934e-01
4.335397976402347031e-01 -4.595698645666380089e-01 4.513289131424016998e-01
4.367312982966455870e-01 -4.592007646433117207e-01 4.468877579510479592e-01
4.389309295430721125e-01 -4.591199591081376874e-01 4.434234817432113340e-01
4.404323194911283212e-01 -4.591808461831993204e-01 4.408998341948849875e-01
4.415600960143328813e-01 -4.593199736000476152e-01 4.387934648620523959e-01
4.441259217247113811e-01 -4.599165906090219025e-01 4.335667864369732727e-01
4.453291560941143312e-01 -4.603639419022965695e-01 4.308693226418788269e-01
4.463843704321633910e-01 -4.609990289621174742e-01 4.280087844557119992e-01
4.477943326161600290e-01 -4.623438504794411541e-01 4.232935823669392028e-01
4.486287369438310968e-01 -4.635080266197017518e-01 4.198554525370780666e-01
4.514096224176502026e-01 -4.683332961836795816e-01 4.059330229978505566e-01
4.527526794917945963e-01 -4.703994747059406789e-01 3.994310852049344218e-01
4.541227764067647943e-01 -4.727764624487512113e-01 3.923478105036882213e-01
4.547175111232415468e-01 -4.739189416478990502e-01 3.897358081557096843e-01
4.553087182777497133e-01 -4.752348408294114757e-01 3.871406338799829316e-01
4.558238193667539795e-01 -4.760795734912429134e-01 3.853644525324921855e-01
4.565846303508332427e-01 -4.774672106327623178e-01 3.828639943309409821e-01
4.575329796372616942e-01 -4.789306003994295846e-01 3.804299244667981861e-01
4.576448933003632868e-01 -4.792379470623285287e-01 3.801038234671126892e-01
4.581482430480305901e-01 -4.799858361629362746e-01 3.788935853407794929e-01
4.597581473474330882e-01 -4.825172538613942685e-01 3.757049310301117662e-01
4.615040805743529928e-01 -4.853197087688881362e-01 3.726304440062679912e-01
4.623542101408044114e-01 -4.866232500661649696e-01 3.713817193732721345e-01
4.631840937912212741e-01 -4.880061317691325451e-01 3.701917598388783093e-01
4.648072512609857654e-01 -4.903733044314932399e-01 3.682097602409418191e-01
4.666561340100863209e-01 -4.932814233808968107e-01 3.661758351217543339e-01
4.680961925410710434e-01 -4.955354614106673439e-01 3.647768457339788939e-01
4.704964409190457997e-01 -4.994627235588113834e-01 3.627089837521764171e-01
4.707562716783668111e-01 -4.998301952792861269e-01 3.626233421079467778e-01
4.727368782492414323e-01 -5.030058682911207057e-01 3.611012159481656880e-01
4.757149909862229409e-01 -5.076586346927087767e-01 3.592613448880456195e-01
4.778857990779501463e-01 -5.110496086507191338e-01 3.582020337692428669e-01
4.802091447864832996e-01 -5.146465114048819345e-01 3.571436176754365643e-01
4.809509549208660362e-01 -5.155875070297265550e-01 3.569489314098605037e-01
4.811329092894520709e-01 -5.159506018731144783e-01 3.567774506008853930e-01
4.824730376526839559e-01 -5.178549222641267713e-01 3.564142234077189997e-01
4.851059052961727569e-01 -5.211249175644478981e-01 3.559120808412057912e-01
4.868103486539436808e-01 -5.228709542110737685e-01 3.558471038921171004e-01
4.885435069440233757e-01 -5.242083132400271461e-01 3.558941830804558393e-01
4.912690570895028586e-01 -5.257423773071140394e-01 3.560937161949805363e-01
4.919279080533591197e-01 -5.259566722150122997e-01 3.560905483606491284e-01
4.934032218030333095e-01 -5.266461914059415994e-01 3.561948548257783398e-01
4.947281018142701270e-01 -5.270315452713740800e-01 3.563295829692258443e-01
4.958487744373248352e-01 -5.272233720567159887e-01 3.564562458985219284e-01
4.983441997458008532e-01 -5.274121675737275527e-01 3.569886232320220176e-01
4.987094473729465904e-01 -5.273810647692691589e-01 3.571255574419179846e-01
5.000122605238200846e-01 -5.273057221990129495e-01 3.572830782642763547e-01
5.016409559351014957e-01 -5.268395251724947714e-01 3.578056523437239678e-01
5.039108759635781976e-01 -5.256536259242915454e-01 3.586024110139583998e-01
5.045093663022989228e-01 -5.252217043892671855e-01 3.588403092369870651e-01
5.059083836372972875e-01 -5.241587427748487515e-01 3.590715986661804915e-01
5.088768062254590552e-01 -5.214789101375495450e-01 3.593024947462739038e-01
5.090077566261294040e-01 -5.213686134521372528e-01 3.591935619272756952e-01
5.096630838586569956e-01 -5.206972392921372927e-01 3.591585762576029461e-01
5.099667572717108133e-01 -5.203984634305831580e-01 3.592520710966640718e-01
5.124560013294099381e-01 -5.179907016309478474e-01 3.590456537714452057e-01
5.133234522999773342e-01 -5.171118741905248450e-01 3.591487206468380600e-01
5.136125926987966661e-01 -5.168229294533100981e-01 3.590631847917664654e-01
5.148561209668095495e-01 -5.155755869125873136e-01 3.591773399436976044e-01
5.151083185854999913e-01 -5.153300401925875462e-01 3.590753952582567132e-01
5.156832588737367828e-01 -5.147498787430109246e-01 3.591755372804377178e-01
5.179809095001854935e-01 -5.124309469068334399e-01 3.591183965142153989e-01
5.188062042511135674e-01 -5.115884356556088530e-01 3.592239677760021843e-01
5.193128296877116412e-01 -5.110897817767735551e-01 3.591483672305678665e-01
5.194232994081758870e-01 -5.109793525467372088e-01 3.592265224437380389e-01
5.202555250414661048e-01 -5.101391684116141079e-01 3.591050381783812417e-01
5.215860205553947138e-01 -5.087809658748907449e-01 3.591976400979519091e-01
5.234314448094837813e-01 -5.069042056735808544e-01 3.590305497468866958e-01
5.256370438923498867e-01 -5.045960854789844907e-01 3.591691227138174014e-01
5.258590183950382357e-01 -5.043638841636040038e-01 3.590716095929441520e-01
5.272359614575452547e-01 -5.029369070279803289e-01 3.590498174764739647e-01
5.281728672411694081e-01 -5.019555921648390928e-01 3.591606901727298351e-01
5.294929844408592379e-01 -5.006287422176906032e-01 3.589949071979914308e-01
5.297288460145066491e-01 -5.004023027459051365e-01 3.590993395106877317e-01
5.302850033009245401e-01 -4.998551623683122891e-01 3.589998467810586180e-01
5.319395913445965629e-01 -4.982753619687029789e-01 3.591533697645206691e-01
5.340414507084529916e-01 -4.963085050621833250e-01 3.590567444586051371e-01
5.352426522690140187e-01 -4.952558424328840081e-01 3.591881999574166873e-01
5.370046698425373632e-01 -4.938526035086086563e-01 3.591695367185377963e-01
5.377232274791160505e-01 -4.933421436155253637e-01 3.592125282077025528e-01
5.379911184079211317e-01 -4.931161824327875975e-01 3.593303546372031976e-01
5.382345186855930219e-01 -4.929466778959705198e-01 3.592463835028427699e-01
5.425368761889933777e-01 -4.897377201268291458e-01 3.597889909075139281e-01
5.431255454019522366e-01 -4.892810535359448654e-01 3.599816993406223520e-01
5.435041493674430679e-01 -4.889702584682772413e-01 3.599562508685544837e-01
5.434888020773205319e-01 -4.890853484618986613e-01 3.596497056641770329e-01
5.435480018180633976e-01 -4.890397524110518535e-01 3.595875849560179471e-01
5.446203565658619405e-01 -4.901846857903938148e-01 3.533230265812412618e-01
5.448099717902848971e-01 -4.905552118817794738e-01 3.517437085456552870e-01
5.450827910251851982e-01 -4.907445298970109504e-01 3.503523125473658184e-01
5.456257103997319557e-01 -4.918243936383419057e-01 3.457001190112508060e-01
5.462271374335814222e-01 -4.926188763547572069e-01 3.418231347128242170e-01
5.468810835942681248e-01 -4.934085683176561710e-01 3.375507315195049873e-01
5.468747699355891445e-01 -4.935266573240475463e-01 3.372267576878993367e-01
5.476261731177750613e-01 -4.945766516439840110e-01 3.318163406643754865e-01
5.480808882458598763e-01 -4.950538577792654715e-01 3.289698767599320561e-01
5.489709557094291092e-01 -4.963387397670337431e-01 3.220696715716543368e-01
5.504505498816313347e-01 -4.982956179261666674e-01 3.104393792501721205e-01
5.504639116627711992e-01 -4.984493498098463427e-01 3.098167851642560922e-01
5.507658747526745779e-01 -4.987246360152487457e-01 3.077857360210296545e-01
5.512165557833496043e-01 -4.994808092898834206e-01 3.034434735970164554e-01
5.517915556970472979e-01 -5.001885908792601532e-01 2.986180899729340421e-01
5.521418313043598980e-01 -5.009471174427583273e-01 2.941678988836782804e-01
5.521120769197626066e-01 -5.010753206964037032e-01 2.939037293525906813e-01
5.523212182072793075e-01 -5.015126272593306567e-01 2.912572953313708468e-01
5.522855389647637336e-01 -5.016384959160401502e-01 2.910023020262525462e-01
5.524369172139044215e-01 -5.021435781262331144e-01 2.883788418923463048e-01
5.524639649449389900e-01 -5.028384874661704362e-01 2.853429160413909482e-01
5.524132672673717215e-01 -5.029625272973711203e-01 2.851499093956021968e-01
5.524217134736827406e-01 -5.032626366597070522e-01 2.838060955145963460e-01
5.522422717515504953e-01 -5.041359706416549402e-01 2.809202874903312663e-01
5.513502900537953222e-01 -5.069160844956976941e-01 2.732621128680000622e-01
5.511419875912199062e-01 -5.076952543957622410e-01 2.707052023937720486e-01
5.509897191141314154e-01 -5.088826860865496293e-01 2.658510201181075727e-01
5.509453065774093661e-01 -5.101124309748767960e-01 2.599701858537635801e-01
5.509717567697511864e-01 -5.101005765234415401e-01 2.596300300739463607e-01
5.509813372533917120e-01 -5.106696892459858805e-01 2.567992097871831803e-01
5.510932810804060056e-01 -5.111164156236115419e-01 2.536767836617805361e-01
5.516624975853268165e-01 -5.120567068210601924e-01 2.445450346094524829e-01
5.522051152485059067e-01 -5.125018929180390481e-01 2.376431449847236643e-01
5.522196948943052242e-01 -5.127306570828097376e-01 2.359847338712014464e-01
5.526357100011692891e-01 -5.130935034026091746e-01 2.298919053908615728e-01
5.526576775891263171e-01 -5.131503101213428231e-01 2.292594850583485888e-01
5.526141866229982158e-01 -5.132202209071524690e-01 2.292030766149997789e-01
5.526912608079715961e-01 -5.131397881934249838e-01 2.289911794894168851e-01
5.527454095258407252e-01 -5.132707787616817008e-01 2.276377823826563618e-01
5.528714776227569017e-01 -5.132710779960701908e-01 2.264088730172733044e-01
5.531668159481749614e-01 -5.138118299794907085e-01 2.195249857858328491e-01
5.534042731413001404e-01 -5.139647151166840677e-01 2.160504643576399708e-01
5.537757671790976000e-01 -5.146270451131604862e-01 2.062339368979178855e-01
5.538525415819646192e-01 -5.146470625211501115e-01 2.055931071817124201e-01
5.539517127486872639e-01 -5.147971141512860394e-01 2.051610461061431356e-01
5.541501077140226217e-01 -5.150740569025006321e-01 2.052044360864883621e-01
5.544609839848005928e-01 -5.155337466488104647e-01 2.056000448682115400e-01
5.545618596946197965e-01 -5.155406593730030851e-01 2.056709229256353799e-01
5.557195929970597525e-01 -5.169959539344355370e-01 2.071994749991096785e-01
5.567361021485657258e-01 -5.178304334600847270e-01 2.082535696819190763e-01
5.575596608036151869e-01 -5.186826501620781515e-01 2.092345475146719092e-01
5.589580102349771540e-01 -5.197229433495809126e-01 2.107127091436353516e-01
5.594160073675373823e-01 -5.198695451182190341e-01 2.111393926096962192e-01
5.598896185615201970e-01 -5.199162489568662782e-01 2.114670626835329914e-01
5.599128240487424302e-01 -5.199055101719737282e-01 2.113872899353399504e-01
5.600193660072931845e-01 -5.199030333434312423e-01 2.115542400740416662e-01
5.600809064579347352e-01 -5.198010377103655655e-01 2.115843272943104814e-01
5.601011902194833469e-01 -5.196120183871081322e-01 2.114315285179852455e-01
5.602187240235575461e-01 -5.195066836701784929e-01 2.114501811091737127e-01
5.601612691374744379e-01 -5.195673418471826732e-01 2.114589023172026294e-01
5.602137827764518407e-01 -5.195084239530870507e-01 2.117065185185057485e-01
5.601143609364944709e-01 -5.195524187195349475e-01 2.124451105868134793e-01
5.601611560355838071e-01 -5.194152277386788752e-01 2.128271671581560276e-01
5.601250276035553144e-01 -5.194505771614632561e-01 2.130460833463140302e-01
5.603359339371989378e-01 -5.190336984266661347e-01 2.158689665183307071e-01
5.602330352741410335e-01 -5.189738214856690623e-01 2.183831419968532139e-01
5.602618072025675744e-01 -5.186353953821492002e-01 2.213772259815976196e-01
5.603270868670146010e-01 -5.184043660263292219e-01 2.225015792191299968e-01
5.606060194123476670e-01 -5.178659145425165145e-01 2.244785092461222265e-01
5.610381328145302993e-01 -5.172266813487809145e-01 2.264118106316924117e-01
5.615958836632493067e-01 -5.162992511504662652e-01 2.287076644080131005e-01
5.618111679086803534e-01 -5.159178396508989906e-01 2.301739418691481909e-01
5.628813863967830899e-01 -5.126171103881344004e-01 2.448554321768908193e-01
5.628419913871330893e-01 -5.126467182891143448e-01 2.450836227494242459e-01
5.628850151125038836e-01 -5.123987329886550146e-01 2.462012819601384073e-01
5.628183808926564557e-01 -5.121739364096128400e-01 2.480542308160132714e-01
5.628485953059795266e-01 -5.116427103647090968e-01 2.512133663958700525e-01
5.627472671834132800e-01 -5.112892955378981474e-01 2.541575306281059210e-01
5.627604195195872183e-01 -5.108217957650211805e-01 2.566980480858186420e-01
5.629295025649424522e-01 -5.099360189740300697e-01 2.604428329063682157e-01
5.628187722784374625e-01 -5.093647962047839206e-01 2.637599747329724686e-01
5.621356357396899428e-01 -5.087944407175419848e-01 2.696273505210228794e-01
5.615344627409950551e-01 -5.085200573360527665e-01 2.740600834192714053e-01
5.606200654392262672e-01 -5.074441932835580538e-01 2.826474155305240821e-01
5.604017164678729568e-01 -5.070278776868346604e-01 2.852830637478787068e-01
5.603010350287629393e-01 -5.070220200155730605e-01 2.857613631653941333e-01
5.600866352464565212e-01 -5.066766992942817183e-01 2.881008643296523175e-01
5.597175022356144503e-01 -5.055364397877307736e-01 2.941843948788233076e-01
5.597338099898457875e-01 -5.053124075374620938e-01 2.951367037654138437e-01
5.597671035541484930e-01 -5.052869984402369452e-01 2.958728498446539512e-01
5.602051677236075111e-01 -5.055044987038885829e-01 2.964848254064971211e-01
5.611063422183119043e-01 -5.064901548903961714e-01 2.976780813035613260e-01
5.616396778473653484e-01 -5.073554856037612026e-01 2.987312888489832563e-01
5.636259723306081826e-01 -5.104397027772024087e-01 3.032324398152247413e-01
5.653662109046931894e-01 -5.128357057750212444e-01 3.071730559742929523e-01
5.665192263228873149e-01 -5.141867656583913870e-01 3.096667915171573693e-01
5.679027941436746163e-01 -5.160534162249231782e-01 3.130960659878217478e-01
5.686398447925803401e-01 -5.169766897228899039e-01 3.150023496012563373e-01
5.690738423901624543e-01 -5.176919958953228873e-01 3.162624180238367000e-01
5.722407278054054691e-01 -5.218603520965314768e-01 3.250414836121272022e-01
5.757396432586200374e-01 -5.267836577299469525e-01 3.357683889424332158e-01
5.759253487748303701e-01 -5.268791353865368565e-01 3.360971232895880179e-01
5.767659197505364821e-01 -5.281049145563401215e-01 3.387117951722199982e-01
5.769436062525191700e-01 -5.282118713319468029e-01 3.390840149196007181e-01
5.777837845733221345e-01 -5.293307270778584428e-01 3.415448890100005741e-01
5.783320210347840939e-01 -5.298402984342917010e-01 3.429397323131577191e-01
5.784001532187670325e-01 -5.300376324346033341e-01 3.432375329656805474e-01
5.795138323780149037e-01 -5.311095589606810163e-01 3.459936441622263326e-01
5.802531701798094854e-01 -5.316902934412376380e-01 3.475460958878996420e-01
5.807282889071311294e-01 -5.319997413301487121e-01 3.484950363894423475e-01
5.813694378654177264e-01 -5.322222430777983071e-01 3.496098892298962202e-01
5.820959397734760676e-01 -5.322516323619879142e-01 3.506500810142720304e-01
5.828290795612862674e-01 -5.321048345654384448e-01 3.514372172851344400e-01
5.832621462051353900e-01 -5.319686388855400239e-01 3.517837442525224567e-01
5.837327976095936233e-01 -5.317167821787330828e-01 3.520431616720900991e-01
5.844181576459396288e-01 -5.312941068845080661e-01 3.521247518825825207e-01
5.852377762427435348e-01 -5.306065992902181394e-01 3.516986741696099816e-01
5.856133636933592568e-01 -5.301858846780171941e-01 3.513136862686629946e-01
5.863608700546310004e-01 -5.291881060637999568e-01 3.502127242989434563e-01
5.869116676119047193e-01 -5.281461082837750620e-01 3.488751446014936031e-01
5.872917564518086442e-01 -5.272263944753191600e-01 3.475838800101381798e-01
5.877538800638222316e-01 -5.255003848086470253e-01 3.446598032004626888e-01
5.878857067930916003e-01 -5.244176741081195692e-01 3.426338606819304688e-01
5.879923703347207375e-01 -5.227166839751672400e-01 3.390703877062513083e-01
5.879808596374950236e-01 -5.215229978937243605e-01 3.365762949092941936e-01
5.878426460836464473e-01 -5.200378847044939690e-01 3.330293563541546487e-01
5.870385255062304797e-01 -5.158200401931901657e-01 3.226818375693309426e-01
5.862473779280510389e-01 -5.126209163609249941e-01 3.148913232765588877e-01
5.848076002318001176e-01 -5.080850632681742640e-01 3.041470467650445042e-01
5.833586644828636647e-01 -5.046787263521610445e-01 2.960544473555191125e-01
5.824767852595520434e-01 -5.027585900025958177e-01 2.917377663589796333e-01
5.812741123975934121e-01 -5.000511317448024240e-01 2.863289170610520129e-01
5.798793921173264199e-01 -4.973803902992087744e-01 2.811812731892403550e-01
5.790453147212057949e-01 -4.959094253205403313e-01 2.785230530739104537e-01
5.772839790391480763e-01 -4.930753397591213227e-01 2.735839334718738192e-01
5.750361669642498619e-01 -4.899177579449597308e-01 2.683795230968694656e-01
5.737238574934976354e-01 -4.882387506200915328e-01 2.659145030958197098e-01
5.707947830413817591e-01 -4.844485155655042230e-01 2.613033983056414766e-01
5.686251714612862163e-01 -4.817079294350331553e-01 2.585956513361391540e-01
5.667488141436420879e-01 -4.793406555503965660e-01 2.568434865124264999e-01
5.648449520365708132e-01 -4.768489006822979048e-01 2.553500567454007886e-01
5.635676598093918299e-01 -4.750327373114872631e-01 2.546396417505102372e-01
5.620482929726023924e-01 -4.728534793813716219e-01 2.540978568009605865e-01
5.617497745573784007e-01 -4.725237146678998301e-01 2.539319488405294978e-01
5.593278003894631700e-01 -4.692457752318826003e-01 2.534164399570056347e-01
5.582117400366513049e-01 -4.678529631580726211e-01 2.532840454832567811e-01
5.565411257493706465e-01 -4.658680970188595616e-01 2.533969249782701549e-01
5.535849934538397132e-01 -4.621389256189217254e-01 2.539488237515347135e-01
5.519980435886312486e-01 -4.601352985849582189e-01 2.545479044359261200e-01
5.506685324473123977e-01 -4.585341156912558502e-01 2.552607944031959342e-01
5.484227830445134177e-01 -4.556541455972323851e-01 2.563468422402613855e-01
5.473883836467940966e-01 -4.543384546453647643e-01 2.566762975388774404e-01
5.458627916721786599e-01 -4.524589948559852859e-01 2.573256881803920315e-01
5.441610791713926698e-01 -4.502603026817614262e-01 2.582224178420311489e-01
5.427066982716808319e-01 -4.483751096177155393e-01 2.587995399599498647e-01
5.406396323719149244e-01 -4.458908608469234758e-01 2.592621940022569182e-01
5.381176849339081025e-01 -4.428660937947248022e-01 2.595654510319393982e-01
5.364644850296139689e-01 -4.407354944266593799e-01 2.595569596132064061e-01
5.345469784130072455e-01 -4.383249363258313047e-01 2.593061809020021924e-01
5.318498347065722109e-01 -4.351378085699300624e-01 2.585199192281819602e-01
5.294894483763504800e-01 -4.324157633967783965e-01 2.571220923335245101e-01
5.275789719354121443e-01 -4.303405865992308010e-01 2.555730280686298594e-01
5.256958728148258819e-01 -4.283953273143616403e-01 2.537411123940541691e-01
5.236875870034055636e-01 -4.264579650738923311e-01 2.513056416896676248e-01
5.212349473303434788e-01 -4.243027411362855217e-01 2.477128856650976929e-01
5.196572589422798760e-01 -4.231468024633285308e-01 2.451698773120431496e-01
5.179208464219716701e-01 -4.220651763717589988e-01 2.422676343475885785e-01
5.160953986455717457e-01 -4.211021094962347777e-01 2.390449161603389883e-01
5.134470520968410501e-01 -4.200154176330186950e-01 2.346001428608939232e-01
5.117422093394439209e-01 -4.195178335774102374e-01 2.320310431063498657e-01
5.107670712716445571e-01 -4.193807285028722798e-01 2.307431695188857934e-01
5.097152210646387349e-01 -4.193992897017330690e-01 2.296010096313372828e-01
5.086036444127352008e-01 -4.197340422918863778e-01 2.286403682834101114e-01
5.079380726085954700e-01 -4.201051624428902009e-01 2.282573951675191393e-01
5.072420967007160719e-01 -4.207134357858375862e-01 2.280358525472757081e-01
5.066825692910977841e-01 -4.214025829044864002e-01 2.280380940629753717e-01
5.041683306746873594e-01 -4.245770062347459239e-01 2.285709296714291683e-01
5.018328064040751268e-01 -4.273210647690359743e-01 2.282932742751360156e-01
4.989472571429784398e-01 -4.307566554211789134e-01 2.283260361338145805e-01
4.983941025495653987e-01 -4.313390877715096439e-01 2.282117762917418857e-01
4.968993838407795849e-01 -4.330816600655650883e-01 2.281652574569877356e-01
4.965512573312393929e-01 -4.334958740688252821e-01 2.280113897929905431e-01
4.965052687065227843e-01 -4.335082480985090747e-01 2.275844793706061631e-01
4.970324936323353704e-01 -4.339600283762057309e-01 2.201740190392202368e-01
4.975361483789104700e-01 -4.349491416665791088e-01 2.076296885197902453e-01
4.975463539609489838e-01 -4.366836799721874884e-01 1.907976793025557560e-01
4.974320920896524445e-01 -4.370995366794821479e-01 1.878267272789338471e-01
4.973544340541636299e-01 -4.374175804418107827e-01 1.865586353498343009e-01
4.973003007307391088e-01 -4.377693298410185174e-01 1.857065372137734482e-01
4.972899336240498847e-01 -4.382402536099950230e-01 1.851473988485725641e-01
4.973395867069567711e-01 -4.386878036211724341e-01 1.851986330149376914e-01
4.974226144411839079e-01 -4.390512542035093224e-01 1.854531503285108407e-01
4.976796609503226776e-01 -4.397551149832722439e-01 1.863531037658524847e-01
4.980580604589982530e-01 -4.404946767018723675e-01 1.875193582016342897e-01
4.989203535824732194e-01 -4.414371541154471501e-01 1.892932355547822243e-01
4.994308752059754553e-01 -4.422693792567966020e-01 1.905643149432170724e-01
4.997439239211161621e-01 -4.425416980352455676e-01 1.910983695087235812e-01
4.996919459032998501e-01 -4.425213902398447696e-01 1.906557288276986006e-01
4.997453585746479687e-01 -4.424097923819528266e-01 1.906409166713771697e-01
4.996975822586516292e-01 -4.424779849264317555e-01 1.905960155682208668e-01
4.997358008245122996e-01 -4.424067187165307558e-01 1.902983258871864813e-01
4.996712080815252088e-01 -4.424707657033727370e-01 1.902328749199904134e-01
4.997248397707212964e-01 -4.424209992180008211e-01 1.902098693653740125e-01
4.996675208072676178e-01 -4.424745406761935174e-01 1.902526688381119269e-01
4.997375643400663314e-01 -4.423933391298298101e-01 1.902081208773689636e-01
4.996650265471426211e-01 -4.424765357945408262e-01 1.901846781646852336e-01
4.997350582408256470e-01 -4.423989955385049244e-01 1.901766019215446191e-01
4.996744425917651888e-01 -4.423845601531431471e-01 1.899102470076491356e-01
4.997562441761743135e-01 -4.425646878647932492e-01 1.862554070067533041e-01
4.998207158346852919e-01 -4.425277489051631097e-01 1.857933223952496493e-01
4.997519020760318731e-01 -4.425661471321687968e-01 1.857234931904169217e-01
4.998105911135641288e-01 -4.425116638111918910e-01 1.857180730411430170e-01
4.997679325658682670e-01 -4.425757685548779019e-01 1.857387619760660913e-01
4.998079170852799402e-01 -4.425203353350845581e-01 1.855478390172289882e-01
4.997583703315662262e-01 -4.425845487440818182e-01 1.853893667378221366e-01
4.998043061495636707e-01 -4.425240889709485814e-01 1.853765775066060773e-01
4.998121957821700656e-01 -4.426057311730234867e-01 1.842558750298624315e-01
4.998722595012215497e-01 -4.425555587751982545e-01 1.838370598574640691e-01
4.998200979327814264e-01 -4.426279989065591280e-01 1.834848757987154744e-01
4.998995295446502785e-01 -4.426526256197829134e-01 1.808461457382110060e-01
4.998765368242059082e-01 -4.427440460433175184e-01 1.805635269811974308e-01
4.998955469200513924e-01 -4.427878869455784683e-01 1.806445695506895821e-01
4.999634467129427384e-01 -4.427214438749036973e-01 1.806467189506514026e-01
4.999189351539242709e-01 -4.427862082411269107e-01 1.806872887980152387e-01
4.999856558928782446e-01 -4.426785532215305463e-01 1.806251398226539628e-01
4.999731784205201368e-01 -4.427497004028531080e-01 1.806991268850758614e-01
4.999499512303156590e-01 -4.427387481429599925e-01 1.806209509015080927e-01
5.000185637090409640e-01 -4.426670028195419104e-01 1.806817777818069404e-01
5.000549885137106632e-01 -4.426078363873877652e-01 1.805928649686395771e-01
5.000765798747344171e-01 -4.426417369197808149e-01 1.806759468986423034e-01
5.001216631350772213e-01 -4.425348292131860983e-01 1.806031883147423689e-01
5.001214020923709924e-01 -4.425834589727868917e-01 1.806879517318631390e-01
5.001334651345824556e-01 -4.425410652960261038e-01 1.805919101547358019e-01
5.001470278324372520e-01 -4.425361717912165704e-01 1.806752750446919964e-01
5.001501057692928631e-01 -4.425152775656116533e-01 1.805927958625038743e-01
5.002190057793500788e-01 -4.424618939924433447e-01 1.806850170727768712e-01
5.003063002911453117e-01 -4.423590660383753259e-01 1.805819042098242844e-01
5.003203741901516288e-01 -4.423643076542094210e-01 1.806548595749135067e-01
5.004696275806986838e-01 -4.421807757280196149e-01 1.805822261883799906e-01
5.005561894599517281e-01 -4.421120052083614693e-01 1.806510326702563396e-01
5.005428210138083145e-01 -4.421107887621971710e-01 1.805441357762596066e-01
5.005939878028851098e-01 -4.420842046540754966e-01 1.806095867021223489e-01
5.006333688102547752e-01 -4.420015850954270853e-01 1.805184868036012746e-01
5.007585629033991514e-01 -4.419050742010842692e-01 1.806064270596989263e-01
5.007307288437068404e-01 -4.419229219035605283e-01 1.805279201116459786e-01
5.007735339214388626e-01 -4.418994996073853931e-01 1.805958913509616570e-01
5.007858313612763013e-01 -4.418512876827911384e-01 1.805097049191791425e-01
5.008199219879734265e-01 -4.418864812854770285e-01 1.805857194688415546e-01
5.008239454593023110e-01 -4.418511029564238801e-01 1.805083127932428366e-01
5.010073441578231090e-01 -4.417072436053250395e-01 1.805085585680368254e-01
5.010579750906354324e-01 -4.416911502979282700e-01 1.805900001245961395e-01
5.010957706826524305e-01 -4.416333841109615355e-01 1.804803041950626130e-01
5.013141997253179882e-01 -4.414972910845088583e-01 1.805465093027867340e-01
5.012882705092703839e-01 -4.414787566286954013e-01 1.804802526034191001e-01
5.015069902474420527e-01 -4.413396397840415042e-01 1.805974475207869356e-01
5.016023038753154584e-01 -4.412728309515753788e-01 1.805243168596857850e-01
5.019273957572641942e-01 -4.411909022255068313e-01 1.806392476300745231e-01
5.027003784816008736e-01 -4.410036721063767540e-01 1.803658341848189406e-01
5.033542219044780941e-01 -4.408217421534361691e-01 1.799545982135180577e-01
5.041090696610046606e-01 -4.406033370508632974e-01 1.797679985158906479e-01
5.048492094241049388e-01 -4.404646814204433714e-01 1.797552483297171211e-01
5.048988682767687752e-01 -4.404593795623656938e-01 1.796557445036546241e-01
5.051348459071600683e-01 -4.404234334798888262e-01 1.796498387621584536e-01
5.055982375814699337e-01 -4.403927118457253709e-01 1.793989097177072223e-01
5.067671884365240187e-01 -4.403974681672813141e-01 1.785665951765967874e-01
5.071153673976206422e-01 -4.404080361666734000e-01 1.781778202650977083e-01
5.077548352170220269e-01 -4.405941554227281731e-01 1.776553181185099861e-01
5.078520016004958171e-01 -4.405550514577146193e-01 1.777062087545828728e-01
5.080009320497476111e-01 -4.406006673689160102e-01 1.775810190848579051e-01
5.085182334396367576e-01 -4.405682097847478107e-01 1.777180742997965524e-01
5.088196226538939104e-01 -4.404964901538587219e-01 1.776716772378758580e-01
5.090460018020678268e-01 -4.404241033743038769e-01 1.774011227227443865e-01
5.091280116076365436e-01 -4.403531536146418346e-01 1.770900129610463447e-01
5.092619455752578350e-01 -4.402605453933030599e-01 1.769863070893415435e-01
5.097699324705520230e-01 -4.400769595138258605e-01 1.772729357411545470e-01
5.098968471260701962e-01 -4.399219340543762402e-01 1.771751061069143929e-01
5.105733085897236068e-01 -4.391936072234964294e-01 1.771451329667840802e-01
5.118215867542033060e-01 -4.379751999110615968e-01 1.772884244066270099e-01
5.122034962610362285e-01 -4.375842684971935070e-01 1.772227566101983731e-01
5.140843974089964741e-01 -4.359685518372076740e-01 1.772895024280132514e-01
5.155189153481106734e-01 -4.346858401389939175e-01 1.770833202009027274e-01
5.157075264442236850e-01 -4.344788567453255479e-01 1.769567482627872890e-01
5.157953066410554399e-01 -4.344679100085345191e-01 1.770461369846660915e-01
5.162141484553177673e-01 -4.341722935622483459e-01 1.769973167330217978e-01
5.169690096356167608e-01 -4.339089108179537968e-01 1.772177230135190129e-01
5.172313832370315501e-01 -4.338851676070381580e-01 1.771443573430982743e-01
5.172480049261045654e-01 -4.338732794228602474e-01 1.769573818425427270e-01
5.175511519654950598e-01 -4.338325963326735701e-01 1.765811123228619439e-01
5.179438848994752931e-01 -4.339576138833055041e-01 1.767242404858406779e-01
5.184543626152613438e-01 -4.338920877090861050e-01 1.767833721492806931e-01
5.187675394106049387e-01 -4.337971031029900781e-01 1.766043262147994897e-01
5.192489630120706856e-01 -4.336571680964246278e-01 1.760018338101844160e-01
5.197994958927923959e-01 -4.335460791751563625e-01 1.757080433184202151e-01
5.208255615617429779e-01 -4.334612194531891616e-01 1.757365569085847512e-01
5.212028057146788074e-01 -4.334363910865259850e-01 1.756223178718813727e-01
5.215446971942223620e-01 -4.334066986433706692e-01 1.753980359466613126e-01
5.221314433164241375e-01 -4.333185114179330388e-01 1.746239010606428221e-01
5.228029054660958685e-01 -4.331393797713109506e-01 1.741725949475620427e-01
5.233477921706656266e-01 -4.330041688471175099e-01 1.740751241057727772e-01
5.248817806036848443e-01 -4.327673703444800402e-01 1.742005938663972464e-01
5.255214389509962336e-01 -4.325923053325420042e-01 1.736922868103635831e-01
5.260796851152307330e-01 -4.324121454722392732e-01 1.728831488252961235e-01
5.266611597010686374e-01 -4.322537253965525461e-01 1.722698910419349083e-01
5.270410081448829720e-01 -4.322030292115005556e-01 1.721402561753921368e-01
5.278118055801999109e-01 -4.322773901267425445e-01 1.722657703299933507e-01
5.287148911438112053e-01 -4.321294823579880928e-01 1.722065901995114556e-01
5.291234931144539466e-01 -4.319764468200670837e-01 1.717888463026175372e-01
5.297010069975033320e-01 -4.316840232416090384e-01 1.708706872240999264e-01
5.300663505367686490e-01 -4.315965365077655824e-01 1.705083273286548684e-01
5.304227448880384221e-01 -4.315330880302094552e-01 1.704131489054962756e-01
5.311799120439446575e-01 -4.315094864637321614e-01 1.707659896731382743e-01
5.314873884809675486e-01 -4.314769247739478342e-01 1.708326238379675455e-01
5.319160927026022057e-01 -4.313182405683557707e-01 1.707974928311353224e-01
5.324044166254493504e-01 -4.310107080008293567e-01 1.703542866290716495e-01
5.330415924254974236e-01 -4.306163338010533526e-01 1.692175734774239160e-01
5.335217821219191414e-01 -4.303976305340364017e-01 1.687468788177688417e-01
5.343275401547380454e-01 -4.302164249726085909e-01 1.688682477361000411e-01
5.351656333742587091e-01 -4.302197510095475130e-01 1.692551685419796947e-01
5.359836092450014355e-01 -4.302038583654851367e-01 1.691731686534545531e-01
5.369582954959163379e-01 -4.301734703161994577e-01 1.683677386900220285e-01
5.375144961243272235e-01 -4.301276277781401758e-01 1.673577153138754436e-01
5.378757429166607373e-01 -4.301076941475138193e-01 1.669282118682089422e-01
5.382772456147603135e-01 -4.302850845713830918e-01 1.665913534045333488e-01
5.388053987728368410e-01 -4.306159218182529780e-01 1.666723135621999141e-01
5.398062307527142778e-01 -4.311873133512985623e-01 1.674919232005568359e-01
5.403607432994563808e-01 -4.315643459042388108e-01 1.678455009029731770e-01
5.407330229418282341e-01 -4.318885407965594170e-01 1.679788723676973461e-01
5.409966130288500485e-01 -4.322212096720836061e-01 1.679090120995377911e-01
5.415422828244363940e-01 -4.326884796453601134e-01 1.674381095034876143e-01
5.423665776315901299e-01 -4.334285609856741162e-01 1.661024258099018658e-01
5.429023882019200498e-01 -4.338914598965801783e-01 1.654899284701727979e-01
5.436034462667641565e-01 -4.345539734969584567e-01 1.653376554981222657e-01
5.448081022419389852e-01 -4.353195548813248994e-01 1.660530937341849478e-01
5.457446140775105148e-01 -4.357197087978912364e-01 1.661531989096769191e-01
5.466003736050853989e-01 -4.360559939172368171e-01 1.659695912709429344e-01
5.476550993956135205e-01 -4.363062355819677385e-01 1.654468773543082138e-01
5.486820414075936903e-01 -4.365015031118443245e-01 1.650751098412997497e-01
5.494880191548457971e-01 -4.367108259144894533e-01 1.649089760410550887e-01
5.504297621087048675e-01 -4.370306380255622458e-01 1.649159317081938525e-01
5.515703483247591521e-01 -4.375317761518577320e-01 1.651111509342163552e-01
5.529140072249230098e-01 -4.379272955330216766e-01 1.652814604807578969e-01
5.538584113300407674e-01 -4.380918093000920610e-01 1.652589274292629862e-01
5.544053870871490375e-01 -4.381320977919259674e-01 1.651359990186714866e-01
5.550879646749383722e-01 -4.381833519398962706e-01 1.649335931473124572e-01
5.558424862512922893e-01 -4.382479875111103818e-01 1.645350767952601101e-01
5.562655526273329043e-01 -4.382689854835817855e-01 1.644292176514703663e-01
5.563482093951800378e-01 -4.383237607211882825e-01 1.643283287336076148e-01
5.571830668798382069e-01 -4.384230512304238547e-01 1.641357921025733968e-01
5.586972861956318592e-01 -4.387343128326831598e-01 1.641401986795388845e-01
5.605136766947196314e-01 -4.390787947400268121e-01 1.645461528657952699e-01
5.615543216421617911e-01 -4.392525547541670239e-01 1.645377019471149782e-01
5.624783877134329479e-01 -4.393253653557569471e-01 1.642997357866117225e-01
5.629221008073314048e-01 -4.393337820550328732e-01 1.640633064805123442e-01
5.639871756693994875e-01 -4.394354010630523444e-01 1.637668193375581005e-01
5.640969653891880764e-01 -4.394577801639052983e-01 1.636175324565131151e-01
5.656216209212746593e-01 -4.395389286944243468e-01 1.631407395099706559e-01
5.667006984569900041e-01 -4.396863151767202993e-01 1.630959909002595576e-01
5.682587945382765460e-01 -4.399926084527302494e-01 1.634585089236385569e-01
5.702058143988273375e-01 -4.401572031079953873e-01 1.639381246671771653e-01
5.712443071248710647e-01 -4.401922218643902207e-01 1.638930897444614843e-01
5.722602980368890480e-01 -4.402397884946654405e-01 1.635741310303955032e-01
5.743479359535419437e-01 -4.401723240017517136e-01 1.625152411925239737e-01
5.756110039973545422e-01 -4.402777918492503662e-01 1.621950599839309670e-01
5.767131324717057472e-01 -4.404917440269436879e-01 1.622318105625140117e-01
5.789614291949781721e-01 -4.408836374619639065e-01 1.629045626915622269e-01
5.800034124048780715e-01 -4.408609270858784845e-01 1.629057150668660192e-01
5.812548133853298049e-01 -4.408655342122905774e-01 1.624696258790229719e-01
5.829764845998528511e-01 -4.406970267934071650e-01 1.616267782768441574e-01
5.838583922043533159e-01 -4.407144398147059827e-01 1.613885580631905237e-01
5.849209891318795096e-01 -4.406987608736898099e-01 1.613652886284939192e-01
5.864387063829090696e-01 -4.407898042804902494e-01 1.616851045959409594e-01
5.869423003850119391e-01 -4.407242282983311887e-01 1.616822426801310386e-01
5.871953872239511485e-01 -4.407945086630300491e-01 1.617608153053590181e-01
5.878147870982639578e-01 -4.407373384935659999e-01 1.618830666562905141e-01
5.887930026920175086e-01 -4.407150369789858413e-01 1.618690981910847204e-01
5.899375721851246590e-01 -4.405048712062217264e-01 1.616458241769577475e-01
5.920565377997121237e-01 -4.401675951193785852e-01 1.606842424257284019e-01
5.931480992730721047e-01 -4.399930411768050997e-01 1.604457666400032068e-01
5.941036960341491424e-01 -4.399860248167812293e-01 1.604317162767648908e-01
5.943654713755094354e-01 -4.400346217604707011e-01 1.605620456295964171e-01
5.946378287599504153e-01 -4.400093879807129293e-01 1.605319892344111987e-01
5.961819054297484710e-01 -4.399966203903071249e-01 1.609086257398144038e-01
5.971233987425407230e-01 -4.398957467049197101e-01 1.609185230653365495e-01
5.978866927698728295e-01 -4.397891091231764249e-01 1.607795197356714223e-01
5.992172138993634434e-01 -4.395587416760070032e-01 1.600421194592850926e-01
6.000376168790346743e-01 -4.394565880888149367e-01 1.597224734623503006e-01
6.009551116166824691e-01 -4.394112019121903523e-01 1.595756349557203024e-01
6.026558066822770288e-01 -4.394862732707267017e-01 1.598224849481852672e-01
6.038544070197878755e-01 -4.394182758979108816e-01 1.602388746396339603e-01
6.048238904823026729e-01 -4.392366024484112286e-01 1.602320800847938376e-01
6.049052892284574323e-01 -4.391955985160941323e-01 1.601093103520677130e-01
6.053736056778821206e-01 -4.391754470542130195e-01 1.599592923623889273e-01
6.060747240826326321e-01 -4.391440523079294667e-01 1.594265258999441048e-01
6.069089939983126625e-01 -4.390109518282608314e-01 1.589582335900638632e-01
6.078900852228956708e-01 -4.390079251810954930e-01 1.590006933667496292e-01
6.084534278649804673e-01 -4.391000005247328586e-01 1.592789971890197220e-01
6.090147735898001624e-01 -4.390452380950119471e-01 1.595519659033908244e-01
6.096438794389990035e-01 -4.389025937619395745e-01 1.597191670824315013e-01
6.101305168478973195e-01 -4.387517125089752668e-01 1.595243756311890693e-01
6.105935715122663421e-01 -4.385999974067248952e-01 1.587431859804039891e-01
6.107771914633485233e-01 -4.386404770600524916e-01 1.585142581094379222e-01
6.109008183222744970e-01 -4.386164782982923116e-01 1.585212319137748183e-01
6.108848849980427209e-01 -4.387287963028553839e-01 1.585839812842350927e-01
6.109453817597898517e-01 -4.386712580437159281e-01 1.586080465823962726e-01
6.110021540143218965e-01 -4.387510367851223947e-01 1.587180917228336874e-01
6.110594388218365536e-01 -4.387594973262237130e-01 1.588489840654477847e-01
6.112714344108243214e-01 -4.386771216907466298e-01 1.589575595897798344e-01
6.113917355494837835e-01 -4.384798221391045248e-01 1.589258798083297008e-01
6.113882325577495447e-01 -4.384964005729123926e-01 1.588533720503522151e-01
6.115469348794975168e-01 -4.382822033993855060e-01 1.588849472251502304e-01
6.115412958688785094e-01 -4.382651970784187112e-01 1.587874116507866362e-01
6.118714355465849630e-01 -4.378595544976556786e-01 1.589089407099602003e-01
6.118827893734163359e-01 -4.378305300776642595e-01 1.588268292518811298e-01
6.120390573817420243e-01 -4.376474545731340315e-01 1.589072713402105153e-01
6.120995372474591356e-01 -4.375315691396616802e-01 1.588146986626068347e-01
6.125422007664558244e-01 -4.369674276545407188e-01 1.588995894525150332e-01
6.128370558944391533e-01 -4.365523691979357190e-01 1.588393311931628471e-01
6.128862978859570543e-01 -4.365117719639818317e-01 1.589325544862194017e-01
6.130065772315680395e-01 -4.363422599381445721e-01 1.588534497034417292e-01
6.131920244068539416e-01 -4.361203785794622312e-01 1.589387703409450847e-01
6.132143960568888774e-01 -4.360427480207403339e-01 1.588447598582629627e-01
6.132073328148467395e-01 -4.360885458100678402e-01 1.589019096352481397e-01
6.132737556827019265e-01 -4.359747632304037945e-01 1.589291586621789931e-01
6.132805104119094519e-01 -4.359822795715333488e-01 1.588508851376841391e-01
6.133659802667174032e-01 -4.360361128429819932e-01 1.590677158292330140e-01
6.133784633799046482e-01 -4.361633328259073572e-01 1.591360713969352525e-01
6.134428718839012307e-01 -4.361202116045810318e-01 1.591510560188439394e-01
6.133891656260986869e-01 -4.362033577577745791e-01 1.590576415014489098e-01
6.135092611876429292e-01 -4.363027440920115296e-01 1.593141294557202658e-01
6.134993084471257463e-01 -4.363199292842085963e-01 1.591937592028818405e-01
6.135583150954457832e-01 -4.364009507902185114e-01 1.593645840861782070e-01
6.135472212477753873e-01 -4.365728112039000686e-01 1.593989448048429292e-01
6.136084731200723841e-01 -4.365357407959330471e-01 1.594487824404553222e-01
6.135924453875165607e-01 -4.366261971949246812e-01 1.594208843359368466e-01
6.137435491984537528e-01 -4.367103895554879656e-01 1.594966289512000923e-01
6.137777506191858246e-01 -4.368812812835329851e-01 1.595435616526760803e-01
6.139756429916142233e-01 -4.370285600880476906e-01 1.594820093197282240e-01
6.139946817364239084e-01 -4.370845748581879131e-01 1.595605381758917196e-01
6.142031529581967186e-01 -4.374335771877663759e-01 1.593842080261891614e-01
6.144798677234348805e-01 -4.376546288199152368e-01 1.592696442349733621e-01
6.145132425207893156e-01 -4.377589894655670166e-01 1.591391600184325350e-01
6.150803940952547233e-01 -4.383278956914049562e-01 1.590480483020133007e-01
6.152754379992062539e-01 -4.386154396744435524e-01 1.591359964802951943e-01
6.153930953591404407e-01 -4.386903781792206858e-01 1.590667225994007172e-01
6.158285499992566248e-01 -4.391059126913159916e-01 1.591290803805932019e-01
6.161820899045952205e-01 -4.394797447518284383e-01 1.590856684407933042e-01
6.162302755452709890e-01 -4.395640101907093977e-01 1.589917663579695495e-01
6.163930162476113361e-01 -4.396851545289196528e-01 1.590496720984060364e-01
6.167224153573745982e-01 -4.400424089354122437e-01 1.588432979538839940e-01
6.177101760428760358e-01 -4.411334461478813584e-01 1.585170182574523745e-01
6.178507367525767346e-01 -4.413222025260173376e-01 1.583634019454986386e-01
6.180304569270489434e-01 -4.415143384722775011e-01 1.583993029858476731e-01
6.184011644442821698e-01 -4.418796949073326430e-01 1.582470081397662764e-01
6.198685338509321019e-01 -4.434783579021276956e-01 1.583499512731881276e-01
6.212993592231392803e-01 -4.450350215302928403e-01 1.582777578861838119e-01
6.218290809008584219e-01 -4.455459194346587104e-01 1.580877748419639572e-01
6.227786469679470471e-01 -4.467594322563929743e-01 1.576288164771376676e-01
6.229306911094308896e-01 -4.470260355853876710e-01 1.574329232762284314e-01
6.230787879643782112e-01 -4.471197228465344509e-01 1.574404487762839921e-01
6.238196879369276582e-01 -4.481895242718690331e-01 1.570409597428536475e-01
6.246707446275214792e-01 -4.492716805410624792e-01 1.569275845596904972e-01
6.258706713494893714e-01 -4.508311632245806111e-01 1.570170019456770261e-01
6.270123362309014681e-01 -4.526641116030829526e-01 1.569114738595127623e-01
6.275604380798897042e-01 -4.535424265373558250e-01 1.566990347056289867e-01
6.281291008982906598e-01 -4.548037096749980024e-01 1.564503310633360011e-01
6.286267268541144704e-01 -4.564550311657329940e-01 1.560206543207294794e-01
6.287738418158573817e-01 -4.571949380916917605e-01 1.559852516368208930e-01
6.287849659326705254e-01 -4.573720840830266532e-01 1.558746663806369059e-01
6.288918120922891708e-01 -4.579009917190484114e-01 1.559565685021643000e-01
6.289213873234842378e-01 -4.580674607198274573e-01 1.558860549590093125e-01
6.291561849578800603e-01 -4.594619737857416619e-01 1.560642245721207411e-01
6.292899067626862575e-01 -4.612691593496922593e-01 1.564925293611642565e-01
6.292612929453312853e-01 -4.620248387734801621e-01 1.566592208026019173e-01
6.290662447772583654e-01 -4.634756587354245672e-01 1.567223036984810025e-01
6.286782964717907429e-01 -4.651216012675541966e-01 1.566435496615136147e-01
6.280201229135333740e-01 -4.668013458696989026e-01 1.562267308519568187e-01
6.274476478498517418e-01 -4.683037246520352359e-01 1.562801091057680614e-01
6.272098163410990690e-01 -4.689491732386644740e-01 1.564944918556563924e-01
6.270572951319336452e-01 -4.692549930557488036e-01 1.565017350746676916e-01
6.267942559631939359e-01 -4.699511102269605667e-01 1.568744075299399188e-01
6.263207953881002599e-01 -4.709360435881182472e-01 1.572482901453949311e-01
6.258464270711053823e-01 -4.718073403356136675e-01 1.575516996895502952e-01
6.252963995963783939e-01 -4.726863056419049469e-01 1.576737673212902924e-01
6.237790213107514692e-01 -4.745430916907651397e-01 1.575211940773955932e-01
6.222682516251896168e-01 -4.765534879542124846e-01 1.576445884438679723e-01
6.212678378463507567e-01 -4.778335416380684597e-01 1.575514736693567897e-01
6.202042818935706858e-01 -4.792194717952228400e-01 1.576470156216345786e-01
6.198806894976215398e-01 -4.796278437388421523e-01 1.575635550124928064e-01
6.183153448348650549e-01 -4.816615734543365224e-01 1.576642330404653403e-01
6.171477734963490835e-01 -4.831424862135604847e-01 1.575978957805824199e-01
6.160012998384574168e-01 -4.846419407165170057e-01 1.576768804591089645e-01
6.148678278559915888e-01 -4.860398765328908244e-01 1.575839227258800379e-01
6.133290003621076902e-01 -4.880332370498954853e-01 1.576541487615802928e-01
6.113944536236187721e-01 -4.904122121850572058e-01 1.576012225169764469e-01
6.111251163677544618e-01 -4.907661380393751327e-01 1.576978573701017239e-01
6.096435745799440031e-01 -4.925851700383911957e-01 1.576019039567034263e-01
6.071001564898839131e-01 -4.957313726169929602e-01 1.576972233058862582e-01
6.067024774586143865e-01 -4.961906315645605581e-01 1.575959173153496096e-01
6.054986000437937443e-01 -4.976678721030769470e-01 1.576776498674181126e-01
6.049555265320597508e-01 -4.982890538321800289e-01 1.575940167510739842e-01
6.041184033190898361e-01 -4.993603312541894934e-01 1.576843643184463184e-01
6.004235850658738993e-01 -5.037083172927826480e-01 1.576035937159563638e-01
5.998919946540376413e-01 -5.042907105712803872e-01 1.575412337249034178e-01
5.988600021097538750e-01 -5.054909664360771604e-01 1.576662107774497168e-01
5.986931265921395795e-01 -5.056302078315296766e-01 1.575699133741975677e-01
5.983864782615967437e-01 -5.059785613860134923e-01 1.576766091499255118e-01
5.983295972039757160e-01 -5.060104244425360775e-01 1.575909025219016102e-01
5.979992930215302094e-01 -5.062402498441495036e-01 1.576240035956777419e-01
5.979643423987792694e-01 -5.062476377285105578e-01 1.575045492827985005e-01
5.978866831347211530e-01 -5.062774385675349320e-01 1.576180251556248413e-01
5.977750060816423572e-01 -5.063351475575693650e-01 1.575744819399613750e-01
5.973295283327670901e-01 -5.064998229556465503e-01 1.582325892248986621e-01
5.970073102571673562e-01 -5.066080387019403775e-01 1.590119558960796098e-01
5.968571135759302981e-01 -5.065178268311200105e-01 1.592402876564114056e-01
5.964969713142128649e-01 -5.065757932932056784e-01 1.594426784222390259e-01
5.965084348827841554e-01 -5.065213698143944399e-01 1.595570946918774546e-01
5.960444185541199369e-01 -5.065041229629647646e-01 1.599513919147711460e-01
5.957974218226922414e-01 -5.064485406180811999e-01 1.604195048381780453e-01
5.956992015041758792e-01 -5.064804965478545418e-01 1.604503666189784072e-01
5.956366318847745589e-01 -5.064435529833090088e-01 1.607068135681696264e-01
5.955368729346385281e-01 -5.064728229986562580e-01 1.607243635239860580e-01
5.953266624208114477e-01 -5.064360230915240235e-01 1.610492797111556795e-01
5.946993117705581255e-01 -5.064652172151816734e-01 1.621908128726904930e-01
5.941063684883000073e-01 -5.063830546531021826e-01 1.629060114946859761e-01
5.936939264148651807e-01 -5.062411156471374740e-01 1.632852644362478012e-01
5.924342227890212476e-01 -5.056459084887531263e-01 1.648309170197236329e-01
5.913153927288165024e-01 -5.051554913113760481e-01 1.667620692701766716e-01
5.906978890328832277e-01 -5.046485141048228096e-01 1.679874272316139450e-01
5.897802881209165404e-01 -5.038820583062088021e-01 1.692024003382299746e-01
5.893338245942584264e-01 -5.033140695643962825e-01 1.697414783203461675e-01
5.892561524921509086e-01 -5.032788839235909917e-01 1.699483204063224617e-01
5.892139991256435394e-01 -5.031627454870705174e-01 1.699706532069388820e-01
5.889711795793207694e-01 -5.028564139010631706e-01 1.704278606893872006e-01
5.881271612318342834e-01 -5.019237095273237914e-01 1.720401195540538497e-01
5.876248285683238759e-01 -5.011791731343675504e-01 1.729828108088756755e-01
5.869331116409576277e-01 -5.003969280943960651e-01 1.737166838031691252e-01
5.868020645727767270e-01 -5.000834411879336860e-01 1.738876063305290209e-01
5.863050520925363607e-01 -4.995545496045418199e-01 1.743077941796492558e-01
5.855669692253311354e-01 -4.984345785373772708e-01 1.754816236520287953e-01
5.852115495284981872e-01 -4.978997171490122664e-01 1.761839058024116667e-01
5.849083314919386600e-01 -4.973080031153284120e-01 1.767550843816838302e-01
5.847074917469236022e-01 -4.967362917140281109e-01 1.771037279862967551e-01
5.841251578077472084e-01 -4.953244519528107737e-01 1.776462791936545549e-01
5.839699933493840422e-01 -4.945702712622087049e-01 1.780591321198424226e-01
5.838906142033841729e-01 -4.940972380155848609e-01 1.782276585184412176e-01
5.839121698844758068e-01 -4.939767066001561902e-01 1.784015315467553653e-01
5.838739224559856833e-01 -4.936737501707534892e-01 1.784473053892367267e-01
5.838809661599950740e-01 -4.933662185319888094e-01 1.786341523328855152e-01
5.839549978604856584e-01 -4.925568365831546891e-01 1.789437869495368871e-01
5.840304561999588584e-01 -4.921461794705432324e-01 1.789558274565459239e-01
5.843928720964982615e-01 -4.909310029949622289e-01 1.786975050063334680e-01
5.848468772299042495e-01 -4.899172779537580014e-01 1.781709242896896972e-01
5.853730456252963510e-01 -4.892237919172705563e-01 1.780253858685855728e-01
5.858980648538820724e-01 -4.887556532060909342e-01 1.781133652127852018e-01
5.859765580047787692e-01 -4.886640392881301809e-01 1.779982095443473911e-01
5.864153818044910427e-01 -4.882814664370615509e-01 1.780971774452094758e-01
5.865439181314888728e-01 -4.881326172514228734e-01 1.779746892371419642e-01
5.866460494941138082e-01 -4.880468891576917878e-01 1.780390444436584230e-01
5.871818903315048077e-01 -4.874653335802224263e-01 1.778597522262570230e-01
5.872281497910716297e-01 -4.872591924027719346e-01 1.776734569589832058e-01
5.869368979363280836e-01 -4.872400105706559681e-01 1.773085449304489247e-01
5.868997739089281129e-01 -4.871271889511045727e-01 1.771726111782997437e-01
5.868655909936353332e-01 -4.871968624141861937e-01 1.771732969607559272e-01
5.870653249746285995e-01 -4.868389791880437523e-01 1.771003888730773579e-01
5.870146719817560532e-01 -4.869118581529599532e-01 1.770412499757151314e-01
5.870547422941525539e-01 -4.868579248690694805e-01 1.770919297566354578e-01
5.870158426138832874e-01 -4.867746193180617631e-01 1.769286385072326995e-01
5.871067959679491244e-01 -4.865604299524572962e-01 1.768803925343658268e-01
5.871000954457299414e-01 -4.866085381023184109e-01 1.769676720657897828e-01
5.871460958369909555e-01 -4.865198475246946264e-01 1.768801483770176541e-01
5.871410753682186900e-01 -4.865544050386308439e-01 1.769746637759305741e-01
5.871179292402861627e-01 -4.865436809860256839e-01 1.768635542552782214e-01
5.872408995160870449e-01 -4.864351685123604052e-01 1.769713135834761752e-01
5.874679963876809907e-01 -4.861440699261371234e-01 1.768843748126993631e-01
5.878348763470760963e-01 -4.857939962959659796e-01 1.770097688373098721e-01
5.883964975568098943e-01 -4.850852259993090887e-01 1.769206987520658969e-01
5.885881399487664645e-01 -4.847463633816568307e-01 1.767700529852991309e-01
5.887634931672468541e-01 -4.837610586164699522e-01 1.761086435054126653e-01
5.887319645803145152e-01 -4.833896242954562883e-01 1.758167728556453424e-01
5.888666857669082599e-01 -4.832876761426620482e-01 1.760862157042973331e-01
5.887890722253663611e-01 -4.833547972122148040e-01 1.759882319273687323e-01
5.888028932460984688e-01 -4.833542418333790502e-01 1.760635383995955427e-01
5.886767469822783427e-01 -4.834995917769707718e-01 1.760238165943514010e-01
5.887157004647476377e-01 -4.834858892158571120e-01 1.760947015801440640e-01
5.886880904454908636e-01 -4.835077062331843423e-01 1.759935743000595187e-01
5.887009166378398550e-01 -4.834866412943708558e-01 1.760714015645760133e-01
5.887313045790374400e-01 -4.834307993678701454e-01 1.759936110514800922e-01
5.886559332655334487e-01 -4.835230342582873542e-01 1.760623246519201490e-01
5.885713378853428823e-01 -4.836018484162457054e-01 1.759485554939710372e-01
5.885775250931483127e-01 -4.836482635024625942e-01 1.760891842705005206e-01
5.883957871803670026e-01 -4.838436660623410823e-01 1.759987912250071673e-01
5.879928640580104338e-01 -4.843605761801821896e-01 1.760947735057293850e-01
5.876643984882111704e-01 -4.847305343518094056e-01 1.760181778267211894e-01
5.863151794707778253e-01 -4.863758322554223024e-01 1.760872069195019429e-01
5.855276888653571099e-01 -4.872668068660386820e-01 1.759643331391179122e-01
5.853901763147855153e-01 -4.874178489437825945e-01 1.760536710159368579e-01
5.846080199033754088e-01 -4.883119133879238460e-01 1.760172089993009004e-01
5.844637287632258316e-01 -4.884356873225970674e-01 1.759350784832860448e-01
5.843638541642801609e-01 -4.885985927925080019e-01 1.760485932617537330e-01
5.838518548634146210e-01 -4.891684157292954804e-01 1.760340031104626890e-01
5.818218425716098485e-01 -4.914647880167097305e-01 1.766370999036070422e-01
5.812982292072258472e-01 -4.920350229209317638e-01 1.769368628448563796e-01
5.807209552983767509e-01 -4.926235102223120443e-01 1.770379256976519766e-01
5.803329971499603390e-01 -4.930686654771492816e-01 1.772527271622993950e-01
5.786286111872048776e-01 -4.948921852834866630e-01 1.777580389618696743e-01
5.769639847518226450e-01 -4.966881402042740978e-01 1.778423964954764236e-01
5.756818556410702170e-01 -4.980536173469536365e-01 1.777751499683988268e-01
5.744980020728693848e-01 -4.993816265088767969e-01 1.781143788566065811e-01
5.740562078728181916e-01 -4.998641100584214625e-01 1.783621773751745965e-01
5.737892263938624282e-01 -5.001557079164286046e-01 1.783412366109114189e-01
5.737291127144295011e-01 -5.002433285272219754e-01 1.784506769630610779e-01
5.733812985653824468e-01 -5.006109448474876933e-01 1.784263708455806063e-01
5.732725332635101312e-01 -5.007385583158762143e-01 1.785165763987662801e-01
5.704590229479938879e-01 -5.039403548154797186e-01 1.784304423848198651e-01
5.697516838715822596e-01 -5.047754542304441205e-01 1.785304782462409090e-01
5.690876542703362517e-01 -5.054895376862321710e-01 1.784352458082220094e-01
5.687640840098109329e-01 -5.058869466588516994e-01 1.785913186966186783e-01
5.683220840741903812e-01 -5.063671005851684281e-01 1.784744586459709459e-01
5.680011401942425264e-01 -5.067336210768439431e-01 1.785622229962759711e-01
5.660161685651247110e-01 -5.089337959192224980e-01 1.784514247071989079e-01
5.657571026189043284e-01 -5.092533270264125722e-01 1.785629226190817431e-01
5.655135455010799062e-01 -5.095082973067845966e-01 1.784748965692817269e-01
5.627802370746537441e-01 -5.125353262326942660e-01 1.785757598772066412e-01
5.596114057408880793e-01 -5.159925286975521885e-01 1.785026324242137696e-01
5.581423462373754640e-01 -5.175954234208273164e-01 1.785336626021019057e-01
5.578636539341617073e-01 -5.179192570352626479e-01 1.786425761207787177e-01
5.576199582550874778e-01 -5.181524345274438614e-01 1.785702786191240565e-01
5.573695918012625539e-01 -5.184265789425741566e-01 1.786903170053002754e-01
5.559496364769275223e-01 -5.199649561584255286e-01 1.785678355049138966e-01
5.555724176286400695e-01 -5.203753861260735913e-01 1.786665118987741940e-01
5.535349022329488777e-01 -5.225711222599925820e-01 1.787346880269137239e-01
5.524801437915620728e-01 -5.236529439664749930e-01 1.786395247430153654e-01
5.508278150324844580e-01 -5.254083137736185183e-01 1.787275589433439116e-01
5.497489921703335725e-01 -5.265371923311307212e-01 1.786405502115893107e-01
5.496251633929546410e-01 -5.266729901065551056e-01 1.787154794174478645e-01
5.493751135712651168e-01 -5.269053888760363291e-01 1.786188994893823101e-01
5.485805360834477007e-01 -5.277448903896216903e-01 1.787438974626309740e-01
5.474332710514355771e-01 -5.289773550033247673e-01 1.787750077201050725e-01
5.469812672300078393e-01 -5.294222263725305577e-01 1.786848860493427948e-01
5.463227944491468868e-01 -5.301180163529923828e-01 1.788089533246857710e-01
5.457355031052812944e-01 -5.307231800245075792e-01 1.787379842815294828e-01
5.442115135972526163e-01 -5.323188898204108677e-01 1.788706230686335219e-01
5.437298845451983276e-01 -5.328051941331668484e-01 1.788704863060038841e-01
5.436528787250404227e-01 -5.328515375941543786e-01 1.787633250180839517e-01
5.435563107006544659e-01 -5.329635340381564390e-01 1.788529765613055544e-01
5.420157586134997096e-01 -5.345499917151232960e-01 1.789222638375006780e-01
5.417713294366292009e-01 -5.347672138204814241e-01 1.788171458002395520e-01
5.405179443192900113e-01 -5.360799078577189736e-01 1.789102470224653296e-01
5.403145513997811289e-01 -5.362649217495786269e-01 1.788264934254465421e-01
5.401709966473925428e-01 -5.364313962583128204e-01 1.789221976265045755e-01
5.392270918627358745e-01 -5.373476799308275487e-01 1.788335536663721026e-01
5.382533366580092293e-01 -5.383324282312420550e-01 1.788498124694506419e-01
5.381348952992175416e-01 -5.384763021472186439e-01 1.789461943677637668e-01
5.371780925884708235e-01 -5.394027772220914008e-01 1.788716493227575643e-01
5.359901278430776461e-01 -5.406014250594590731e-01 1.789954331975683044e-01
5.358385761972952466e-01 -5.407263803785633538e-01 1.789011272982319045e-01
5.354271495782056967e-01 -5.411552585846920449e-01 1.789808259437531968e-01
5.347471174047567777e-01 -5.418298858079201308e-01 1.789123220238747480e-01
5.346107664332576670e-01 -5.419475854262187919e-01 1.789900922305723285e-01
5.317725892505087426e-01 -5.447295036021765346e-01 1.789454242628833458e-01
5.314765053495904557e-01 -5.450291211334640229e-01 1.790361627227833874e-01
5.308653369993978632e-01 -5.456029698915763060e-01 1.789548257503053852e-01
5.291990569529112509e-01 -5.472211560786911511e-01 1.789695834117092932e-01
5.288179445759713104e-01 -5.475890193709872511e-01 1.790594524829648426e-01
5.284365562192328003e-01 -5.479576943712135551e-01 1.789759728125601690e-01
5.279227918194655533e-01 -5.484645106112403523e-01 1.790854529712881393e-01
5.256624580420858894e-01 -5.506325999827427209e-01 1.790375872381719802e-01
5.238556643613110353e-01 -5.523557497324357302e-01 1.791618051475397100e-01
5.226086643232943363e-01 -5.535192846366111530e-01 1.790750946392045129e-01
5.198637929069198638e-01 -5.561124598940254682e-01 1.792033894766461855e-01
5.194169678215196928e-01 -5.564960860692813593e-01 1.791021565857173481e-01
5.188110924725667372e-01 -5.570579084734307296e-01 1.791167560578238449e-01
5.185970399289888677e-01 -5.572948667362613850e-01 1.792293663202089715e-01
5.184476052767130749e-01 -5.573873878461113041e-01 1.791191670564655780e-01
5.179947584938766614e-01 -5.578485828714446759e-01 1.792498567609667748e-01
5.161578178647324711e-01 -5.595181904148449625e-01 1.791479138225813839e-01
5.148463399096717685e-01 -5.607435232632841382e-01 1.792950663916828558e-01
5.137014092170015811e-01 -5.617862801330176792e-01 1.792634644397124721e-01
5.138425872700068675e-01 -5.616715245466193940e-01 1.792677328188756192e-01
5.138207649004875588e-01 -5.617138141220774372e-01 1.794229193099922126e-01
5.138728851781770857e-01 -5.616536394117289666e-01 1.794605261764778970e-01
5.138127818807719516e-01 -5.617004162283406599e-01 1.794385449089353768e-01
5.138800777659559005e-01 -5.616666583874526664e-01 1.794949945183797468e-01
5.137947254901257255e-01 -5.616932963257391664e-01 1.804427064040520501e-01
5.138184251122339674e-01 -5.615795794236045912e-01 1.825397584034360032e-01
5.137088836615228971e-01 -5.615890741430082933e-01 1.836286102113460217e-01
5.135484091301365517e-01 -5.613095117340783924e-01 1.916329234551237826e-01
5.133147335473190465e-01 -5.609133531639688419e-01 1.972684535529990457e-01
5.131365499169053823e-01 -5.605582008292631091e-01 1.995221403264450244e-01
5.127695373590595018e-01 -5.600807676663770440e-01 2.022366017824845374e-01
5.118491274824893411e-01 -5.586951245427193014e-01 2.071601980284789868e-01
5.107082854264227700e-01 -5.571537766696208482e-01 2.112251729115340315e-01
5.092214613816293811e-01 -5.554007949282663281e-01 2.154434530144306581e-01
5.076279200656965696e-01 -5.536210115872447490e-01 2.194529924517521491e-01
5.063718535103793883e-01 -5.522963329664086762e-01 2.222655724246140607e-01
5.045096572501649446e-01 -5.503365779771689503e-01 2.267675450277429894e-01
5.014654862578812322e-01 -5.469655869873421006e-01 2.348729550208819017e-01
5.012332815662483565e-01 -5.468205492202614648e-01 2.354513573216115152e-01
5.000717316657451450e-01 -5.455513766443399470e-01 2.387118852407276448e-01
4.989105576671386544e-01 -5.442971705059521659e-01 2.423549007800406829e-01
4.970921496002573270e-01 -5.420801616225787711e-01 2.488203153733267170e-01
4.955962278919182618e-01 -5.404119752609191085e-01 2.541786948106006250e-01
4.944463812237126499e-01 -5.392153102002497089e-01 2.584501989155895685e-01
4.921011251722977597e-01 -5.363366853133610945e-01 2.682231221064311222e-01
4.896783201445570333e-01 -5.331987114519838311e-01 2.792987995070799201e-01
4.883774476727885672e-01 -5.312194210377246817e-01 2.859388384923595705e-01
4.855873305067819334e-01 -5.273955761387274510e-01 2.993893168322768195e-01
4.834874292349304881e-01 -5.242621362326632672e-01 3.097122809590645010e-01
4.828100409094763235e-01 -5.231673333198124665e-01 3.131032676033802531e-01
4.823748678814377966e-01 -5.226696827787892241e-01 3.148242051971161248e-01
4.798672856032025202e-01 -5.189651926840880281e-01 3.259498076280438195e-01
4.772292724565401212e-01 -5.151080874106904739e-01 3.368323187415132591e-01
4.746395823210542431e-01 -5.113225327946127052e-01 3.467748373368447767e-01
4.738242258324735778e-01 -5.100203557003980537e-01 3.499038280108305310e-01
4.716775830839723405e-01 -5.071286320366489297e-01 3.571200290709010683e-01
4.694936626822420189e-01 -5.041721099409999240e-01 3.641706382328696034e-01
4.680081720440087412e-01 -5.021913494516841991e-01 3.687317599878236485e-01
4.642468890810504956e-01 -4.975742242546962180e-01 3.792428872114688154e-01
4.624640263030331266e-01 -4.951967699388533650e-01 3.842065740707059640e-01
4.616053290073806048e-01 -4.942177129913066236e-01 3.863243688895836581e-01
4.595964938481530426e-01 -4.913012469785902336e-01 3.921649927330503882e-01
4.574469443470279839e-01 -4.879734189677201184e-01 3.984524181469172310e-01
4.540895269721620942e-01 -4.822468026954924158e-01 4.084238243051073192e-01
4.517010727251922764e-01 -4.780783771853497344e-01 4.153801178863482657e-01
4.474006608491561399e-01 -4.706319661265934706e-01 4.274317578336964130e-01
4.434407525901976621e-01 -4.638290642781029982e-01 4.379710336785453961e-01
4.405694150698071243e-01 -4.588561006770239259e-01 4.452566410290057508e-01
4.354890865699659885e-01 -4.500416540090887429e-01 4.574299714993000920e-01
4.325747750244124945e-01 -4.451330140213284325e-01 4.637351303845429484e-01
4.319039952563530349e-01 -4.438603424411545761e-01 4.652205340581371251e-01
4.294966482086396420e-01 -4.397469249942486669e-01 4.698375452774239958e-01
4.267752258012056377e-01 -4.350422248902250377e-01 4.744743704983291344e-01
4.254402074108107334e-01 -4.326634412168942623e-01 4.765846148375859070e-01
4.243847931124378192e-01 -4.308992237154019578e-01 4.779957301158320737e-01
4.224691879303713038e-01 -4.276016714728768653e-01 4.803136380634395186e-01
4.217738957820523216e-01 -4.263471601493609708e-01 4.810762436866139469e-01
4.209656347699142764e-01 -4.248874129927569521e-01 4.818794081473570245e-01
4.194032870795052492e-01 -4.223109574886672601e-01 4.831306754621403909e-01
4.183690219634988439e-01 -4.205147867813695539e-01 4.838392936199976124e-01
4.167472178621283163e-01 -4.177220173320232988e-01 4.845917696757456872e-01
4.155179686090794133e-01 -4.156076270328044608e-01 4.849734981761663066e-01
4.145845488899492226e-01 -4.139802702017046920e-01 4.851093312381253853e-01
4.133461818164320123e-01 -4.118198692225665813e-01 4.851852172548311026e-01
4.126559047049218609e-01 -4.107352050990173975e-01 4.849715396710053139e-01
4.117219585564542150e-01 -4.090328014185127814e-01 4.848907032302818276e-01
4.103710599016631155e-01 -4.067196356271051139e-01 4.843959440226354163e-01
4.101310794812028648e-01 -4.063254816498199085e-01 4.841002351427399208e-01
4.101345268090468288e-01 -4.062880015143754964e-01 4.840202700950252956e-01
4.102254048801667330e-01 -4.064407791647509649e-01 4.840918334297890646e-01
4.101928502597673165e-01 -4.064724525822601131e-01 4.841925153851182051e-01
4.102018448899121261e-01 -4.065027908208078689e-01 4.840707047528748364e-01
4.102440940913552603e-01 -4.064337913345728026e-01 4.841625428382814178e-01
4.102248276377783442e-01 -4.064940485531974845e-01 4.840818629519618721e-01
4.102727443603826352e-01 -4.064212445816097197e-01 4.840949289978093706e-01
4.102147398552773994e-01 -4.064773210871951425e-01 4.841190418837444942e-01
4.102574349215420413e-01 -4.064684532441045217e-01 4.840264612619368245e-01
4.102166739961751185e-01 -4.064697930632732437e-01 4.841136898330040683e-01
4.102561111561664475e-01 -4.064724309197557117e-01 4.840311983960978726e-01
4.102742341570355111e-01 -4.064294343884749527e-01 4.840956105657568953e-01
4.102208914460843125e-01 -4.064783748859057133e-01 4.840312490647796229e-01
4.102701420605198712e-01 -4.064170544518429518e-01 4.840752337205412870e-01
4.102155072080404530e-01 -4.064629459419616397e-01 4.841047077108253105e-01
4.102462509107185906e-01 -4.064834580241560302e-01 4.840088671479696458e-01
4.102086851919659605e-01 -4.064730046156941889e-01 4.841290588904930137e-01
4.102468910482074405e-01 -4.064703439664573703e-01 4.840207485458083991e-01
4.102288850198779202e-01 -4.064481400847038128e-01 4.841350955737093731e-01
4.102315291881645787e-01 -4.064935623467426651e-01 4.840527114539406872e-01
4.102695944622384294e-01 -4.064101973913374355e-01 4.840646555046320132e-01
4.102399432598262119e-01 -4.064808062102750474e-01 4.840290083670578114e-01
4.102360771347258739e-01 -4.064472984461239280e-01 4.841218079373746930e-01
4.102134259914965719e-01 -4.065012645225857257e-01 4.840305064822668646e-01
4.102596824028800770e-01 -4.064419850003052059e-01 4.841427471072056732e-01
4.102487272212290148e-01 -4.064358968854074883e-01 4.840233875083783666e-01
4.102536050835691173e-01 -4.064479860077881423e-01 4.841276285317793748e-01
4.102151387693554474e-01 -4.064948835753366407e-01 4.840685274559923812e-01
4.102749283759106191e-01 -4.064259288886977184e-01 4.840520084776217535e-01
4.102365486970444008e-01 -4.064459557100664200e-01 4.841496279619857401e-01
4.102762899721059120e-01 -4.064302913144453577e-01 4.840127014203023381e-01
4.102321243679887819e-01 -4.064302805821606301e-01 4.841199562691454461e-01
4.102174950323709268e-01 -4.064865416104238571e-01 4.840467326372125956e-01
4.102449711951232647e-01 -4.064452043829651640e-01 4.841355774562426939e-01
4.102345205077368995e-01 -4.064963095911301449e-01 4.840249588812070014e-01
4.102194546478844517e-01 -4.064595826997028927e-01 4.841255089733424999e-01
4.102489773715538024e-01 -4.064880447195892144e-01 4.840421927398224078e-01
4.102710051767746169e-01 -4.064131986666815743e-01 4.840654513658415037e-01
4.102163554716535265e-01 -4.064676527194282518e-01 4.840880968237963877e-01
4.102385101746578999e-01 -4.064787686160897806e-01 4.840058509907446682e-01
4.102438746127184399e-01 -4.064615995614753174e-01 4.841426593571700465e-01
4.102259729595157944e-01 -4.064976387265133995e-01 4.840570155346010095e-01
4.102510447163854046e-01 -4.064271664101680170e-01 4.840599097523039518e-01
4.102170307749810618e-01 -4.065059373806436671e-01 4.840502222930537779e-01
4.102280671657676514e-01 -4.064460186748952153e-01 4.841325762226214025e-01
4.102278918043020250e-01 -4.064796971369853407e-01 4.840329284194662129e-01
4.102641420929946658e-01 -4.064216068555274730e-01 4.840659917940542400e-01
4.102241037144777058e-01 -4.064946230362875279e-01 4.840574467950812254e-01
4.102344220993293100e-01 -4.064496783142921288e-01 4.841343375046587294e-01
4.102639451160929873e-01 -4.064274749073547022e-01 4.840365287708252584e-01
4.102398353589787328e-01 -4.064529544618300516e-01 4.841357887832525853e-01
4.102691409700303660e-01 -4.064392302951272407e-01 4.840385638249460887e-01
4.102271992119310151e-01 -4.064494448240170699e-01 4.841330092439183885e-01
4.102595009087664502e-01 -4.064456563112077703e-01 4.840297443030873170e-01
4.102534639231702474e-01 -4.064492257673968378e-01 4.841071920246384219e-01
4.102082714050117040e-01 -4.064972008446510188e-01 4.840526698529280525e-01
4.102389289287455276e-01 -4.064528857343610579e-01 4.841305089667904404e-01
4.102263765843315868e-01 -4.064860617826660527e-01 4.840275204562043965e-01
4.102310509513111270e-01 -4.064474793609435532e-01 4.841210903040144564e-01
4.102290330787256023e-01 -4.064804827288107103e-01 4.840260124728934521e-01
4.102434254267260383e-01 -4.064551657114934269e-01 4.841179959186535098e-01
4.102760918320940697e-01 -4.064339900407298867e-01 4.840506005801384903e-01
4.102480740327614783e-01 -4.064305185966541334e-01 4.841326180021822134e-01
4.102166234374699516e-01 -4.064955240691883187e-01 4.840497736182211019e-01
4.102673003245260741e-01 -4.064376808967707921e-01 4.840561735283228639e-01
4.102255940805709655e-01 -4.064649768223806414e-01 4.841284480341683794e-01
4.102725619782049415e-01 -4.064469241946878642e-01 4.840327698086919206e-01
4.102477031819530828e-01 -4.064554077933620890e-01 4.841349366816892763e-01
4.102326707553393681e-01 -4.065003000703372726e-01 4.840377272028256739e-01
4.102209424342737054e-01 -4.064544774079252298e-01 4.841300235424022547e-01
4.102275608723320866e-01 -4.064809294136831341e-01 4.840355463191867158e-01
4.102713938586012299e-01 -4.064323705033541789e-01 4.840767255344253783e-01
