-4.576354984435693041e+01 -1.083743840588942575e+00
-5.735018039494396191e+01 -1.087425112036180419e+00
-6.280153420186368152e+01 -1.151583051425927762e+00
-6.519388224074630500e+01 -1.244810467832027534e+00
-6.607901003034652376e+01 -1.426698634525819243e+00
-6.611997870167328983e+01 -1.334262587828146440e+00
-6.569745306022323916e+01 -1.015827752564185893e+00
-6.523949553675608115e+01 -1.158536175365439069e+00
-6.476580463352175343e+01 -1.520258724542580042e+00
-6.392629656667669025e+01 -1.019637323839023058e+00
-6.348005959047568325e+01 -1.620877710558260354e+00
-6.250323638965362250e+01 -9.222413426712960938e-01
-6.182457101438705394e+01 -1.005936780231276639e+00
-6.093607569357933329e+01 -5.615857784936384434e-01
-6.034563954450361933e+01 -8.531872283670167700e-01
-5.945625727037349151e+01 -4.209896673865136663e-01
-5.883647866242390734e+01 -6.377410162321550668e-01
-5.816914878079472118e+01 -7.308339643764566462e-01
-5.749594425819734766e+01 -8.014534733548929202e-01
-5.681057512692198230e+01 -8.366293316431447913e-01
-5.604551442889185608e+01 -6.232660962818965533e-01
-5.534551355683407792e+01 -6.326785966132958405e-01
-5.467583556606658846e+01 -7.275446631278934539e-01
-5.396702034792448899e+01 -7.208064617507324856e-01
-5.326926039116304423e+01 -7.388254965015574882e-01
-5.259025335736274087e+01 -7.901859843451807253e-01
-5.186389821177291282e+01 -7.430579356777003985e-01
-5.116354116282203535e+01 -7.466364613172034037e-01
-5.046724086535216003e+01 -7.566231459266369308e-01
-4.972254536615721321e+01 -6.956876272898734337e-01
-4.900798746365001080e+01 -6.769110523837021942e-01
-4.831802971972530258e+01 -6.879512283338219403e-01
-4.762876434545495385e+01 -6.966759522131947824e-01
-4.691490881158871673e+01 -6.814522900404936800e-01
-4.617718432529347439e+01 -6.504823192310268398e-01
-4.544430632631968336e+01 -6.275380756273767346e-01
-4.467707213430714575e+01 -5.857628109411672224e-01
-4.401247072559862517e+01 -6.069232408088898190e-01
-4.333549743542710786e+01 -6.154249123759402140e-01
-4.257023478764765656e+01 -5.816346585295792959e-01
-4.187882771336166599e+01 -5.822426868014829449e-01
-4.117575794510104004e+01 -5.762019283632063837e-01
-4.049219431581477124e+01 -5.731411345371275612e-01
-3.978359433190676953e+01 -5.614616627501974877e-01
-3.907846710120202971e+01 -5.493487486956578625e-01
-3.837832286087503064e+01 -5.360066337345027465e-01
-3.765974974415091481e+01 -5.207098807145232877e-01
-3.694567364053659730e+01 -5.064626664471101325e-01
-3.623339792679951188e+01 -4.929190242653133103e-01
-3.552154919530958921e+01 -4.800701567605448750e-01
-3.480993547560169787e+01 -4.677808696186910309e-01
-3.409888384856638055e+01 -4.553824756130621654e-01
-3.338885029826008122e+01 -4.422708490002287274e-01
-3.268107175496334094e+01 -4.280170707451577128e-01
-3.197783207741471045e+01 -4.115920979632068932e-01
-3.128248947122127532e+01 -3.894553918461974296e-01
-3.057258734177802495e+01 -3.778893858959745944e-01
-2.984878669344330859e+01 -3.774354434957077342e-01
-2.910890257608500775e+01 -3.909670627576232738e-01
-2.839878385554392182e+01 -3.760952836677166067e-01
-2.771684945596785710e+01 -3.313102492950349975e-01
-2.702590344808225353e+01 -2.929680240500010524e-01
-2.631460262008094730e+01 -2.762344216745732939e-01
-2.562859682969292408e+01 -2.270991727652299230e-01
-2.495607214884036651e+01 -1.578173775710950411e-01
-2.433407406365845560e+01 -1.479376042196343943e-02
-2.371788768767372702e+01 1.357019212761089444e-01
-2.271699969213809567e+01 -3.225675496258356145e-01
-2.182927942310901415e+01 -5.881701917404691393e-01
-2.117934180617126572e+01 -4.898159344189725317e-01
-2.050007658872298322e+01 -4.305279972648529685e-01
-1.986411923009496050e+01 -3.107086365024727681e-01
-1.927802238482286867e+01 -1.263550433862937750e-01
-1.834918137080541101e+01 -3.701514262395462218e-01
-1.769361114936175383e+01 -2.746455847933539363e-01
-1.701040267639268322e+01 -2.177049138688555430e-01
-1.634377941824925884e+01 -1.354969161889598428e-01
-1.571599040008944748e+01 7.520177627113003305e-03
-1.513872079467280152e+01 2.370625703664657191e-01
-1.433847997967667354e+01 1.018983098773856011e-01
-1.329525971910269533e+01 -4.405772638283205200e-01
-1.278928185769939141e+01 -7.225170189664348319e-02
-1.200952685134209119e+01 -2.094768288263114675e-01
-1.127391296255620645e+01 -2.351754968366455978e-01
-1.055394487126386771e+01 -2.319546328038211980e-01
-9.863616855177129494e+00 -1.791930764790764519e-01
-9.187150668107443963e+00 -1.064806022866081753e-01
-8.515062828360759895e+00 -2.134731515621223277e-02
-7.803827789482919108e+00 -3.538598593577513274e-02
-7.084200422841795408e+00 -7.962889904531965379e-02
-6.373168169539979999e+00 -1.134159008536860802e-01
-5.717635899494216467e+00 3.670096256093458020e-02
-5.010083558633624534e+00 5.859099442660276047e-02
-4.173390434331673227e+00 -2.116054365665180625e-01
-3.461478690812646697e+00 -2.289010701295768613e-01
-2.810842082233782513e+00 -8.686374612209196711e-02
-2.139361395002362887e+00 -4.803825867141244509e-03
-1.415358229852976546e+00 -8.988578977940427095e-03
-7.217116148949356269e-01 1.440960958341767906e-02
8.129264339719075656e-08 -1.418219113140385793e-08
