-1.064948690729358383e+01 -4.271337860156191546e+00
-1.956506986024139749e+01 -4.221003180276675870e+00
-1.967482587116712267e+01 -4.171891875008078010e+00
-1.949730851166681589e+01 -4.122084425088568871e+00
-1.990205700723746318e+01 -4.115373211843413870e+00
-1.956862785038743269e+01 -4.069447226936676820e+00
-1.936624401502078996e+01 -4.026170395061905438e+00
-1.938902673479748984e+01 -3.981560100965374716e+00
-1.910462406291099313e+01 -3.937738307091758205e+00
-1.885056048669516571e+01 -3.894309440858973126e+00
-1.860063666542951566e+01 -3.852776511445096919e+00
-1.837383580573559527e+01 -3.810295959842226576e+00
-1.815920989352018822e+01 -3.766449123467240589e+00
-1.795423832931832919e+01 -3.718905623261419269e+00
-1.775956788090108773e+01 -3.663758160701479749e+00
-1.754707389184509125e+01 -3.614346535457351184e+00
-1.731917487632919972e+01 -3.575967342058505860e+00
-1.710087209594203017e+01 -3.534813131754021676e+00
-1.688739280906261087e+01 -3.492631831192765990e+00
-1.667590547761751907e+01 -3.450752127277785686e+00
-1.646406691685888646e+01 -3.410629874313787280e+00
-1.624998920738629948e+01 -3.374464307407612385e+00
-1.603099982031477566e+01 -3.346451029208221239e+00
-1.582356776787009878e+01 -3.305891437307315162e+00
-1.566180582663296406e+01 -3.191642003384337123e+00
-1.543319209505155953e+01 -3.179544610766219748e+00
-1.522359197662250452e+01 -3.135984149447124114e+00
-1.501464096280655269e+01 -3.091049835651324962e+00
-1.480726160046261164e+01 -3.043255559881504091e+00
-1.460183273956627303e+01 -2.990039368733942826e+00
-1.438959223126818365e+01 -2.961338240044792514e+00
-1.417976162607996393e+01 -2.931303531721094036e+00
-1.397099702621275519e+01 -2.906141337268100422e+00
-1.376880062868852761e+01 -2.816780574259842851e+00
-1.356027912318535478e+01 -2.793859422342920507e+00
-1.335454738164863109e+01 -2.773378271226609293e+00
-1.314232706026829689e+01 -2.683056819383914160e+00
-1.293763403653420063e+01 -2.665461173215086799e+00
-1.273728814456049641e+01 -2.651153493566971608e+00
-1.252079162517963162e+01 -2.565491270285486625e+00
-1.229666933479219715e+01 -2.478897559267514872e+00
-1.209627374828887625e+01 -2.461302979845752859e+00
-1.189647382497511785e+01 -2.436296575593392966e+00
-1.170220601316281694e+01 -2.414156999628777722e+00
-1.152079182928400591e+01 -2.406475592656434515e+00
-1.131314570714658174e+01 -2.348662430204320195e+00
-1.109540351089524002e+01 -2.283312336313970903e+00
-1.086079685778772053e+01 -2.203302642660701860e+00
-1.062586994027299170e+01 -2.130196533520652746e+00
-1.041321149443998095e+01 -2.087000125914779680e+00
-1.015950388094049295e+01 -2.007970594796539388e+00
-9.983837508736257860e+00 -1.996387080360084720e+00
-9.833297598756940872e+00 -1.996749078719863624e+00
-9.588933050790695134e+00 -1.927915919198924577e+00
-9.338427155411222813e+00 -1.861323524591722567e+00
-9.180477007426508962e+00 -1.845127491758719707e+00
-9.025018533176508484e+00 -1.822670771812128887e+00
-8.810450986121756145e+00 -1.771012986611849582e+00
-8.616775037986878161e+00 -1.728290879777928168e+00
-8.449713052458079687e+00 -1.693365609443927333e+00
-8.222666070324974541e+00 -1.643004718294886368e+00
-8.021043421420426256e+00 -1.597286295411562751e+00
-7.728819367223277226e+00 -1.535419548934289669e+00
-7.486045887207948724e+00 -1.484484960413704702e+00
-7.291599651352617784e+00 -1.439222080875790066e+00
-7.086848802124116276e+00 -1.393711073109235699e+00
-6.874125033377971761e+00 -1.348847038034666657e+00
-6.716935800937954504e+00 -1.303914437233734125e+00
-6.515056536239780094e+00 -1.258204938361805247e+00
-6.343835673396756469e+00 -1.209095919971480804e+00
-6.092331464069725477e+00 -1.169753121917562755e+00
-5.870326074565068275e+00 -1.128552704115237004e+00
-5.610130493021474152e+00 -1.091873140662096064e+00
-5.404844956878472217e+00 -1.046464974332135700e+00
-5.248330310418749534e+00 -9.904856834515555208e-01
-5.043660136082976031e+00 -9.460509813225809195e-01
-4.930976962564928456e+00 -8.749021616134473600e-01
-4.700920854759135459e+00 -8.379514233270890511e-01
-4.245608544751629410e+00 -8.811437738477608805e-01
-3.953731359432462344e+00 -8.669400317449346138e-01
-3.795546934403478900e+00 -8.036050704324763094e-01
-3.730311033329241077e+00 -7.021840850430026704e-01
-3.545756554448312059e+00 -6.482488839463754760e-01
-3.317771272838390573e+00 -6.123116762597943241e-01
-3.102540923533835926e+00 -5.744267309418136236e-01
-2.956348082165535462e+00 -4.983427066198788391e-01
-2.645491497762749056e+00 -5.150632531151300153e-01
-2.394730675815538667e+00 -4.943588013894318345e-01
-2.234287926092968668e+00 -4.236842288725417571e-01
-2.107826264565064722e+00 -3.307444549233929387e-01
-1.949661741301609075e+00 -2.570340450187859616e-01
-1.457211055099820962e+00 -4.345129212490124737e-01
-1.300166738606365113e+00 -3.518132695338773153e-01
-1.147988512653518978e+00 -2.646859483850558803e-01
-9.483013058328222389e-01 -2.204205640028006619e-01
-6.956742673458639059e-01 -2.352503979164285164e-01
-5.413726346280932633e-01 -1.445912646934359724e-01
-3.616467921343649583e-01 -7.830723745614451281e-02
-1.730948936116238901e-01 -2.983550727206241843e-02
5.810038691918324158e-08 1.338287114488885025e-08
