-1.069802056137442214e+01 3.711134446044066948e+00
-1.397796609933007517e+01 3.664476787589312501e+00
-1.606509005542050161e+01 3.671470146378967847e+00
-1.668841294621819316e+01 3.631541683698265910e+00
-1.668753418124339305e+01 3.594500907884301544e+00
-1.663453162614389313e+01 3.555654327519346403e+00
-1.652151442766109568e+01 3.515749308360284431e+00
-1.636187589034356904e+01 3.478090731553127313e+00
-1.624373711612240356e+01 3.427047931264210590e+00
-1.609051820768877050e+01 3.376362109859241567e+00
-1.595829378818100608e+01 3.308818595382423844e+00
-1.572302927031031849e+01 3.282547784430979387e+00
-1.549121999823889162e+01 3.263939446122665178e+00
-1.527532716338130925e+01 3.246174231630116758e+00
-1.508927553167630187e+01 3.215509509755244633e+00
-1.498454619677706745e+01 3.114117647033663783e+00
-1.477856750667522157e+01 3.096220025442281365e+00
-1.458476771318454190e+01 3.072730125877814800e+00
-1.439543003262375187e+01 3.050085567541758191e+00
-1.422691708799808374e+01 3.001991209662406401e+00
-1.405561536540046674e+01 2.956235730750238488e+00
-1.388184077732972810e+01 2.911694028979110449e+00
-1.370674036549472596e+01 2.866684681928365563e+00
-1.353083609501866569e+01 2.818641263683406173e+00
-1.334966426865603317e+01 2.803555322708566777e+00
-1.317311625535459640e+01 2.754489049945939794e+00
-1.299452386420715300e+01 2.706909791693455691e+00
-1.281478293261900170e+01 2.657048205381988382e+00
-1.264178078586398080e+01 2.641497021865796491e+00
-1.246003899725178066e+01 2.590707194956563875e+00
-1.229161648122252792e+01 2.578136644489915863e+00
-1.211185541356108075e+01 2.534017405477019036e+00
-1.193261101504599608e+01 2.493686434108254080e+00
-1.175416360021218942e+01 2.454772331366268823e+00
-1.157826473100022469e+01 2.417108188099902577e+00
-1.140652229683299090e+01 2.383579143496597830e+00
-1.120355779413257835e+01 2.311427613174301676e+00
-1.102766184241048286e+01 2.275148786122829669e+00
-1.084724358498938024e+01 2.232475953942252289e+00
-1.066189871661710065e+01 2.184678929041910855e+00
-1.046647450072891949e+01 2.128939563262698176e+00
-1.030333074488164513e+01 2.103016591912628019e+00
-1.013362243497673809e+01 2.069875432988372399e+00
-9.961487892551291523e+00 2.034141708458172548e+00
-9.788730461742073174e+00 1.997772805202959079e+00
-9.618401920347800171e+00 1.961139960511873115e+00
-9.454949296271058401e+00 1.925772436701229884e+00
-9.304429471985473654e+00 1.892935920153421492e+00
-9.181154706745957128e+00 1.865625645745224492e+00
-9.112188017800892936e+00 1.848940702328036423e+00
-8.866438241563812994e+00 1.773876776038336045e+00
-8.753404250770495665e+00 1.739393333094034766e+00
-8.595554965329643693e+00 1.695394941092130070e+00
-8.557658507559615657e+00 1.668919134499508017e+00
-8.642289416958831794e+00 1.656883639232331396e+00
-7.840485967276247692e+00 1.570524821380685943e+00
-7.627963147116123999e+00 1.534904639430042961e+00
-6.977067782504565940e+00 1.432778221400255791e+00
-6.922452889412800126e+00 1.398349105605446674e+00
-6.864567334782154973e+00 1.368238752533018632e+00
-6.743854518449028390e+00 1.338818956042994390e+00
-6.574203020824333166e+00 1.309944210653823937e+00
-6.440332822418224801e+00 1.276177778808678998e+00
-6.238459124064830164e+00 1.253709941295001462e+00
-6.018141486132358331e+00 1.243090589159402182e+00
-5.940594765496546970e+00 1.187190009859379280e+00
-5.877625453045641102e+00 1.112229459336227855e+00
-5.593498898277155185e+00 1.121575028254262030e+00
-5.451670435498194855e+00 1.069752686789259499e+00
-5.350985440461435871e+00 9.854783436148137898e-01
-5.125642685868804449e+00 9.711152338487042401e-01
-4.921002549883833233e+00 9.490054286044196097e-01
-4.728099124519701490e+00 9.219006103403477592e-01
-4.538570084868936760e+00 8.952504816269457599e-01
-4.377598090760463911e+00 8.347000402157576104e-01
-4.198010114698595530e+00 7.979028346862653276e-01
-4.010464788017673143e+00 7.808267381465096024e-01
-3.830454308848423306e+00 7.516045634441763656e-01
-3.652732838953114403e+00 7.182597395389899164e-01
-3.478092751098502688e+00 6.521982193666744365e-01
-3.304225213311494436e+00 6.133779876509215523e-01
-3.129530697320950683e+00 5.637796027656035713e-01
-2.970817239439656365e+00 5.701767178556365057e-01
-2.819739018075431147e+00 5.806532532505898070e-01
-2.682165474416834172e+00 5.989739608603996679e-01
-2.480110155339112943e+00 5.045024200522743030e-01
-2.278574462856863825e+00 4.291997730342839712e-01
-2.106410988285706054e+00 3.985852608895182336e-01
-1.912262373816105754e+00 3.472022520272228796e-01
-1.708597393888772187e+00 2.933951785365442877e-01
-1.507090734252753306e+00 2.468108171702227960e-01
-1.322696828477853526e+00 2.142472601485740369e-01
-1.126610048632231242e+00 1.817367879924002838e-01
-8.729113925816600617e-01 1.395394720046891079e-01
-4.936188287256133012e-01 7.315279267318670897e-02
-2.829357665287357201e-02 -3.752716203455960971e-03
-6.989102390672370380e-01 7.344037783590892654e-02
-7.774499994754169307e-01 5.583181160682225419e-02
-5.935584239006753693e-01 4.750108159478007297e-02
9.120348079129998565e-06 -6.266670160239097426e-08
