1.003383541384339850e+01 1.793449353470954577e+01
1.215979141048027223e+01 1.767570687279311059e+01
1.252102537188127229e+01 1.761177417143692381e+01
1.293116804151009447e+01 1.744348917606520644e+01
1.292488753614834884e+01 1.728890556676272539e+01
1.286706168891582358e+01 1.712136171777620319e+01
1.282126589124422544e+01 1.693740462889565279e+01
1.245420526122530269e+01 1.673148521125401800e+01
1.235632079885052725e+01 1.654496655096404467e+01
1.211632594640524729e+01 1.633838292074882048e+01
1.204738065969821115e+01 1.617031104889307258e+01
1.199121346839066327e+01 1.600998717946521310e+01
1.188460693228763532e+01 1.583608715334799477e+01
1.173083081167287389e+01 1.563783009343173624e+01
1.157664230708679654e+01 1.543535250728081287e+01
1.148866618533731554e+01 1.527606024603612944e+01
1.131347505144028531e+01 1.504216285492125849e+01
1.110995627466521007e+01 1.475417554282533317e+01
1.101404358193069477e+01 1.459205263520918905e+01
1.092821317715842788e+01 1.446133013465634143e+01
1.082697227003948548e+01 1.432583501841945406e+01
1.068959939215058164e+01 1.414044157498944720e+01
1.053174140397824132e+01 1.391213226579721862e+01
1.038919270311188114e+01 1.371286871383193251e+01
1.025957657096961029e+01 1.355371932793109835e+01
1.012962520699680624e+01 1.339721673717756723e+01
9.987158516230044469e+00 1.317683999850586218e+01
9.850569366778811897e+00 1.299192733556400370e+01
9.721647723412589315e+00 1.286989970314086484e+01
9.583376771852421427e+00 1.265855108267890294e+01
9.445117508365804326e+00 1.239286680773849270e+01
9.308527745555718269e+00 1.222387842005256253e+01
9.174327663133290400e+00 1.201326640153942371e+01
9.044154436610639891e+00 1.177155665910117932e+01
8.904314122626683314e+00 1.162562155812002729e+01
8.763518677132845269e+00 1.145825661234341908e+01
8.624122356325672811e+00 1.128392879997710274e+01
8.487003561729965284e+00 1.110239526583356984e+01
8.353455352699626246e+00 1.091590050958927982e+01
8.197813891072884829e+00 1.077506948009419929e+01
8.071378811717053736e+00 1.057385173720655658e+01
7.915249627680047695e+00 1.041984534691924758e+01
7.794998985354639309e+00 1.021129257345479324e+01
7.634174619569794373e+00 1.005263487214141271e+01
7.512096968356160254e+00 9.846984788077316253e+00
7.384311344615005268e+00 9.650719201703594763e+00
7.255854661301329500e+00 9.460198054197078932e+00
7.123174645614508194e+00 9.272110120206731310e+00
6.982541900615279573e+00 9.087374073931050233e+00
6.837624100735153476e+00 8.904514082013555765e+00
6.678001421769509172e+00 8.726407622095212702e+00
6.426937187389957451e+00 8.586298824637326632e+00
6.515961891315106058e+00 8.318058574084908230e+00
6.373756740279999278e+00 8.144635199684074678e+00
6.192336177230753691e+00 7.977241950909074397e+00
6.023517107893008316e+00 7.801945148897263316e+00
5.838392978366011121e+00 7.624590476405905370e+00
5.689056774634241087e+00 7.438025301274627132e+00
5.494908432572962909e+00 7.250598428990008060e+00
5.636561845318121655e+00 7.054312837200998665e+00
5.464431588220905134e+00 6.876850069529018228e+00
5.255338414829694216e+00 6.690106688987179417e+00
5.112699254949009564e+00 6.500846764467320682e+00
4.911597691739378213e+00 6.295352714744248956e+00
4.935487868878044360e+00 6.145989278041086301e+00
4.709806298608913089e+00 5.929023490435348265e+00
4.434935806596757679e+00 5.668447493755652822e+00
4.361999939273229820e+00 5.487989950624469593e+00
4.266441374002199360e+00 5.313542596983854338e+00
4.156299685910074260e+00 5.146819493116788102e+00
4.026377085630612918e+00 4.978462883031824937e+00
3.925172224257754028e+00 4.854019537469257628e+00
3.849508320285811358e+00 4.778630657356526257e+00
3.766228938148065808e+00 4.715915717317204603e+00
3.576916624167241654e+00 4.483849367119513651e+00
3.396167679527827055e+00 4.243592002020851517e+00
3.236570903430293633e+00 4.029650948429794433e+00
3.086428388673728929e+00 3.825405865593021204e+00
2.941668696096888524e+00 3.623420171457159444e+00
2.800109274118518066e+00 3.419202243010452502e+00
2.667552984331633681e+00 3.256700969850977234e+00
2.532821544151571569e+00 3.086322610137077760e+00
2.396157767774351299e+00 2.906251773934611649e+00
2.259238129171366349e+00 2.759607286462645970e+00
2.125463691423183921e+00 2.602694096684211811e+00
1.997864774017200196e+00 2.436520319898578091e+00
1.891430431604066653e+00 2.226600289460262783e+00
1.812948092322769433e+00 2.004980964743451999e+00
1.697239441736298593e+00 1.842559784906878662e+00
1.648738795047213657e+00 1.643079661402639502e+00
1.631453542851455607e+00 1.442123325161304148e+00
1.764203321697475069e+00 1.214206445843269977e+00
7.501757107030126992e-01 1.164276141270085718e+00
8.117624345322099755e-01 9.525857610067720582e-01
6.589253535330905631e-01 7.491989475007460042e-01
-3.031403371914671574e-01 5.445922714980675483e-01
-5.009266991129271429e-02 3.551656718173384353e-01
2.344237150951500315e-02 1.882904569970407505e-01
1.908379907834695591e-02 6.298473068288389098e-02
-2.510065954438566949e-09 1.069594432556871562e-07
