-3.234608562754321781e+01 2.066084354207178819e+01
-4.049764065410263214e+01 2.027229486192123531e+01
-4.375842012667180114e+01 2.034616551495147263e+01
-4.536843157516694447e+01 2.012955480611455172e+01
-4.602069968975207814e+01 1.986764715200155251e+01
-4.625604604507631734e+01 1.956477900201215192e+01
-4.619250265552042123e+01 1.929157934508088701e+01
-4.515035367596851756e+01 1.935151888355673577e+01
-4.499846966859838915e+01 1.905727514714264714e+01
-4.479449419787426478e+01 1.879502800903053483e+01
-4.417198932201284833e+01 1.861834893294968651e+01
-4.346014721800141700e+01 1.841193542731445021e+01
-4.272974899726018805e+01 1.819458980122932346e+01
-4.244146087708312365e+01 1.796550713749670436e+01
-4.199924189146790354e+01 1.773723996040340722e+01
-4.154814183491197355e+01 1.751839363767438229e+01
-4.102350452787577240e+01 1.729278762690606186e+01
-4.054446210840306009e+01 1.707883065128090649e+01
-4.008012867270793578e+01 1.687020782038785782e+01
-3.954386904221292554e+01 1.663918384262930061e+01
-3.904623979544400925e+01 1.642261134904216391e+01
-3.856789848551800759e+01 1.621561936712221552e+01
-3.807303347539998128e+01 1.599915415747828007e+01
-3.752939855751318277e+01 1.575658307122540336e+01
-3.705281090267617117e+01 1.556018595190472631e+01
-3.657263006644649295e+01 1.535693867488141962e+01
-3.605370116377347500e+01 1.510186434935671862e+01
-3.549951833348288943e+01 1.480101129237950452e+01
-3.497340001563384959e+01 1.453439129390701012e+01
-3.447109875882195240e+01 1.439489953043070081e+01
-3.390157953646110656e+01 1.423291980106883692e+01
-3.323128123001189493e+01 1.407131605405480101e+01
-3.237866550413986744e+01 1.393169646789871940e+01
-3.259679001700621370e+01 1.365832661711636575e+01
-3.215511137714662482e+01 1.345886371948219029e+01
-3.174125740653607508e+01 1.324959705419714595e+01
-3.131055019131558126e+01 1.303039973664781037e+01
-3.080855725856432414e+01 1.281976598008348667e+01
-3.025327488661573483e+01 1.263037870802235929e+01
-2.966170420275426878e+01 1.246216123712622625e+01
-2.915114467710433388e+01 1.226514856235119844e+01
-2.870143286992044551e+01 1.203549077640181508e+01
-2.831879448084493944e+01 1.175843887128320731e+01
-2.785017494270155680e+01 1.152524634330933928e+01
-2.737790696825382497e+01 1.129122786110255561e+01
-2.690836186788582651e+01 1.104859368602458325e+01
-2.639901626462345519e+01 1.083761755387397763e+01
-2.591309382369107084e+01 1.059214276621249873e+01
-2.544218378755932974e+01 1.031448540813055459e+01
-2.487759378399507071e+01 1.021009523397875363e+01
-2.430838801005739569e+01 1.018093628889435287e+01
-2.385441848831063893e+01 9.933201180604509517e+00
-2.337389525127737855e+01 9.733043287172964853e+00
-2.289008576086873603e+01 9.493256471453349832e+00
-2.239263044934363123e+01 9.193488945516120836e+00
-2.187881983320378154e+01 8.775385555815734762e+00
-2.134976971623226660e+01 8.380882767564809654e+00
-2.086264937327531399e+01 8.311123507724380133e+00
-2.040487342330601450e+01 8.251094175521560103e+00
-1.992011772292178406e+01 8.033516276910853904e+00
-1.944032991106345065e+01 7.827648523778399259e+00
-1.897377302094107065e+01 7.642380237102901930e+00
-1.847605621812476073e+01 7.420929845962580984e+00
-1.798779392004262689e+01 7.218369546324517216e+00
-1.744499897529058430e+01 6.974176631206089105e+00
-1.689741728994937375e+01 6.732137972318877672e+00
-1.633452095281925409e+01 6.486639052243364567e+00
-1.583058416071268404e+01 6.275714304136484678e+00
-1.531244463907031239e+01 6.055384264466652233e+00
-1.485668713700504995e+01 5.862113705558180676e+00
-1.438762018586083435e+01 5.658911259355035028e+00
-1.391491669592071112e+01 5.452267430229276179e+00
-1.334746280772061233e+01 5.222976942420102020e+00
-1.286216342857808215e+01 5.011771974370278215e+00
-1.237902844167116001e+01 4.798107054120261949e+00
-1.180992271293175477e+01 4.580812013467580712e+00
-1.131781990586161868e+01 4.367166563624866882e+00
-1.082238663999793005e+01 4.150926548245195136e+00
-1.032931902059567086e+01 3.934215036240527930e+00
-9.848531706328721214e+00 3.712762801179815053e+00
-9.391797089509459795e+00 3.479933283179017955e+00
-8.910514248987899677e+00 3.252022318221841068e+00
-8.471163559692342915e+00 2.989689716765944638e+00
-7.951378915850863649e+00 2.780444555725546163e+00
-7.381979194986737269e+00 2.631596116054958578e+00
-6.862972070218442688e+00 2.440845412536543968e+00
-6.337555165669645163e+00 2.273209942862811417e+00
-5.823314405886602430e+00 2.084910521495709990e+00
-5.302223323739919003e+00 1.917749997434092135e+00
-4.830379864906327647e+00 1.654977820607604899e+00
-4.332855888543021727e+00 1.463942134163436881e+00
-3.832219659860808481e+00 1.273366800383614494e+00
-3.335542193703459279e+00 1.081281147362376460e+00
-2.845539263718415590e+00 8.724058591871102220e-01
-2.367075154115490410e+00 7.051681949987038678e-01
-1.890338531132961464e+00 5.173366936436591956e-01
-1.411343005561105368e+00 3.114999976754128097e-01
-1.004317483818494949e+00 2.188448010956432488e-01
-5.637915387264018641e-01 1.242301780699360952e-01
1.530165371398493889e-07 3.861535014465975336e-07
