1.044603914458291172e+01 2.226655325308021816e+01
1.502801909228652910e+01 2.204722387620563495e+01
1.642248414301628756e+01 2.182358464390520325e+01
1.689941827099008620e+01 2.159958614924280695e+01
1.702210051693998238e+01 2.137574548782310657e+01
1.702003398258983680e+01 2.114632134988000445e+01
1.693061213267076681e+01 2.091701798220598008e+01
1.670705484188283307e+01 2.070787939580059245e+01
1.646331077838912904e+01 2.050334775668282461e+01
1.658938367413080428e+01 2.019450370594257294e+01
1.639208475616828409e+01 1.996799794836990216e+01
1.625253009452332975e+01 1.970752315155613843e+01
1.600434687615712903e+01 1.950223012080438423e+01
1.578341250004035068e+01 1.929023888748506010e+01
1.557312531242662068e+01 1.907796530918995970e+01
1.537732950343121985e+01 1.885919261468890440e+01
1.518878151356081574e+01 1.863718341474330842e+01
1.500358558981608326e+01 1.841497409485639380e+01
1.481952398153274153e+01 1.819622542097933859e+01
1.462354633605332488e+01 1.801749432078928947e+01
1.445407035473652435e+01 1.777891332608571062e+01
1.427697820996501932e+01 1.756175632863565994e+01
1.409503784338779298e+01 1.737214143802763289e+01
1.391199647235283265e+01 1.718596247335178973e+01
1.372216017926007225e+01 1.711797424147195201e+01
1.353017763134167772e+01 1.722090323573126369e+01
1.333535589507597230e+01 1.592813781704540510e+01
1.314604821629449205e+01 1.590124969033370306e+01
1.295227935327739210e+01 1.601477485820050362e+01
1.275591974353197600e+01 1.616102101916348488e+01
1.266782221343616577e+01 1.545056312609764859e+01
1.246806552227037379e+01 1.591931026837365870e+01
1.227462337701680717e+01 1.672471018481113703e+01
1.208734854822647620e+01 1.284959248245386831e+01
1.190221211668957935e+01 1.343437192488324250e+01
1.171695388611638755e+01 1.370552336233890856e+01
1.153400858587280808e+01 1.374818582529507083e+01
1.134898665086114988e+01 1.364204289792969504e+01
1.117132448819495671e+01 1.350936855411306681e+01
1.099563411097603627e+01 1.334106627424910307e+01
1.080841858784384968e+01 1.310976966723827175e+01
1.062144229514665383e+01 1.287442600604263454e+01
1.045616384971995672e+01 1.268978712286748589e+01
1.027923469774629339e+01 1.246682043084359393e+01
1.008806460163019736e+01 1.221650129653672145e+01
9.902969287482552119e+00 1.198338417376665355e+01
9.696201040509929925e+00 1.171587569799389428e+01
9.515236476534703058e+00 1.148998143420949880e+01
9.332377524971159133e+00 1.126239549061725853e+01
9.150032287029441491e+00 1.103555115208882853e+01
8.972108910708060492e+00 1.081156090842292627e+01
8.801019649642773501e+00 1.059321399656210794e+01
8.609167820462102938e+00 1.035688546909536889e+01
8.423366597922322896e+00 1.012492542635956916e+01
8.239826704149916026e+00 9.894281105151042865e+00
8.060681369921502082e+00 9.666213564109497725e+00
7.893379886001687495e+00 9.443552763180601772e+00
7.748892379198920821e+00 9.227785621254085413e+00
7.584242293546354929e+00 9.000604773059059482e+00
7.370259356952990615e+00 8.758331932973415945e+00
7.206351711959107398e+00 8.530976688059778823e+00
6.959884848987551109e+00 8.293452551496143244e+00
6.759642751794415538e+00 8.062053511259694716e+00
6.656073109394125886e+00 7.839649563049816194e+00
6.583894914009627009e+00 7.615857968985541682e+00
6.023652332546962640e+00 7.388772995449120806e+00
5.933283548145625197e+00 7.157938588594991991e+00
5.799257667940364236e+00 6.927398238829041155e+00
5.605922601088441759e+00 6.701411114650571044e+00
5.425258439274545097e+00 6.472966210293479961e+00
5.254868742207433385e+00 6.242786787756823053e+00
5.099730250837607670e+00 6.009662493993890742e+00
4.935102110922538365e+00 5.778800524094350521e+00
4.734018041436889312e+00 5.560031065906412273e+00
4.531674595148292184e+00 5.340437838033456508e+00
4.290338827222536899e+00 5.146577116513634031e+00
4.148514135337812547e+00 4.900098017280026141e+00
3.986043723615260603e+00 4.662663730288143960e+00
3.813827224124498372e+00 4.429110269717946302e+00
3.637228008883383712e+00 4.196524137713009139e+00
3.458702714904013042e+00 3.964432952039084412e+00
3.279482530782859673e+00 3.732530095952271587e+00
3.100054607271612195e+00 3.499939177611425922e+00
2.920516709371767661e+00 3.265956290240424220e+00
2.741459474321520595e+00 3.029153333708272111e+00
2.564369863152116125e+00 2.785417232645384100e+00
2.374252329626853175e+00 2.567513387170839767e+00
2.188077986146107268e+00 2.337607038415853822e+00
2.021116270009459370e+00 2.047182713633348694e+00
1.849635934200391407e+00 1.754456528159185513e+00
1.644076612796193437e+00 1.568456022274482331e+00
1.455024211814113455e+00 1.307768765806453626e+00
1.283550479383855691e+00 9.505695965298129879e-01
1.141205300105896825e+00 4.010325321741290971e-01
8.754854868519365008e-01 9.263831088621463650e-01
6.565978528636016165e-01 1.132821431572560877e+00
4.953961734025882913e-01 7.916188247539868161e-01
3.360189183180032901e-01 4.453141867657749442e-01
1.706111127659978299e-01 3.570883007081260274e-01
-1.044817966237746784e-06 -4.858069757550522953e-08
