2.433862636058093187e+01 2.592592592554279562e+01
3.139298920435777163e+01 2.576877813125479477e+01
3.471286764874233199e+01 2.573144600244155811e+01
3.619491739661665974e+01 2.544234463729923235e+01
3.672886372729070104e+01 2.527804327295767450e+01
3.685194253786722385e+01 2.468825403492861525e+01
3.670723301598446398e+01 2.435947678148671969e+01
3.641383471608781264e+01 2.459304783827983698e+01
3.605861724154977566e+01 2.510981017042541552e+01
3.567340889932404480e+01 2.197837483783451162e+01
3.527743571882565021e+01 2.261888962609554810e+01
3.487217537914376209e+01 2.294126194106224403e+01
3.455025683350541499e+01 2.223270593408351203e+01
3.414254755794340923e+01 2.230419284727613061e+01
3.374194494650835452e+01 2.225689366806230751e+01
3.334364482555749021e+01 2.215708203698295975e+01
3.294651323958958500e+01 2.135889645308872531e+01
3.255141614585998866e+01 2.124162392546346112e+01
3.215813337866662636e+01 2.110468949669360939e+01
3.176812303601541743e+01 2.097140837216319653e+01
3.137555625559633654e+01 2.078550437529591122e+01
3.093712295124469591e+01 2.005422768401017919e+01
3.054969981414700442e+01 1.986334670048206874e+01
3.016553449242780260e+01 1.969643414020210770e+01
2.977683640125048115e+01 1.948163389403304535e+01
2.938798747350072205e+01 1.924594536879757101e+01
2.901425263871811211e+01 1.905403597426353812e+01
2.862477976616422026e+01 1.880019675360093956e+01
2.822821712034506803e+01 1.853159607395645381e+01
2.775423830230569777e+01 1.806610879513098311e+01
2.734689087985280409e+01 1.776738362059018783e+01
2.696966297834077864e+01 1.754807737300247084e+01
2.659658420551610547e+01 1.733211996230926033e+01
2.619448230083697737e+01 1.706374207536490673e+01
2.578570518467680373e+01 1.678807660797336609e+01
2.539618568932127118e+01 1.653600113196224441e+01
2.500362955195289771e+01 1.627786608205942187e+01
2.461036513328629383e+01 1.601715978127192130e+01
2.421772096614521885e+01 1.575490600765427729e+01
2.382874487877811021e+01 1.549328845730283355e+01
2.341732142760133328e+01 1.521607757931091420e+01
2.301089129423517932e+01 1.494385009658638452e+01
2.263599886563923747e+01 1.468763907727447560e+01
2.223630263517331684e+01 1.442034726977947656e+01
2.184048520630688017e+01 1.415470502812998888e+01
2.144612338456361300e+01 1.388792693979152304e+01
2.105467340052160097e+01 1.362135706385817713e+01
2.067120021982550782e+01 1.335649806512059534e+01
2.026367542320156545e+01 1.308784866089127163e+01
1.986549129092041710e+01 1.282067016543078886e+01
1.948217001991595509e+01 1.255464957236349299e+01
1.916050385755816876e+01 1.228992318163925113e+01
1.886182773195359985e+01 1.202387653742574436e+01
1.800643097505308177e+01 1.175717468213573547e+01
1.767633389491254547e+01 1.148872353180508021e+01
1.736775862557827921e+01 1.121827868219902413e+01
1.701637778292720071e+01 1.094777125481794222e+01
1.667806786714618994e+01 1.067209333534843196e+01
1.631169139158967951e+01 1.039736386589410166e+01
1.589619440732927558e+01 1.013422310917510849e+01
1.545775849369143451e+01 9.880517759175337034e+00
1.505047487066157963e+01 9.619125682314415116e+00
1.467038899911795014e+01 9.348964427638399854e+00
1.432342739847847923e+01 9.062390413402059863e+00
1.378056838521147753e+01 8.871176253755251651e+00
1.338820554417635833e+01 8.602738393081784452e+00
1.303937172332852690e+01 8.310126112115831631e+00
1.266817123248910626e+01 8.027930260921202432e+00
1.228726238831626816e+01 7.749327853036391822e+00
1.190410310427442475e+01 7.469076089733003521e+00
1.152479542422341652e+01 7.180865135654761922e+00
1.115726413966308428e+01 6.873873546332771589e+00
1.071106439088842421e+01 6.655653587195921261e+00
1.029241895514296345e+01 6.405408555330763143e+00
9.911541174089441242e+00 6.101884679167251413e+00
9.552335633356124234e+00 5.749640776411349741e+00
9.199699163738245034e+00 5.367325972501240550e+00
8.672951115858257509e+00 5.433304480251547552e+00
8.328178777048693249e+00 5.008687046896580952e+00
7.989402242235037477e+00 4.548845681021789211e+00
7.443533788660013251e+00 4.830950303095826293e+00
7.087877436824219224e+00 4.419334632842424782e+00
6.703573433224890188e+00 4.111551405364744838e+00
6.322668938146154716e+00 3.774256505330205957e+00
5.929615606255865146e+00 3.490992313652676149e+00
5.525679164080307793e+00 3.292549530975757754e+00
5.132147581211870424e+00 3.052907927647998232e+00
4.741008202756382239e+00 2.743386029925614089e+00
4.344833129668592697e+00 2.422773154430036158e+00
3.943404633646371060e+00 2.105739324893993736e+00
3.534941364883242176e+00 1.768039906226967606e+00
3.128079268391842138e+00 1.463515376744040530e+00
2.727857176603900591e+00 1.180025446125088306e+00
2.382224968252502517e+00 1.112031001772921579e+00
2.028938922598182870e+00 9.837552685959026766e-01
1.627338775316449437e+00 7.033131599358600772e-01
1.208959121298155193e+00 3.492544186737619460e-01
8.236146911051586139e-01 2.318116402558313971e-01
4.110120462933026242e-01 -3.235377928110634571e-02
-9.552137543741338181e-08 1.300772132501802162e-08
