-4.650678323132046188e+01 -2.351407034180818911e+01
-5.859198938144803037e+01 -2.326231980769809127e+01
-6.425070977089777102e+01 -2.302297694958439322e+01
-6.672924655094381308e+01 -2.277091896491147693e+01
-6.761406953829762756e+01 -2.250588547200101175e+01
-6.770230282079832307e+01 -2.222136011309813242e+01
-6.739584143456443144e+01 -2.190337044557962187e+01
-6.686492593109402094e+01 -2.161745797464584840e+01
-6.624900429648498346e+01 -2.128869131287170902e+01
-6.562427284463345245e+01 -2.079288406640986508e+01
-6.477765495644884197e+01 -2.150835505285414229e+01
-6.410699846854998896e+01 -2.110986612428602882e+01
-6.344838292638635835e+01 -2.065424246151714627e+01
-6.278835266718845531e+01 -2.021192721954691507e+01
-6.176461744787422958e+01 -2.067215395219637131e+01
-6.113166169187670818e+01 -2.019296749578339600e+01
-6.045292594167046474e+01 -1.983544738523019646e+01
-5.975059827046690231e+01 -1.953854614461903338e+01
-5.905643329497883798e+01 -1.925057244860462902e+01
-5.832767949588227907e+01 -1.901031724749633511e+01
-5.759968238460778878e+01 -1.877137863982298782e+01
-5.684830239325354029e+01 -1.854742289952308809e+01
-5.612169456038198945e+01 -1.830746612878841972e+01
-5.539968304424613166e+01 -1.806638690207668674e+01
-5.468728023209479261e+01 -1.782363113132116439e+01
-5.396010614305795627e+01 -1.758579978073013095e+01
-5.323984471408562769e+01 -1.734772246631778714e+01
-5.249174006338436271e+01 -1.711253584643528924e+01
-5.170594046531751076e+01 -1.687783169247090953e+01
-5.097637818337652504e+01 -1.663971990461637063e+01
-5.026861411205909747e+01 -1.640410042389667566e+01
-4.951496993343516095e+01 -1.616291955740078379e+01
-4.878490707274134763e+01 -1.592503957438771955e+01
-4.804916570823496613e+01 -1.568614688074381291e+01
-4.734289699669866280e+01 -1.546077705062759833e+01
-4.664161311676521393e+01 -1.524245462291175102e+01
-4.592941579794725726e+01 -1.501763170823958582e+01
-4.518677510255610486e+01 -1.476411113605409930e+01
-4.445867261156210049e+01 -1.452691482647290222e+01
-4.379564991685338526e+01 -1.436626532995940941e+01
-4.315289558511380363e+01 -1.423827335753820833e+01
-4.211248866940894686e+01 -1.359314107971482422e+01
-4.146589124153527450e+01 -1.346911670688511897e+01
-4.080006924658090384e+01 -1.331495255924314947e+01
-4.016884800304640635e+01 -1.321350600794665020e+01
-3.941650524745404027e+01 -1.287883597652990986e+01
-3.858663405681325997e+01 -1.245401934016138057e+01
-3.782275334382585186e+01 -1.216713278306464829e+01
-3.719909246860400032e+01 -1.207814913365131204e+01
-3.658350739048992750e+01 -1.198534568549771961e+01
-3.557883575230118112e+01 -1.142762437396580211e+01
-3.488770921269640013e+01 -1.123990812689151575e+01
-3.419049485856107395e+01 -1.103946762573534990e+01
-3.350090758445698924e+01 -1.084317290498853303e+01
-3.276884682671260407e+01 -1.060539354810057766e+01
-3.203631686250270150e+01 -1.036600790307671360e+01
-3.130294080666718415e+01 -1.012692816446379496e+01
-3.059582007296703665e+01 -9.904625640025750855e+00
-2.989123155353594186e+01 -9.680212233598615157e+00
-2.916883452642597163e+01 -9.444752662059444859e+00
-2.845653003644541457e+01 -9.212735979323138480e+00
-2.775942758058353732e+01 -8.984316419743311855e+00
-2.702823846385292228e+01 -8.744826961746332117e+00
-2.628938887694421211e+01 -8.502442910849580926e+00
-2.560253931227213897e+01 -8.268772001909436398e+00
-2.496142200160979741e+01 -8.040568662948334833e+00
-2.441898632813561321e+01 -7.823535352377396279e+00
-2.310134610778239761e+01 -7.517907769220832925e+00
-2.250494681018177090e+01 -7.302120217197458629e+00
-2.165900465629305671e+01 -7.087385930913957743e+00
-2.104335989422729725e+01 -6.868822561242141411e+00
-2.033997392774152146e+01 -6.635092927675250607e+00
-1.957719595663039769e+01 -6.383806248762729396e+00
-1.888392029208545608e+01 -6.149985707244282729e+00
-1.816773520012126752e+01 -5.911607665803251699e+00
-1.743885383594978222e+01 -5.669271005130422481e+00
-1.672991833565850328e+01 -5.439128833727805201e+00
-1.602204608570252020e+01 -5.213726350214549221e+00
-1.530303510190440797e+01 -4.983412619698702528e+00
-1.455576766792702514e+01 -4.730107062859364220e+00
-1.383191799479511275e+01 -4.499900405840841167e+00
-1.314895789412418026e+01 -4.318056748291828839e+00
-1.248654003650030830e+01 -4.174024065048504539e+00
-1.169918954790427357e+01 -3.874885859567115176e+00
-1.098901772593013249e+01 -3.685668771072308836e+00
-1.030129791472367273e+01 -3.528659706153597586e+00
-9.631513341947227858e+00 -3.401670777349019126e+00
-8.556405349567665297e+00 -2.492147712083150779e+00
-7.892266873456447840e+00 -2.386909153527831506e+00
-7.229603572405777001e+00 -2.295120481166707194e+00
-6.526684201732098956e+00 -2.118075834226634147e+00
-5.816791148943520895e+00 -1.906784153806006854e+00
-5.109509661953334891e+00 -1.713623692504214979e+00
-4.225900529791561944e+00 -9.802413458530694346e-01
-3.580350706560117224e+00 -1.006430657100814807e+00
-2.909769995533609155e+00 -9.654456805277316089e-01
-2.132608250105488157e+00 -4.253090530784386369e-01
-1.423297099625350226e+00 -2.554245422147043976e-01
-7.246674333406860624e-01 -1.497729825853588992e-01
4.422841418627461235e-08 -3.030693636426605652e-08
