-2.707261157352513337e+01 -2.239276904502295995e+00
-3.394863067987009231e+01 -2.541220231660689777e+00
-3.812917302249558560e+01 -1.810494465400467989e+00
-3.956090745648631213e+01 -1.847983396994117733e+00
-3.994804204535419956e+01 -1.967189662186369814e+00
-3.990684410496214696e+01 -2.044704004727828650e+00
-3.965999772307420557e+01 -2.104491067077290722e+00
-3.932078063272307134e+01 -2.150111769667497175e+00
-3.896323263778733548e+01 -2.111980153120670778e+00
-3.856992075973980860e+01 -2.075278881461674718e+00
-3.816893061914203145e+01 -1.984413653552800083e+00
-3.775220917333192716e+01 -1.937235906996824797e+00
-3.733066719977855996e+01 -1.892649622099324302e+00
-3.691035831890248176e+01 -1.859709648311085761e+00
-3.648303563874522126e+01 -1.801156606561463924e+00
-3.607789713596161363e+01 -1.793117501925307167e+00
-3.566391225504129636e+01 -1.760509699033387498e+00
-3.525985945882742101e+01 -1.745480009717922831e+00
-3.487350157597575873e+01 -1.743795223973044317e+00
-3.447722289873846790e+01 -1.731652391695662985e+00
-3.417355629679109796e+01 -1.749980162227048108e+00
-3.398290570525554699e+01 -1.794497492047971487e+00
-3.250906409539177844e+01 -1.613094379990683169e+00
-3.197250803294116039e+01 -1.576830354178674787e+00
-3.179040671804741436e+01 -1.615662721257477008e+00
-3.148304446850917770e+01 -1.624848705185482078e+00
-3.115455087902167719e+01 -1.642123969248799220e+00
-3.075856688643217041e+01 -1.636741949298889942e+00
-3.032352855248748114e+01 -1.607118998504511564e+00
-2.992546073621825542e+01 -1.619590577143811494e+00
-2.950423523516909086e+01 -1.615061484455226903e+00
-2.909872973763282289e+01 -1.641785576327892349e+00
-2.871649547181485218e+01 -1.728106991171233231e+00
-2.837578565398932540e+01 -1.941087974242668324e+00
-2.776405741910493319e+01 -1.062463813920382805e+00
-2.734685953371020162e+01 -1.037811611594662065e+00
-2.696175097502203855e+01 -1.138182562925863728e+00
-2.654921613492974330e+01 -1.159539042422061073e+00
-2.614089086408573337e+01 -1.171913406899538490e+00
-2.574530149445583049e+01 -1.188734286637231241e+00
-2.530909697386408652e+01 -1.153825574580789270e+00
-2.489653287927204417e+01 -1.140049304602227753e+00
-2.448197176618373661e+01 -1.120879229510845843e+00
-2.407173113947791165e+01 -1.102606943937600725e+00
-2.362157485317395711e+01 -1.068142611553192456e+00
-2.318652170556490333e+01 -1.041398176325664560e+00
-2.277198182624286815e+01 -1.015120447665589065e+00
-2.232660898091604196e+01 -9.816271577133763859e-01
-2.182385101602621091e+01 -9.502473005895639702e-01
-2.136602632399115720e+01 -9.242199559354548066e-01
-2.087747644281204273e+01 -9.031630785020920982e-01
-2.042993647179361716e+01 -8.793931035963579168e-01
-1.996905988062409065e+01 -8.646493240315503703e-01
-1.955257936223114257e+01 -8.358325929885107586e-01
-1.913490863797200348e+01 -8.051248301202528213e-01
-1.868914840700509927e+01 -7.993529845858438065e-01
-1.828029816061303237e+01 -7.568468348572555682e-01
-1.785744587772856917e+01 -7.403454562707704190e-01
-1.743797702049279863e+01 -7.093562886294598746e-01
-1.701864266099020995e+01 -6.638254132652703365e-01
-1.659638423092378190e+01 -5.921933771316603146e-01
-1.617540383633321710e+01 -5.263727595419892547e-01
-1.575690943713468251e+01 -4.455583196900008147e-01
-1.551509093545659290e+01 -9.687852390284157345e-01
-1.507187649790574291e+01 -8.152160849076564020e-01
-1.463813839967574992e+01 -6.967837645675407643e-01
-1.421713141057143837e+01 -6.717731921903685732e-01
-1.379491876595426092e+01 -6.286235816779396357e-01
-1.336855082776449244e+01 -6.053419952430287854e-01
-1.293345244055487875e+01 -5.941268394821032084e-01
-1.251538699445195668e+01 -5.558571742669473625e-01
-1.214141701612867585e+01 -4.882474691342975071e-01
-1.176728879003139028e+01 -4.425949169100080738e-01
-1.145742589403009504e+01 -3.686892458834019060e-01
-1.098504428953841661e+01 -3.436188348479097820e-01
-1.006926425257676883e+01 -3.972823743816015218e-01
-9.682683669698674223e+00 -3.206132089415669184e-01
-9.250438084383365123e+00 -2.774448083492512818e-01
-8.839556722170179626e+00 -2.372884875159815554e-01
-8.409480647811431453e+00 -2.220625339624015537e-01
-7.969804492098866433e+00 -2.356142538800840847e-01
-7.532900128443372090e+00 -2.877362348896816968e-01
-7.161052280332810049e+00 -2.086260369784652957e-01
-6.757567440770849920e+00 -1.501173070495000761e-01
-6.335950039110741727e+00 -1.437109988615787592e-01
-5.910767924980932619e+00 -9.641126347703771193e-02
-5.489185775016560243e+00 -9.757870291754422443e-02
-5.051368919469766183e+00 -5.255218959159661113e-02
-4.598643723460360100e+00 -1.647039831213520638e-03
-4.153217671883928652e+00 2.280725223278717503e-02
-3.678531005232403839e+00 7.453233598647060476e-02
-3.143961682116560574e+00 1.687279549288482894e-01
-2.647915040667423003e+00 2.213133234435362973e-01
-2.059267247455694338e+00 3.477823838883941088e-01
-2.401091269600056144e+00 -1.711515483006794541e-02
-1.919607073710927869e+00 4.400895793178365156e-02
-1.396001464248787460e+00 1.080481661715178565e-01
-1.247189085089233096e+00 -1.159479507860471104e-01
-6.729285710854918667e-01 -6.313347785645988253e-02
-9.552029200654164683e-08 -3.427393220247895569e-08
