-1.225554195520666312e+01 3.085589482087184532e+00
-1.588187397646026255e+01 3.005136224795907918e+00
-1.760841565337469561e+01 2.959196886130622151e+00
-1.837597512533121247e+01 2.921045283892782063e+00
-1.866966170315038553e+01 2.892227496579885759e+00
-1.869660104681794621e+01 2.828751514564443958e+00
-1.857724812133345083e+01 2.717394911996027229e+00
-1.849383782111218721e+01 2.747974334178365119e+00
-1.834562843265166876e+01 2.742883963828786520e+00
-1.817298896620517468e+01 2.730686845429066256e+00
-1.798529488596507520e+01 2.712763170634612475e+00
-1.778850192655611906e+01 2.684749027745071182e+00
-1.758692527952488760e+01 2.639543643571386156e+00
-1.739130052135095639e+01 2.624058776290179029e+00
-1.718614713618467960e+01 2.542407268088124894e+00
-1.698548605772349518e+01 2.493571664912988428e+00
-1.679160061207203825e+01 2.607113709652919109e+00
-1.659245775684931345e+01 2.633862311098636333e+00
-1.639167111042388569e+01 2.584170917424313263e+00
-1.618749490405425817e+01 2.558828262971626355e+00
-1.597766155762216123e+01 2.551007515833903838e+00
-1.575591974947775675e+01 2.569352315602513759e+00
-1.559233118416061004e+01 2.376339757697716770e+00
-1.543075525363875045e+01 2.232617960456826811e+00
-1.521440311266470147e+01 2.241917550665402992e+00
-1.503205850006483502e+01 2.158662579334146070e+00
-1.482798085105077845e+01 2.117595904512547200e+00
-1.469096102430599693e+01 1.948183542375416133e+00
-1.417490620968392534e+01 2.414223516200466602e+00
-1.399085044231431851e+01 2.341259388723029744e+00
-1.384178065015028736e+01 2.205364402897274978e+00
-1.366407065867678661e+01 2.113307543907395392e+00
-1.347893381946271596e+01 2.033354880479955717e+00
-1.327746318265660719e+01 1.990934880039587185e+00
-1.312186129312164873e+01 1.820096734111124492e+00
-1.289954883700101718e+01 1.863634858403783179e+00
-1.262101543457224118e+01 2.129655322752522562e+00
-1.244084344217785443e+01 2.015479942673799929e+00
-1.224742693849038666e+01 1.962878955258673397e+00
-1.205780707493753745e+01 1.884134056828679293e+00
-1.187283237915318956e+01 1.776150638467290044e+00
-1.169525945972546488e+01 1.581109398643474551e+00
-1.151097744299332959e+01 1.797509095442292981e+00
-1.128877079169705766e+01 2.024416067502948557e+00
-1.109408605095473277e+01 1.907966966360617800e+00
-1.090270144183162415e+01 1.803891305145559620e+00
-1.071089899575969895e+01 1.721374283387642645e+00
-1.050539829190744356e+01 1.662899931092575612e+00
-1.029769628571652795e+01 1.622435263342456802e+00
-1.010634531393492530e+01 1.607589954747306926e+00
-9.929246585205625308e+00 1.623140557246527615e+00
-9.769028853299621673e+00 1.683714881509376982e+00
-9.533201780305160966e+00 1.626610990402794110e+00
-9.345739125190762664e+00 1.646765837641298802e+00
-9.166877924291538804e+00 1.675948812655086995e+00
-9.013388592131907018e+00 1.762504231113128705e+00
-8.639647483144248241e+00 1.098491938090242259e+00
-8.461630903623905908e+00 1.071820456341153305e+00
-8.286868510623664363e+00 1.088873423081609948e+00
-8.082248203685995946e+00 1.058279000988523899e+00
-7.924440382042114095e+00 1.131850806176722513e+00
-7.737184832606662788e+00 1.157829403657083089e+00
-7.556528319738617938e+00 1.196448852168884081e+00
-7.070981049882723468e+00 7.941498213999507172e-01
-6.936746432283290353e+00 8.908440831200828969e-01
-6.756910690754437177e+00 9.007562460357309009e-01
-6.551776245857647396e+00 8.422015382855166932e-01
-6.391506438027647619e+00 8.806891040491703349e-01
-6.209636513895521404e+00 8.850873004958854651e-01
-6.015879897892196126e+00 8.702369158541057859e-01
-5.832687193144696636e+00 9.110199445830718945e-01
-5.631982439595317302e+00 9.153648020313684963e-01
-5.435281602586044869e+00 9.673417106392446785e-01
-5.205943943611646141e+00 8.199391943423489648e-01
-4.990051558215339078e+00 7.013899973017094780e-01
-4.784453289770935314e+00 6.377533906656643881e-01
-4.581180516984453277e+00 6.230015049568968788e-01
-4.379558508813801154e+00 6.019043267427091060e-01
-4.176191320540335816e+00 5.841226920740089090e-01
-3.983477980860924195e+00 5.091485755804184832e-01
-3.797557255631808459e+00 4.330068048662573665e-01
-3.623440591310989944e+00 3.433997887927566772e-01
-3.397172827212462387e+00 4.135120512583213559e-01
-3.182769515367687152e+00 4.258297365184525174e-01
-2.946927738346264203e+00 4.679369036645108504e-01
-2.674899062295339913e+00 5.747770343709324159e-01
-2.569128959110167365e+00 3.401659640714792543e-01
-2.528355686222076848e+00 1.879989343985822431e-02
-2.285818642760033104e+00 7.460580150633605578e-02
-2.069886169135001897e+00 7.909719251534740037e-02
-1.866714816842859115e+00 6.504594058406167056e-02
-1.693111442433803626e+00 1.306632926394706538e-02
-1.519675377816458006e+00 -2.141979733478013848e-02
-1.277006035853274435e+00 -6.141111340804100531e-04
-1.054453937374436823e+00 -2.132257882339787421e-03
-8.377663749175912056e-01 -1.932818123266411697e-02
-6.333501414401393470e-01 -3.325531463877995364e-02
-4.269931359086248102e-01 -4.190074332514347882e-02
-2.194582826250268404e-01 -3.467923868871060356e-02
-4.956075310205089633e-07 1.786484343619210967e-06
