2.700158684069272397e+01 4.497645208333014466e+01
3.346991049453013289e+01 4.456533910743296190e+01
3.648993865320970542e+01 4.410968579337494333e+01
3.779286254692989644e+01 4.364763065408432396e+01
3.824255334209998836e+01 4.319100319559275647e+01
3.827439280112468367e+01 4.274933962436853108e+01
3.810561791154042055e+01 4.233124923064546863e+01
3.785631910970843705e+01 4.195436778966774227e+01
3.747244957448838676e+01 4.147191232857041143e+01
3.703915759362828908e+01 4.094681754222678904e+01
3.671324885636968105e+01 4.059911765344333645e+01
3.607595095550296094e+01 3.975773609815841070e+01
3.576391427255030209e+01 3.944391495393619351e+01
3.540761489076530211e+01 3.906448897532199283e+01
3.493775535834294743e+01 3.852067865066607055e+01
3.457327775420264260e+01 3.812803068182154931e+01
3.424981545809219341e+01 3.779193798381825076e+01
3.374809980205680660e+01 3.722190712362698406e+01
3.324792206157086127e+01 3.665965461079806431e+01
3.294982468477002158e+01 3.635750437967317339e+01
3.252806868483462921e+01 3.588772432157687575e+01
3.203722853381616176e+01 3.532427603850091202e+01
3.170943447721158748e+01 3.498596050549834757e+01
3.115353625315589881e+01 3.430978462108176785e+01
3.084133984638924986e+01 3.399754282824867602e+01
3.039634213305450317e+01 3.348235599244847549e+01
2.994189252178823679e+01 3.296369404829425775e+01
2.961488559637462714e+01 3.263941969127516529e+01
2.929249316231042499e+01 3.232653355694970543e+01
2.877261505074133296e+01 3.168531084749055182e+01
2.844089061141202635e+01 3.135863307520914134e+01
2.793876546092721469e+01 3.073220032621077280e+01
2.746510034644085962e+01 3.016212178098740893e+01
2.711740017258329161e+01 2.980934894882908637e+01
2.677790217901846859e+01 2.946813811249743864e+01
2.634341142529855517e+01 2.897767789867690524e+01
2.586830419642756596e+01 2.842648040486218264e+01
2.551286635547708315e+01 2.805486780149714221e+01
2.500445114203768071e+01 2.746962638671518064e+01
2.466038669498717439e+01 2.711353268824925067e+01
2.431075974648956972e+01 2.675065282015967227e+01
2.381677542973599415e+01 2.615591229329172052e+01
2.340335789422987034e+01 2.569808662181032588e+01
2.304009255539565260e+01 2.531785848231259095e+01
2.266529009877509182e+01 2.491703553150152572e+01
2.219559755762641728e+01 2.435005143919649839e+01
2.179989465452081987e+01 2.391504764414316142e+01
2.141886732779445168e+01 2.350910500088158273e+01
2.093128196421509912e+01 2.294841203128884999e+01
2.057107099621098456e+01 2.257410288450630276e+01
2.020480027431964842e+01 2.219222021574344694e+01
1.983187410150511454e+01 2.179948624461233209e+01
1.939668118816238618e+01 2.129691050607782188e+01
1.885655972470155106e+01 2.061181984913868348e+01
1.839624682184506810e+01 2.006049149105331608e+01
1.807119540925282308e+01 1.974635953063755878e+01
1.774275015966401625e+01 1.942205848412855573e+01
1.739445914820131733e+01 1.906405722156636884e+01
1.693222234748478172e+01 1.854210334396731596e+01
1.648183906921654795e+01 1.803282583147925067e+01
1.588934370477785585e+01 1.728925939062278871e+01
1.550641179011206638e+01 1.686412778561459902e+01
1.516494178139254423e+01 1.651344068795032882e+01
1.479916135078408423e+01 1.612844972780822062e+01
1.437149724224509661e+01 1.565726832484734565e+01
1.398900781097960788e+01 1.524620672647737685e+01
1.359228751039814931e+01 1.480867643904163877e+01
1.311329325418401126e+01 1.422611409126206183e+01
1.272651578188379773e+01 1.380376089063725864e+01
1.233374835135431447e+01 1.337365956351187180e+01
1.193520609580927960e+01 1.293626997212503937e+01
1.153786202027961316e+01 1.250108803367801613e+01
1.107885348902409639e+01 1.200272242345758755e+01
1.067241247729863218e+01 1.155487861817726625e+01
1.025999363134543607e+01 1.109584454420847699e+01
9.849538588485147628e+00 1.063594661111386230e+01
9.454859253610122138e+00 1.020291711072914431e+01
9.051249429518799516e+00 9.758260201840828429e+00
8.650486221413400401e+00 9.321396470073350926e+00
8.257556227294971407e+00 8.902926235566184232e+00
7.861525070939087811e+00 8.475595260547269305e+00
7.396419030809762596e+00 7.872975641722420370e+00
6.991609677851116977e+00 7.422335176223205266e+00
6.595886230878796219e+00 6.995415981958388763e+00
6.193152380826861148e+00 6.557219122692870883e+00
5.788471822216568086e+00 6.115567405574858562e+00
5.288550171218915352e+00 5.511695053117441567e+00
4.901461358012640268e+00 5.094017769966558085e+00
4.509048746087827020e+00 4.666469229301740462e+00
4.116759827728877497e+00 4.238117873271278313e+00
3.725786757986236264e+00 3.810918749156012364e+00
3.263824539179066786e+00 3.305441180181890370e+00
2.875282865886190198e+00 2.884227923763066581e+00
2.493570085072302156e+00 2.475263241054107777e+00
2.122333168989777530e+00 2.087487848560831250e+00
1.658973660622299340e+00 1.545690242007883519e+00
1.179712242401061539e+00 1.002099327979561361e+00
7.966877679900873366e-01 6.349926961963381356e-01
4.014446086577959649e-01 2.857944143365193090e-01
-1.949340835049943467e-07 4.719979070785728102e-07
