-3.206687150742264691e+01 4.411094111134887896e+01
-4.030871565897655984e+01 4.366960312892069851e+01
-4.417330519782564835e+01 4.322560991906055960e+01
-4.585820567685506433e+01 4.278636887183212423e+01
-4.645113537849517371e+01 4.235596120460562020e+01
-4.650825460816218282e+01 4.195041234916299544e+01
-4.629590942725442915e+01 4.158351217963741675e+01
-4.595116114496583748e+01 4.126440241338705306e+01
-4.552482751035910269e+01 4.078293422765313636e+01
-4.507422613040559156e+01 4.042260445302385818e+01
-4.454428594864159408e+01 3.976561960445469168e+01
-4.409652640837897764e+01 3.965296114592503329e+01
-4.346465106738288142e+01 3.824735501442317798e+01
-4.300587873553241280e+01 3.813025910724655887e+01
-4.252925223408407618e+01 3.792615265817921255e+01
-4.203385007779448301e+01 3.755302456865802441e+01
-4.153268228681632479e+01 3.708752781693711853e+01
-4.103149431312855455e+01 3.661218193460479142e+01
-4.051183119908399277e+01 3.568675336236498197e+01
-4.001490832468883951e+01 3.532205823354320984e+01
-3.951861636846301451e+01 3.484456253633669576e+01
-3.901730764549909480e+01 3.451745801103122346e+01
-3.851480359184280644e+01 3.417223151558951599e+01
-3.801595580863007484e+01 3.376663392605536984e+01
-3.752617895636304013e+01 3.328460140992734750e+01
-3.702567555051371784e+01 3.291248254772404636e+01
-3.655601961800550015e+01 3.236405390568928198e+01
-3.603235254529305109e+01 3.214247499016300225e+01
-3.555757670973299867e+01 3.123531327619816267e+01
-3.504561985211446284e+01 3.086711697140406940e+01
-3.453129934787229161e+01 3.052315628800989344e+01
-3.402225837531126729e+01 3.013755472343887476e+01
-3.352891376446965666e+01 2.966559123604239545e+01
-3.303641869357469574e+01 2.918410462691345586e+01
-3.252175361441555168e+01 2.879458885294229376e+01
-3.201357286625101750e+01 2.836954447770733267e+01
-3.154588429101869096e+01 2.781294601801045729e+01
-3.103247020638771758e+01 2.740640040788005294e+01
-3.050952188046085212e+01 2.701549276961952728e+01
-2.997893017965404638e+01 2.663216363758716554e+01
-2.944206642551069208e+01 2.625333795772457890e+01
-2.900660353896046573e+01 2.565919403806785226e+01
-2.853060483248321688e+01 2.515736734024542542e+01
-2.801051292609251320e+01 2.475232124364649522e+01
-2.761349819375417525e+01 2.417162890307997714e+01
-2.711533611608085792e+01 2.373333868793481116e+01
-2.661124358602630480e+01 2.328722961668346514e+01
-2.608058360225984629e+01 2.289470321550080101e+01
-2.556004726121257420e+01 2.249547945817976924e+01
-2.506231271105750125e+01 2.203528113252303910e+01
-2.455973090100210499e+01 2.158847961253527004e+01
-2.405845744505241512e+01 2.113560549289544355e+01
-2.355645793905992136e+01 2.067818436937622195e+01
-2.305704438947193680e+01 2.024159039875086208e+01
-2.255154124696109363e+01 1.977910122142226257e+01
-2.204081652769241018e+01 1.931437601514628355e+01
-2.153540168579247549e+01 1.886440950549721407e+01
-2.104100915969631203e+01 1.842636415277977591e+01
-2.056812615468645689e+01 1.800400077845877789e+01
-2.006691919293051285e+01 1.754484362235639239e+01
-1.957481975408918018e+01 1.709362700474085983e+01
-1.906862799172744616e+01 1.663573894432077083e+01
-1.857239066457419341e+01 1.618692938463088637e+01
-1.809153026779733509e+01 1.574397297882253355e+01
-1.760382846618472641e+01 1.529779601448731796e+01
-1.707032110136150393e+01 1.483705186151526334e+01
-1.657585265339979941e+01 1.438604420431363984e+01
-1.604614453144950303e+01 1.392849066275822345e+01
-1.550597062020686678e+01 1.346984068858948547e+01
-1.498877298067817065e+01 1.301505419259044061e+01
-1.449275570626281429e+01 1.256401883789789764e+01
-1.402456036930530203e+01 1.211437706184377561e+01
-1.360826316416076409e+01 1.166347774231076606e+01
-1.317887168537760445e+01 1.120807897092777417e+01
-1.282747800484162326e+01 1.074696843464620244e+01
-1.252059534676923747e+01 1.028023170724594060e+01
-1.123396122390166596e+01 9.915604858255903764e+00
-1.104396114662828943e+01 9.435884151977385059e+00
-1.047515197171980184e+01 8.978191066867349690e+00
-1.022485068529315733e+01 8.500347416579671744e+00
-9.240631449406189191e+00 8.120253256354928340e+00
-9.103142216192582126e+00 7.628940757156351005e+00
-8.538926519871425924e+00 7.173136158277200636e+00
-8.171715975137971100e+00 6.703712334137385653e+00
-7.266643374884595552e+00 6.314935463847482389e+00
-6.603331997309720869e+00 5.900071736208245099e+00
-6.268252030761659377e+00 5.430921532989110290e+00
-5.963948723839444632e+00 4.959948667636701281e+00
-5.609273208899442587e+00 4.497014167922299244e+00
-4.786372742544650727e+00 4.037197438904251534e+00
-4.407049222569819236e+00 3.576487223851314567e+00
-4.011172558521113096e+00 3.115188960373580951e+00
-3.541188968401156600e+00 2.661851674740461693e+00
-3.057575674991951153e+00 2.215171784795338272e+00
-2.563981391055337511e+00 1.777976562370970903e+00
-1.904614498550574631e+00 1.399103774025084901e+00
-1.393242879075017537e+00 9.824827434175590346e-01
-9.795732779762892362e-01 5.753279806031476040e-01
-5.608568569723794139e-01 2.315710365130450310e-01
6.424440616616338612e-08 1.337524076240888911e-04
