-4.522168188035505665e+01 -4.399014785651750259e+01
-5.733923588168472207e+01 -4.392315086315377215e+01
-6.305928217247719658e+01 -4.370017048915178748e+01
-6.555220406565909741e+01 -4.330037587199472426e+01
-6.637076133776149334e+01 -4.263199968466070544e+01
-6.628849396287098727e+01 -4.162570134681851641e+01
-6.602910100060361742e+01 -4.147886350068782235e+01
-6.544320228707248077e+01 -4.075140323930022390e+01
-6.478419539761841861e+01 -4.008742762973640339e+01
-6.416012598589671256e+01 -3.984409311335603832e+01
-6.354606604782748747e+01 -3.979027391021713100e+01
-6.282055756062884200e+01 -3.909540992340073728e+01
-6.199624093775855016e+01 -3.764423401174405370e+01
-6.137019315474002923e+01 -3.769758488815657671e+01
-6.066268980261187238e+01 -3.731756747977807720e+01
-5.998768785363148481e+01 -3.707591363513959237e+01
-5.927818588406974953e+01 -3.667649174987141691e+01
-5.857438639569508609e+01 -3.627454682251855900e+01
-5.786304921876480023e+01 -3.583879886674262849e+01
-5.716804775324639820e+01 -3.543477180887306588e+01
-5.644483603808337335e+01 -3.496981219279349773e+01
-5.574582907071026483e+01 -3.454296835217913042e+01
-5.504480782092247182e+01 -3.411072787297185016e+01
-5.430444266732592240e+01 -3.363896871426941715e+01
-5.360006046579005812e+01 -3.320107939556341137e+01
-5.289510995001089810e+01 -3.276193241032656545e+01
-5.214260183265459148e+01 -3.229915899728698037e+01
-5.138271893646590627e+01 -3.183938662882928838e+01
-5.060278785198621421e+01 -3.138104516367001651e+01
-4.994226766025531816e+01 -3.095716950174701410e+01
-4.925956123278646004e+01 -3.051903022777360164e+01
-4.857094550102470976e+01 -3.007132801744805661e+01
-4.789016936671647073e+01 -2.961434614664551646e+01
-4.713736876217268446e+01 -2.915635469214853970e+01
-4.640298689260839637e+01 -2.870412880549631396e+01
-4.567937211780316176e+01 -2.825189568871762802e+01
-4.496359115593291023e+01 -2.779497349490224423e+01
-4.425541215777892745e+01 -2.733254576987712881e+01
-4.355291106333555007e+01 -2.685677871003742467e+01
-4.285749423661143709e+01 -2.635119833375467735e+01
-4.215372023580147953e+01 -2.583550866471156482e+01
-4.145652872141170064e+01 -2.528524540751024219e+01
-4.079900346277297984e+01 -2.459283168968969591e+01
-4.016742249880818605e+01 -2.377100783245812821e+01
-3.952016742142382810e+01 -2.295598775231261612e+01
-3.837244164879947306e+01 -2.461831097535522517e+01
-3.764785593457831681e+01 -2.423552834629087727e+01
-3.701574407892913143e+01 -2.334968344089240233e+01
-3.634894018666411597e+01 -2.262497369870417074e+01
-3.569081445649413098e+01 -2.184003223472199906e+01
-3.498919214386494048e+01 -2.142599612994237646e+01
-3.424116716857044906e+01 -2.164721435088794976e+01
-3.359191118234647888e+01 -2.066831299979798686e+01
-3.280594483173727838e+01 -2.066877862114588638e+01
-3.208061409117739515e+01 -2.041924745599060387e+01
-3.140376545097052130e+01 -1.971031340341940208e+01
-3.071595990923671593e+01 -1.910283659675334178e+01
-3.000640393399499573e+01 -1.860638330864240331e+01
-2.927906943705165688e+01 -1.815212874126737574e+01
-2.858538814760423818e+01 -1.764677881875688925e+01
-2.789255558345841735e+01 -1.716607272357807901e+01
-2.715672186185056702e+01 -1.673457356392990292e+01
-2.646884337761699157e+01 -1.626909926550152719e+01
-2.579431644436400717e+01 -1.581030521257856769e+01
-2.504139549498829354e+01 -1.538186965530393202e+01
-2.428971578137280929e+01 -1.494174860287702522e+01
-2.352974983079223392e+01 -1.449007192421684564e+01
-2.283310474717566763e+01 -1.403955619228709750e+01
-2.212798732140689850e+01 -1.359106050056687209e+01
-2.141941473272245133e+01 -1.314339418038852436e+01
-2.071064511411318421e+01 -1.269737731249854384e+01
-2.000570064444275076e+01 -1.225608743159935443e+01
-1.927216165876834353e+01 -1.179689109510744238e+01
-1.854221576748342315e+01 -1.133636650959517667e+01
-1.784353918650382909e+01 -1.090359747719122296e+01
-1.714682268812062205e+01 -1.047712013705570300e+01
-1.642909480560928870e+01 -1.002707114982953129e+01
-1.571974690674733566e+01 -9.590606277274394742e+00
-1.499002389825632342e+01 -9.124550572510310431e+00
-1.426221420319810385e+01 -8.663777780218625324e+00
-1.355970941831357379e+01 -8.258541272900711050e+00
-1.286052781089359520e+01 -7.876231991491842166e+00
-1.219559603029212447e+01 -7.608078121351422141e+00
-1.146427365030875301e+01 -7.165351377516489428e+00
-1.075814425158261400e+01 -6.764053171124492003e+00
-1.006344676567855778e+01 -6.337485044836538961e+00
-9.294565163165991351e+00 -5.430497363638147945e+00
-8.649504683285371698e+00 -5.190354620488588644e+00
-8.031275949684287596e+00 -5.100096558307301464e+00
-7.302925436714350127e+00 -4.592196252285953406e+00
-6.370649227654593183e+00 -3.427073905305822787e+00
-5.761542044893432468e+00 -3.323057974026044192e+00
-4.944716748346633217e+00 -2.524827297547115545e+00
-4.144044518925882770e+00 -1.830943050587392040e+00
-3.444203336387241521e+00 -1.470758495033227531e+00
-2.724839077862549974e+00 -1.072222858099729059e+00
-2.025198750282159121e+00 -6.964500053917830336e-01
-1.304139850251098354e+00 -2.245557329320968243e-01
-6.435941468202395210e-01 7.468855622497733160e-02
-3.125810288261191340e-06 -6.308289911193426913e-07
