-2.108010354755346327e+01 -1.854775189984929185e+01
-2.714594788693031546e+01 -1.621479175716102361e+01
-3.001039596183771963e+01 -1.714387261015106034e+01
-3.126509913484426306e+01 -1.757377416527589986e+01
-3.167352672151815085e+01 -1.720833011077268537e+01
-3.173107578955116281e+01 -1.727301620764879786e+01
-3.159982872084779615e+01 -1.731320939390717939e+01
-3.136971701340356589e+01 -1.680791727681885916e+01
-3.109317978353587719e+01 -1.684533557151326733e+01
-3.077960576648556312e+01 -1.672616632469975073e+01
-3.044647649149031565e+01 -1.655090203562054185e+01
-3.010906929497112827e+01 -1.638622047287958239e+01
-2.977572527807024017e+01 -1.625092106462756192e+01
-2.944250209598462220e+01 -1.611592893351086175e+01
-2.910490571457820153e+01 -1.594811809354502330e+01
-2.873995607973377986e+01 -1.565133140166476799e+01
-2.839845672332267768e+01 -1.546616388357712779e+01
-2.805609494461090847e+01 -1.527606390668437797e+01
-2.769459005766830018e+01 -1.502405597571010709e+01
-2.736207118921574377e+01 -1.486762958458949058e+01
-2.701898933407800385e+01 -1.467460955785506371e+01
-2.668124699152933843e+01 -1.449726966932567507e+01
-2.635287668790077120e+01 -1.433816762883647655e+01
-2.602207676707391215e+01 -1.416626128112437222e+01
-2.569262648426404638e+01 -1.398997326363553739e+01
-2.536818791777529469e+01 -1.381520178746558436e+01
-2.505838795850000977e+01 -1.365056194517433141e+01
-2.470567239831601825e+01 -1.343506846326839721e+01
-2.436644945083781622e+01 -1.324150266817489907e+01
-2.400091957220746153e+01 -1.303099055179215782e+01
-2.363983225797525733e+01 -1.282948396729237572e+01
-2.332089687565849445e+01 -1.265185493590046306e+01
-2.301274594900116810e+01 -1.247910742493530911e+01
-2.261675894065389159e+01 -1.226543804151271821e+01
-2.227852961960558531e+01 -1.207749094561701853e+01
-2.195201879672084644e+01 -1.189226286519711628e+01
-2.158153142928663470e+01 -1.169309483765945856e+01
-2.122057347458983045e+01 -1.149974885393951674e+01
-2.080865440144468081e+01 -1.129243926945499688e+01
-2.050370994230254595e+01 -1.111179236444485774e+01
-2.019004433765742590e+01 -1.092917821101160669e+01
-1.987449749348696670e+01 -1.074323392754596362e+01
-1.945122178528140466e+01 -1.054996727219077712e+01
-1.912894465471974215e+01 -1.036049309122879691e+01
-1.879432716554824268e+01 -1.017057273406440920e+01
-1.842878599785280969e+01 -9.983611485176082212e+00
-1.810114534477280301e+01 -9.792660940566110028e+00
-1.776173712629366008e+01 -9.602830790895120927e+00
-1.742111031924687126e+01 -9.413371501937264796e+00
-1.709266972127159079e+01 -9.220612689301619369e+00
-1.672116943382192034e+01 -9.041653602084654295e+00
-1.636326082298069551e+01 -8.857118374147109563e+00
-1.602541872755210761e+01 -8.667811232671953192e+00
-1.566165325793686947e+01 -8.492142769846738659e+00
-1.530429045802802790e+01 -8.319922223530662464e+00
-1.496372869553011142e+01 -8.136538203354103160e+00
-1.460233114422930356e+01 -7.975808050056622633e+00
-1.432819111752594843e+01 -7.729751370960655343e+00
-1.401620834674138827e+01 -7.507674910142776881e+00
-1.364356180551338937e+01 -7.360389343705033838e+00
-1.333963535038919446e+01 -7.119785174887645951e+00
-1.302449600418154674e+01 -6.885491273411929569e+00
-1.266617696112901115e+01 -6.717652345026895233e+00
-1.233540441905631369e+01 -6.484726020884182596e+00
-1.195932687266834193e+01 -6.342689153984378159e+00
-1.157279839169777347e+01 -6.254863133258848684e+00
-1.122196612731956833e+01 -6.087522967600050627e+00
-1.088372881451119767e+01 -5.909324471195006367e+00
-1.053603242563319853e+01 -5.816896057525012154e+00
-1.021202514479534251e+01 -5.539195330415843443e+00
-9.874931095640214096e+00 -5.298143865460320789e+00
-9.535324931169567364e+00 -5.161014804684187496e+00
-9.188765725416818242e+00 -4.913133951669265365e+00
-8.823513694116401851e+00 -4.619635018557370465e+00
-8.480482045875961106e+00 -4.473064751310793952e+00
-8.136339254861900017e+00 -4.298668178391189088e+00
-7.789686329381003915e+00 -4.106369830016835643e+00
-7.457472015681606337e+00 -3.943432815774408962e+00
-7.148430358647679839e+00 -3.813623666299112980e+00
-6.812536537455538443e+00 -3.633175345828291380e+00
-6.480442416851382781e+00 -3.456461708168560243e+00
-6.126000093375754574e+00 -3.252810107933784778e+00
-5.777126653188442873e+00 -3.057163418242302200e+00
-5.425782629464922735e+00 -2.858706660344181305e+00
-5.100468758431264682e+00 -2.680097515591320256e+00
-4.765179289954295072e+00 -2.494240332100257085e+00
-4.428840892975665078e+00 -2.306356039372063904e+00
-4.099467763546487120e+00 -2.119390580708834460e+00
-3.733746264389184777e+00 -1.913403032960267369e+00
-3.407468630047741698e+00 -1.725712897409472868e+00
-2.985206751035081929e+00 -1.511641550622526253e+00
-2.528559797330186321e+00 -1.293364416047723564e+00
-2.090907518870175341e+00 -1.083370703541133739e+00
-1.582647980115230446e+00 -8.593583215347480042e-01
-2.352236652827240260e+00 -8.569364519163152893e-01
-1.930973029076494818e+00 -6.679853528729395862e-01
-1.332445722514790321e+00 -4.438478324573933986e-01
-8.532713470437137682e-01 -2.557938857856630888e-01
-4.310514992094654496e-01 -1.025534014496554541e-01
2.418731091443502686e-05 4.725485227991813213e-08
