4.062792769352004285e+01 4.767053811668169772e+01
5.028867584596447671e+01 4.726914347498559721e+01
5.483056524789261488e+01 4.689109524546459085e+01
5.681986259589186972e+01 4.654427919741842601e+01
5.744795006962036865e+01 4.588427703320513729e+01
5.740181059315790435e+01 4.514506443823033521e+01
5.712722825591868769e+01 4.469898574597981167e+01
5.670093691036809247e+01 4.427470332871628500e+01
5.615604415155129914e+01 4.377417912089664753e+01
5.554186192762924890e+01 4.320976718909570735e+01
5.494474878109967619e+01 4.272012175755913432e+01
5.437163910147954482e+01 4.228645830862102173e+01
5.373982261903238822e+01 4.178012688234300498e+01
5.308398272615818314e+01 4.124638553328401969e+01
5.244396358587062679e+01 4.074442848911051840e+01
5.180559883088860573e+01 4.025619735176000802e+01
5.121629743358871423e+01 3.980869817836624946e+01
5.061012155151460234e+01 3.933936360034331869e+01
4.999158347593581908e+01 3.885543233552174769e+01
4.938769477488814630e+01 3.837774667083355951e+01
4.880307692465148506e+01 3.790694680158192398e+01
4.819301589372052774e+01 3.742121586378384279e+01
4.758748708168432273e+01 3.693509144027280655e+01
4.699235262399688651e+01 3.644831174800340534e+01
4.634749763014388435e+01 3.595053499652414075e+01
4.570999889798251559e+01 3.545676186393983897e+01
4.507563208485352391e+01 3.496556941786672468e+01
4.447229192202247106e+01 3.447595829795587008e+01
4.383121624724659426e+01 3.399224465520622829e+01
4.322106208184146681e+01 3.350412824833950509e+01
4.260738382378934830e+01 3.301793664584074861e+01
4.199571142164996473e+01 3.253172705427253675e+01
4.142917786733229235e+01 3.201997432852552095e+01
4.085544255502924926e+01 3.150661429382860845e+01
4.033209917402921718e+01 3.096079017167973646e+01
3.979954966683580864e+01 3.041718494829069641e+01
3.914304731966505813e+01 2.996635881657102729e+01
3.818578960825624335e+01 2.974793476029417150e+01
3.768727649973870086e+01 2.919172550468006477e+01
3.710550750235239548e+01 2.867772795919346152e+01
3.614517721403802852e+01 2.838523282377942536e+01
3.553862566426851544e+01 2.788440056272783707e+01
3.507293035589697183e+01 2.730963077345170831e+01
3.446414197448739003e+01 2.680814394464825057e+01
3.390502985492278043e+01 2.629229580013261725e+01
3.335121954299460612e+01 2.578155726728272157e+01
3.275494066332777265e+01 2.528853043165555192e+01
3.216603303489892340e+01 2.479861054354045180e+01
3.151308251140886441e+01 2.432001944654382797e+01
3.086501448003617298e+01 2.383815156133602287e+01
3.025404379078915795e+01 2.335365000388108925e+01
2.964021585600491804e+01 2.286799471300622955e+01
2.902592639549747844e+01 2.238168060889043076e+01
2.841578498680244635e+01 2.189615366178207267e+01
2.777050280636476032e+01 2.140012487193330060e+01
2.716266754181215859e+01 2.091632233726246071e+01
2.655248365463259930e+01 2.043418614554193979e+01
2.594630787198806487e+01 1.995490889264371148e+01
2.531232868747537879e+01 1.945537475080729450e+01
2.468175345742505655e+01 1.895824536831047169e+01
2.408750769779534906e+01 1.849142631862607544e+01
2.346601327338344944e+01 1.800501181140214868e+01
2.285615616386488114e+01 1.752928300969563224e+01
2.226618267974368592e+01 1.707585520077443775e+01
2.156331965045475840e+01 1.649252069838556878e+01
2.095228615690744789e+01 1.601645306722552675e+01
2.029424623308248243e+01 1.546835572811755988e+01
1.967454511350437585e+01 1.496476323044268142e+01
1.910537901752795520e+01 1.456425087633724935e+01
1.852406350202435092e+01 1.416749539751334197e+01
1.788605296754036189e+01 1.365088839800559484e+01
1.725624590652535062e+01 1.314225158117920245e+01
1.664530500632109522e+01 1.267679459161027822e+01
1.604325103549897591e+01 1.227225699167632200e+01
1.544995808608273435e+01 1.197502802477889361e+01
1.481334828286425065e+01 1.134392520366094459e+01
1.424153573260435479e+01 1.128057802727108516e+01
1.361354316229002315e+01 1.038172376597616520e+01
1.296058226761934939e+01 9.301521660619219034e+00
1.236199731454392747e+01 8.988301247437478381e+00
1.170859115256135752e+01 8.284325149440837421e+00
1.113264975454723071e+01 8.123688703043962178e+00
1.055790073346508606e+01 7.933995179396270636e+00
9.899670386871255445e+00 7.370876607689048399e+00
9.365661377038428270e+00 7.387286521851249788e+00
8.544968275562734306e+00 5.580780412391513678e+00
8.008861824405739682e+00 5.542827758156191109e+00
7.456294853103131004e+00 5.397538148018252713e+00
6.788503153452896122e+00 4.722465481791338071e+00
6.114949887493479785e+00 4.094878419521107205e+00
5.506300853860349953e+00 3.687697010951814569e+00
4.871607605277560538e+00 3.130404249672934291e+00
4.255769847608568135e+00 2.583888830471948062e+00
3.661554790506985402e+00 2.183703083937905465e+00
3.058867025847577192e+00 1.734948942748043788e+00
2.451247067354955345e+00 1.302151309740463336e+00
1.832490462756828808e+00 8.875910307439478508e-01
1.205699782242730889e+00 4.773299008671926247e-01
5.908473149453602469e-01 1.367679152275164400e-01
-3.094617007840057474e-07 6.487014850777293736e-07
