3.039085349663353952e+01 4.595687047754087473e+01
3.710505503269268957e+01 4.554290207138333813e+01
4.029018855448842373e+01 4.514405899903022146e+01
4.171822176502843860e+01 4.474805816255103963e+01
4.208815664439629245e+01 4.419506887084440905e+01
4.205023696724784088e+01 4.368820720526646539e+01
4.198647521684917194e+01 4.334127957830420996e+01
4.159872997779721970e+01 4.282206457526610421e+01
4.132553144519358312e+01 4.243086615178614807e+01
4.113673309448869020e+01 4.212459180110400325e+01
3.998894304458648463e+01 4.122575518737305345e+01
3.893749361243806106e+01 4.037242040818752997e+01
3.876854284581703070e+01 4.009758222104586167e+01
3.848746267086296058e+01 3.974458712397087368e+01
3.816478293947849210e+01 3.936576759296441708e+01
3.776579246010330593e+01 3.893322421570591985e+01
3.736239919684534527e+01 3.850506572958843776e+01
3.689032623799248967e+01 3.800565329049023688e+01
3.647108103318306149e+01 3.757634249624549483e+01
3.602644987827015655e+01 3.711113647893517964e+01
3.558862957539971461e+01 3.666578696571153984e+01
3.513839768354645798e+01 3.619204341572599759e+01
3.467563767099171201e+01 3.565657506815413313e+01
3.423567942618298332e+01 3.520848363367917244e+01
3.379301723205303887e+01 3.476871084238243270e+01
3.334450419219760420e+01 3.428939482313734999e+01
3.289602891558000408e+01 3.383015781897389473e+01
3.244627590174579979e+01 3.336536098155848862e+01
3.199647342388246685e+01 3.289710537633486354e+01
3.154153667998384947e+01 3.244945177111726764e+01
3.109031880545094140e+01 3.197988494405351290e+01
3.063847229104570147e+01 3.151272077468334132e+01
3.018569758834746963e+01 3.104662798386586786e+01
2.973141186132918534e+01 3.058065629628780613e+01
2.927406761173846661e+01 3.011508279563732771e+01
2.879049826983816018e+01 2.966491657446491104e+01
2.830159116537456399e+01 2.920786059961129411e+01
2.782057084118336832e+01 2.874348680602006212e+01
2.734900949010069482e+01 2.827941358190024346e+01
2.698334991276118089e+01 2.778614203243698810e+01
2.648650090757715958e+01 2.732735258657092814e+01
2.591834187928094480e+01 2.688409386925720668e+01
2.549099417294906189e+01 2.642220049916996771e+01
2.557739159415866581e+01 2.591195891606860613e+01
2.501314850149553592e+01 2.546152870016127778e+01
2.454815131046461119e+01 2.498911760404937965e+01
2.400819424106616751e+01 2.453715602887076841e+01
2.351707283107918300e+01 2.407705508831030983e+01
2.305201997418219761e+01 2.361103769710040368e+01
2.257184047489968393e+01 2.315518464587411529e+01
2.212902272873477472e+01 2.268323541156376066e+01
2.166397016905759543e+01 2.222513889742903004e+01
2.120198726178626103e+01 2.176864544059063533e+01
2.075928937944267361e+01 2.129717004477499387e+01
2.031327408141602930e+01 2.082768776726409854e+01
1.986567648980637202e+01 2.035871953880167595e+01
1.941695608419649943e+01 1.988648134877005091e+01
1.896093946955692289e+01 1.943386256038954230e+01
1.850854831377490584e+01 1.898296507381614973e+01
1.805988008940164846e+01 1.851033162206386251e+01
1.760920796779360842e+01 1.804176428790881204e+01
1.715854758044049788e+01 1.757761370022258163e+01
1.671024106776571827e+01 1.712038189583892844e+01
1.625755645849314135e+01 1.664417453415016368e+01
1.579641967473862074e+01 1.614886995447785623e+01
1.534590420215255691e+01 1.568501015692893041e+01
1.489459170128675147e+01 1.521970738162115389e+01
1.444359551786053508e+01 1.475364770871562570e+01
1.399574319601526895e+01 1.429149338408367242e+01
1.353577825223571551e+01 1.381296392453601740e+01
1.309700864984145774e+01 1.336135633920112298e+01
1.266683452288357437e+01 1.291419249103289246e+01
1.225230076805728707e+01 1.247722153616849816e+01
1.186772369306645381e+01 1.206031138620725507e+01
1.135626070970746149e+01 1.153450192799458485e+01
1.087150387140207819e+01 1.104108200342414747e+01
1.054487505684791415e+01 1.065732747292395644e+01
1.026082221564021246e+01 1.029679517781799092e+01
9.316847838009854499e+00 9.571538661570942352e+00
8.925131387917200954e+00 9.146368182336567898e+00
8.676553123926163735e+00 8.805708422409646019e+00
8.192020940015723340e+00 8.302802292869424505e+00
7.894471365589914136e+00 7.939155324910045941e+00
6.979784273707425157e+00 7.189264984417073734e+00
6.782162699757180668e+00 6.899016039007277001e+00
6.415936307332256838e+00 6.493266423453847302e+00
6.121251023553849535e+00 6.141797492425642879e+00
5.366956197711434839e+00 5.414109960106427977e+00
4.589548817571518669e+00 4.716994668285231285e+00
4.439167892424894291e+00 4.488521991591225557e+00
4.047531427366609869e+00 4.067899801818322558e+00
3.542006429982008875e+00 3.533267651623929417e+00
3.117277589228424350e+00 3.081420502123260796e+00
2.771782073588636486e+00 2.707507873517612573e+00
2.183757822214097200e+00 2.157113755096282226e+00
1.703478610703824447e+00 1.675495715953244424e+00
1.208684572094430587e+00 1.184371113455552793e+00
8.637670007061184485e-01 8.268761940665215748e-01
5.554135293737855195e-01 5.209205475276466046e-01
-3.340843903556602681e-07 3.554831852808775796e-04
