1.276931130683947924e+00 4.393455665003691024e+01
1.977883379076621262e+00 4.348269926184534029e+01
2.323890575582273854e+00 4.303445149543036763e+01
2.496981547558298153e+00 4.258428858251552640e+01
2.599417652312363547e+00 4.213764637680866088e+01
2.657503785715268130e+00 4.168550580675793782e+01
2.694843833677041722e+00 4.123382401231779681e+01
2.748317975864437823e+00 4.078337853482177167e+01
2.855540332145643401e+00 4.033236210726992965e+01
2.354786053592359263e+00 3.987840557241302974e+01
2.457407576084796652e+00 3.942590181494986723e+01
2.577806279374024179e+00 3.897291858835421863e+01
2.518166657338925862e+00 3.853326891401592036e+01
2.305562727431363701e+00 3.812480649029492241e+01
2.583028073991158635e+00 3.766864370370210224e+01
2.673809250103715840e+00 3.722926093838199790e+01
3.110149858385166777e+00 3.678070746871117080e+01
3.656409134009669604e+00 3.633291187922652199e+01
4.260375353508458196e-01 3.588217044204524342e+01
1.254828412391321812e+00 3.543239736075889823e+01
1.636964088201215528e+00 3.498112088067657055e+01
1.828046481923332189e+00 3.453031167186229311e+01
1.927766111120155168e+00 3.408132932593232312e+01
1.946516239424834094e+00 3.362754027595714490e+01
1.954110056709529974e+00 3.317583632455414033e+01
1.964562994091543002e+00 3.273065653840590272e+01
1.992885806069995214e+00 3.230084484991988347e+01
1.940594869831446578e+00 3.183724507647864854e+01
1.922863836269963489e+00 3.139170980499741503e+01
1.902857270450921678e+00 3.094705178920761313e+01
1.884669912368010847e+00 3.050605297059664522e+01
1.840742057852089442e+00 3.004241490932589542e+01
1.799450815357009903e+00 2.957737905127713063e+01
1.781231453893170835e+00 2.913749841351192060e+01
1.759621703706789386e+00 2.869573086290690256e+01
1.737307067494635149e+00 2.825546576698745938e+01
1.716377438859018945e+00 2.782075361377017586e+01
1.681525854129440445e+00 2.735944999093678476e+01
1.665845482984095849e+00 2.694280202307525585e+01
1.640014697147160083e+00 2.650955657207363814e+01
1.622342707994854472e+00 2.610895055844689594e+01
1.617693977214172296e+00 2.576728079941860017e+01
1.571305698459056099e+00 2.526970519688848071e+01
1.589707413753713494e+00 2.505239157365966562e+01
1.486635984175052272e+00 2.416198946373113543e+01
1.437705009974515669e+00 2.365073264268605868e+01
1.412106418509358363e+00 2.325364205301962528e+01
1.386818720486842516e+00 2.287286591066300545e+01
1.354808929909232740e+00 2.244441803764552645e+01
1.330516391446602498e+00 2.208616629105227602e+01
1.307338635671937199e+00 2.170759025978948742e+01
1.284628444779792877e+00 2.139352689610659297e+01
1.256706721493308310e+00 2.042644782862150876e+01
1.226999758205234770e+00 2.007322566483882653e+01
1.204625003999786115e+00 1.965988422131500002e+01
1.171495116424870808e+00 1.944405916065738538e+01
1.156078808872381680e+00 1.896072708851190569e+01
1.180370964470451201e+00 1.808336322801487839e+01
1.147778510433188126e+00 1.785433055674841540e+01
1.125180431507310397e+00 1.742417743819096998e+01
1.101445624335067874e+00 1.690613819685198749e+01
1.071999106167446536e+00 1.656769479714697013e+01
1.042916577363263375e+00 1.617055510823819731e+01
1.010853651401077302e+00 1.581826749333873749e+01
9.356462074623067560e-01 1.499961685719634019e+01
9.029252306487980384e-01 1.453841827413127596e+01
8.729202317970898850e-01 1.400083266161013285e+01
8.527177308956093160e-01 1.370104397691229359e+01
8.282907298568527033e-01 1.332289642301429389e+01
8.028599707955932363e-01 1.290375515310265619e+01
7.738303655943018500e-01 1.248738358071602050e+01
7.439370424207777388e-01 1.205454754367175063e+01
7.146373335080495881e-01 1.161311844826162520e+01
6.864465879838305140e-01 1.116736145435747929e+01
6.591130133427776094e-01 1.071919297042621189e+01
6.140770546321759893e-01 1.028629283043890474e+01
5.796261561920290628e-01 9.837471928783612540e+00
5.367013654571620718e-01 9.392003684657593610e+00
5.081087480819260760e-01 8.938845545077459320e+00
4.696686762297051509e-01 8.490541425980410395e+00
4.175586578380917624e-01 8.044879332855968457e+00
3.833122841735220887e-01 7.594131071826222268e+00
3.218255788791191674e-01 7.144072897992127302e+00
2.137426493878359923e-01 6.693971647245374967e+00
1.556772741150897095e-02 6.244174837852638049e+00
-3.075235588752976423e-01 5.792812778930469086e+00
-9.009274388590943206e-01 5.342256084045821751e+00
1.179352424425818890e+00 4.890098430931346662e+00
4.094258660957148521e-01 4.433364965581582773e+00
-2.503720991002473806e-01 3.970154154617342446e+00
-4.934681040359985976e-02 3.543607604285507584e+00
1.190702852745266771e+00 3.150125680731168831e+00
8.355465962349747366e-01 2.688766547015692510e+00
4.988903775920743855e-01 2.228085314111265092e+00
3.615913127526934057e-01 1.786703251115746571e+00
2.250505309319695280e-01 1.355069790759710457e+00
2.602315975123190017e-01 9.659801082593513222e-01
1.140779659336240981e-01 5.682940641617604260e-01
7.326211833082585563e-03 2.324417651993509748e-01
1.015523876073870863e-07 -1.526746779797581680e-08
