-4.698189266911800388e+01 1.441985243305164310e+00
-5.886649090858063005e+01 1.358335063290305955e+00
-6.445289904821206051e+01 1.252389548245498085e+00
-6.686926251571343016e+01 1.292728994505527362e+00
-6.773158367353619269e+01 1.202658386336537877e+00
-6.767016017363701508e+01 1.557287275843628915e+00
-6.730566969997447302e+01 1.609162530888417875e+00
-6.673728178428808633e+01 1.658740627709616833e+00
-6.612462233262955635e+01 1.578323394638398103e+00
-6.551155865568969716e+01 1.430546366272689607e+00
-6.480849675986232228e+01 1.417368100865742830e+00
-6.409352615474880110e+01 1.395429785792962507e+00
-6.334075970919235488e+01 1.397653992515676125e+00
-6.259344549694098703e+01 1.382586035840813521e+00
-6.193331659704959691e+01 1.316356268424951015e+00
-6.128244331355919172e+01 1.267586741956832297e+00
-6.046018837035497029e+01 1.294870380991651304e+00
-5.967091204666937898e+01 1.291925547484583658e+00
-5.888680020433475448e+01 1.268080114653874046e+00
-5.820533847517021542e+01 1.240697872544223923e+00
-5.749825183110596072e+01 1.220047709128097679e+00
-5.677761411095516308e+01 1.203117778211730382e+00
-5.604715482983988295e+01 1.186618221719924815e+00
-5.534578220556456074e+01 1.183053186366747056e+00
-5.460669486186812804e+01 1.167301689038157564e+00
-5.390452066963605660e+01 1.173858307366128617e+00
-5.317251894953273705e+01 1.169247354947601680e+00
-5.245383447253799858e+01 1.182112281686718669e+00
-5.179383654255027380e+01 1.259198266982133996e+00
-5.101437275412769168e+01 1.237091384991916065e+00
-5.026263797835836300e+01 1.228079744009269447e+00
-4.956176164124313743e+01 1.282047039282161238e+00
-4.882692780457851001e+01 1.274123873390117900e+00
-4.798037710467475847e+01 1.016177465667099433e+00
-4.720444735949943293e+01 8.915323954316263233e-01
-4.648546784389770892e+01 8.883976900004663113e-01
-4.580501541085371997e+01 9.879008606069036302e-01
-4.510224655439618147e+01 9.865174609554734353e-01
-4.441915767074972621e+01 1.111951266377698033e+00
-4.366724374363209904e+01 6.507316399759196512e-01
-4.297139811768818163e+01 7.407130772921456385e-01
-4.223837546321083636e+01 6.877092403122464503e-01
-4.149849713671279261e+01 6.836291060933076258e-01
-4.078819976774950362e+01 7.513902653854656055e-01
-4.008449778053015677e+01 8.047603405921464059e-01
-3.935808639221146876e+01 8.071748323466176878e-01
-3.862805062178441773e+01 7.988114206155266794e-01
-3.789401204298309267e+01 7.852565820932762009e-01
-3.715405443062311264e+01 7.684365134140803688e-01
-3.644167708263466210e+01 7.679020243609370189e-01
-3.569605475176837217e+01 7.494519623158278909e-01
-3.498583879486398729e+01 7.454875529462137163e-01
-3.424024884757106690e+01 7.293125800843139883e-01
-3.349158480085792888e+01 7.127135113159933644e-01
-3.277894354900298879e+01 6.998930312958083766e-01
-3.206795019708443562e+01 6.840660237255694609e-01
-3.136816800461343036e+01 6.640495743300119935e-01
-3.050556034971402042e+01 6.612522319748770361e-01
-2.984003871523637130e+01 6.398710261850043546e-01
-2.912043085629197847e+01 6.234426444451733884e-01
-2.839968556881477468e+01 6.029595070583126937e-01
-2.772847910372401614e+01 5.537462457622545076e-01
-2.690871031675236580e+01 5.810904834983370293e-01
-2.625797127638819362e+01 5.037052045283844093e-01
-2.559077255055859013e+01 4.175537270769877907e-01
-2.482174110146031509e+01 4.165647663877195539e-01
-2.406887350669826731e+01 4.191292947448302941e-01
-2.332084487400257444e+01 4.300011291734416874e-01
-2.257099905567024933e+01 4.564243201050757759e-01
-2.181809707784522345e+01 4.956212887095282627e-01
-2.111600853957412482e+01 4.551494722827147399e-01
-2.039834212349861886e+01 4.531179346207253045e-01
-1.946657596791938616e+01 9.208555594121350385e-01
-1.881805030489607233e+01 7.687750211945070244e-01
-1.812972757502144461e+01 6.735721845425249876e-01
-1.743915058606294366e+01 5.883317236336502720e-01
-1.674730533170610869e+01 5.199651271551271048e-01
-1.602774122251915401e+01 4.880010677676731579e-01
-1.531289180730335353e+01 4.594504291063291612e-01
-1.458883795033803565e+01 4.407213426568523662e-01
-1.385708432251641398e+01 4.290981030105825433e-01
-1.313338958334178663e+01 4.174785412883655344e-01
-1.239751146344401000e+01 4.128770925721664820e-01
-1.163009185751817576e+01 4.136697489626154356e-01
-1.089517814983749133e+01 4.106888904086682390e-01
-1.018692584362768905e+01 4.062016316134937632e-01
-9.474937297027473448e+00 4.029422302581540105e-01
-8.769006194961464828e+00 3.993549807081850367e-01
-8.011484199076186030e+00 3.616209290100610985e-01
-7.256003126553824956e+00 3.237322044905511231e-01
-6.526954391486795792e+00 3.121660576365645201e-01
-5.826486630172337478e+00 3.324668974932615262e-01
-5.107404860495885934e+00 3.426023189783549694e-01
-4.439635869267858581e+00 4.384730978175861438e-01
-3.829025646184074816e+00 6.468067662706614707e-01
-2.877262856203150143e+00 1.782054635664825637e-01
-1.971563203553628352e+00 -3.676851541817041102e-01
-1.331855037498111960e+00 -1.803430150793584597e-01
-6.960126843922402884e-01 -3.962021964421467285e-02
1.187457752125908746e-08 -1.142500102436588051e-08
