3.544125713433103897e+01 2.592402710473679406e+01
4.403450235416407565e+01 2.573619663281216674e+01
4.841459484185996587e+01 2.564506100180502912e+01
5.064819852573257464e+01 2.555659291542702505e+01
4.873479686246833609e+01 2.464177359072271756e+01
4.924136187565726175e+01 2.456252115576903350e+01
4.904200004529383961e+01 2.431856477309478848e+01
4.864954148709691140e+01 2.401824491296186892e+01
4.835690260752247838e+01 2.382673200517007928e+01
4.794815079476957465e+01 2.360814305428467463e+01
4.745193163717966911e+01 2.333542782479360511e+01
4.693581175128844762e+01 2.306034294484809521e+01
4.640769062593184913e+01 2.277722198223821692e+01
4.587458584280823715e+01 2.248590967218476777e+01
4.534496967383787336e+01 2.218713624876913215e+01
4.482645880672906458e+01 2.187284725623507953e+01
4.430295861984809136e+01 2.163758069474414114e+01
4.377319161746959963e+01 2.138242777881603374e+01
4.324035787133868070e+01 2.111789253569082803e+01
4.270418749495607358e+01 2.085168136807658712e+01
4.215584168257338149e+01 2.058589701717919240e+01
4.158533715356468008e+01 2.032349450419384596e+01
4.102344733223077355e+01 2.004196445291516326e+01
4.033705185794349291e+01 1.978164064232686670e+01
3.978918761172506890e+01 1.948329252047572169e+01
3.922359049148185761e+01 1.921756343316140203e+01
3.878074006045402200e+01 1.899335651636568301e+01
3.894751351069258760e+01 1.889631178124913191e+01
3.816513347296374548e+01 1.864141186313570131e+01
3.761088251709841046e+01 1.838785296069823261e+01
3.711129356845608385e+01 1.810884868261883440e+01
3.647264062045729816e+01 1.783951962773684130e+01
3.589091986559937197e+01 1.757451841161679340e+01
3.541784664057553300e+01 1.728648508699677322e+01
3.487653516426489375e+01 1.701963246807021690e+01
3.433909808359651095e+01 1.675339676978821757e+01
3.379926067622126595e+01 1.649147786856302389e+01
3.325220312719265792e+01 1.624175153483631107e+01
3.274042988283350297e+01 1.597188230352174720e+01
3.220441730316615292e+01 1.572205392861717144e+01
3.167917776029959853e+01 1.545691318115824231e+01
3.113266437068606152e+01 1.521042576813019132e+01
3.059710981767478799e+01 1.494231418052305393e+01
3.007902068457267220e+01 1.460077593690830433e+01
2.954633172889942827e+01 1.430246606068464743e+01
2.900517060921899670e+01 1.403323544740710993e+01
2.845680685204142080e+01 1.374678479915560203e+01
2.791529651087147457e+01 1.348660706650796648e+01
2.738903266834436678e+01 1.325076991468743692e+01
2.689599858835551061e+01 1.304963877230225577e+01
2.639358867135119979e+01 1.281969052742835302e+01
2.584062562315155276e+01 1.253111390566067662e+01
2.531513877196191942e+01 1.226436965025400561e+01
2.482034244822771996e+01 1.201680721851538891e+01
2.437751417751515604e+01 1.179657278561130518e+01
2.350897011842983986e+01 1.130546315949447589e+01
2.280125899909659282e+01 1.097150822008144644e+01
2.233087182777893887e+01 1.075971449137966651e+01
2.186959694883249128e+01 1.053432633179679989e+01
2.144669734850495857e+01 1.030606670709671668e+01
2.104280684488841402e+01 1.006917087391442323e+01
2.044741088168450460e+01 9.797590019369653902e+00
1.989537704222852454e+01 9.531686153927903860e+00
1.931445759654227956e+01 9.268027463678713218e+00
1.856926359579406238e+01 9.004960901193227230e+00
1.800603420979751590e+01 8.735397231339161905e+00
1.750991513245713449e+01 8.456573023356231289e+00
1.702369376435180115e+01 8.167770632009439424e+00
1.657222272075733116e+01 7.857511664363314274e+00
1.600342264694672068e+01 7.590158589433769976e+00
1.546485515383276699e+01 7.316085437204981723e+00
1.491316467507339105e+01 7.064345983763179682e+00
1.442489078653471246e+01 6.762150514209367635e+00
1.399718119345711642e+01 6.359738733753690809e+00
1.363823765014667266e+01 5.824776373775307547e+00
1.273034891984945638e+01 6.481401775852729585e+00
1.219724581732099367e+01 6.296037899749097555e+00
1.172426187896253502e+01 5.962282393045533979e+00
1.123294836703733424e+01 5.644503255476212900e+00
1.072159925257351176e+01 5.347100301936695388e+00
1.018351396205723880e+01 5.068225953755566060e+00
9.617236939382536320e+00 4.789100627763494877e+00
9.032406268357073387e+00 4.496678377033008545e+00
8.534001378355533518e+00 4.194840589086896721e+00
8.000710216322104884e+00 3.908749469213441685e+00
7.442520236536544154e+00 3.627977286444415750e+00
6.913851999795562975e+00 3.359031413701521362e+00
6.372779186818732455e+00 3.093219248881463823e+00
5.826062356195768288e+00 2.827086565586129030e+00
5.276197585518881183e+00 2.556157879776786768e+00
4.726400673587289880e+00 2.283970256447651614e+00
4.183245804166350723e+00 2.009883037348119128e+00
3.646663528781263874e+00 1.737920928695334544e+00
3.114700140923241101e+00 1.472924100630618405e+00
2.577209111547665632e+00 1.183459411174571096e+00
2.046072890006037426e+00 8.743082791337885018e-01
1.529561923890562669e+00 5.528964942670523408e-01
1.051971189930594575e+00 2.349648748066872350e-01
5.107684897713364869e-01 1.098247366963582133e-01
-9.865793424916599891e-08 9.270116255870676624e-08
