-4.830173062468244893e+01 1.748257175376571881e-01
-6.013694069815559828e+01 1.697304660088015393e-01
-6.573966037457564937e+01 1.693450072738096057e-01
-6.821533385442468500e+01 1.642370504639168727e-01
-6.920731729219818362e+01 1.642304904161025481e-01
-6.954272617960479863e+01 1.696047098089815131e-01
-6.908243591769107184e+01 1.694019206706819103e-01
-6.750149867279624516e+01 1.235104572356613001e-01
-6.730382483247028347e+01 1.274905002629818929e-01
-6.608302861828612151e+01 1.246729605762144366e-01
-6.569385327469638014e+01 1.184275038031700616e-01
-6.515268864636385615e+01 1.154631346366130490e-01
-6.444176308604208714e+01 1.249700074070871081e-01
-6.352234542818554530e+01 1.630647565602797444e-01
-6.291938898394528934e+01 1.564664359280257822e-01
-6.202258003342076620e+01 1.645128297277650420e-01
-6.130196623279174872e+01 1.563729206866058541e-01
-6.066333178791114733e+01 1.504219301806995479e-01
-5.995939322987011622e+01 1.456359352059523049e-01
-5.921138187162318189e+01 1.391695697069372240e-01
-5.850053361325166890e+01 1.401005734438259265e-01
-5.775097892818717327e+01 1.343461340652258029e-01
-5.701714790527501009e+01 1.348638384205841645e-01
-5.630738301559937042e+01 1.461663932351904283e-01
-5.560759281338617654e+01 1.665854635587637189e-01
-5.482160610307436599e+01 1.497291517385909154e-01
-5.407284384099855146e+01 1.496081946326228707e-01
-5.330302028679230375e+01 1.321489991742702264e-01
-5.255944206728032242e+01 1.316024480227525606e-01
-5.181899805669642234e+01 1.309220036821346911e-01
-5.108497785243094569e+01 1.409745046616862896e-01
-5.036133403937517272e+01 1.646029584243991206e-01
-4.963771971965360308e+01 1.902340574819572083e-01
-4.887619702423439350e+01 1.447332270273419819e-01
-4.809081211238227382e+01 4.755467060649135741e-02
-4.736816438624131820e+01 8.544252155637269142e-02
-4.660376050163770856e+01 2.510428104482760950e-02
-4.590163662774801878e+01 1.301984605703967735e-01
-4.520216226563164241e+01 2.598431407835223306e-01
-4.440872556463180132e+01 -1.147789744763268727e-01
-4.369572883908224981e+01 -4.999144426968326477e-02
-4.297177075804512469e+01 -9.179078329518768412e-03
-4.224264085584066208e+01 2.747923406111506955e-02
-4.146064332910211903e+01 -4.504929378954226904e-02
-4.072777170589008477e+01 -1.639799623808060533e-02
-3.999938299779517337e+01 1.046681132026724102e-02
-3.926463350122156726e+01 2.095166227123407277e-02
-3.852582149011070811e+01 2.206438132090619494e-02
-3.778319978830305104e+01 1.708842972913220126e-02
-3.706132513113347215e+01 3.349760321362459797e-02
-3.631823463499278404e+01 2.549126038801965630e-02
-3.557730214791248358e+01 1.938803846617421361e-02
-3.483848637372908286e+01 1.566722879591104373e-02
-3.410173302386478866e+01 1.362805039905511974e-02
-3.336885425453800025e+01 1.438471583181244288e-02
-3.260806791307869901e+01 1.242846076343416106e-03
-3.184958645216099526e+01 -9.161517490486282764e-03
-3.112604680103519073e+01 -5.320726859953947042e-03
-3.036749351234487193e+01 -1.369679576023521972e-02
-2.964987409533686602e+01 -1.088663487536300177e-02
-2.890138217049823766e+01 -1.525729096498365002e-02
-2.816252857808253651e+01 -1.833868730402496428e-02
-2.739866817785389230e+01 -2.471227257352467954e-02
-2.667830006943231069e+01 -2.747795897737213139e-02
-2.596819238157014809e+01 -3.183910980681554925e-02
-2.524469405157760704e+01 -3.756484560536351575e-02
-2.451974299709368310e+01 -4.347863751006598304e-02
-2.373820164204365923e+01 -4.417809953278260815e-02
-2.296119808768377979e+01 -4.299018211531503708e-02
-2.219301485644655259e+01 -4.109651654391953401e-02
-2.138674220193524889e+01 -3.429144045684055092e-02
-2.066892215317696113e+01 -4.405015315600595976e-02
-1.994404541538086306e+01 -5.346940168779886621e-02
-1.922496277854554947e+01 -6.372328459738135775e-02
-1.849553827853731036e+01 -7.105734159477211653e-02
-1.776035536630755374e+01 -7.635863952410412714e-02
-1.702418631843269026e+01 -7.940627034744468515e-02
-1.628627733514836251e+01 -8.308264667438350348e-02
-1.554906763010685644e+01 -9.023751662877686763e-02
-1.482190529560010361e+01 -1.073185831324069556e-01
-1.405601329257009802e+01 -8.502241070940144696e-02
-1.332290756386393760e+01 -9.946592868419408540e-02
-1.257503299460088542e+01 -9.679561778134698757e-02
-1.183994286025070863e+01 -1.077244000496216797e-01
-1.109471024445883636e+01 -1.002786008296448900e-01
-1.033733501351029638e+01 -7.123833147305648483e-02
-9.580158920138472922e+00 -3.919230840539871669e-02
-8.850783667643813857e+00 -6.385881485638045252e-02
-8.117787636157611786e+00 -9.017987733137583506e-02
-7.368889889903796231e+00 -7.088309480102569782e-02
-6.656316022612161376e+00 -1.836494689806144054e-01
-5.949742462858824688e+00 -3.520815811267949402e-01
-5.194862622157978116e+00 -3.008521325751118414e-01
-4.429390512322788354e+00 -7.116841407550637821e-02
-3.645713712537782314e+00 1.716067547197338561e-01
-2.925756773962049806e+00 1.091193448808557565e-01
-2.193330954977556591e+00 2.225276380340065474e-01
-1.463879550495703619e+00 1.219125722527218680e-01
-7.382631944091151421e-01 2.846622489617661733e-02
-2.443707620773384560e-05 2.953955321514258303e-06
