-4.829734312684752240e+01 -1.889534896185935064e+00
-6.017021247136732853e+01 -1.859653721750148092e+00
-6.557977794891186818e+01 -1.863941826899853327e+00
-6.803338765569648672e+01 -1.849015933076429752e+00
-6.890977469928949972e+01 -1.831770003916453504e+00
-6.892276839409711897e+01 -1.815563043519700770e+00
-6.861457200803816647e+01 -1.802217366553602096e+00
-6.818830070363520690e+01 -1.793704008586560095e+00
-6.707443733774606187e+01 -1.729498680506472930e+00
-6.644043123077067037e+01 -1.713527332140214243e+00
-6.580806623500578212e+01 -1.703305587357628381e+00
-6.510344462070011673e+01 -1.686826326795085818e+00
-6.439276507454145815e+01 -1.672197103647158789e+00
-6.366135105746391076e+01 -1.652543301529772135e+00
-6.295061812729950645e+01 -1.641771400633045719e+00
-6.220640561169717841e+01 -1.618838341994379038e+00
-6.146074626410476327e+01 -1.593624365375613250e+00
-6.073864996857878396e+01 -1.583514618299631804e+00
-5.999360439064030714e+01 -1.558800912382499737e+00
-5.927221518151949908e+01 -1.555927641803141137e+00
-5.853670305360534343e+01 -1.542779998386982987e+00
-5.779225052724103762e+01 -1.519559102034575337e+00
-5.703566154253967113e+01 -1.481513985017205215e+00
-5.629811431194518434e+01 -1.469577174976568701e+00
-5.556457393270193990e+01 -1.464781400398286637e+00
-5.485354422806053520e+01 -1.502652404197211133e+00
-5.414640828364139935e+01 -1.558487276443184522e+00
-5.339731002593806863e+01 -1.526061095901257048e+00
-5.273794966594548583e+01 -1.684573840464507644e+00
-5.175386016847427584e+01 -1.022324563802053277e+00
-5.108859895683636410e+01 -1.168263631772485267e+00
-5.040177586722292347e+01 -1.263622118661008376e+00
-4.962874634840691357e+01 -1.192063891348835281e+00
-4.882695318398518225e+01 -1.082301389459493723e+00
-4.811931631826652733e+01 -1.129593747629462186e+00
-4.740682019482976273e+01 -1.159735220141184353e+00
-4.666316788376651203e+01 -1.143559069631858716e+00
-4.592997857190086819e+01 -1.137074902846511026e+00
-4.518914227251602966e+01 -1.120536113104600773e+00
-4.446373115024019995e+01 -1.116845013230880035e+00
-4.371279040252632342e+01 -1.090658188012040730e+00
-4.298061304207186595e+01 -1.078533554421040819e+00
-4.224716837441071959e+01 -1.064249812844718202e+00
-4.151606625446445520e+01 -1.049845659380964857e+00
-4.076049867334200627e+01 -1.023443455241042077e+00
-4.003194745817070554e+01 -1.008619066396192698e+00
-3.930902478546918388e+01 -9.936799072464267413e-01
-3.856611699992833309e+01 -9.712483983635039619e-01
-3.783273272627630490e+01 -9.506993997894552795e-01
-3.715229385612845903e+01 -9.388537550191353720e-01
-3.627341990851714826e+01 -8.985217135734893112e-01
-3.556558624671998103e+01 -8.831457075240722876e-01
-3.484889598583357895e+01 -8.643703439097212282e-01
-3.409143371402124245e+01 -8.430485132959963934e-01
-3.333141230934554500e+01 -8.234841455541442867e-01
-3.261270276642536459e+01 -8.027431332196077740e-01
-3.185134926994331295e+01 -7.850837455746282334e-01
-3.108882889955122764e+01 -7.687373441207243641e-01
-3.036441879434102731e+01 -7.462473189149513297e-01
-2.959683772266323132e+01 -7.331269745516951764e-01
-2.886742766054926079e+01 -7.115914608387833296e-01
-2.813512066767642139e+01 -6.897761739214084420e-01
-2.740268543646009292e+01 -6.673722445476620857e-01
-2.667480199268793228e+01 -6.424878659684754023e-01
-2.592079943479627957e+01 -6.308350635263325623e-01
-2.520373873755865901e+01 -5.962608104980694490e-01
-2.446984758964299189e+01 -5.710128330010115771e-01
-2.372518004229552702e+01 -5.511362384816564930e-01
-2.299831440225912260e+01 -5.142454182998917878e-01
-2.218925522606817680e+01 -5.484958853566141990e-01
-2.142201618966458909e+01 -5.551999450053921592e-01
-2.066074833129021826e+01 -5.650835435073930935e-01
-1.996955913057930943e+01 -4.856883895506145521e-01
-1.926808992284276556e+01 -4.030428139796315978e-01
-1.852303087913563218e+01 -3.844889894752613890e-01
-1.779869522785889657e+01 -3.361447683920467111e-01
-1.710673746067282863e+01 -2.158420939002535510e-01
-1.632182461957504316e+01 -3.614331000442608799e-01
-1.553049898088670311e+01 -4.902081465517683645e-01
-1.475661953103827706e+01 -5.548047201044099541e-01
-1.401583916983776490e+01 -5.214031353710810723e-01
-1.330660144103857867e+01 -4.264260016344194049e-01
-1.258788075803221140e+01 -3.606383979394841566e-01
-1.186008623355537139e+01 -3.177321887163145342e-01
-1.112920389850059699e+01 -2.845058615726893669e-01
-1.039946885407109001e+01 -2.550403337808534454e-01
-9.659159632027320086e+00 -2.366270631113032707e-01
-8.940071321109861913e+00 -2.077576314356999465e-01
-8.214414061276295698e+00 -1.863317912874578874e-01
-7.484322017071233901e+00 -1.679044563432967041e-01
-6.772835328413532530e+00 -1.416514525294297611e-01
-5.955524303327892177e+00 -1.437623177587225021e-01
-5.215892609261824298e+00 -1.277702522448541933e-01
-4.511787089344409196e+00 -1.067242179168675642e-01
-3.842415393068515872e+00 -8.527875373760464284e-02
-3.186402670191545550e+00 -7.064554126310289284e-02
-2.676060086601781851e+00 -5.190999338695260340e-02
-2.387364922545375023e+00 -3.144129219654233365e-02
-2.485348842773441813e+00 -1.304364499319406179e-02
-9.774339260724998650e-08 -7.288050825680485641e-08
