-4.554088395650612142e+01 2.353426928419112940e+00
-5.778271060981347773e+01 2.413582585103187128e+00
-6.354616272845234448e+01 2.491008001637084135e+00
-6.607885427939039857e+01 2.597121335031627343e+00
-6.698596667467093368e+01 2.781113866144295788e+00
-6.708895859349486557e+01 3.090835584197431540e+00
-6.679606870154802323e+01 2.442865316641887663e+00
-6.626714405856407097e+01 2.050553853016523487e+00
-6.567885358872325696e+01 2.470174674428902151e+00
-6.496777908628625653e+01 2.190137143183966906e+00
-6.415336902512905226e+01 1.629255842882550764e+00
-6.344743366838509502e+01 1.685870778745837129e+00
-6.277395843500620032e+01 1.889012139339705687e+00
-6.208863521039174316e+01 1.644613290015570772e+00
-6.139859323652554934e+01 1.721319942785549673e+00
-6.069882287898690976e+01 1.794569835059344864e+00
-5.998527806420148778e+01 1.813977380597019184e+00
-5.925693193066005193e+01 1.807867433386415312e+00
-5.852154877813689637e+01 1.786129602496752788e+00
-5.781102245850817667e+01 1.775133028996445539e+00
-5.706564343201986844e+01 1.743047996447955938e+00
-5.630892817822677188e+01 1.710253033939022282e+00
-5.557867720506605735e+01 1.684428473548692962e+00
-5.484411106194132657e+01 1.658442814817052025e+00
-5.414722322490058559e+01 1.624158228418169925e+00
-5.341730108938185140e+01 1.597699128959083392e+00
-5.269904307784326392e+01 1.569538407500574051e+00
-5.198676501216044699e+01 1.538626539581011698e+00
-5.124935249004915505e+01 1.529018283528098321e+00
-5.048725905780547407e+01 1.552964142264358527e+00
-4.975976313012239416e+01 1.528299955705414881e+00
-4.903693714315718921e+01 1.495061768947785419e+00
-4.837453381050719514e+01 1.333664048006065306e+00
-4.771632424140496198e+01 1.143783040366925352e+00
-4.708042051302984277e+01 8.649677443212584471e-01
-4.624274910831550756e+01 1.199009499808763257e+00
-4.521380182421294336e+01 2.362379743485672368e+00
-4.462222260615148173e+01 1.956681179618771749e+00
-4.395266695005395263e+01 1.760130910803724857e+00
-4.328058658349235088e+01 1.586916123054893379e+00
-4.258384296111579204e+01 1.487633703246499239e+00
-4.187621541792484692e+01 1.424527619547211854e+00
-4.116393430808234655e+01 1.378761193520116501e+00
-4.045218770785396600e+01 1.342699891812450641e+00
-3.971106972945462132e+01 1.328128910753584968e+00
-3.900826641941375783e+01 1.297423682840803894e+00
-3.828202222788866749e+01 1.278730468048153934e+00
-3.753603651196419833e+01 1.261660819053544325e+00
-3.680131254632874516e+01 1.242279053513107856e+00
-3.607055988868693674e+01 1.220748643463054339e+00
-3.534001905249542119e+01 1.194740912685360978e+00
-3.463748291428207438e+01 1.188565835792787073e+00
-3.391058428113055356e+01 1.160237974295628360e+00
-3.318878755794133184e+01 1.132791127364231265e+00
-3.246861067123940359e+01 1.108486005572469013e+00
-3.175003556384324099e+01 1.092565306899425659e+00
-3.103595227073903473e+01 1.096541254354659545e+00
-3.033237751273210137e+01 1.145178357000200986e+00
-2.963299039466223661e+01 1.220689863531973618e+00
-2.891793798216901479e+01 1.189389678830906627e+00
-2.805795530436513019e+01 3.268805884999806399e-01
-2.740401075587057278e+01 5.392828092817165686e-01
-2.673289028305845960e+01 6.730476049120136528e-01
-2.602847301122688961e+01 6.939642926182879590e-01
-2.528378759814097521e+01 6.408104538863351740e-01
-2.454686565085521366e+01 6.155632820701533170e-01
-2.379233681599996331e+01 5.732020630799758987e-01
-2.308409824871366567e+01 5.823661370954197336e-01
-2.239734939392523572e+01 5.993428995377180213e-01
-2.171456887236787736e+01 6.043736370366298294e-01
-2.101262991098199251e+01 5.854277810895419654e-01
-2.015442425627298917e+01 4.950326034735188507e-01
-1.943926658388139828e+01 4.834377103826167921e-01
-1.874383630982995186e+01 4.732254445133055043e-01
-1.803487560743849727e+01 4.548626027872478272e-01
-1.731918178208626813e+01 4.324604186306982845e-01
-1.659961811138165544e+01 4.078509829097893280e-01
-1.587805408210664559e+01 3.823456155070685258e-01
-1.515713133361503928e+01 3.559391550549907968e-01
-1.443840923841461077e+01 3.260764753506549263e-01
-1.372376792417228053e+01 2.888638063836996284e-01
-1.301726573926204011e+01 2.385343135285628580e-01
-1.232585369222011096e+01 1.667902347061458457e-01
-1.166600091360628255e+01 4.893890312572329176e-02
-1.089976720049367920e+01 3.884988834658048562e-02
-1.010306144185322275e+01 9.629084334565030101e-02
-9.373479516020106317e+00 7.083502623164499024e-02
-8.627123878372517041e+00 6.999000839311039779e-02
-7.932563373840673115e+00 -3.066392955659204972e-02
-7.188354845574693286e+00 -2.898951901182651031e-02
-6.479958202028117675e+00 -1.276558360647004620e-01
-5.753218267496613691e+00 -1.683157669057890327e-01
-4.987738064867953014e+00 -1.160839411344201638e-03
-4.273598674480575177e+00 6.396364878798987963e-02
-3.469291592008629355e+00 6.178998474650090333e-01
-2.701944952148293666e+00 6.952453645604136367e-01
-2.027294761322617767e+00 3.680593585645822730e-01
-1.326905684691835896e+00 1.742659302287803691e-01
-6.167207201987415788e-01 5.797202143867244417e-02
1.909418505860142408e-07 1.136971078462111995e-07
