-4.014126200414429491e+01 4.241339594364902865e+01
-3.859039134077113431e+01 4.198615715319940023e+01
-4.497353085205105572e+01 4.155929377152304482e+01
-4.791957774204814768e+01 4.113178508086244989e+01
-4.910357654816561990e+01 4.070171564789326624e+01
-4.945952112082664343e+01 4.027241055392094182e+01
-4.936443999089519963e+01 3.984025443426975244e+01
-4.903949609869556525e+01 3.940385937265208582e+01
-4.859364432002858791e+01 3.895879821109937069e+01
-4.811892892748620199e+01 3.851779101155953811e+01
-4.763347870241782545e+01 3.808657013049149498e+01
-4.715224543974585458e+01 3.767446336726229816e+01
-4.659130486634577295e+01 3.721029863482114308e+01
-4.608072010651046924e+01 3.679331962402873302e+01
-4.556010105319590764e+01 3.637617434109915138e+01
-4.501604431596064160e+01 3.592996916252499773e+01
-4.447530014425711897e+01 3.548047281786237050e+01
-4.394631008650255666e+01 3.506188868500989031e+01
-4.341287454654605682e+01 3.464388223164089453e+01
-4.287255586425202836e+01 3.418943932174840938e+01
-4.233477480772463508e+01 3.377622467225840808e+01
-4.179125829479198018e+01 3.337093382442965606e+01
-4.124676824661028007e+01 3.293901607865173276e+01
-4.071248455542680489e+01 3.247683411359826522e+01
-4.018506124899970899e+01 3.201759812439039621e+01
-3.964008048670196871e+01 3.160229929120460213e+01
-3.909052590032031560e+01 3.118900086763762047e+01
-3.856856945822594440e+01 3.073225916669228397e+01
-3.800815655998266607e+01 3.033058973857008311e+01
-3.747766330394909318e+01 2.988784281712177560e+01
-3.693713680284199796e+01 2.945635270191920796e+01
-3.638082470167307747e+01 2.903915521088141105e+01
-3.579653577932204911e+01 2.864608334301313874e+01
-3.515751592625122157e+01 2.829723111323292883e+01
-3.466912861831573878e+01 2.780814965706850828e+01
-3.419561350733781069e+01 2.731756414122851950e+01
-3.376471419180371925e+01 2.680321475040674173e+01
-3.296757512841151794e+01 2.656839105351148334e+01
-3.203428774290724590e+01 2.642664436857433330e+01
-3.233203148680727423e+01 2.541766316473925968e+01
-3.176198713007056895e+01 2.502854481206670911e+01
-3.091188142496121571e+01 2.482440365747709876e+01
-3.022100773200083523e+01 2.450004368903292828e+01
-3.018553174396352645e+01 2.367903339137309260e+01
-3.020078978314213103e+01 2.285832171185497330e+01
-2.934984885487068240e+01 2.266543468451556365e+01
-2.872908681166644485e+01 2.229372240770720737e+01
-2.802960380156777376e+01 2.198598028928939030e+01
-2.734523921675906877e+01 2.167664163325845195e+01
-2.685886916775628208e+01 2.119734157805219610e+01
-2.628250723684448076e+01 2.080493904778432324e+01
-2.574894228746138936e+01 2.037092604552864117e+01
-2.520325623983243801e+01 1.994916716888327457e+01
-2.464138447496738848e+01 1.954194748864385645e+01
-2.409287892436654488e+01 1.911895391136753020e+01
-2.362782938103481101e+01 1.859180641669305700e+01
-2.319481989235790920e+01 1.802050992022347486e+01
-2.265058216558997728e+01 1.759674826984932494e+01
-2.208131357633744685e+01 1.721092782872708682e+01
-2.151167856678013379e+01 1.683026018863814599e+01
-2.097421778281282911e+01 1.639554732547732030e+01
-2.043833995115156554e+01 1.594914534732422240e+01
-1.989169675802650161e+01 1.552023308498855236e+01
-1.934676619651519403e+01 1.507204715810474838e+01
-1.879883044587311502e+01 1.466328216153518937e+01
-1.825908078551764291e+01 1.426681713550685338e+01
-1.772848513872200016e+01 1.386660865958383049e+01
-1.720201985635669573e+01 1.344690029406821452e+01
-1.666108335711000876e+01 1.298312731840782952e+01
-1.611272230907427527e+01 1.252447227760808701e+01
-1.559857695530756061e+01 1.212035920034012548e+01
-1.510006091177882759e+01 1.172260521795922372e+01
-1.455007451082490455e+01 1.126285119512287558e+01
-1.400597047525861427e+01 1.081725047166411002e+01
-1.346616442826792515e+01 1.038056285755475194e+01
-1.293151305719405819e+01 9.949009680166863490e+00
-1.232324688263012291e+01 9.473831184030945707e+00
-1.179352740757230400e+01 9.041693052343447334e+00
-1.125399243657579262e+01 8.606643327698717982e+00
-1.074986100404289147e+01 8.184143330944818828e+00
-1.025090035095331409e+01 7.759202079868780189e+00
-9.719746915203742788e+00 7.324855935637589965e+00
-9.154510840994886323e+00 6.885702421707956766e+00
-8.654831911959938395e+00 6.455756951665410526e+00
-8.297212791019170197e+00 6.031774771745840980e+00
-7.997276649208218124e+00 5.601271594023601530e+00
-7.548611423595817271e+00 5.166148978601912134e+00
-5.944979815949969826e+00 4.731761825155468060e+00
-5.682626562161781081e+00 4.295339603563407493e+00
-5.310660758227241374e+00 3.856818782175481797e+00
-4.777161604467730527e+00 3.429413901469566817e+00
-4.345938679219600864e+00 2.995225959565870788e+00
-4.004846698688942830e+00 2.555519689722604237e+00
-3.142451268925577246e+00 2.191346146220085611e+00
-2.747570080513134894e+00 1.766320889083054846e+00
-2.243848627772709659e+00 1.354400889387138651e+00
-1.952273075065200647e+00 9.425366187421571063e-01
-1.986609647332759243e+00 5.532502776697777458e-01
-2.486042924272067189e+00 2.213976079767649707e-01
-1.389137111341979612e-06 2.454618803117327298e-04
