-4.557394656464625626e+01 -1.083743872253310592e+00
-7.478652005932069358e+01 -1.068372654717222092e+00
-9.323139225577460820e+01 -1.053001437086629855e+00
-1.046102685545441204e+02 -1.037630219250008423e+00
-1.113523044855626836e+02 -1.022259001058728245e+00
-1.150515579334179108e+02 -1.006887782300284195e+00
-1.167540798882772179e+02 -9.915165626600264126e-01
-1.171463088370300056e+02 -9.761453416644892966e-01
-1.166786987337740413e+02 -9.607741185961237163e-01
-1.156468460188698657e+02 -9.454028923640623860e-01
-1.142447267097872015e+02 -9.300316613076599070e-01
-1.125996315947196678e+02 -9.146604228974065665e-01
-1.107950913776303850e+02 -8.992891732793669712e-01
-1.088859206066735084e+02 -8.839179065810852665e-01
-1.069080898062449023e+02 -8.685466138539597036e-01
-1.048852037893853009e+02 -8.531752814616004876e-01
-1.028327528983675876e+02 -8.378038886239191907e-01
-1.007609028243724367e+02 -8.224324036746423205e-01
-9.867632545439934688e+01 -8.070607783582220973e-01
-9.658340048200868466e+01 -7.916889391390261599e-01
-9.448500419268805217e+01 -7.763167739575906889e-01
-9.238302748454825064e+01 -7.609441120487409060e-01
-9.027871642017778697e+01 -7.455706931868284482e-01
-8.817289664324324860e+01 -7.301961208191639630e-01
-8.606612207739652831e+01 -7.148197906469846430e-01
-8.395877468824920697e+01 -6.994407817914101155e-01
-8.185113327560310381e+01 -6.840576909434065156e-01
-7.974342368545902104e+01 -6.686683796282099079e-01
-7.763585948501541623e+01 -6.532695890665991545e-01
-7.552868042624844236e+01 -6.378563532696420735e-01
-7.342219562538714683e+01 -6.224211046654335444e-01
-7.131683923493314126e+01 -6.069523111814465466e-01
-6.921324863478943712e+01 -5.914323993213930208e-01
-6.711237922476755102e+01 -5.758345891833036578e-01
-6.501567649267323645e+01 -5.601180714064372124e-01
-6.292533634753731064e+01 -5.442206574164677457e-01
-6.084470060416389003e+01 -5.280475792800949364e-01
-5.877885884600315336e+01 -5.114544220259306107e-01
-5.673556506221554940e+01 -4.942211145472752976e-01
-5.472663414581852948e+01 -4.760122948554186273e-01
-5.277006976307560393e+01 -4.563169114763274692e-01
-5.089330682469260836e+01 -4.343561832186204064e-01
-4.913815206390700752e+01 -4.089433409210556092e-01
-4.756618959704105265e+01 -3.782834725659582342e-01
-4.622199906103692513e+01 -3.408619183333045921e-01
-4.487937344593086664e+01 -2.972372195574436438e-01
-4.360419011107569531e+01 -2.469849102614862790e-01
-4.248054359398025071e+01 -1.877289078679293399e-01
-4.143759898606163006e+01 -1.200698423961490402e-01
-4.039939294032551942e+01 -4.634899184857260712e-02
-3.938377767611027735e+01 3.273894737993661430e-02
-3.841451670046834721e+01 1.164801255487041554e-01
-3.748579628588291968e+01 2.030849840477612078e-01
-3.653782817750154521e+01 2.880386949458091927e-01
-3.549677759552623257e+01 3.665005976971060786e-01
-3.435900871742698115e+01 4.375552234658438011e-01
-3.324957881270044879e+01 5.081015043561881717e-01
-3.232237787865651057e+01 5.864092292498989112e-01
-3.156952583974162962e+01 6.705340660048978441e-01
-3.080829805771350394e+01 7.508004179644361953e-01
-2.991945501127592166e+01 8.212050527667396072e-01
-2.889672124794122254e+01 8.811978067352285171e-01
-2.792999908618093841e+01 9.384950485459239156e-01
-2.712117512750960913e+01 9.959575688621087330e-01
-2.637511359225275598e+01 1.048097743402158777e+00
-2.565364730088893452e+01 1.091428310405990088e+00
-2.495571377378942302e+01 1.124191437919391356e+00
-2.426946061100138863e+01 1.145179854935628017e+00
-2.351052305498094697e+01 1.154354493575057372e+00
-2.279828407222129982e+01 1.150722464358286290e+00
-2.221583259379778141e+01 1.132076307221503209e+00
-2.167199114167636864e+01 1.099300777661882611e+00
-2.078296443081379863e+01 1.073612720896313544e+00
-1.966363798800601970e+01 1.053531409864089330e+00
-1.849195785070175191e+01 1.032678756233573969e+00
-1.743671625802087632e+01 1.004530850787005214e+00
-1.668444108427112837e+01 9.614488316388285494e-01
-1.605422642457786608e+01 9.102275253016607337e-01
-1.540415667086741536e+01 8.571496183353708442e-01
-1.466795891881438152e+01 8.064991823256625336e-01
-1.386239022162673962e+01 7.580398453060801511e-01
-1.302558046995334351e+01 7.102297057599030738e-01
-1.219658531837157689e+01 6.620328181305398241e-01
-1.139757054858733021e+01 6.135907557115467537e-01
-1.062192823635198557e+01 5.650421867283224042e-01
-9.820849385902539197e+00 5.172581225560861640e-01
-8.974088570255730701e+00 4.713654916929777006e-01
-8.091946561832859430e+00 4.272894892946251799e-01
-7.204534532367065758e+00 3.837286963243443649e-01
-6.356347418947337680e+00 3.389004443285045243e-01
-5.569301950986707439e+00 2.923717571899484002e-01
-4.856500014634769435e+00 2.442421959469393555e-01
-4.183848387067836683e+00 1.974456706876829837e-01
-3.521908586951147058e+00 1.541494002862192347e-01
-2.871798381949011603e+00 1.152072619877483745e-01
-2.167372489091687005e+00 8.238411887407481871e-02
-1.412468870368427165e+00 5.700185947744348253e-02
-7.602047544257621858e-01 3.491253264511988419e-02
-3.477050740080333546e-01 1.362115341550277151e-02
-1.915889516646919954e-03 1.795508874459569379e-05
