-1.064764536078595647e+01 -4.271337859411779903e+00
-1.643678963804690341e+01 -4.235596122907634431e+00
-1.975851565253319819e+01 -4.196829078770843324e+00
-2.157691781404593812e+01 -4.155629801414508329e+00
-2.237372029805033335e+01 -4.113355074452286431e+00
-2.240700946900877000e+01 -4.070344050396213831e+00
-2.234023337116073904e+01 -4.038794700267225757e+00
-2.220434092005437776e+01 -4.002759631283480779e+00
-2.202465377838207417e+01 -3.962839842683608005e+00
-2.181746534969022733e+01 -3.920261648140192179e+00
-2.159298578644934707e+01 -3.875957163794945703e+00
-2.135747045287535428e+01 -3.830478019653074107e+00
-2.111521546531812987e+01 -3.784291855037433816e+00
-2.086871197168328607e+01 -3.737655033279121852e+00
-2.061934202528619764e+01 -3.690690417345805496e+00
-2.036827581485653127e+01 -3.643540636118148157e+00
-2.011612281090141963e+01 -3.596286592728234144e+00
-1.986311414156504540e+01 -3.548923786719580864e+00
-1.960975600460910329e+01 -3.501546730973438937e+00
-1.935636365637199319e+01 -3.454190024819859595e+00
-1.910301397873205431e+01 -3.406875719640670930e+00
-1.884978405134766177e+01 -3.359597706776765946e+00
-1.859666137767330341e+01 -3.312363747013265414e+00
-1.834357233091481021e+01 -3.265160211371781696e+00
-1.809025776902825910e+01 -3.217917221184218857e+00
-1.783682404634908636e+01 -3.170670323936012114e+00
-1.758316145772052863e+01 -3.123391097452169252e+00
-1.732942370876259019e+01 -3.076126181448040509e+00
-1.707547896937212073e+01 -3.028832685585221896e+00
-1.682141551898540754e+01 -2.981545306479626234e+00
-1.656732946381107752e+01 -2.934253907676795059e+00
-1.631321583358360172e+01 -2.886958474924024465e+00
-1.605934939069002709e+01 -2.839734398541227556e+00
-1.580577120526013601e+01 -2.792593398937531557e+00
-1.555276234100765897e+01 -2.745581755783459421e+00
-1.530025345686813232e+01 -2.698712029074582741e+00
-1.504834088263762126e+01 -2.651975071687030283e+00
-1.479690347639143866e+01 -2.605337712441163411e+00
-1.454588286955431009e+01 -2.558800567613923160e+00
-1.429537734321636577e+01 -2.512377219335956369e+00
-1.404512301404878372e+01 -2.466012665877030496e+00
-1.379509328489448272e+01 -2.419697895023055878e+00
-1.354501454203681376e+01 -2.373431262882890191e+00
-1.329499074385787871e+01 -2.327210301999996123e+00
-1.304486626344811384e+01 -2.280968580777204657e+00
-1.279466468960182723e+01 -2.234722410742057352e+00
-1.254465355604467192e+01 -2.188557977714995939e+00
-1.229510934614917517e+01 -2.142520680203758854e+00
-1.204651311711532102e+01 -2.096724174652019546e+00
-1.179940139458059178e+01 -2.051252608519225973e+00
-1.155458066200126233e+01 -2.006285037317494080e+00
-1.131283708024060708e+01 -1.961972170605137400e+00
-1.107478098939397171e+01 -1.918472509664996162e+00
-1.083359057281032811e+01 -1.874345906178015664e+00
-1.058745629338316085e+01 -1.829175315056277729e+00
-1.033849239886911242e+01 -1.783445837009643986e+00
-1.008800996630994362e+01 -1.737453072272778121e+00
-9.836592166312815522e+00 -1.691297054415994205e+00
-9.583239423208159025e+00 -1.644667630751353693e+00
-9.328802511480363435e+00 -1.597824115706942383e+00
-9.073743688719620337e+00 -1.550882128419205364e+00
-8.818322238819263248e+00 -1.503895532485566733e+00
-8.562713604712836712e+00 -1.456902083713854212e+00
-8.307098577892247704e+00 -1.409970216660855646e+00
-8.051532267166505719e+00 -1.363106143324662067e+00
-7.796077590863399465e+00 -1.316327998799414978e+00
-7.540809522141172394e+00 -1.269669033658215263e+00
-7.285707819010332820e+00 -1.223105574530196860e+00
-7.030848443319624330e+00 -1.176672616186514198e+00
-6.776347225890596349e+00 -1.130434072830381220e+00
-6.522329499926322605e+00 -1.084449460274693244e+00
-6.268696937509337985e+00 -1.038639555082807142e+00
-6.015500431354795730e+00 -9.930210547473925509e-01
-5.762867123187537466e+00 -9.476605563234931084e-01
-5.510944334600240246e+00 -9.026268849422106610e-01
-5.259632658130015237e+00 -8.578345281696266866e-01
-5.009043492470752312e+00 -8.133354660504866773e-01
-4.759324434236975598e+00 -7.692036879416563888e-01
-4.510200025970429571e+00 -7.252893828558570899e-01
-4.261871552977157585e+00 -6.817034632553675699e-01
-4.014338406619177846e+00 -6.384444753037762377e-01
-3.767642468722888882e+00 -5.955230873289173443e-01
-3.521863865827973505e+00 -5.529590821537599954e-01
-3.277123320432755893e+00 -5.107957115593694253e-01
-3.033762196545038314e+00 -4.691679835381331598e-01
-2.791985234616634948e+00 -4.281106057614664784e-01
-2.552186881259082885e+00 -3.877178143799112076e-01
-2.315038177516280271e+00 -3.481869259942869665e-01
-2.080916140942318915e+00 -3.095789467759144653e-01
-1.850069583238446613e+00 -2.719037685002854143e-01
-1.623288348266599401e+00 -2.353860912657844140e-01
-1.401266441745230518e+00 -2.001767750959440872e-01
-1.185367342590019302e+00 -1.666517992425324557e-01
-9.770775399319900911e-01 -1.351204837346785814e-01
-7.771146559909046792e-01 -1.053803093110265571e-01
-5.837295242569242593e-01 -7.634842162656498010e-02
-3.998868053955501045e-01 -4.874376097816823100e-02
-2.320416740816783341e-01 -2.432697551991159016e-02
-9.182975725490749586e-02 -6.256616703055596813e-03
-7.371117585420017572e-06 -2.730903147300744722e-07
