-1.077990114772015423e-01 3.706417583178586739e+01
-1.963467219130489161e-01 3.666796075966048818e+01
-2.687224064223539544e-01 3.627141250062047817e+01
-3.280338440916537590e-01 3.587450630352474690e+01
-3.767942644540244745e-01 3.547727515413913579e+01
-4.169714532676245811e-01 3.507978917961445831e+01
-4.499328090319120177e-01 3.468212318963868768e+01
-4.769847339748608528e-01 3.428431820652195228e+01
-4.991948031007106823e-01 3.388640858330200700e+01
-5.174396893436076228e-01 3.348842425829149505e+01
-5.324433491772392335e-01 3.309039281517357267e+01
-5.450917869831000129e-01 3.269238024490027783e+01
-5.559045390218403382e-01 3.229435895951534974e+01
-5.652295742083424113e-01 3.189633442910652406e+01
-5.732820656393060599e-01 3.149833481839615956e+01
-5.801546963453185768e-01 3.110038401752616366e+01
-5.860653301484395339e-01 3.070251068032177599e+01
-5.913476058185895834e-01 3.030478364231401400e+01
-5.961481441279509186e-01 2.990720782236575559e+01
-6.005538568645958364e-01 2.950972441489952303e+01
-6.046336555102771460e-01 2.911228713901082443e+01
-6.084471286446402338e-01 2.871479611537684562e+01
-6.120482437790137897e-01 2.831713720734730444e+01
-6.154817567236666731e-01 2.791925778690244897e+01
-6.187814745302591124e-01 2.752116740113818949e+01
-6.219628674778778787e-01 2.712291558713642203e+01
-6.250224731650937393e-01 2.672457732663530550e+01
-6.279848524251364639e-01 2.632616953840665275e+01
-6.308703375574374883e-01 2.592770538610431075e+01
-6.336956408739938817e-01 2.552919545559300829e+01
-6.364743882293997235e-01 2.513064867067013708e+01
-6.392175938125252976e-01 2.473207296826716828e+01
-6.419340853659966095e-01 2.433347575970595500e+01
-6.446308846140957893e-01 2.393486421031235878e+01
-6.473135454164891112e-01 2.353624537493328361e+01
-6.499864514083247835e-01 2.313762623123033890e+01
-6.526530750787992163e-01 2.273901365583524381e+01
-6.553162009243024277e-01 2.234041439047267730e+01
-6.579781161545135149e-01 2.194183504594554179e+01
-6.606407732155450407e-01 2.154328219136458600e+01
-6.633059290124191376e-01 2.114476257408350079e+01
-6.659752661328709467e-01 2.074628351238158430e+01
-6.686505016199874030e-01 2.034785349804455024e+01
-6.713334889697046837e-01 1.994948303988017457e+01
-6.740263191136659504e-01 1.955118577244707012e+01
-6.767307060067224711e-01 1.915303655076736078e+01
-6.794483321322034586e-01 1.875507423744662816e+01
-6.821816716982449513e-01 1.835732385116243393e+01
-6.849326107739833747e-01 1.795981590852901988e+01
-6.877011197661834219e-01 1.756257611981934730e+01
-6.904865703578770830e-01 1.716563176675693114e+01
-6.932858653739372157e-01 1.676900887602314327e+01
-6.960844339339971043e-01 1.637268547192433132e+01
-6.988703898532097059e-01 1.597666110096043113e+01
-7.016292805244774833e-01 1.558093084555624586e+01
-7.043497644505094524e-01 1.518552087332605893e+01
-7.070184015423094381e-01 1.479046228917624362e+01
-7.096164469402556074e-01 1.439577421287552816e+01
-7.121263925899981029e-01 1.400151121311572844e+01
-7.145280344872114719e-01 1.360774709856193709e+01
-7.167960923851756094e-01 1.321455790853166690e+01
-7.189020124123074451e-01 1.282205618457151530e+01
-7.208099924857932495e-01 1.243036510247390503e+01
-7.224780643142684200e-01 1.203965383997131156e+01
-7.238535886574556377e-01 1.165009116881167195e+01
-7.248735318436690944e-01 1.126190628446621389e+01
-7.254602977738690006e-01 1.087536775230750408e+01
-7.255187985629065750e-01 1.049081724222150136e+01
-7.249313125326699581e-01 1.010867515196208899e+01
-7.235517580016306294e-01 9.729433908376160289e+00
-7.212006539578822428e-01 9.353714700105836499e+00
-7.176567221698013643e-01 8.982285233750339160e+00
-7.126475687579622020e-01 8.616067775612481938e+00
-7.058417917581850665e-01 8.256179296884475605e+00
-6.968334522542053433e-01 7.904012707513845548e+00
-6.851232018421624659e-01 7.561284765372045413e+00
-6.701067350982804482e-01 7.230049054275586862e+00
-6.510500426263626794e-01 6.912772420877350221e+00
-6.270684331883239482e-01 6.612437440495387619e+00
-5.971285412737152853e-01 6.332273428925032199e+00
-5.600057271060652209e-01 6.075971356404281210e+00
-5.143315413626337040e-01 5.847391773437605522e+00
-4.586692088835894743e-01 5.650527077080050198e+00
-3.919375812068222054e-01 5.487245691312094387e+00
-3.217989373590352531e-01 5.331288876332735072e+00
-2.601205088369717977e-01 5.150678315502491778e+00
-2.100044347687508861e-01 4.932262531035208397e+00
-1.695306747796356261e-01 4.681020911564902853e+00
-1.367872716352791507e-01 4.403052291166734022e+00
-1.102111106429431442e-01 4.102541474484796780e+00
-8.851682038470493064e-02 3.782425967694314828e+00
-7.060150766999152838e-02 3.448644944394149370e+00
-5.554973928926343341e-02 3.104522072480916162e+00
-4.257971108958535228e-02 2.752399899927327809e+00
-3.100218896112416286e-02 2.394273720332148692e+00
-2.059852952005084004e-02 2.029284526008842349e+00
-1.170493971828506091e-02 1.652692459625443755e+00
-4.023012022605043127e-03 1.262731062237334001e+00
2.842170114017945459e-03 8.580924823391818945e-01
9.301586568387049808e-03 4.376872031505828486e-01
