-1.069492459630160930e+01 3.711134443628527180e+00
-1.657773018742020454e+01 3.681455733513522510e+00
-2.007383416771178375e+01 3.648229390763948032e+00
-2.215360750801940526e+01 3.611517931466246445e+00
-2.336394593501998429e+01 3.571454010121296818e+00
-2.403468441042154424e+01 3.527775264424205304e+00
-2.437360395765797350e+01 3.479554292384537284e+00
-2.451660023196820504e+01 3.424898074499307832e+00
-2.455745906069600082e+01 3.360426001713356925e+00
-2.449837440593536186e+01 3.290297407879410940e+00
-2.435997132699483103e+01 3.229055722124244188e+00
-2.416818296597837090e+01 3.175021562499143357e+00
-2.394159699397141594e+01 3.125945092461619002e+00
-2.369238235220259980e+01 3.080158696517756312e+00
-2.342866344382330368e+01 3.036510509294056082e+00
-2.315559113062908025e+01 2.994263379700155880e+00
-2.287647736998844650e+01 2.952933262713607565e+00
-2.259347672329634094e+01 2.912192602836679356e+00
-2.230800735085401243e+01 2.871833994971525694e+00
-2.202088660546959531e+01 2.831737935886485147e+00
-2.173270818954258132e+01 2.791819449892968930e+00
-2.144384037790226927e+01 2.752025627325239032e+00
-2.115446401029534940e+01 2.712317120488081379e+00
-2.086480678068038941e+01 2.672669243831913288e+00
-2.057498629680295466e+01 2.633069342364735110e+00
-2.028493567724387603e+01 2.593507379743472896e+00
-1.999485134754016613e+01 2.553976112444587887e+00
-1.970477671679141807e+01 2.514474756093652008e+00
-1.941466477183251627e+01 2.474999342649130796e+00
-1.912457682980505780e+01 2.435548306477289149e+00
-1.883456878173936744e+01 2.396126348103117643e+00
-1.854453784442950237e+01 2.356719341680392432e+00
-1.825445884750037706e+01 2.317327652705506669e+00
-1.796430651187705863e+01 2.277950343904872277e+00
-1.767405190204872056e+01 2.238579056206020379e+00
-1.738368633503069205e+01 2.199212738789539490e+00
-1.709307904779333143e+01 2.159839476352140242e+00
-1.680243886517068574e+01 2.120475945098866610e+00
-1.651185545584323222e+01 2.081128938540561801e+00
-1.622138298791683653e+01 2.041802708878403649e+00
-1.593114618008783800e+01 2.002507586688135888e+00
-1.564114342132256574e+01 1.963243819587699335e+00
-1.535143111510075542e+01 1.924017086541093269e+00
-1.506202860588625292e+01 1.884828251785445108e+00
-1.477311069299296165e+01 1.845697242506837199e+00
-1.448467029918999316e+01 1.806620454564987099e+00
-1.419664884371242408e+01 1.767590592119231196e+00
-1.390881731715358072e+01 1.728587521908585556e+00
-1.362089879728807240e+01 1.689581231025615748e+00
-1.333269951310764156e+01 1.650551228092477674e+00
-1.304409468383552451e+01 1.611484024071451637e+00
-1.275517529078460299e+01 1.572388760800781160e+00
-1.246587459580473833e+01 1.533256446684194030e+00
-1.217612285266159944e+01 1.494078425548086120e+00
-1.188573337723216561e+01 1.454835624534537963e+00
-1.159466575090578466e+01 1.415522180134866082e+00
-1.130305222143158339e+01 1.376151713069890592e+00
-1.101108357253747627e+01 1.336744604508312895e+00
-1.071889846046699901e+01 1.297315942375274478e+00
-1.042653132950669459e+01 1.257868234078449721e+00
-1.013405971163555463e+01 1.218410383843040234e+00
-9.841540370415286176e+00 1.178948071013413035e+00
-9.548994164062516887e+00 1.139483834364503956e+00
-9.256408221425791893e+00 1.100016132056945040e+00
-8.963835481934813387e+00 1.060551246657006175e+00
-8.671256827776815612e+00 1.021086995449239643e+00
-8.378651820751583656e+00 9.816208900725189590e-01
-8.086020635419650660e+00 9.421529984059048290e-01
-7.793407305667595431e+00 9.026886122583502869e-01
-7.500783524487667719e+00 8.632240436042766252e-01
-7.208145893870312015e+00 8.237589270715182099e-01
-6.915515489419960637e+00 7.842962876096720715e-01
-6.622889350893936822e+00 7.448357141757200317e-01
-6.330265028528317295e+00 7.053771498285632546e-01
-6.037666380340281691e+00 6.659240462593173371e-01
-5.745068407969933233e+00 6.264728876293704785e-01
-5.452499025912037389e+00 5.870281098880517634e-01
-5.159965484727806029e+00 5.475914451211839618e-01
-4.867454989694090628e+00 5.081621018886373076e-01
-4.574958767355198574e+00 4.687401551171014313e-01
-4.282522245147299067e+00 4.293344540836332990e-01
-3.990179723616938734e+00 3.899529893427828298e-01
-3.697982734728756160e+00 3.506086250003302984e-01
-3.405955261425386738e+00 3.113115724274388429e-01
-3.114242685558231916e+00 2.720963271973698139e-01
-2.823033941909512734e+00 2.330101923704235023e-01
-2.532598503194782413e+00 1.941232610380539125e-01
-2.243367559439353176e+00 1.555471475588801888e-01
-1.956037161113758582e+00 1.174605869526556545e-01
-1.671649484558490162e+00 8.013637499891218541e-02
-1.391908922870535692e+00 4.401691287499453348e-02
-1.119496013898659381e+00 9.797828894442870210e-03
-8.585433172122952650e-01 -2.143817597782765247e-02
-6.155882153769870468e-01 -4.797585117038914715e-02
-4.006499415309989764e-01 -6.715355389321041313e-02
-2.289628969241863377e-01 -7.484467911136385987e-02
-1.235248210508017586e-01 -6.477816463678330583e-02
-1.282543231928440775e-01 -2.636387118349901859e-02
-8.086156778000852530e-02 -5.344978449973454560e-03
-1.169032761131594245e-05 3.044555932682863066e-08
