-3.219538532145650578e+01 2.066084355113210691e+01
-5.338857052228586753e+01 2.043750135577434790e+01
-6.707560854180674426e+01 2.021415916041650362e+01
-7.578359665292518343e+01 1.999081696505852079e+01
-8.119253823638612744e+01 1.976747476970035322e+01
-8.441561381204138570e+01 1.954413257434200801e+01
-8.619041331352194391e+01 1.932079037898351714e+01
-8.700565426543555247e+01 1.909744818362494811e+01
-8.718514944883450823e+01 1.887410598826640395e+01
-8.694344603231131430e+01 1.865076379290804454e+01
-8.642269304246086392e+01 1.842742159755008657e+01
-8.571707008375216219e+01 1.820407940219284626e+01
-8.488897380506286083e+01 1.798073720683679255e+01
-8.397974289149431115e+01 1.775739501148260757e+01
-8.301676422533275002e+01 1.753405281613130740e+01
-8.201818120462785089e+01 1.731071062078441614e+01
-8.099601327153854413e+01 1.708736842544422529e+01
-7.995822273819088366e+01 1.686402623011418100e+01
-7.891008412337039601e+01 1.664068403479947378e+01
-7.785509136197362068e+01 1.641734183950793380e+01
-7.679555883396973570e+01 1.619399964425137739e+01
-7.573301953877087556e+01 1.597065744904763029e+01
-7.466848887461031836e+01 1.574731525392359188e+01
-7.360263938066617584e+01 1.552397305891984658e+01
-7.253591649299596611e+01 1.530063086409764495e+01
-7.146861522374317133e+01 1.507728866954941083e+01
-7.040093095377366694e+01 1.485394647541459889e+01
-6.933299307713450332e+01 1.463060428190365059e+01
-6.826488728635271741e+01 1.440726208933409502e+01
-6.719667033363722908e+01 1.418391989818505294e+01
-6.612837980860948051e+01 1.396057770917945362e+01
-6.506004061571692887e+01 1.373723552340808673e+01
-6.399166926653914800e+01 1.351389334251677710e+01
-6.292327672610930023e+01 1.329055116898877031e+01
-6.185487030346098436e+01 1.306720900657079731e+01
-6.078645491205713824e+01 1.284386686091588814e+01
-5.971803391725246968e+01 1.262052474055324502e+01
-5.864960971681649227e+01 1.239718265835150568e+01
-5.758118415455918182e+01 1.217384063372646175e+01
-5.651275883834230029e+01 1.195049869597198722e+01
-5.544433541727293147e+01 1.172715688928555444e+01
-5.437591586582499303e+01 1.150381528035060796e+01
-5.330750282379950278e+01 1.128047396977663652e+01
-5.223910005061501494e+01 1.105713310935967897e+01
-5.117071307205626596e+01 1.083379292812485239e+01
-5.010235013067604370e+01 1.061045377161922865e+01
-4.903402360321963016e+01 1.038711616119731040e+01
-4.796575212868574312e+01 1.016378088347212305e+01
-4.689756381273454622e+01 9.940449125281764609e+00
-4.582950105907366378e+01 9.717122677332541869e+00
-4.476162785795605714e+01 9.493804241466410332e+00
-4.369404078401201730e+01 9.270497894285263385e+00
-4.262688559279865075e+01 9.047209786700570078e+00
-4.156038226710189321e+01 8.823949199469961258e+00
-4.049486281530550258e+01 8.600730135882647787e+00
-3.943082831425633117e+01 8.377573724949993306e+00
-3.836903499407052465e+01 8.154511847568109317e+00
-3.731062414973081331e+01 7.931592608018888768e+00
-3.625731819045970639e+01 7.708888589880915632e+00
-3.521171649492110589e+01 7.486509313269827715e+00
-3.417774187820843679e+01 7.264620031292087887e+00
-3.316129822888681389e+01 7.043470101238437309e+00
-3.216894474313460961e+01 6.823385469807593751e+00
-3.120202784707815269e+01 6.604718050188184364e+00
-3.026711989534295455e+01 6.387928605523577552e+00
-2.936247082315200174e+01 6.173279010505146935e+00
-2.845710911196433557e+01 5.959500632548015098e+00
-2.754987691300820174e+01 5.746585891026581017e+00
-2.663176950408417198e+01 5.533902617345625607e+00
-2.569873906518941098e+01 5.321104077649287056e+00
-2.475112455238465614e+01 5.108054386163620286e+00
-2.379072373292781251e+01 4.894715123701891990e+00
-2.282106860116090985e+01 4.681263690160501589e+00
-2.184430461178236271e+01 4.467801536897998638e+00
-2.086313523508855639e+01 4.254573966330184476e+00
-1.987952271607093735e+01 4.041793654490684062e+00
-1.889617923750662953e+01 3.829809207305447494e+00
-1.791527865782978779e+01 3.618969302699925450e+00
-1.694089649079978344e+01 3.409934205946040908e+00
-1.597801741565448097e+01 3.203581675614658675e+00
-1.502929634858159247e+01 3.000338895257845362e+00
-1.409244540040183757e+01 2.799655930728813580e+00
-1.316730910779112484e+01 2.601347611005677685e+00
-1.225369613601765195e+01 2.405247207388586883e+00
-1.135164581490777991e+01 2.211236846129422506e+00
-1.046383053853766754e+01 2.019704011588955517e+00
-9.592090604196549464e+00 1.830927146997263222e+00
-8.737406909565843094e+00 1.645135900602085366e+00
-7.893420508992099016e+00 1.461499692215331159e+00
-7.054553001853888894e+00 1.279369433096725572e+00
-6.197705652941083443e+00 1.095505978217688803e+00
-5.304068475483048495e+00 9.075752346202671239e-01
-4.391687726711984929e+00 7.190751651673071843e-01
-3.484449634269800811e+00 5.352175847415318044e-01
-2.606732711095314681e+00 3.618926462394334020e-01
-1.787249176317712296e+00 2.065652130154041199e-01
-1.064124007145734740e+00 7.957197041956295958e-02
-4.905557882857691232e-01 -4.416962279690190250e-03
-1.331736861117198134e-01 -2.746377456844892317e-02
-2.573237288244436161e-04 4.867089565083387964e-07
