2.424519092054212521e+01 2.592592592255497053e+01
4.020268701727918170e+01 2.564400491330651022e+01
5.051470641596775835e+01 2.536208390405829505e+01
5.708022239689129407e+01 2.508016289481064476e+01
6.116191445146924366e+01 2.479824188556406384e+01
6.359692709669518251e+01 2.451632087631931256e+01
6.494027202381165864e+01 2.423439986707753135e+01
6.555990686763971098e+01 2.395247885784046460e+01
6.569977391639366715e+01 2.367055784861070578e+01
6.552159533217668752e+01 2.338863683939217708e+01
6.513258344368509256e+01 2.310671583019075115e+01
6.460381249176695917e+01 2.282479482101527068e+01
6.398239882209788476e+01 2.254287381187903705e+01
6.329957605974054502e+01 2.226095280280210531e+01
6.257604867671535231e+01 2.197903179381467353e+01
6.182554117048467646e+01 2.169711078496227330e+01
6.105715097299623295e+01 2.141518977631355014e+01
6.027690827161674036e+01 2.113326876797198750e+01
5.948881004645343751e+01 2.085134776009360991e+01
5.869550554138960763e+01 2.056942675291367095e+01
5.789875065852115199e+01 2.028750574678687002e+01
5.709970916686469877e+01 2.000558474224801131e+01
5.629915236296128001e+01 1.972366374010346846e+01
5.549759141587045974e+01 1.944174274156904048e+01
5.469536509015445347e+01 1.915982174847787434e+01
5.389269789078049655e+01 1.887790076359389602e+01
5.308973860266294054e+01 1.859597979108445287e+01
5.228658583581346875e+01 1.831405883723289207e+01
5.148330495863651635e+01 1.803213791151302559e+01
5.067993932486021436e+01 1.775021702820917113e+01
4.987651772074783452e+01 1.746829620885891643e+01
4.907305931078973060e+01 1.718637548593634889e+01
4.826957693085574874e+01 1.690445490840583176e+01
4.746607929419590022e+01 1.662253455009633996e+01
4.666257248908024735e+01 1.634061452232898048e+01
4.585906102526212180e+01 1.605869499295808467e+01
4.505554860897314740e+01 1.577677621508368766e+01
4.425203877951942388e+01 1.549485857034830083e+01
4.344853551674064818e+01 1.521294263422679016e+01
4.264504392352748141e+01 1.493102927448232897e+01
4.184157110038891858e+01 1.464911979963794053e+01
4.103812736190457855e+01 1.436721618287425883e+01
4.023472800340363165e+01 1.408532139967495844e+01
3.943139592039522512e+01 1.380343993701257155e+01
3.862816552925545466e+01 1.352157856123204382e+01
3.782508866044214813e+01 1.323974747607422131e+01
3.702224343319456779e+01 1.295796206906695858e+01
3.621974763108870121e+01 1.267624554522819658e+01
3.541777886833493483e+01 1.239463289890987774e+01
3.461660499922538747e+01 1.211317690365361521e+01
3.381662997666680326e+01 1.183195714531424159e+01
3.301846301044118803e+01 1.155109364451477383e+01
3.222302207438158206e+01 1.127076741135742743e+01
3.143164857690075564e+01 1.099124421535539398e+01
3.064585721753257275e+01 1.071283296337838742e+01
2.986656983443587521e+01 1.043571803463543901e+01
2.909347593590324266e+01 1.015986895307678317e+01
2.832685731152353270e+01 9.885393124631248085e+00
2.756865257096645649e+01 9.612719754550598239e+00
2.682073413726880062e+01 9.342300102563580566e+00
2.608566102414181387e+01 9.074764472664240245e+00
2.536546834052016308e+01 8.810586648952464017e+00
2.465367793628181303e+01 8.548441064225130503e+00
2.394885109732809170e+01 8.288094038512596740e+00
2.325276033135051179e+01 8.029896996670595755e+00
2.256085347115194395e+01 7.772826507750463243e+00
2.186868168310664728e+01 7.515945400881497207e+00
2.117723740594888682e+01 7.259581301498111650e+00
2.048675888098887299e+01 7.003912446532675418e+00
1.979703393192913552e+01 6.748928389004312578e+00
1.910464705348294245e+01 6.493688004185798057e+00
1.840241761981039303e+01 6.236232544256621324e+00
1.769022118309061398e+01 5.976503977695293734e+00
1.696848013359483787e+01 5.714697472146670343e+00
1.623836038102977852e+01 5.451163764627632524e+00
1.550033047275803355e+01 5.186021603459280094e+00
1.475497663029280915e+01 4.919401150354912211e+00
1.400372045514895802e+01 4.651628232949557074e+00
1.324784168110176807e+01 4.382999602433894637e+00
1.248881525742704390e+01 4.113884016906542485e+00
1.172737038708975810e+01 3.844456997986384739e+00
1.096421142607124111e+01 3.574911840931015217e+00
1.019978255877492934e+01 3.305377315218022360e+00
9.434684399427801793e+00 3.036047465694474479e+00
8.669413813720641571e+00 2.767097929385074817e+00
7.904277983434398358e+00 2.498660019101612839e+00
7.139822916287667631e+00 2.230962441434080734e+00
6.377267628185763648e+00 1.964505756048729346e+00
5.618201347355955555e+00 1.699971720338578463e+00
4.865211838379811304e+00 1.438467134311415707e+00
4.122331437662973386e+00 1.181725675330211889e+00
3.395865832021696118e+00 9.324721741089225802e-01
2.694894340627374429e+00 6.946778285136363529e-01
2.032444809873291458e+00 4.741030260473192981e-01
1.427398368838233012e+00 2.791411292337798722e-01
9.071246855571146739e-01 1.220350583535881189e-01
5.080837398404026706e-01 1.924024642362845081e-02
2.821832767646577644e-01 -5.821514357334936669e-03
7.881076815321054474e-02 -2.708198468317770530e-02
1.699151180942436688e-04 9.185856002890520536e-07
