1.044222350759190476e+01 2.226655324649798828e+01
1.520696767665240579e+01 2.214224389553305627e+01
1.778631532369254131e+01 2.198747586811210653e+01
1.919980791240899620e+01 2.180923048626397787e+01
1.993628570758964003e+01 2.161893637075769803e+01
2.026548393679679450e+01 2.142826635057977569e+01
2.036721258939321899e+01 2.123308665512282190e+01
2.034136581484640161e+01 2.102219523673718626e+01
2.023910625970978927e+01 2.080055516792344150e+01
2.009160839513506858e+01 2.057267695368341265e+01
1.991643790645189682e+01 2.034028476381350004e+01
1.971861674447513124e+01 2.010118794146656995e+01
1.950571154887900249e+01 1.985724835463985372e+01
1.928295673149942147e+01 1.960994984453897416e+01
1.905384386490419146e+01 1.936043192286589942e+01
1.882063631112636770e+01 1.910945473779327841e+01
1.858480518649759361e+01 1.885750811738506982e+01
1.834729472584796639e+01 1.860494564833653541e+01
1.810874770921081733e+01 1.835200057629376147e+01
1.786940108523252846e+01 1.809874927522441368e+01
1.762954937470434302e+01 1.784529880276284786e+01
1.738912748993546842e+01 1.759158757160358988e+01
1.714818827260695500e+01 1.733761335340092202e+01
1.690697711913412959e+01 1.708352221643732705e+01
1.666567419017694363e+01 1.682942429374601545e+01
1.642432599865857412e+01 1.657534245470217371e+01
1.618308158428488852e+01 1.632136803937948244e+01
1.594200653353145469e+01 1.606754604992816127e+01
1.570119547767127521e+01 1.581392808758951851e+01
1.546081413870160048e+01 1.556062632383200217e+01
1.522063598769068804e+01 1.530752548244103295e+01
1.498074528945527639e+01 1.505468067924444142e+01
1.474141998296382816e+01 1.480227031562855800e+01
1.450242793779658257e+01 1.455016088941995100e+01
1.426377388708760030e+01 1.429834562547679333e+01
1.402527380316483629e+01 1.404669450923540630e+01
1.378692624883098183e+01 1.379517638237221000e+01
1.354877455443736523e+01 1.354379140222502187e+01
1.331077113448308680e+01 1.329251935107893878e+01
1.307303782489238664e+01 1.304145481699582199e+01
1.283590109143375990e+01 1.279083473618099021e+01
1.259924362163011935e+01 1.254059838161250440e+01
1.236307764220701699e+01 1.229075124660309370e+01
1.212721830361884479e+01 1.204117542829291487e+01
1.189157114733316867e+01 1.179179178513843240e+01
1.165609474168239501e+01 1.154255401345993626e+01
1.142062861351124425e+01 1.129334132224352238e+01
1.118518808458170177e+01 1.104414443307471849e+01
1.094963424086849990e+01 1.079485789846443033e+01
1.071363614931403063e+01 1.054524969897593856e+01
1.047723903905912124e+01 1.029532518253821216e+01
1.024068789017028180e+01 1.004526432037553718e+01
1.000372781500233188e+01 9.794895298060984246e+00
9.766318779374119075e+00 9.544175349586314638e+00
9.528308738950576284e+00 9.292998275779115858e+00
9.289690755452660653e+00 9.041330188206563534e+00
9.050450995977600499e+00 8.789149544471683839e+00
8.810554670945567324e+00 8.536446212463118854e+00
8.570066017415188142e+00 8.283291025199375213e+00
8.329267655848310525e+00 8.029884407023256898e+00
8.088127056299006412e+00 7.776233482725340984e+00
7.846655765629835244e+00 7.522374657766889960e+00
7.605006490670134234e+00 7.268413532260540322e+00
7.363289495386426076e+00 7.014435383084901332e+00
7.121604713992673474e+00 6.760512936205338441e+00
6.879845940152141459e+00 6.506591442647778223e+00
6.638003857412384079e+00 6.252672730516070310e+00
6.396160641444662787e+00 5.998815989448268660e+00
6.154303965728134429e+00 5.745021899785382580e+00
5.912313325707232892e+00 5.491215545486074490e+00
5.670163740971427835e+00 5.237389511114907137e+00
5.427908115962261526e+00 4.983584516730498848e+00
5.185394574062140549e+00 4.729696238213477955e+00
4.942631415556990149e+00 4.475736144652137760e+00
4.699590565483698690e+00 4.221687310078813482e+00
4.456392223335478242e+00 3.967640754954500526e+00
4.213047994504904636e+00 3.713609934410026625e+00
3.969461833998733979e+00 3.459525546616397218e+00
3.725765533905480265e+00 3.205501998898134808e+00
3.482074499649631338e+00 2.951660852283295000e+00
3.238365044660958425e+00 2.698007239698282600e+00
2.994791524238921365e+00 2.444722482744865477e+00
2.751484282859257391e+00 2.191992338065472445e+00
2.508733196149894873e+00 1.940202087403158471e+00
2.266915508571487159e+00 1.689890330566893528e+00
2.026425693286874719e+00 1.441705801059884218e+00
1.788086758237163565e+00 1.196901098923665474e+00
1.552869997004981739e+00 9.571134387252524522e-01
1.322558090948199316e+00 7.252615832117326189e-01
1.100064799243190672e+00 5.061215319997185436e-01
8.892620176926211428e-01 3.064819095844315000e-01
6.957251524042190605e-01 1.365106496074211251e-01
5.265461350031497290e-01 1.014547412393165468e-02
3.885470320235877018e-01 -5.741441884159053516e-02
2.883162233132783303e-01 -5.675187064684454608e-02
2.381631253009036664e-01 -1.503680303233138763e-03
1.554705655269787712e-01 -1.118964236625587250e-02
7.965186029316211058e-02 -2.785683148563235234e-02
5.446551340173073213e-02 9.800963442567324144e-03
1.343310234061387674e-05 9.627155045626960871e-07
