-1.165393762368074704e+01 3.085512636712976597e+00
-1.656960617688280379e+01 3.121195544965897462e+00
-1.902091255572690187e+01 3.144397849878276752e+00
-2.030589213319650810e+01 3.151537139496042528e+00
-2.094467273673688723e+01 3.146905772634222664e+00
-2.121770047008541127e+01 3.132824418596706018e+00
-2.127922552301128789e+01 3.111060287652299916e+00
-2.121643558019171394e+01 3.084783413027317955e+00
-2.108043036828632566e+01 3.055856393305857122e+00
-2.090148404022139772e+01 3.025373058793838332e+00
-2.069735346744196391e+01 2.993975771422433318e+00
-2.047845335635021513e+01 2.962041766638534135e+00
-2.025089193340661708e+01 2.929792584650896980e+00
-2.001825161032827083e+01 2.897358336235524412e+00
-1.978263346663874600e+01 2.864815446039206126e+00
-1.954526991995356155e+01 2.832208822307634488e+00
-1.930688414250494844e+01 2.799564884199513770e+00
-1.906790098545501166e+01 2.766899225736263901e+00
-1.882857089625575853e+01 2.734221139605861772e+00
-1.858904295229787706e+01 2.701536313145191492e+00
-1.834940829712631682e+01 2.668848478612957820e+00
-1.810972680827941161e+01 2.636160186565816410e+00
-1.787001477390401760e+01 2.603470359848328197e+00
-1.763028375870668185e+01 2.570779446782469169e+00
-1.739054449614000220e+01 2.538088326561667607e+00
-1.715080536642214781e+01 2.505397900826367596e+00
-1.691107239782541782e+01 2.472708645948940909e+00
-1.667135578275085450e+01 2.440022171838256426e+00
-1.643166813604141296e+01 2.407340373677621326e+00
-1.619202827250314058e+01 2.374666637567673266e+00
-1.595246891911178899e+01 2.342006805795110669e+00
-1.571303957649758587e+01 2.309369423876907135e+00
-1.547354472177979545e+01 2.276720751709445434e+00
-1.523402061133133145e+01 2.244067966833665828e+00
-1.499449512852315891e+01 2.211416495945411675e+00
-1.475496174894887425e+01 2.178762946826698688e+00
-1.451542056273700432e+01 2.146107169314838359e+00
-1.427585949535378340e+01 2.113446334399720961e+00
-1.403627958815234855e+01 2.080781565816625100e+00
-1.379669311293707601e+01 2.048115082930827224e+00
-1.355709558862882780e+01 2.015445769859552705e+00
-1.331744401593272187e+01 1.982768497939698449e+00
-1.307775460596744033e+01 1.950085677969327191e+00
-1.283804559934261036e+01 1.917399833292466438e+00
-1.259832958094197153e+01 1.884712761567359784e+00
-1.235861716874097382e+01 1.852026050374061539e+00
-1.211892010474711512e+01 1.819341523803258642e+00
-1.187924828613192041e+01 1.786660304637029295e+00
-1.163961294643230637e+01 1.753984044096343897e+00
-1.140002035718276119e+01 1.721313747243344405e+00
-1.116033824452414080e+01 1.688632143786969353e+00
-1.092059016624876122e+01 1.655943898367954192e+00
-1.068080396258400100e+01 1.623251755411683650e+00
-1.044099520870980591e+01 1.590557324016971030e+00
-1.020117311517415537e+01 1.557861548779037708e+00
-9.961343129495121573e+00 1.525164984236396570e+00
-9.721508474020136958e+00 1.492467955976912064e+00
-9.481671055116439817e+00 1.459770655196007461e+00
-9.241832000769326427e+00 1.427073194191543770e+00
-9.001991978510838877e+00 1.394375638932081607e+00
-8.762151383473387511e+00 1.361678028169503341e+00
-8.522310449651543607e+00 1.328980384652920232e+00
-8.282469315761399997e+00 1.296282721702766372e+00
-8.042628064267960397e+00 1.263585047054251564e+00
-7.802786744579679024e+00 1.230887365085319596e+00
-7.562945386944464055e+00 1.198189678074769171e+00
-7.323104010961007937e+00 1.165491986854608530e+00
-7.083262631103534268e+00 1.132794291044961987e+00
-6.843421260818991492e+00 1.100096588938850983e+00
-6.603579916357460000e+00 1.067398877002690982e+00
-6.363738621427443398e+00 1.034701148846930652e+00
-6.123897414010167850e+00 1.002003393367552064e+00
-5.884056357291978401e+00 9.693055915185889715e-01
-5.644215557862497512e+00 9.366077107786017208e-01
-5.404375196421478122e+00 9.039096957050000158e-01
-5.164535579843820834e+00 8.712114518352229720e-01
-4.924697229610466742e+00 8.385128182639778327e-01
-4.684861032099384204e+00 8.058135209414662992e-01
-4.445028494071445735e+00 7.731130931464863520e-01
-4.205202177028802168e+00 7.404107400692759855e-01
-3.965386435725980263e+00 7.077051082315350961e-01
-3.725588673871854439e+00 6.749938928747473144e-01
-3.485821479309559656e+00 6.422731694578945882e-01
-3.246106254795295243e+00 6.095362553889649426e-01
-3.006479392215975377e+00 5.767717718506899516e-01
-2.767002431996607559e+00 5.439606264698437776e-01
-2.527767027308429615e+00 5.110701913766605431e-01
-2.288919521191257189e+00 4.780491290374395130e-01
-2.050700002069805183e+00 4.448149499098479898e-01
-1.813502564021961527e+00 4.112350874214832919e-01
-1.577920216973487610e+00 3.771258197136149737e-01
-1.344900362924087212e+00 3.422094650772757318e-01
-1.116005945433022895e+00 3.060449089373050158e-01
-8.936247779067073571e-01 2.680424673205898944e-01
-6.812403349339972713e-01 2.275317890792896147e-01
-4.830358444963736009e-01 1.843465233645604218e-01
-2.964420498439859775e-01 1.427410976748698379e-01
-1.362479706062456331e-01 1.002944015440656172e-01
-2.551694744805536180e-02 5.417498647331447925e-02
-3.766009892585169471e-04 1.717707419648135425e-06
