-2.656992802879752347e+01 -2.239277642074578356e+00
-4.377798709573421121e+01 -2.214109768030715575e+00
-5.478208173441650786e+01 -2.188941893949745143e+00
-6.169660976897620941e+01 -2.163774019788021086e+00
-6.591538846635211257e+01 -2.138606145487667920e+00
-6.835719048513929863e+01 -2.113438270966380372e+00
-6.962764987666405148e+01 -2.088270396102919424e+00
-7.012598684083977219e+01 -2.063102520715753840e+00
-7.011535825948045897e+01 -2.037934644531062656e+00
-6.976923116899396859e+01 -2.012766767134488433e+00
-6.920195109986902082e+01 -1.987598887898119671e+00
-6.848889203183800589e+01 -1.962431005869842204e+00
-6.767973878725429415e+01 -1.937263119605560080e+00
-6.680724248436395385e+01 -1.912095226914719559e+00
-6.589299193534529309e+01 -1.886927324474299894e+00
-6.495121802415434331e+01 -1.861759407243242181e+00
-6.399130147116574818e+01 -1.836591467574122838e+00
-6.301942590258208554e+01 -1.811423493865552681e+00
-6.203966752829834519e+01 -1.786255468517817357e+00
-6.105471345112115955e+01 -1.761087364831505964e+00
-6.006633518770453861e+01 -1.735919142302624785e+00
-5.907570084500448360e+01 -1.710750739485109806e+00
-5.808358096394849213e+01 -1.685582063162988975e+00
-5.709048430406730290e+01 -1.660412971924148273e+00
-5.609674749703978591e+01 -1.635243251241129903e+00
-5.510259436788811627e+01 -1.610072575667757411e+00
-5.410817537739732330e+01 -1.584900451490020012e+00
-5.311359413629730852e+01 -1.559726129725304222e+00
-5.211892566353395040e+01 -1.534548474138985208e+00
-5.112422960609892897e+01 -1.509365761020662333e+00
-5.012956075001582690e+01 -1.484175375437214894e+00
-4.913497867472680269e+01 -1.458973350437344774e+00
-4.814055825217484852e+01 -1.433753668007629267e+00
-4.714640284072859799e+01 -1.408507198596727683e+00
-4.615266249898168383e+01 -1.383220092333954154e+00
-4.515956042905971657e+01 -1.357871338447709908e+00
-4.416743230927162500e+01 -1.332429062812008791e+00
-4.317678544729992751e+01 -1.306844911186137104e+00
-4.218838817789775675e+01 -1.281045528379246345e+00
-4.120340525874365767e+01 -1.254919631824488402e+00
-4.022360312389423598e+01 -1.228298401707741627e+00
-3.925166116457216248e+01 -1.200925732059783924e+00
-3.829164389114994549e+01 -1.172413100550981024e+00
-3.734971718065354196e+01 -1.142171104282672767e+00
-3.643523482682830661e+01 -1.109305597023233281e+00
-3.556238686447908748e+01 -1.072460125512336271e+00
-3.475269929732345986e+01 -1.029576900230775305e+00
-3.402914365536248198e+01 -9.788759472856176647e-01
-3.337309325822507589e+01 -9.234293762878497125e-01
-3.275224527594424728e+01 -8.674277387577322695e-01
-3.216786337719515387e+01 -8.112286921506897119e-01
-3.159220442301192833e+01 -7.575525457301461874e-01
-3.102416053159701548e+01 -7.061536656280601454e-01
-3.045819953854778817e+01 -6.581205063335601180e-01
-2.987642711090898473e+01 -6.147806106131227244e-01
-2.927865454291095304e+01 -5.755605831496347635e-01
-2.865496810829873908e+01 -5.398018036608756010e-01
-2.796800867335026552e+01 -5.062318197872852643e-01
-2.722199147098539740e+01 -4.742249166569353358e-01
-2.643181222732492941e+01 -4.433707609758159585e-01
-2.561042974392168858e+01 -4.132033659423475225e-01
-2.477117711595699845e+01 -3.832000284075343099e-01
-2.392308148454660710e+01 -3.529160793260712747e-01
-2.307256630295556477e+01 -3.219329656203240853e-01
-2.222619053517426480e+01 -2.898157605224251920e-01
-2.138724093693366157e+01 -2.561878877406125743e-01
-2.055943303722140314e+01 -2.206844590620839486e-01
-1.974406987463243723e+01 -1.831196502092016232e-01
-1.894290778837734734e+01 -1.434366956563389583e-01
-1.815351942174183009e+01 -1.019114503554925388e-01
-1.737593230114911336e+01 -5.878074769308995473e-02
-1.660944635476804265e+01 -1.438365913930907299e-02
-1.585362467343386861e+01 3.097586708702320529e-02
-1.510696865531191868e+01 7.695305985461213527e-02
-1.436795420007034885e+01 1.230722347446812637e-01
-1.362771633988363362e+01 1.680247118687819285e-01
-1.287995392167987596e+01 2.108274015352290254e-01
-1.212052126213410830e+01 2.508338417481167371e-01
-1.134736953730459419e+01 2.877658603379906754e-01
-1.056105866172956453e+01 3.215563142147231379e-01
-9.763477396561707877e+00 3.523239125139465133e-01
-8.956182986175123872e+00 3.801932901095376183e-01
-8.142656456576945700e+00 4.052692311525504798e-01
-7.327944669023501945e+00 4.275126636995102425e-01
-6.519530887235136518e+00 4.466160330972354653e-01
-5.726354351791095532e+00 4.618754259221211633e-01
-4.961523088047432140e+00 4.720107848535149975e-01
-4.247082184827648987e+00 4.748171864030919509e-01
-3.612750417144042103e+00 4.668277712686962899e-01
-3.101228647125124471e+00 4.426658845879029025e-01
-2.773174615187312231e+00 3.938249018305940430e-01
-2.701629338828590576e+00 3.059750797232738684e-01
-2.382933294042272276e+00 2.497201031779034130e-01
-1.906670079026828502e+00 2.145232963841745832e-01
-1.364250616779410619e+00 1.897473831828420110e-01
-8.354298899138049572e-01 1.665914263438555698e-01
-4.023592710323943833e-01 1.365399525736032404e-01
-1.640603800098753007e-01 8.986237794820113589e-02
1.717566815722579993e-02 4.873408719080909307e-02
-3.140328578842162092e-03 1.564933545536790777e-03
