2.562882074560711843e+01 4.497645211930872478e+01
4.263215452167501951e+01 4.449508525359851774e+01
5.366395954064412877e+01 4.401371838788834623e+01
6.072257975371764616e+01 4.353235152217821735e+01
6.513764591638619095e+01 4.305098465646821637e+01
6.779382635938112855e+01 4.256961779075837882e+01
6.927973416350627645e+01 4.208825092504879706e+01
6.998700238131192464e+01 4.160688405933962031e+01
7.017620362464899131e+01 4.112551719363104752e+01
7.002070958826561764e+01 4.064415032792339133e+01
6.963587293460565775e+01 4.016278346221709228e+01
6.909844342810409046e+01 3.968141659651284670e+01
6.845948643834587699e+01 3.920004973081169197e+01
6.775297825164105348e+01 3.871868286511518420e+01
6.700152495193158586e+01 3.823731599942570369e+01
6.622016747178302865e+01 3.775594913374675343e+01
6.541891327878997231e+01 3.727458226808365538e+01
6.460442083028398486e+01 3.679321540244437472e+01
6.378112032338395920e+01 3.631184853684084857e+01
6.295195938478524766e+01 3.583048167129106076e+01
6.211889921462677222e+01 3.534911480582203325e+01
6.128324469526075546e+01 3.486774794047437354e+01
6.044586402875894748e+01 3.438638107530911725e+01
5.960733487249157747e+01 3.390501421041798835e+01
5.876804157028736597e+01 3.342364734593891740e+01
5.792823984510088309e+01 3.294228048207910575e+01
5.708809984224343026e+01 3.246091361915004114e+01
5.624773476820384133e+01 3.197954675761984689e+01
5.540721994553948093e+01 3.149817989819212016e+01
5.456660549115241565e+01 3.101681304192430488e+01
5.372592475195521189e+01 3.053544619040572172e+01
5.288519991781576124e+01 3.005407934602513009e+01
5.204444575655095662e+01 2.957271251237267506e+01
5.120367209964243216e+01 2.909134569484426791e+01
5.036288549706924300e+01 2.860997890154981249e+01
4.952209031979896281e+01 2.812861214467821469e+01
4.868128949550797557e+01 2.764724544254897154e+01
4.784048500136728421e+01 2.716587882269572063e+01
4.699967819683956805e+01 2.668451232650056326e+01
4.615887005250363728e+01 2.620314601615953620e+01
4.531806131342191435e+01 2.572177998515120478e+01
4.447725262454940065e+01 2.524041437397085019e+01
4.363644463929225736e+01 2.475904939377832648e+01
4.279563812948912727e+01 2.427768536193999438e+01
4.195483411532685381e+01 2.379632275544719278e+01
4.111403403705811854e+01 2.331496229120240926e+01
4.027323999742480254e+01 2.283360504668682012e+01
3.943245511559109673e+01 2.235225264131960898e+01
3.859168405216099274e+01 2.187090750903519876e+01
3.775093379365052471e+01 2.138957330795794221e+01
3.691021482845743407e+01 2.090825553612989296e+01
3.606954291226709586e+01 2.042696245692967949e+01
3.522894172004768620e+01 1.994570648994687190e+01
3.438844683101818589e+01 1.946450630142115301e+01
3.354811171733855701e+01 1.898338994610432096e+01
3.270801674453770858e+01 1.850239958937688201e+01
3.186828269863029917e+01 1.802159860443590134e+01
3.102909111680516574e+01 1.754108223913768683e+01
3.019071483768498609e+01 1.706099364791589679e+01
2.935353894891316884e+01 1.658153476845164320e+01
2.851803132501324001e+01 1.610294983718436512e+01
2.768428274974946746e+01 1.562527805828865013e+01
2.685250062748588462e+01 1.514861785063785504e+01
2.602335507732817277e+01 1.467331282524804514e+01
2.519744245909103952e+01 1.419967167231457417e+01
2.437526593562128596e+01 1.372796766158084658e+01
2.355796303973262340e+01 1.325880188700076978e+01
2.274581235061591755e+01 1.279233429798222943e+01
2.193961291658420976e+01 1.232898700232532008e+01
2.113939239770820677e+01 1.186879502032771860e+01
2.034575141918287500e+01 1.141206476391020530e+01
1.955751102183315027e+01 1.095820875918356307e+01
1.877348201289653673e+01 1.050661555713886308e+01
1.799263236659826148e+01 1.005675381036829918e+01
1.721511186410047145e+01 9.608711886627126830e+00
1.644088021259349119e+01 9.162485560717254174e+00
1.567089403811276505e+01 8.718591306811438457e+00
1.490604551463065874e+01 8.277512773170323968e+00
1.414645312350826600e+01 7.839311687692009478e+00
1.339111795458290111e+01 7.403444033051898465e+00
1.263982689926045211e+01 6.969803527070862259e+00
1.189191919659676877e+01 6.538033052872174622e+00
1.114664684128886663e+01 6.107704599634473652e+00
1.040498127871631162e+01 5.679364675853836530e+00
9.668290074879720919e+00 5.253826810485675125e+00
8.935871007379915909e+00 4.830798475342184872e+00
8.206808520116025463e+00 4.409805860942259237e+00
7.481887291566686748e+00 3.991342339946075679e+00
6.762933887888030959e+00 3.576537081316575772e+00
6.051362204873832695e+00 3.166409490152772399e+00
5.348141821565334908e+00 2.761811606345109471e+00
4.655068909487453332e+00 2.364173294461050290e+00
3.976468061658688935e+00 1.976621448847928564e+00
3.316268248245700434e+00 1.602425925478849544e+00
2.676819058879711832e+00 1.244608905082783323e+00
2.060144234578986655e+00 9.071041514950934914e-01
1.471056998222569412e+00 5.969387502781328125e-01
9.169285787498685503e-01 3.254590251678121104e-01
4.174369757342052956e-01 1.149770038982427939e-01
1.659392612027006967e-03 3.382198216500235795e-13
