-3.080897020022238308e+01 4.411094224924031693e+01
-5.120316211181012989e+01 4.363636572749140186e+01
-6.441883227244133536e+01 4.316178920574335365e+01
-7.286383551508123446e+01 4.268721268399713153e+01
-7.813839511806448002e+01 4.221263616225402870e+01
-8.130597197751849592e+01 4.173805964051585704e+01
-8.307331064141230570e+01 4.126348311878526687e+01
-8.391009256005811778e+01 4.078890659706620880e+01
-8.412845408510580114e+01 4.031433007536457325e+01
-8.393583177158956232e+01 3.983975355368919935e+01
-8.347008179722389798e+01 3.936517703205338847e+01
-8.282281928612584920e+01 3.889060051047712818e+01
-8.205492893065321880e+01 3.841602398899048154e+01
-8.120687289032835565e+01 3.794144746763870302e+01
-8.030554111553419716e+01 3.746687094648988392e+01
-7.936880386934080889e+01 3.699229442564644188e+01
-7.840853719841733493e+01 3.651771790526253625e+01
-7.743263357124244806e+01 3.604314138557010949e+01
-7.644633808864226410e+01 3.556856486691817310e+01
-7.545313648974405396e+01 3.509398834983192472e+01
-7.445534529451144579e+01 3.461941183510155895e+01
-7.345450399516064977e+01 3.414483532391619747e+01
-7.245163569524092395e+01 3.367025881806509346e+01
-7.144742032309112290e+01 3.319568232024063548e+01
-7.044230974505379095e+01 3.272110583449408239e+01
-6.943660426734180646e+01 3.224652936692150718e+01
-6.843050347847481873e+01 3.177195292669586379e+01
-6.742414004001089722e+01 3.129737652761992095e+01
-6.641760214641107041e+01 3.082280019046313768e+01
-6.541094845653613277e+01 3.034822394647785870e+01
-6.440421802470817170e+01 2.987364784269049522e+01
-6.339743691268446213e+01 2.939907194986293248e+01
-6.239062260196463683e+01 2.892449637447270661e+01
-6.138378695344321301e+01 2.844992127673960525e+01
-6.037693821548260331e+01 2.797534689775095629e+01
-5.937008242037719441e+01 2.750077360027783868e+01
-5.836322440563272806e+01 2.702620193019235018e+01
-5.735636863296561927e+01 2.655163270888401783e+01
-5.634951994368061889e+01 2.607706717232133897e+01
-5.534268437831316589e+01 2.560250718030179584e+01
-5.433587019930424589e+01 2.512795553131634207e+01
-5.332908928984824115e+01 2.465341643633511026e+01
-5.232235916574144596e+01 2.417889623172637314e+01
-5.131570594084170978e+01 2.370440445200636503e+01
-5.030916874819664031e+01 2.322995544403687163e+01
-4.930280636534737937e+01 2.275557079595489540e+01
-4.829670716548395859e+01 2.228128299205332752e+01
-4.729100407920369520e+01 2.180714091238525754e+01
-4.628589709992797196e+01 2.133321810817745856e+01
-4.528168714318945831e+01 2.085962525408375257e+01
-4.427882699223518159e+01 2.038652888545022535e+01
-4.327799794023408708e+01 1.991417959281891115e+01
-4.228002586788772277e+01 1.944287883331057287e+01
-4.128606867044574358e+01 1.897304593854922317e+01
-4.029791933202769627e+01 1.850533016898765837e+01
-3.931830852662133680e+01 1.804072575976528370e+01
-3.834819904868555085e+01 1.757954975701010270e+01
-3.738850378936396623e+01 1.712209648692887853e+01
-3.644177938895063562e+01 1.666924901433251449e+01
-3.551003487619310306e+01 1.622169604177636870e+01
-3.459453470441477663e+01 1.577985892430864112e+01
-3.369689700813343336e+01 1.534443302695189182e+01
-3.281862740710114679e+01 1.491618296599451732e+01
-3.196272879868345740e+01 1.449642964100417153e+01
-3.113021563716419848e+01 1.408586107954493905e+01
-3.032271872385840439e+01 1.368548840009441925e+01
-2.953598627502478990e+01 1.329414955996706738e+01
-2.876342614232299155e+01 1.290966345373832347e+01
-2.799299102731440314e+01 1.252761363477455525e+01
-2.723890858287287742e+01 1.215371065806240836e+01
-2.643542537965667449e+01 1.176163517094233235e+01
-2.559161855243459627e+01 1.135477431842266682e+01
-2.471634569148220706e+01 1.093639320961976580e+01
-2.381782787494375597e+01 1.050951469661677429e+01
-2.290239988000496041e+01 1.007646668939730539e+01
-2.197480624406790639e+01 9.639000370961902320e+00
-2.103811602816341875e+01 9.198218618483874565e+00
-2.009513544463070644e+01 8.755215900504159876e+00
-1.914757743885714447e+01 8.310627080001820488e+00
-1.819700093582239475e+01 7.865067575414673051e+00
-1.724405388970974684e+01 7.418715447053191525e+00
-1.629017916647859110e+01 6.972216583926140743e+00
-1.533566997783477248e+01 6.525645212019390407e+00
-1.438089604509255182e+01 6.079171489353512925e+00
-1.342595778670639639e+01 5.632865065174953223e+00
-1.247093537288955645e+01 5.186806522211856674e+00
-1.151593171531716209e+01 4.741097258013744487e+00
-1.056206792246034176e+01 4.296429022898617944e+00
-9.610698816037430703e+00 3.853672285359884597e+00
-8.663995665165046489e+00 3.414243529857020398e+00
-7.724379563301280172e+00 2.979850551546205484e+00
-6.794700359835111669e+00 2.552686618325344714e+00
-5.878243538064424456e+00 2.135592952321801796e+00
-4.977820582982438680e+00 1.731822811534419415e+00
-4.095980976088356762e+00 1.345567978566085454e+00
-3.234642649383797863e+00 9.824261418595499062e-01
-2.397109459572763335e+00 6.513147826889069680e-01
-1.581636122194879590e+00 3.632821238757534821e-01
-7.886507529728242760e-01 1.374974751753501867e-01
-1.644887098411221922e-03 1.280036052037566296e-15
