-4.383934434670358371e+01 -4.399014778325141606e+01
-7.287855185889313248e+01 -4.351474916079078525e+01
-9.168432279108377259e+01 -4.303935053833018998e+01
-1.036930812265629100e+02 -4.256395191586965154e+01
-1.111873109708462977e+02 -4.208855329340920548e+01
-1.156830219817402536e+02 -4.161315467094894416e+01
-1.181871375883320638e+02 -4.113775604848895995e+01
-1.193684493017739783e+02 -4.066235742602935943e+01
-1.196711638182893864e+02 -4.018695880357033445e+01
-1.193903201532794043e+02 -3.971156018111216213e+01
-1.187218811802086549e+02 -3.923616155865529720e+01
-1.177960040842970528e+02 -3.876076293620035074e+01
-1.166991383677600709e+02 -3.828536431374828908e+01
-1.154887031920565050e+02 -3.780996569130056884e+01
-1.142028359670994462e+02 -3.733456706885937848e+01
-1.128668672967873761e+02 -3.685916844642802204e+01
-1.114976215930454799e+02 -3.638376982401146620e+01
-1.101062735139299207e+02 -3.590837120161719298e+01
-1.087002451900643649e+02 -3.543297257925646448e+01
-1.072844663493225994e+02 -3.495757395694624137e+01
-1.058622112829359168e+02 -3.448217533471204632e+01
-1.044356547526051031e+02 -3.400677671259231261e+01
-1.030062412201787083e+02 -3.353137809064486419e+01
-1.015749300874800980e+02 -3.305597946895679939e+01
-1.001423585829474519e+02 -3.258058084765928442e+01
-9.870894994987870064e+01 -3.210518222694977908e+01
-9.727498530441339142e+01 -3.162978360712554959e+01
-9.584065136325456535e+01 -3.115438498863413130e+01
-9.440607214431381067e+01 -3.067898637214942070e+01
-9.297133002239426958e+01 -3.020358775868596624e+01
-9.153647971473337464e+01 -2.972818914977126425e+01
-9.010155757086091910e+01 -2.925279054770507869e+01
-8.866658774399972742e+01 -2.877739195594990562e+01
-8.723158629178443846e+01 -2.830199337971887275e+01
-8.579656390251672349e+01 -2.782659482686067065e+01
-8.436152770981857429e+01 -2.735119630919227518e+01
-8.292648250377413888e+01 -2.687579784450510800e+01
-8.149143154418698032e+01 -2.640039945958561773e+01
-8.005637711402789591e+01 -2.592500119476309095e+01
-7.862132090703596532e+01 -2.544960311075664805e+01
-7.718626431528069531e+01 -2.497420529898407437e+01
-7.575120866550662413e+01 -2.449880789708254269e+01
-7.431615544438727738e+01 -2.402341111227642401e+01
-7.288110655093170465e+01 -2.354801525655944872e+01
-7.144606461889711113e+01 -2.307262079966450941e+01
-7.001103346394668847e+01 -2.259722844881406800e+01
-6.857601873147051208e+01 -2.212183926879117379e+01
-6.714102885505680263e+01 -2.164645486271648167e+01
-6.570607648834159420e+01 -2.117107764422327065e+01
-6.427118065333560537e+01 -2.069571124723994870e+01
-6.283636996997024937e+01 -2.022036114295209330e+01
-6.140168751517298062e+01 -1.974503556869083454e+01
-5.996719813644310193e+01 -1.926974692645267950e+01
-5.853299946162241696e+01 -1.879451388848893956e+01
-5.709923847409348951e+01 -1.831936456744817932e+01
-5.566613646753312850e+01 -1.784434128929287056e+01
-5.423402661702426286e+01 -1.736950777932794310e+01
-5.280341054532792100e+01 -1.689495998137242339e+01
-5.137504347670854798e+01 -1.642084234693462008e+01
-4.994997808740784251e+01 -1.594736233571951090e+01
-4.852977226678156342e+01 -1.547482835049722283e+01
-4.711638636984002915e+01 -1.500364247420103680e+01
-4.571149465760525743e+01 -1.453417644445854151e+01
-4.431674186905785007e+01 -1.406684374445741881e+01
-4.293174597684116378e+01 -1.360175946642866940e+01
-4.155692812412824821e+01 -1.313922817875362981e+01
-4.019202315524892555e+01 -1.267948905582748509e+01
-3.883744820573338785e+01 -1.222301805903759409e+01
-3.749460826178869155e+01 -1.177062362010000029e+01
-3.616579561304777002e+01 -1.132350179659963807e+01
-3.485363215123504688e+01 -1.088320557676173905e+01
-3.355933363525313240e+01 -1.045132117812195993e+01
-3.228713149327751353e+01 -1.003064369153451629e+01
-3.104717180534920473e+01 -9.626183024556324241e+00
-2.985158661955446391e+01 -9.243821769096124186e+00
-2.871273299755566200e+01 -8.889346961265133018e+00
-2.763973258417030721e+01 -8.566788663193225517e+00
-2.663549192331271698e+01 -8.277791004803445318e+00
-2.565247528578343506e+01 -8.000552763862870620e+00
-2.465602377881049634e+01 -7.718141285215751601e+00
-2.356707644349431874e+01 -7.393214857632684378e+00
-2.239565295592886685e+01 -7.028835262710595444e+00
-2.116211936203003674e+01 -6.633488868480800882e+00
-1.989646102538864625e+01 -6.219752722217013918e+00
-1.861208517987567035e+01 -5.794319262314460595e+00
-1.731556253788362554e+01 -5.361147727188840584e+00
-1.601179130284588581e+01 -4.923093245905096005e+00
-1.470245661011446714e+01 -4.481779467572642339e+00
-1.338741941305757521e+01 -4.038173980189536216e+00
-1.206875078422406666e+01 -3.593700968674955032e+00
-1.074889949349679341e+01 -3.149985507824788922e+00
-9.431746418745980520e+00 -2.709153296231117558e+00
-8.121358057350738235e+00 -2.273721370055048929e+00
-6.822704158144917486e+00 -1.847058744027296973e+00
-5.544202870618346601e+00 -1.434369491567086152e+00
-4.299113114827656013e+00 -1.043557140242798553e+00
-3.103360127965065551e+00 -6.856438074814350525e-01
-1.975032606306306615e+00 -3.759809388644089201e-01
-9.339019567311820369e-01 -1.365898617084437550e-01
-1.662936462870762177e-03 -5.779005995188953423e-15
