-2.035111023588211765e+01 -1.854775191623692976e+01
-3.366266496536000830e+01 -1.834594585446733817e+01
-4.224576342898174630e+01 -1.814413979269782473e+01
-4.769910907927210530e+01 -1.794233373092847472e+01
-5.108090720114542194e+01 -1.774052766915942669e+01
-5.309157174891873154e+01 -1.753872160739085828e+01
-5.419469869421126873e+01 -1.733691554562301462e+01
-5.469713689904703813e+01 -1.713510948385627586e+01
-5.480198610945011239e+01 -1.693330342209123884e+01
-5.464367572023606812e+01 -1.673149736032873847e+01
-5.431118300754119588e+01 -1.652969129857009634e+01
-5.386340101092550015e+01 -1.632788523681727710e+01
-5.333931035846640611e+01 -1.612607917507324728e+01
-5.276471188124939005e+01 -1.592427311334250994e+01
-5.215668285376460034e+01 -1.572246705163183833e+01
-5.152652652837461744e+01 -1.552066098995148380e+01
-5.088172439839447492e+01 -1.531885492831693973e+01
-5.022722837867295453e+01 -1.511704886675160608e+01
-4.956631608514040721e+01 -1.491524280529083235e+01
-4.890115693458229629e+01 -1.471343674398803358e+01
-4.823318683965535314e+01 -1.451163068292389369e+01
-4.756335621531950864e+01 -1.430982462222032225e+01
-4.689229413159668525e+01 -1.410801856206152038e+01
-4.622041696461675997e+01 -1.390621250272575260e+01
-4.554800031182664100e+01 -1.370440644463346302e+01
-4.487522659233678723e+01 -1.350260038841984311e+01
-4.420221655379101122e+01 -1.330079433504454478e+01
-4.352905012752957248e+01 -1.309898828595746778e+01
-4.285578023408538684e+01 -1.289718224334913188e+01
-4.218244192345640187e+01 -1.269537621052902843e+01
-4.150905842883376806e+01 -1.249357019249720047e+01
-4.083564517936761717e+01 -1.229176419680784704e+01
-4.016221246504250786e+01 -1.208995823487401644e+01
-3.948876721393213529e+01 -1.188815232393880983e+01
-3.881531418879496442e+01 -1.168634649005351456e+01
-3.814185680968331127e+01 -1.148454077257698991e+01
-3.746839774464434214e+01 -1.128273523097354136e+01
-3.679493937053697294e+01 -1.108092995508319056e+01
-3.612148418355567969e+01 -1.087912508063834949e+01
-3.544803523036566872e+01 -1.067732081270667166e+01
-3.477459663431353221e+01 -1.047551746110911886e+01
-3.410117430759907364e+01 -1.027371549393037853e+01
-3.342777697241249513e+01 -1.007191561836361515e+01
-3.275441766740443938e+01 -9.870118902852638598e+00
-3.208111599968201944e+01 -9.668326961627096594e+00
-3.140790153128851259e+01 -9.466542233502494241e+00
-3.073481888506929849e+01 -9.264768403097754401e+00
-3.006193545179363724e+01 -9.063011037220434218e+00
-2.938935302968272012e+01 -8.861278546332250983e+00
-2.871722540668780255e+01 -8.659583637153442481e+00
-2.804578492227594211e+01 -8.457945507291061205e+00
-2.737538259639368476e+01 -8.256393160934218045e+00
-2.670654875656087412e+01 -8.054970418283192046e+00
-2.604008460258915036e+01 -7.853743483911935996e+00
-2.537695948900408638e+01 -7.652780063537516497e+00
-2.471790213994189145e+01 -7.452096823522200708e+00
-2.406213039687197508e+01 -7.251597906922594206e+00
-2.341070949509977694e+01 -7.051410205642468121e+00
-2.276621370900392094e+01 -6.851767383551282009e+00
-2.213113210259892938e+01 -6.652916385933879795e+00
-2.150568826601757522e+01 -6.454969343713374386e+00
-2.089257613284462067e+01 -6.258221289459035219e+00
-2.029197115439987087e+01 -6.062692016027943609e+00
-1.970353651823252505e+01 -5.868419101494176005e+00
-1.911965434766096195e+01 -5.674639790144270890e+00
-1.853502937413871976e+01 -5.480862857538112642e+00
-1.794607603522141304e+01 -5.286716313625154484e+00
-1.735082523424106782e+01 -5.092022515677827599e+00
-1.674975740706215532e+01 -4.896841992345791539e+00
-1.614423627527976279e+01 -4.701364076414777493e+00
-1.553603167864853951e+01 -4.505829467544476330e+00
-1.492581095202137220e+01 -4.310381343154922718e+00
-1.431416186564515058e+01 -4.115145889253620126e+00
-1.369986918380261542e+01 -3.920000671037981110e+00
-1.308221507826278085e+01 -3.724844122695826432e+00
-1.246054974115779679e+01 -3.529540358359422036e+00
-1.183498052646312182e+01 -3.334072243332791619e+00
-1.120676128511225045e+01 -3.138607657566681919e+00
-1.057621854701729802e+01 -2.943182622100916301e+00
-9.943519813944426744e+00 -2.747812177983229631e+00
-9.309212112433435493e+00 -2.552579193665907908e+00
-8.673578677377959067e+00 -2.357537272647243665e+00
-8.036932751904100058e+00 -2.162755358980630760e+00
-7.399873130484673212e+00 -1.968375049344753824e+00
-6.762508999986470037e+00 -1.774452876444862826e+00
-6.125559330518626666e+00 -1.581200020053856292e+00
-5.489635074356905342e+00 -1.388847819960060237e+00
-4.855347732065242283e+00 -1.197693072860434693e+00
-4.224284682260776691e+00 -1.008351440385731435e+00
-3.598853985565160229e+00 -8.217580124601119307e-01
-2.983097644389830272e+00 -6.394523729335933604e-01
-2.383032674182742561e+00 -4.637616234037886809e-01
-1.807725852700936775e+00 -2.982260777942903340e-01
-1.271057955987870081e+00 -1.482768788463159071e-01
-7.933444734294859968e-01 -2.197630137557010296e-02
-4.035078840846876291e-01 6.892959592178798944e-02
-1.322263158267796002e-01 1.099026344137401662e-01
-3.178884110239967031e-02 7.650301183516555747e-02
4.649067826576414736e-02 5.255855743738230279e-02
-2.083920079521880790e-03 3.394484562770672559e-05
