3.709900436845264693e+01 4.767053854697691406e+01
6.226244081763966420e+01 4.717560254428695998e+01
7.869214825869809715e+01 4.668066654159703432e+01
8.928151396908155846e+01 4.618573053890708024e+01
9.596540618885647689e+01 4.569079453621714038e+01
1.000376835599400351e+02 4.519585853352719340e+01
1.023635575476574786e+02 4.470092253083724643e+01
1.035216005365414418e+02 4.420598652814730656e+01
1.038987075430663509e+02 4.371105052545737379e+01
1.037535977141681656e+02 4.321611452276744814e+01
1.032592781813388996e+02 4.272117852007752248e+01
1.025314399087006478e+02 4.222624251738760393e+01
1.016474461763890247e+02 4.173130651469768537e+01
1.006590302996068260e+02 4.123637051200776682e+01
9.960078667374580164e+01 4.074143450931786248e+01
9.849584879001480431e+01 4.024649850662794393e+01
9.735968616043872714e+01 3.975156250393803958e+01
9.620264334564222963e+01 3.925662650124815656e+01
9.503163781880375893e+01 3.876169049855829485e+01
9.385129533803032587e+01 3.826675449586846867e+01
9.266470917705233035e+01 3.777181849317868512e+01
9.147394782759566567e+01 3.727688249048897262e+01
9.028039450317241688e+01 3.678194648779936671e+01
8.908497416741472819e+01 3.628701048510986027e+01
8.788830534935911487e+01 3.579207448242051726e+01
8.669080166328801340e+01 3.529713847973140162e+01
8.549273969569065912e+01 3.480220247704264835e+01
8.429430440170362715e+01 3.430726647435441379e+01
8.309561946199801241e+01 3.381233047166693240e+01
8.189676758262210399e+01 3.331739446898059498e+01
8.069780406963491259e+01 3.282245846629594865e+01
7.949876590654963593e+01 3.232752246361381765e+01
7.829967782447765501e+01 3.183258646093543831e+01
7.710055636127287926e+01 3.133765045826268647e+01
7.590141257590758528e+01 3.084271445559831548e+01
7.470225386359338415e+01 3.034777845294649623e+01
7.350308516956553717e+01 2.985284245031342465e+01
7.230390980074970741e+01 2.935790644770836622e+01
7.110472996853116001e+01 2.886297044514522270e+01
6.990554715171205657e+01 2.836803444264470286e+01
6.870636233922874681e+01 2.787309844023788230e+01
6.750717619246680101e+01 2.737816243797114169e+01
6.630798915381519976e+01 2.688322643591387262e+01
6.510880151927599968e+01 2.638829043416984987e+01
6.390961348704747280e+01 2.589335443289427019e+01
6.271042519005460747e+01 2.539841843231918972e+01
6.151123671776632307e+01 2.490348243279166596e+01
6.031204813087990146e+01 2.440854643483068287e+01
5.911285947128349250e+01 2.391361043921233431e+01
5.791367076893114074e+01 2.341867444709719592e+01
5.671448204675922256e+01 2.292373846022084649e+01
5.551529332445116438e+01 2.242880248117868902e+01
5.431610462166774056e+01 2.193386651385195307e+01
5.311691596127444370e+01 2.143893056404469988e+01
5.191772737309406693e+01 2.094399464043646830e+01
5.071853889880186017e+01 2.044905875600683132e+01
4.951935059876550582e+01 1.995412293016569905e+01
4.832016256195340276e+01 1.945918719193913660e+01
4.712097492053715797e+01 1.896425158473332573e+01
4.592178787158515263e+01 1.846931617345882515e+01
4.472260170940743507e+01 1.797438105518433105e+01
4.352341687386130786e+01 1.747944637506848764e+01
4.232423402254549671e+01 1.698451235018475458e+01
4.112505413873257964e+01 1.648957930514954739e+01
3.992587869275465806e+01 1.599464772540141411e+01
3.872670988333054254e+01 1.549971833687585310e+01
3.752755099844399211e+01 1.500479222515278899e+01
3.632840695500408401e+01 1.450987101363237031e+01
3.512928510586301201e+01 1.401495712998294074e+01
3.393019644664784096e+01 1.352005420459324192e+01
3.273115742048509702e+01 1.302516766642654034e+01
3.153219261682944463e+01 1.253030563407414455e+01
3.033333880735808208e+01 1.203548024825634499e+01
2.913465098134727427e+01 1.154070966447373436e+01
2.793621137112322828e+01 1.104602103286187820e+01
2.673814294894547317e+01 1.055145495433163738e+01
2.554062961058057013e+01 1.005707214437958541e+01
2.434394635831887399e+01 9.562963398296929540e+00
2.314850443740650832e+01 9.069264493362416246e+00
2.195491883418513979e+01 8.576178473909973121e+00
2.076410921448442082e+01 8.084008976909814237e+00
1.957745086939784684e+01 7.593210067776570149e+00
1.839699979074976355e+01 7.104460540544287106e+00
1.722563473883509388e+01 6.618703243371740541e+00
1.606627856892672312e+01 6.136876209608126409e+00
1.491541153397995245e+01 5.657797509444951523e+00
1.377060742761117496e+01 5.180759264535542918e+00
1.263105138111549230e+01 4.705742326154008559e+00
1.149584059219543875e+01 4.232856465002240220e+00
1.036545383430124900e+01 3.762805187329519629e+00
9.241371724342288374e+00 3.296803413215197764e+00
8.124244383104167966e+00 2.836042694414399712e+00
7.014023614902128223e+00 2.381946552483348079e+00
5.913959109542480164e+00 1.937746112071709437e+00
4.829081322680967681e+00 1.508352641933192517e+00
3.766249646908458537e+00 1.100929411664751889e+00
2.734652044289191952e+00 7.259656891234407272e-01
1.747748621026842031e+00 3.992978926272863771e-01
8.260821797475844663e-01 1.450366692583870409e-01
1.882660334230767604e-03 8.380511012025104542e-15
