2.870405966907940254e+01 4.595687331536355913e+01
4.782930821200414329e+01 4.546896411715094644e+01
6.025448967660092592e+01 4.498105491893895902e+01
6.821771475266500318e+01 4.449314572072837137e+01
7.320949241230155735e+01 4.400523652252008588e+01
7.622242963086672773e+01 4.351732732431546680e+01
7.791755470533385619e+01 4.302941812611646100e+01
7.873508054999571470e+01 4.254150892792596039e+01
7.896816770092138427e+01 4.205359972974829930e+01
7.881204691375987181e+01 4.156569053158993654e+01
7.839673244097960492e+01 4.107778133346054972e+01
7.780880749427456067e+01 4.058987213537470495e+01
7.710593231016662230e+01 4.010196293735423723e+01
7.632650582087740077e+01 3.961405373943191677e+01
7.549609986042013077e+01 3.912614454165699840e+01
7.463174403505685461e+01 3.863823534410339988e+01
7.374477924005226726e+01 3.815032614688214352e+01
7.284275796401202285e+01 3.766241695015988000e+01
7.193070979980871016e+01 3.717450775418695486e+01
7.101198421377560521e+01 3.668659855933921676e+01
7.008881178935338596e+01 3.619868936618105693e+01
6.916267798835787062e+01 3.571078017555999651e+01
6.823457205809658888e+01 3.522287098874863176e+01
6.730515279173519616e+01 3.473496180765794605e+01
6.637485891707046903e+01 3.424705263515741649e+01
6.544398261068589306e+01 3.375914347555595896e+01
6.451271845567660534e+01 3.327123433532383956e+01
6.358119604640331346e+01 3.278332522417682782e+01
6.264950170359708181e+01 3.229541615670420640e+01
6.171769293844320003e+01 3.180750715481341473e+01
6.078580808927664236e+01 3.131959825140074116e+01
5.985387274563461091e+01 3.083168949586353946e+01
5.892190403609316718e+01 3.034378096237722033e+01
5.798991349836774845e+01 2.985587276232413245e+01
5.705790901259705805e+01 2.936796506295684495e+01
5.612589612175571574e+01 2.888005811542305779e+01
5.519387896044684538e+01 2.839215229684800335e+01
5.426186094770478263e+01 2.790424817352564801e+01
5.332984535989583463e+01 2.741634659580723365e+01
5.239783587971282230e+01 2.692844884058645150e+01
5.146583721325502836e+01 2.644055682525625528e+01
5.053385587859193606e+01 2.595267342898803165e+01
4.960190129794452218e+01 2.546480297516675151e+01
4.866998737649220175e+01 2.497695195581907512e+01
4.773813483235379351e+01 2.448913011942009987e+01
4.680637466815853998e+01 2.400135210435178479e+01
4.587475336591143105e+01 2.351363989171630564e+01
4.494334067561456436e+01 2.302602648849851974e+01
4.401224130272303370e+01 2.253856145823001356e+01
4.308161245280889773e+01 2.205131922587474236e+01
4.215169017325442979e+01 2.156441154850669051e+01
4.122282890584308035e+01 2.107800624137112777e+01
4.029556087776301609e+01 2.059235529707615697e+01
3.937068528270329892e+01 2.010783710957779036e+01
3.844940219541292237e+01 1.962501987802687964e+01
3.753351365872517675e+01 1.914475681445262722e+01
3.662572563760779332e+01 1.866832910832117776e+01
3.573010143628827251e+01 1.819766060316964129e+01
3.485274255397215626e+01 1.773564015662062587e+01
3.400281085077614307e+01 1.728660569855401619e+01
3.319302489174071269e+01 1.685658370110476412e+01
3.240581330252155823e+01 1.643746900561982827e+01
3.162463836467742695e+01 1.602143973938918009e+01
3.083934105451475460e+01 1.560358870379345753e+01
3.004363693863639284e+01 1.518095985470618636e+01
2.923865718440102768e+01 1.475407414754429070e+01
2.842741497209520674e+01 1.432431061083751800e+01
2.761298468379450810e+01 1.389305554197658488e+01
2.679905969746073424e+01 1.346199399362280502e+01
2.598984786251734391e+01 1.303308383098325152e+01
2.518372247604209946e+01 1.260548381336790591e+01
2.436297424618555141e+01 1.217094581809298148e+01
2.351733715597748287e+01 1.172466655370138433e+01
2.265217784195773021e+01 1.126915535475972874e+01
2.177411218022314543e+01 1.080753787197229343e+01
2.088752129859909701e+01 1.034188322198272303e+01
1.999543578240851005e+01 9.873626722358123331e+00
1.909956446177555733e+01 9.403571613921428707e+00
1.820171108690475847e+01 8.932583768864628126e+00
1.730231029335680404e+01 8.460855368915524366e+00
1.640191167492393021e+01 7.988652489863039108e+00
1.550087989626758933e+01 7.516161008935725363e+00
1.459920032509138998e+01 7.043386901664067778e+00
1.369688881687010529e+01 6.570374284645879470e+00
1.279411478766221322e+01 6.097269602721638648e+00
1.189134663838251527e+01 5.624391689061627453e+00
1.098868775800294273e+01 5.151916874240423994e+00
1.008664753129155223e+01 4.680272358138624078e+00
9.186084187821567326e+00 4.210141462761576747e+00
8.287620155272803046e+00 3.742223614387305552e+00
7.392230627586893199e+00 3.277587909387698950e+00
6.501286681962480607e+00 2.817800080646132965e+00
5.616653529025852798e+00 2.365125504232934439e+00
4.740459774558152262e+00 1.922651807974297800e+00
3.876000969112887606e+00 1.495095606437101932e+00
3.028746895189507349e+00 1.089845097257550410e+00
2.205966785806199315e+00 7.176411875012584929e-01
1.417449412699488986e+00 3.942617986608666913e-01
6.773410004510164173e-01 1.434935258663847524e-01
1.653452890634886938e-03 -2.770012400352490448e-15
