1.244986514336513528e+00 4.393455705239556153e+01
2.237847229080240918e+00 4.344706667350039453e+01
3.019514415438219856e+00 4.295846479261840045e+01
3.631609550916608420e+00 4.246885422995995185e+01
4.107291224115695805e+00 4.197844176971074148e+01
4.472958932281449584e+00 4.148739586919010947e+01
4.750221404985183860e+00 4.099585470256697306e+01
4.956444219251894268e+00 4.050393276862035208e+01
5.105583002142347837e+00 4.001172636417568640e+01
5.208853075102887864e+00 3.951931818742387748e+01
5.275267650413598020e+00 3.902678129116916494e+01
5.312070388600121262e+00 3.853418257498108090e+01
5.325083061169817000e+00 3.804158598318675644e+01
5.318984992810132262e+00 3.754905556157951452e+01
5.297537686201961193e+00 3.705665851896690555e+01
5.263765404100687384e+00 3.656446843991340501e+01
5.220100371353454172e+00 3.607256880226103135e+01
5.168499562832352900e+00 3.558105696758126157e+01
5.110538680548916801e+00 3.509004883531945751e+01
5.047487829158622930e+00 3.459968438312026251e+01
4.980372521222604654e+00 3.411013435818429684e+01
4.910022939886957261e+00 3.362160843952860745e+01
4.837113823333147877e+00 3.313436526133375537e+01
4.762206952877857447e+00 3.264872477403388018e+01
4.685454334319167913e+00 3.216149130994870120e+01
4.607217733733234510e+00 3.167298516663012364e+01
4.527784876209438814e+00 3.118346592196394340e+01
4.447393622344126385e+00 3.069314472590252052e+01
4.366235748351387613e+00 3.020219439274584161e+01
4.284466162912485387e+00 2.971075766226190495e+01
4.202210352896777579e+00 2.921895402313756662e+01
4.119570415485016568e+00 2.872688542494335806e+01
4.036629966370592904e+00 2.823464115166639132e+01
3.953458159758215018e+00 2.774230208978682910e+01
3.870113013234509847e+00 2.724994459493066401e+01
3.786644197205166762e+00 2.675764414194078356e+01
3.703095422876948373e+00 2.626547893285251689e+01
3.619506543476127991e+00 2.577353363524358443e+01
3.535915469611868645e+00 2.528190342965454462e+01
3.452360124898785187e+00 2.479069856684597184e+01
3.368873969413478608e+00 2.430001965924783036e+01
3.285449584996725569e+00 2.380978087309454949e+01
3.202069354803938506e+00 2.331985850223146173e+01
3.118724795679669981e+00 2.283017990705106470e+01
3.035409645492085140e+00 2.234068662874769373e+01
2.952118703680606693e+00 2.185132998630505696e+01
2.868848171798942470e+00 2.136206914684651892e+01
2.785597986571622275e+00 2.087288508576856216e+01
2.702365417412447623e+00 2.038374785744404249e+01
2.619158066816104746e+00 1.989467447849504467e+01
2.535974901816275384e+00 1.940564292949621006e+01
2.452819252932524119e+00 1.891665009412231768e+01
2.369698797030878712e+00 1.842770884235314099e+01
2.286625614884372659e+00 1.793885099809751082e+01
2.203616707461452329e+00 1.745012526984372414e+01
2.120688527257459377e+00 1.696157502670415695e+01
2.037860917764754198e+00 1.647325281074629189e+01
1.955167049283881298e+00 1.598525980362773957e+01
1.872630102034822164e+00 1.549764949685808801e+01
1.790293021439035792e+00 1.501054504866879036e+01
1.708202103172554498e+00 1.452406955251254672e+01
1.626417952227569463e+00 1.403838906397281860e+01
1.545016769835110937e+00 1.355370731383900917e+01
1.464089349031369336e+00 1.307026276031318801e+01
1.383742792427555379e+00 1.258832515175777544e+01
1.304119550832081531e+00 1.210826185189893422e+01
1.225393978704138798e+00 1.163051683471723052e+01
1.147777676663648494e+00 1.115561691905992348e+01
1.071537395191335618e+00 1.068422565299976768e+01
9.970103380283269479e-01 1.021718786948503599e+01
9.246044899360588154e-01 9.755499625165249711e+00
8.548315412249997136e-01 9.300416232577919828e+00
7.883284522821593088e-01 8.853493332399454019e+00
7.258760121709487700e-01 8.416598801688389031e+00
6.684539333350484336e-01 7.992086724986354085e+00
6.172741566434981619e-01 7.582826183400963593e+00
5.738391395881450308e-01 7.192316578018782103e+00
5.399994696394404547e-01 6.824708887257254553e+00
5.180365409508449481e-01 6.484905799484215194e+00
5.106991492553015766e-01 6.178259431277528080e+00
5.211824185582975000e-01 5.909974414369387752e+00
5.507037812994683978e-01 5.678045419865346055e+00
5.685901471566932042e-01 5.420718665340138465e+00
5.674628799776560983e-01 5.121543521213231642e+00
5.512746466287327118e-01 4.789770246061320513e+00
5.232808018211367873e-01 4.433150796253511494e+00
4.861678602223989953e-01 4.058249621887833669e+00
4.421989909885030712e-01 3.670757039829008139e+00
3.933092086521088326e-01 3.275761464326969463e+00
3.411980061223396365e-01 2.877992646932447496e+00
2.874107174747270732e-01 2.482047770279759202e+00
2.334125047939050457e-01 2.092611203916238338e+00
1.806585104778923867e-01 1.714678427403770078e+00
1.306635330276916251e-01 1.353794825146690917e+00
8.507456166139634735e-02 1.016320768341801628e+00
4.574964202763504711e-02 7.097356560859565677e-01
1.484684840478575456e-02 4.429954500799617167e-01
-5.091029648998783054e-03 2.269601189622242055e-01
-1.127875818973610687e-02 7.387441552846511772e-02
1.654719482718358732e-05 1.502654680314001845e-06
