-4.692071852361282680e+01 1.441985241820878727e+00
-7.758095759138770120e+01 1.427700220413751886e+00
-9.730101227301977929e+01 1.413415199006672340e+00
-1.097856131629915097e+02 1.399130177599697822e+00
-1.174873059665302293e+02 1.384845156192908044e+00
-1.220273483401607706e+02 1.370560134786419804e+00
-1.244774652038505991e+02 1.356275113380407182e+00
-1.255461088231888169e+02 1.341990091975130417e+00
-1.257015891973584729e+02 1.327705070570982970e+00
-1.252534710192896767e+02 1.313420049168557702e+00
-1.244063818523618181e+02 1.299135027768750783e+00
-1.232955822367669896e+02 1.284850006372917575e+00
-1.220104792540775662e+02 1.270564984983107326e+00
-1.206101699908684850e+02 1.256279963602421779e+00
-1.191337163235595966e+02 1.241994942235554067e+00
-1.176069368428485546e+02 1.227709920889608286e+00
-1.160468964540539076e+02 1.213424899575335170e+00
-1.144648740552133432e+02 1.199139878309005480e+00
-1.128683241788880451e+02 1.184854857115245519e+00
-1.112621736218575705e+02 1.170569836031324140e+00
-1.096496784930128285e+02 1.156284815113644004e+00
-1.080329906960448767e+02 1.141999794447559058e+00
-1.064135323504549859e+02 1.127714774162234868e+00
-1.047922432632289400e+02 1.113429754453129084e+00
-1.031697444908504906e+02 1.099144735616004898e+00
-1.015464464407681504e+02 1.084859718098395209e+00
-9.992262031687114643e+01 1.070574702577462345e+00
-9.829844533848113031e+01 1.056289690077794718e+00
-9.667403994858426586e+01 1.042004682149618056e+00
-9.504948244194046936e+01 1.027719681138401508e+00
-9.342482460308143288e+01 1.013434690592725618e+00
-9.180010072799683485e+01 9.991497158812997492e-01
-9.017533360001769438e+01 9.848647651263698899e-01
-8.855053846033339937e+01 9.705798506157304884e-01
-8.692572566453060290e+01 9.562949909387128411e-01
-8.530090248780120987e+01 9.420102142173140125e-01
-8.367607439323931828e+01 9.277255629939026305e-01
-8.205124598414319337e+01 9.134411016247384607e-01
-8.042642180618530290e+01 8.991569274638835374e-01
-7.880160713912935933e+01 8.848731877805715573e-01
-7.717680891589346004e+01 8.705901053491350572e-01
-7.555203692885051225e+01 8.563080171571971766e-01
-7.392730553315274733e+01 8.420274329567278837e-01
-7.230263614323234833e+01 8.277491238296365017e-01
-7.067806095647154052e+01 8.134742561536348893e-01
-6.905362855130071864e+01 7.992045942409762294e-01
-6.742941233273045043e+01 7.849428068524550994e-01
-6.580552329315288773e+01 7.706929308343025697e-01
-6.418212930613941580e+01 7.564610724212761372e-01
-6.255948430621183576e+01 7.422564680374198476e-01
-6.093797242542757431e+01 7.280930888797831901e-01
-5.931817475657525307e+01 7.139920680401311559e-01
-5.770097034439488226e+01 6.999853718180057971e-01
-5.608768895362928930e+01 6.861213530317117337e-01
-5.448034215922368162e+01 6.724731510947362656e-01
-5.288197291272418710e+01 6.591513981967872526e-01
-5.129718432432210307e+01 6.463234390310179656e-01
-4.973293198510715740e+01 6.342424009843422583e-01
-4.818793544463641609e+01 6.229475911389277254e-01
-4.667436620726130769e+01 6.129331039251906255e-01
-4.520970915103254839e+01 6.049124096911298043e-01
-4.377373516235375916e+01 5.982050675007409835e-01
-4.239029391219240495e+01 5.932727262271457747e-01
-4.107210090233001409e+01 5.892344377778636622e-01
-3.978861402921868518e+01 5.827115184254373359e-01
-3.852865329300066577e+01 5.720119984667987323e-01
-3.729631762141528384e+01 5.562093841853724685e-01
-3.610279405895158078e+01 5.342863375750821486e-01
-3.496328519045039940e+01 5.051848042646923664e-01
-3.388987460324486278e+01 4.683748421337503576e-01
-3.288572281819769927e+01 4.242434476790103992e-01
-3.191893896011759679e+01 3.751449062454905170e-01
-3.094244922538402065e+01 3.260501107312758218e-01
-2.994144957047413058e+01 2.794843970897493701e-01
-2.888099991395836241e+01 2.387543086204443332e-01
-2.776725977853653404e+01 2.037553305142117133e-01
-2.657242616485171993e+01 1.757283843095844567e-01
-2.530934338195191913e+01 1.538360991222329499e-01
-2.399894868612777543e+01 1.371297862928079203e-01
-2.266109397307373285e+01 1.249738085984111874e-01
-2.131383285284744744e+01 1.170617501249933967e-01
-1.997114584212148714e+01 1.133010981282215474e-01
-1.864406029754201910e+01 1.136177919554645227e-01
-1.734101152761266462e+01 1.178585934625356324e-01
-1.605843031282318023e+01 1.251106993096124664e-01
-1.479426790301117123e+01 1.343541532925242310e-01
-1.354757272238510524e+01 1.445539066077820567e-01
-1.231935820927726866e+01 1.545883897581790678e-01
-1.110265575196983256e+01 1.627134506080359644e-01
-9.889944222567661924e+00 1.675775430574837632e-01
-8.682133287047165027e+00 1.686035440881070435e-01
-7.483291994265770519e+00 1.654337776692020034e-01
-6.302465467957969913e+00 1.578306667687501552e-01
-5.149939120450709673e+00 1.456105279946375841e-01
-4.049877962235915341e+00 1.288284856552025515e-01
-3.023615373813609342e+00 1.075673173098124630e-01
-2.087447376583876579e+00 8.227786510742855774e-02
-1.265951862220600521e+00 5.348338317062033970e-02
-5.777536408974722759e-01 2.366313347237884376e-02
-1.688683472979691884e-04 3.671177258800598477e-07
