3.431386332464568767e+01 4.483968760235321582e+01
5.703845201008235222e+01 4.435763863964285747e+01
7.176209893821291530e+01 4.387558967693296097e+01
8.116896250830730253e+01 4.339354071422401660e+01
8.704274461102562555e+01 4.291149175151677042e+01
9.056874163140348344e+01 4.242944278881216036e+01
9.253460061271472625e+01 4.194739382611161460e+01
9.346372470758799977e+01 4.146534486341722925e+01
9.370392308067364695e+01 4.098329590073215911e+01
9.348632008496623769e+01 4.050124693806111509e+01
9.296450128396998025e+01 4.001919797541121682e+01
9.224052656454441035e+01 3.953714901279308691e+01
9.138221623655063297e+01 3.905510005022276943e+01
9.043463790267777824e+01 3.857305108772440150e+01
8.942773965396683877e+01 3.809100212533431318e+01
8.838142244155808669e+01 3.760895316310714520e+01
8.730891074302843435e+01 3.712690420112515000e+01
8.621899242023080490e+01 3.664485523951210411e+01
8.511750713811107971e+01 3.616280627845426920e+01
8.400833544115688767e+01 3.568075731823193308e+01
8.289405600945546837e+01 3.519870835926687391e+01
8.177638241521508178e+01 3.471665940219386215e+01
8.065645335412744998e+01 3.423461044796811592e+01
7.953502550867521848e+01 3.375256149802704186e+01
7.841260170905026428e+01 3.327051255453379497e+01
7.728951609857116978e+01 3.278846362074355625e+01
7.616599072824652694e+01 3.230641470155495654e+01
7.504217316602588994e+01 3.182436580433966000e+01
7.391816149069653363e+01 3.134231694019099379e+01
7.279402090369617895e+01 3.086026812580279710e+01
7.166979477241885377e+01 3.037821938629685548e+01
7.054551197544246577e+01 2.989617075947780833e+01
6.942119179375498561e+01 2.941412230223614444e+01
6.829684717641632119e+01 2.893207410018371206e+01
6.717248693376791380e+01 2.845002628215395291e+01
6.604811722965914100e+01 2.796797904202237817e+01
6.492374262543155794e+01 2.748593267154345909e+01
6.379936685248289052e+01 2.700388760976522207e+01
6.267499344426169472e+01 2.652184451739104176e+01
6.155062633473512079e+01 2.603980438868327241e+01
6.042627052469308069e+01 2.555776871986211063e+01
5.930193292874238864e+01 2.507573976252115955e+01
5.817762354644816014e+01 2.459372090498107610e+01
5.705335715598110369e+01 2.411171724617125278e+01
5.592915581712668427e+01 2.362973645923830546e+01
5.480505260759707653e+01 2.314779009115104813e+01
5.368109722547187346e+01 2.266589551841687467e+01
5.255736440666515819e+01 2.218407889015028545e+01
5.143396658310244618e+01 2.170237955696259391e+01
5.031107292554932542e+01 2.122085673579631759e+01
4.918893799641559639e+01 2.073959953953094626e+01
4.806794486551918055e+01 2.025874207007971606e+01
4.694866999141672181e+01 1.977848613130349520e+01
4.583198085738657568e+01 1.929913540864032839e+01
4.471918289887305775e+01 1.882114690447303218e+01
4.361224060779836975e+01 1.834520834087101804e+01
4.251411026263896531e+01 1.787235463945074798e+01
4.142924063944946766e+01 1.740414320661210468e+01
4.036432636891225911e+01 1.694291771230627219e+01
3.931780180994178409e+01 1.648815303186792036e+01
3.829891644149442698e+01 1.604316765671111611e+01
3.731859970084193634e+01 1.561190518430630370e+01
3.638456798924520541e+01 1.519704322775287508e+01
3.549348782530852731e+01 1.479743025941786705e+01
3.459608208522674033e+01 1.439601645111899408e+01
3.367386233942924179e+01 1.398644538430606055e+01
3.272688079915571535e+01 1.356872805551934391e+01
3.175936400351072209e+01 1.314431900159309485e+01
3.077441579537391547e+01 1.271424438949376423e+01
2.977504922630784989e+01 1.227946275478395144e+01
2.876470769791044901e+01 1.184115279091864359e+01
2.774550753580971119e+01 1.139999112909143619e+01
2.671917740413586984e+01 1.095652357688747358e+01
2.568704760607485937e+01 1.051114449672788531e+01
2.465053157117433713e+01 1.006432127613578409e+01
2.361052466138887951e+01 9.616328132112236915e+00
2.256758618610304268e+01 9.167316502520245436e+00
2.152307256362499288e+01 8.717786851611117882e+00
2.047731592040641857e+01 8.267801481812446340e+00
1.943152189124057472e+01 7.817781890995497918e+00
1.838625142591695294e+01 7.367918554298668710e+00
1.734326666544856721e+01 6.918854332785859818e+00
1.630387806873838130e+01 6.471054273198224571e+00
1.527092339668463516e+01 6.025546333102084873e+00
1.424836004934723910e+01 5.583784259657572413e+00
1.324125576626008538e+01 5.147636700770820362e+00
1.225362489861315218e+01 4.718499786465876866e+00
1.128929916480890938e+01 4.297792746743246184e+00
1.034641080171792282e+01 3.884920389483658809e+00
9.423301638259596658e+00 3.479529274593548660e+00
8.514682975470073245e+00 3.080308427813968297e+00
7.595437185922115475e+00 2.679990740815448635e+00
6.657659994015949323e+00 2.277564114956320829e+00
5.692891987344355975e+00 1.872746504473083995e+00
4.710018402617134115e+00 1.471969366525470724e+00
3.716310973145977137e+00 1.082932635314632241e+00
2.729466847672620045e+00 7.194461902157228694e-01
1.767401408063781432e+00 3.994096652001408176e-01
8.507351819718489416e-01 1.478013260125168038e-01
1.854422624431203244e-03 3.965490387993344540e-16
