-4.621737034720324289e+01 -1.530087770669567915e+00
-7.564830954037560673e+01 -1.511460092049237591e+00
-9.408406867838819210e+01 -1.492832413146683246e+00
-1.053235280747043703e+02 -1.474204733628204700e+00
-1.118530607497127392e+02 -1.455577053047763192e+00
-1.152999801202355030e+02 -1.436949370765623790e+00
-1.167293512444967405e+02 -1.418321685831675838e+00
-1.168382516714563053e+02 -1.399693996812139352e+00
-1.160829137932101105e+02 -1.381066301528052653e+00
-1.147619386276827527e+02 -1.362438596657848944e+00
-1.130707586772355171e+02 -1.343810877131525361e+00
-1.111372835297333523e+02 -1.325183135205914686e+00
-1.090452297248413345e+02 -1.306555359052391063e+00
-1.068493900994538564e+02 -1.287927530599416226e+00
-1.045856276402647467e+02 -1.269299622236428560e+00
-1.022774166563502831e+02 -1.250671591777889891e+00
-9.994012433855274935e+01 -1.232043374768960531e+00
-9.758381363389396768e+01 -1.213414872729427163e+00
-9.521507866084850491e+01 -1.194785935191662540e+00
-9.283824743313483907e+01 -1.176156332256470538e+00
-9.045617126092150784e+01 -1.157525712661223727e+00
-8.807074481103005326e+01 -1.138893539712229730e+00
-8.568325168169116068e+01 -1.120258993395879754e+00
-8.329459852241397755e+01 -1.101620820814402713e+00
-8.090548040089149140e+01 -1.082977107666834193e+00
-7.851650757877739295e+01 -1.064324929095074479e+00
-7.612831681940208739e+01 -1.045659816212004323e+00
-7.374168752922400927e+01 -1.026974941010450282e+00
-7.135768391645430597e+01 -1.008259870986578433e+00
-6.897784909565490352e+01 -9.894986663305060937e-01
-6.660448654171521810e+01 -9.706669726261555331e-01
-6.424108022856781020e+01 -9.517275787909035278e-01
-6.189293008318704636e+01 -9.326236300569935578e-01
-5.956811865751414814e+01 -9.132682580941111627e-01
-5.727898533292547967e+01 -8.935287368863189528e-01
-5.504437694246974644e+01 -8.732022745157483889e-01
-5.289308530960547472e+01 -8.519790254584324041e-01
-5.086909868795336109e+01 -8.293855771162239598e-01
-4.903962411606149630e+01 -8.046986033532004257e-01
-4.750430032189827045e+01 -7.767956220482913343e-01
-4.616509624536182343e+01 -7.417490828919699464e-01
-4.513905943521550057e+01 -6.963461742193159942e-01
-4.449576776408409273e+01 -6.370330068311939042e-01
-4.386768059983479162e+01 -5.598982408354503670e-01
-4.316317222701373169e+01 -4.811115003850366389e-01
-4.218313917676384506e+01 -4.224057609421800752e-01
-4.109714753689675604e+01 -3.747985244730822063e-01
-3.979455539005424924e+01 -3.284601939427169714e-01
-3.845203897325077236e+01 -2.789593127968019171e-01
-3.725889178589940087e+01 -2.207347467147918740e-01
-3.643250199925743971e+01 -1.466052736843571347e-01
-3.603928757538395189e+01 -5.728211517000666997e-02
-3.576729549168491928e+01 2.700162071900598371e-02
-3.551671719510343905e+01 1.062286799583982699e-01
-3.530958086249372485e+01 1.784369823961104717e-01
-3.508988348298260718e+01 2.393495252723427946e-01
-3.478331522681318688e+01 2.861496203699526175e-01
-3.427712188514554725e+01 3.229479015712693468e-01
-3.362286006822527185e+01 3.524116025668508345e-01
-3.286277381590959834e+01 3.759934712008539126e-01
-3.202433252023869414e+01 3.951317592250553346e-01
-3.111913799537182612e+01 4.114333926457338086e-01
-3.016437050149232846e+01 4.261050650694909181e-01
-2.917985585583748787e+01 4.398461339696209116e-01
-2.817889452301175268e+01 4.531121407495626308e-01
-2.716106117507440487e+01 4.662524960654109707e-01
-2.611793125606784471e+01 4.795684540214541491e-01
-2.506282970710324420e+01 4.929864535690608451e-01
-2.397800144789063026e+01 5.063297326188682668e-01
-2.287880870354071305e+01 5.193472262121192617e-01
-2.178722180992397739e+01 5.317761193245034157e-01
-2.071477740718870209e+01 5.434087329051252580e-01
-1.969249355968650761e+01 5.541524659357859317e-01
-1.870008898698581490e+01 5.644441019117500957e-01
-1.771632897175014421e+01 5.744709641703236169e-01
-1.673185854882344969e+01 5.839694478813121092e-01
-1.574418195530096298e+01 5.925295703248286694e-01
-1.478101138860458796e+01 5.994603173513760597e-01
-1.387408621391353947e+01 6.037667218112948708e-01
-1.305493490205761375e+01 6.040767243075915172e-01
-1.236019284891702341e+01 5.991044037941118949e-01
-1.180247790134026076e+01 5.876975525767765829e-01
-1.129869657087330914e+01 5.702625520643238577e-01
-1.046933947315188185e+01 5.553303918261307537e-01
-9.268349412480418437e+00 5.466675557019542442e-01
-7.911486931080369267e+00 5.393248884011936362e-01
-6.587638218351806962e+00 5.285655980157520917e-01
-5.491711705386873810e+00 5.090297271091993592e-01
-4.860185129126632475e+00 4.737565361601459024e-01
-4.602267649643064118e+00 4.218092141781463744e-01
-4.482882945758902338e+00 3.519720951936478603e-01
-4.402607884503582980e+00 2.713929056619439617e-01
-4.324067189586860316e+00 1.937377564186885948e-01
-4.193173727211406465e+00 1.334545806621476594e-01
-3.932772691016356514e+00 8.591969384092237871e-02
-3.164515857268183741e+00 5.770562259798120430e-02
-2.144820388654097965e+00 4.100666653468022088e-02
-1.121025250680441676e+00 2.939703976729181323e-02
-3.240305119872978756e-01 1.753186537474888188e-02
-2.721329233528667953e-03 2.055184679693690050e-04
