-4.829059570825820202e+01 -1.889534882685781625e+00
-7.953490791961637285e+01 -1.865564838557235428e+00
-9.947601781869005322e+01 -1.841594794429232129e+00
-1.119699673674025178e+02 -1.817624750302412551e+00
-1.195578963483396393e+02 -1.793654706177634672e+00
-1.239138634965683963e+02 -1.769684662056121960e+00
-1.261407067363538204e+02 -1.745714617939684077e+00
-1.269649522306217904e+02 -1.721744573831035519e+00
-1.268652180172572912e+02 -1.697774529734276561e+00
-1.261568046622281258e+02 -1.673804485655618679e+00
-1.250474224246204500e+02 -1.649834441604486557e+00
-1.236739034881439778e+02 -1.625864397595184752e+00
-1.221263873787135168e+02 -1.601894353649433667e+00
-1.204642538726770908e+02 -1.577924309800214475e+00
-1.187266192630158201e+02 -1.553954266097611336e+00
-1.169392510471789137e+02 -1.529984222617678968e+00
-1.151191231320034802e+02 -1.506014179475908987e+00
-1.132774166576470662e+02 -1.482044136847673332e+00
-1.114214968311063245e+02 -1.458074094999266546e+00
-1.095562151828702468e+02 -1.434104054335034073e+00
-1.076847674347178270e+02 -1.410134015468925694e+00
-1.058092586226232328e+02 -1.386163979333124630e+00
-1.039310753754746059e+02 -1.362193947342969391e+00
-1.020511311634168976e+02 -1.338223921647326620e+00
-1.001700278749358546e+02 -1.314253905508686371e+00
-9.828816229082588052e+01 -1.290283903880182992e+00
-9.640579628181959038e+01 -1.266313924281556647e+00
-9.452310314319298357e+01 -1.242343978128903847e+00
-9.264019826053272766e+01 -1.218374082753286070e+00
-9.075715953031212280e+01 -1.194404264465008136e+00
-8.887404114724400017e+01 -1.170434563205193790e+00
-8.699088319730890362e+01 -1.146465039606815228e+00
-8.510771875352098448e+01 -1.122495785713159888e+00
-8.322457972973803919e+01 -1.098526941248076483e+00
-8.134150252803944170e+01 -1.074558718313482597e+00
-7.945853447851315821e+01 -1.050591438878894834e+00
-7.757574221020924199e+01 -1.026625591688350658e+00
-7.569322343323842972e+01 -1.002661918641543970e+00
-7.381112421481451236e+01 -9.787015459146510832e-01
-7.192966480297855014e+01 -9.547461829927499366e-01
-7.004917856238489549e+01 -9.307984247871173844e-01
-6.817017090383336608e+01 -9.068622102280716746e-01
-6.629340862271681090e+01 -8.829435183769286377e-01
-6.442005543566679648e+01 -8.590514250762059101e-01
-6.255187766916059644e+01 -8.351997068739286378e-01
-6.069155645156750012e+01 -8.114092756766468906e-01
-5.884316158207335690e+01 -7.877118744000921602e-01
-5.701287082249166360e+01 -7.641556867432943712e-01
-5.521006173075389256e+01 -7.408138524973528760e-01
-5.344896899314485239e+01 -7.177973932987724570e-01
-5.175120015175708232e+01 -6.952748331972208318e-01
-5.014954386900307526e+01 -6.735019797133982022e-01
-4.867750378678228884e+01 -6.527312522980958098e-01
-4.738556815512787779e+01 -6.332877937348962982e-01
-4.618069920358774283e+01 -6.136688203430995525e-01
-4.500930646419276826e+01 -5.926355076708798020e-01
-4.386494446593250274e+01 -5.694822845237135223e-01
-4.276203501453822042e+01 -5.436151021125132932e-01
-4.171225545401780721e+01 -5.142577128624375993e-01
-4.072369455947639239e+01 -4.808406222597804147e-01
-3.977618672395465182e+01 -4.439859745528569879e-01
-3.884228939331577379e+01 -4.047592218604766368e-01
-3.789666215563558183e+01 -3.642601405984065566e-01
-3.692794622504493418e+01 -3.234481528773844872e-01
-3.594158373442620302e+01 -2.830489592756971762e-01
-3.494334304943827618e+01 -2.437182986080054514e-01
-3.391623218388943428e+01 -2.063827963437868396e-01
-3.286588271090712254e+01 -1.714955370844258864e-01
-3.180226772360708765e+01 -1.396163491785228361e-01
-3.072954766108720648e+01 -1.114363375757989466e-01
-2.965382403132287692e+01 -8.736278603029343226e-02
-2.858070162745647735e+01 -6.743433383362619493e-02
-2.752767077588129041e+01 -5.158059849686548459e-02
-2.650161804437302493e+01 -3.987642332664721734e-02
-2.551576091485540587e+01 -3.277465853476129592e-02
-2.458803836098849871e+01 -3.115436866750609726e-02
-2.375746403272302487e+01 -3.661512819336177477e-02
-2.306889182330411714e+01 -5.118178827418023991e-02
-2.256214047841666925e+01 -7.703141373122183999e-02
-2.221121642445120514e+01 -1.140371862598936054e-01
-2.183822637681076273e+01 -1.498524178929800665e-01
-2.120342040717560295e+01 -1.733957149773041606e-01
-2.027639344271844735e+01 -1.841168533689280240e-01
-1.910602202939363181e+01 -1.848363322443614398e-01
-1.777224193431295163e+01 -1.787759477257333807e-01
-1.635589058994658984e+01 -1.687025553120327093e-01
-1.492398219659237846e+01 -1.566957973582772112e-01
-1.351781805404766601e+01 -1.439665451421981712e-01
-1.215360717381559752e+01 -1.309549502012771482e-01
-1.083343083579581290e+01 -1.176930748548567357e-01
-9.556283745154653175e+00 -1.041870008664714381e-01
-8.311202929874262679e+00 -9.035682077815616886e-02
-7.094020578970545721e+00 -7.625275099073627882e-02
-5.906205576504898858e+00 -6.204982128916878420e-02
-4.757330730647626460e+00 -4.809779634405041832e-02
-3.659331313860777257e+00 -3.482640628412116135e-02
-2.621437952402274618e+00 -2.268605683808455620e-02
-1.651337399906898096e+00 -1.215825044543056288e-02
-7.694507698687444996e-01 -4.139333519992448654e-03
-4.243644328154741257e-05 -9.963982691724732154e-08
