-4.529765737946376447e+01 2.353426925161633765e+00
-7.450845110196502219e+01 2.323474901173540719e+00
-9.308505878802003508e+01 2.293522877164829055e+00
-1.046664313085443752e+02 2.263570853111212422e+00
-1.116463115686676559e+02 2.233618828980406867e+00
-1.155993127446969879e+02 2.203666804726389650e+00
-1.175612213659792218e+02 2.173714780281207570e+00
-1.182133817471992643e+02 2.143762755542871545e+00
-1.180039847686667542e+02 2.113810730357212009e+00
-1.172278520971401576e+02 2.083858704490427982e+00
-1.160789185499716183e+02 2.053906677587467922e+00
-1.146847551945321158e+02 2.023954649108830495e+00
-1.131292787755692899e+02 1.994002618234523405e+00
-1.114676900649453728e+02 1.964050583718091492e+00
-1.097363003681237643e+02 1.934098543664733105e+00
-1.079589954424622960e+02 1.904146495194005473e+00
-1.061514874948241811e+02 1.874194433927058645e+00
-1.043241121733210406e+02 1.844242353207155016e+00
-1.024836684566870133e+02 1.814290242914673668e+00
-1.006346289672272718e+02 1.784338087665689576e+00
-9.877993615990897069e+01 1.754385864073432000e+00
-9.692152612034492165e+01 1.724433536585137761e+00
-9.506067321501014078e+01 1.694481051153191142e+00
-9.319821694623195185e+01 1.664528325613946258e+00
-9.133471139530210792e+01 1.634575235061524578e+00
-8.947052385666773944e+01 1.604621589612939880e+00
-8.760590022146102740e+01 1.574667100606445214e+00
-8.574100874954741869e+01 1.544711329215979978e+00
-8.387597002212639552e+01 1.514753608334401536e+00
-8.201087840686570019e+01 1.484792923819705290e+00
-8.014581885666152061e+01 1.454827733964521697e+00
-7.828088203243824239e+01 1.424855695052076321e+00
-7.641618044205731053e+01 1.394873244144024360e+00
-7.455186846828537739e+01 1.364874964830928183e+00
-7.268816985107996231e+01 1.334852623040691855e+00
-7.082541751642210670e+01 1.304793701266276251e+00
-6.896411284178422818e+01 1.274679170286093122e+00
-6.710501490831273941e+01 1.244480101714233733e+00
-6.524927562785845225e+01 1.214152518370263723e+00
-6.339864479935067720e+01 1.183629565767208458e+00
-6.155578159740951349e+01 1.152809611140428236e+00
-5.972472794251267914e+01 1.121538151489214652e+00
-5.791162801920772552e+01 1.089580310026417864e+00
-5.612582202664547282e+01 1.056579025045213394e+00
-5.438150886428084618e+01 1.021991488275672655e+00
-5.270027373398188786e+01 9.849925179291239008e-01
-5.111493022827923483e+01 9.443276655758069404e-01
-4.963466672954908177e+01 8.974036754826326678e-01
-4.824957833988267453e+01 8.450775193071146107e-01
-4.704370664658588197e+01 7.834887328704488452e-01
-4.612084331057646125e+01 7.080055543390386674e-01
-4.544770708833372908e+01 6.187515288757714504e-01
-4.472204882442248675e+01 5.349493267051900203e-01
-4.402335278641089644e+01 4.545190656837224674e-01
-4.331722736736087143e+01 3.801991940217874788e-01
-4.254157855306345226e+01 3.166810295265160557e-01
-4.183404234897808038e+01 2.617010563622356734e-01
-4.118974917284582205e+01 2.171212306144120197e-01
-4.041493870568561420e+01 1.851426812732408222e-01
-3.956871321130286390e+01 1.666844034587240120e-01
-3.860145738603512910e+01 1.643830972425604775e-01
-3.755057520842377983e+01 1.745592986199022978e-01
-3.644391477496024834e+01 1.936620304108192803e-01
-3.530186964580575903e+01 2.187031811250601809e-01
-3.414155701794975073e+01 2.470931091540505553e-01
-3.297699172958079572e+01 2.767595266390435738e-01
-3.181354505836887370e+01 3.051472423684209456e-01
-3.065659455919056242e+01 3.304277351107896554e-01
-2.950581134031344632e+01 3.507447883302841074e-01
-2.836231370402245844e+01 3.645962832214965643e-01
-2.722419083029364728e+01 3.703310144179329244e-01
-2.610098571927878908e+01 3.666097710493907980e-01
-2.502029639965090269e+01 3.522069634625696888e-01
-2.402304194054203279e+01 3.254572733352701364e-01
-2.313349659366507538e+01 2.830284816338927700e-01
-2.233635800597092924e+01 2.250279738065783242e-01
-2.158347340560240468e+01 1.557872211867822043e-01
-2.083054279469933334e+01 8.030587507983186213e-02
-2.009586557867029910e+01 -1.232029275693511590e-05
-1.928816832886016996e+01 -7.626099720033924223e-02
-1.839227070894237315e+01 -1.447596137624574120e-01
-1.741458677443471004e+01 -2.050308228680438882e-01
-1.638592581535295523e+01 -2.575815182993083097e-01
-1.530894173365327227e+01 -3.016629485431572277e-01
-1.417388549733979808e+01 -3.359215884881555647e-01
-1.299704886894643074e+01 -3.602283399029356792e-01
-1.180189967857364230e+01 -3.744931448923878303e-01
-1.061165933894791813e+01 -3.783543049713122830e-01
-9.439348553888857296e+00 -3.717167465161155815e-01
-8.297680675841059283e+00 -3.547515118708131077e-01
-7.190598921155531897e+00 -3.287245315486099773e-01
-6.118814964382260690e+00 -2.959646364139763008e-01
-5.090120756597870333e+00 -2.582577222560966113e-01
-4.114938179061287116e+00 -2.170038654668371425e-01
-3.205351614481947387e+00 -1.733663340317750656e-01
-2.382817541987833465e+00 -1.281078232045876342e-01
-1.645435573581886635e+00 -8.407039275185476668e-02
-9.936327979010987077e-01 -4.492144623194142122e-02
-4.347072485996627544e-01 -1.622943076830362513e-02
-1.742368983911033592e-03 -2.965392789033509906e-06
