-3.823315460069407834e+01 4.241339811937283599e+01
-6.371122619363520556e+01 4.196415557026689669e+01
-8.025109729061934161e+01 4.151491302116104265e+01
-9.084363870312493816e+01 4.106567047205534493e+01
-9.747895137156494627e+01 4.061642792294991722e+01
-1.014812068256328956e+02 4.016718537384490872e+01
-1.037314810973757631e+02 3.971794282474053972e+01
-1.048160237449482679e+02 3.926870027563712995e+01
-1.051249129590135283e+02 3.881945772653518389e+01
-1.049176986065287593e+02 3.837021517743542631e+01
-1.043670797387270284e+02 3.792097262833895144e+01
-1.035879666911257004e+02 3.747173007924743615e+01
-1.026568183968467878e+02 3.702248753016335314e+01
-1.016245090303321632e+02 3.657324498109046829e+01
-1.005248892028812691e+02 3.612400243203440198e+01
-9.938048240304847525e+01 3.567475988300358836e+01
-9.820627528890693725e+01 3.522551733401075325e+01
-9.701223966922538011e+01 3.477627478507499603e+01
-9.580501057698488410e+01 3.432703223622498712e+01
-9.458900282439843465e+01 3.387778968750384934e+01
-9.336715393527471463e+01 3.342854713897642682e+01
-9.214141847669145591e+01 3.297930459074009946e+01
-9.091309697698085301e+01 3.253006204294128167e+01
-8.968305478092503336e+01 3.208081949579995751e+01
-8.845186767149819218e+01 3.163157694964678157e+01
-8.721991876363804863e+01 3.118233440497868614e+01
-8.598746297550191287e+01 3.073309186254250491e+01
-8.475466992654217790e+01 3.028384932346066094e+01
-8.352165248136644493e+01 2.983460678942006794e+01
-8.228848574279216166e+01 2.938536426295596726e+01
-8.105521969028083618e+01 2.893612174787855196e+01
-7.982188759056981553e+01 2.848687924991422804e+01
-7.858851159585735502e+01 2.803763677766914952e+01
-7.735510647161345332e+01 2.758839434407754254e+01
-7.612168208133927294e+01 2.713915196857822210e+01
-7.488824504641425506e+01 2.668990968038583134e+01
-7.365479986035369109e+01 2.624066752340701569e+01
-7.242134964498535510e+01 2.579142556362911520e+01
-7.118789667579595459e+01 2.534218390022455125e+01
-6.995444276485442003e+01 2.489294268223948947e+01
-6.872098956574957640e+01 2.444370213367551159e+01
-6.748753885185929846e+01 2.399446259118458258e+01
-6.625409281477749346e+01 2.354522456072108128e+01
-6.502065443311926174e+01 2.309598880268391596e+01
-6.378722797376747877e+01 2.264675645987675168e+01
-6.255381970991118123e+01 2.219752924981949604e+01
-6.132043897670847343e+01 2.174830975377311404e+01
-6.008709974222303885e+01 2.129910185111528875e+01
-5.885382295799414720e+01 2.084991137216357160e+01
-5.762064008479745070e+01 2.040074707930337183e+01
-5.638759838691843385e+01 1.995162214152558988e+01
-5.515476888586766080e+01 1.950255635050940128e+01
-5.392225831200283892e+01 1.905357945117353680e+01
-5.269022706529656119e+01 1.860473614716258339e+01
-5.145891620771974573e+01 1.815609362359331058e+01
-5.022868802956435985e+01 1.770775285299175295e+01
-4.900008701627655228e+01 1.725986558698834017e+01
-4.777393147540347940e+01 1.681265989314011478e+01
-4.655145124279398061e+01 1.636647853422620003e+01
-4.533449464148909414e+01 1.592183664849883051e+01
-4.412583952070036730e+01 1.547950843734482618e+01
-4.292966071704968556e+01 1.504065744819001438e+01
-4.175223248663584741e+01 1.460703237670351484e+01
-4.059615471029574252e+01 1.417936861280977112e+01
-3.946879229612432027e+01 1.375962736769580097e+01
-3.837145368753412811e+01 1.334802741360757317e+01
-3.730541774260225196e+01 1.294486709758419174e+01
-3.623673792401285709e+01 1.254132832275711529e+01
-3.516922259474032586e+01 1.213860471828032317e+01
-3.411480032107542826e+01 1.174007177778474187e+01
-3.306879049005694071e+01 1.134458927112743787e+01
-3.201106575225923478e+01 1.094628746831304156e+01
-3.093987010871704868e+01 1.054459133948395255e+01
-2.985614326860488532e+01 1.013970554028406568e+01
-2.876240497578208988e+01 9.732280290345325824e+00
-2.766022203932626766e+01 9.322698327314533628e+00
-2.655012336197574641e+01 8.911094349827601846e+00
-2.543339817723767737e+01 8.497794520448685773e+00
-2.431205396374880934e+01 8.083440633417559695e+00
-2.318648372144205894e+01 7.668146306925776479e+00
-2.205507018859569612e+01 7.251464392708401263e+00
-2.091736764894497114e+01 6.833233520912788350e+00
-1.977565827541763710e+01 6.414152882291083380e+00
-1.863055312255245610e+01 5.994413550235310417e+00
-1.748302617409668613e+01 5.574421672856509247e+00
-1.633525698096383039e+01 5.154955643343535954e+00
-1.519012192679987017e+01 4.737109240587362713e+00
-1.404216592202878999e+01 4.319350411319700100e+00
-1.288157164426287871e+01 3.898874822600873369e+00
-1.170665422681778089e+01 3.475350788238384947e+00
-1.052370724844133143e+01 3.051579086492978377e+00
-9.337119379632214944e+00 2.630108916319226164e+00
-8.149797501686506962e+00 2.213546819150372436e+00
-6.964489115669581842e+00 1.805350136130399630e+00
-5.783182510639824692e+00 1.410009890741244165e+00
-4.607858602511337942e+00 1.034018792591165692e+00
-3.440629677602213832e+00 6.869600857998703347e-01
-2.283831206148749793e+00 3.831426283931810839e-01
-1.139072365554959942e+00 1.438211795964654816e-01
-1.773958897589981900e-03 9.165717040275637771e-16
