-4.576354753317529855e+01 -1.083743909746043288e+00
-4.374757261661000030e+01 -2.724825466631488169e+00
-4.471548069528424918e+01 -2.464554556407721364e+00
-4.855707792198726480e+01 -7.787053294458103903e-01
-4.395804219580419669e+01 -1.036370597087686862e+00
-4.328606484065271331e+01 8.441071293167197176e-01
-4.700824690850804899e+01 1.867659270886954381e+00
-4.259944768153748385e+01 3.189149893178192308e+00
-4.579296699703463958e+01 5.515299284194612461e+00
-4.161122577629581087e+01 6.344668021598438123e+00
-4.428936855030541864e+01 9.621185240310749620e+00
-4.011073564574759587e+01 1.016218207948528729e+01
-4.191342338649765509e+01 1.341027851571348961e+01
-3.958763522888418152e+01 1.555214654003293084e+01
-3.889677256705621033e+01 1.805652496493418369e+01
-3.884811458969759457e+01 2.094199805108351242e+01
-3.524323481343896702e+01 1.933873458858710137e+01
-3.750939056380656211e+01 2.351664511575311423e+01
-3.359323259632513725e+01 2.303896047159412319e+01
-3.652372932898381919e+01 2.583532087634157293e+01
-3.574157592186539034e+01 2.782918704662715470e+01
-3.226090326453338974e+01 2.614271922994968023e+01
-3.483795058922880372e+01 2.946915803698768599e+01
-3.111173159088198403e+01 2.884239724557980011e+01
-3.474362848579888663e+01 3.122315168682311892e+01
-3.338301600706333971e+01 3.111150867711367596e+01
-3.326886833633543006e+01 3.264314169839131097e+01
-2.990262483050293696e+01 3.128492848737844767e+01
-3.301592883159059966e+01 3.421427705140033027e+01
-3.159099034015696006e+01 3.366608168967892567e+01
-2.849639246874259513e+01 3.349441386030527212e+01
-3.214580010155684420e+01 3.581250422593439708e+01
-3.107626254002367361e+01 3.728007146151879425e+01
-3.037256455491722207e+01 3.512900818773253775e+01
-2.911811936121243249e+01 3.606220021746570836e+01
-2.905306701462276209e+01 3.787521883214318308e+01
-2.998766563302845256e+01 3.892771823682096510e+01
-2.712738204554876020e+01 3.557310071262688922e+01
-2.859536649926713636e+01 4.027689525866592390e+01
-2.770633959768597521e+01 3.854613232622630647e+01
-2.605807114967724303e+01 3.751322914258017960e+01
-2.562360646235631378e+01 3.614430210090308293e+01
-2.689592721764748617e+01 4.082008624887677684e+01
-2.517867532430566158e+01 4.146180107765372469e+01
-2.430270586258466992e+01 3.555108533413428518e+01
-2.313760056270210441e+01 3.569332915281823659e+01
-2.511237369446820367e+01 3.975474878960071123e+01
-2.378323305422701139e+01 4.028419729428858176e+01
-2.289966835441085991e+01 4.113050558158543168e+01
-2.159594350617499003e+01 4.116654714730143638e+01
-2.182641861641254621e+01 3.943230233003568941e+01
-2.042751421912552345e+01 4.060969147443449145e+01
-1.886619728675393404e+01 3.980664375472056804e+01
-2.027214364873075425e+01 3.848951398493961307e+01
-1.741938941809750219e+01 3.779583416989574118e+01
-1.957833073313648597e+01 3.713583029273104330e+01
-2.174881933631563768e+01 3.471322655312985717e+01
-1.895430216739072904e+01 3.580760554706271392e+01
-2.229149617462198663e+01 3.243406733983250945e+01
-1.912289063739301298e+01 3.397726991898059623e+01
-1.638436450027937497e+01 3.518909140295021132e+01
-1.810820865412446778e+01 3.244060500438571637e+01
-2.087608639692689039e+01 2.959068292722682969e+01
-1.506895229486254628e+01 3.264203615806974312e+01
-1.696191212952131622e+01 3.049248115607241871e+01
-1.361846865098345027e+01 2.974975157767002543e+01
-1.910961221837442636e+01 2.649540554465143671e+01
-1.554042818054009878e+01 2.826630919963363908e+01
-1.362509613588265545e+01 2.633578872145762517e+01
-1.693516701871291374e+01 2.347274756243462690e+01
-1.097969638057609032e+01 2.573119617326587161e+01
-1.249161278260485552e+01 2.304940708998708843e+01
-1.440064198204955481e+01 2.058457476002192621e+01
-9.200431473060524112e+00 2.327253750110674702e+01
-1.124071304369560842e+01 1.988988130249024522e+01
-7.404483087790212359e+00 2.064484041056183017e+01
-8.929181321290268869e+00 1.820580147317568631e+01
-6.120831097407211097e+00 1.755009203871485823e+01
-1.058374423947168808e+01 1.644577817726053937e+01
-8.392836744332702992e+00 1.437303875929051067e+01
-4.489296849353936913e+00 1.517540091342864983e+01
-5.366753173785410169e+00 1.314958955681620978e+01
-7.173953238312746450e+00 1.145305404130662907e+01
-4.760349174682856344e+00 1.034773580309873431e+01
-2.788741524809789318e+00 1.165624097732753661e+01
-4.864323265067898916e+00 8.256343176228849501e+00
-2.522104055813379375e+00 8.484535031102737435e+00
-3.538994420931496965e+00 6.263915748259306859e+00
-1.447438116770039196e+00 6.637314631768073347e+00
-1.864350082911177875e+00 5.192605313392673061e+00
-2.189699887220626362e+00 3.946142162133445375e+00
-9.647856104731233895e-01 3.914617425574726362e+00
-1.082788866367487390e+00 2.775350753719464159e+00
-6.911081012243216470e-01 2.000534838859706621e+00
-4.575833054825848567e-01 1.389172668934184784e+00
-5.868744684224800334e-01 8.795820710597479497e-01
-1.478546897163994234e-01 8.709587815790883480e-01
-3.409337209113006417e-01 4.260385604664496118e-01
-4.177705109773641179e-02 3.898539064059801107e-01
-4.733674550411420129e-02 8.887290886902501907e-02
