-1.071613568347449963e+01 -4.242987403634946197e+00
-1.703125699803198856e+01 -3.860871376047177339e+00
-2.286210021097429035e+01 -3.768129297246582077e+00
-2.705371728919887175e+01 -3.780393670392782735e+00
-2.972609213094783698e+01 -3.424900799928606965e+00
-3.145833899656508592e+01 -4.989128486559667230e+00
-3.353681598136664377e+01 -4.902286384020017707e+00
-3.243634265833856034e+01 -2.347078072297666296e+00
-3.519406196970175671e+01 -4.862662708368441500e+00
-3.508375540242667512e+01 -2.240641179183213705e+00
-3.669362089302819641e+01 -4.988233750627782292e+00
-3.720018101548244260e+01 -1.931964075452673013e+00
-3.769889481744900905e+01 -4.158693383048640335e+00
-3.909416542263049621e+01 -3.958737866009209405e+00
-3.859597981945400846e+01 -5.298557844380448856e+00
-3.887522955932018220e+01 -1.354511078037148764e+00
-4.054900590931272575e+01 -5.246884900348124603e+00
-4.032420610088117030e+01 -3.395134084277000586e+00
-4.018498635590261614e+01 -3.762411825787451702e-01
-4.146652753974437644e+01 -4.014259070713372957e+00
-4.330549117191247177e+01 -5.165793274510654065e+00
-4.277839861468877558e+01 -3.423724313259798091e+00
-4.195163765165997916e+01 -2.233472143182618552e+00
-4.360513497997764176e+01 -9.346953286761530144e-01
-4.415849244733475132e+01 -2.604513474554257968e+00
-4.600651959570040361e+01 -4.212219774052054611e+00
-4.218037875697135775e+01 -1.726019320135709356e-01
-4.549356116038838138e+01 -1.448667353050055118e+00
-4.097270491816586713e+01 1.409884595366155180e+00
-4.799460468305836969e+01 -2.212426033287075544e+00
-4.415229037456654027e+01 1.034640982208495430e+00
-4.658009765660555246e+01 1.189360108774924207e-01
-4.904004445682870283e+01 5.694824560794954360e-01
-4.714807573171508182e+01 2.132054999815931051e+00
-4.411455117698000805e+01 2.996941415779700524e+00
-4.932062723430398421e+01 3.465482436653732901e+00
-4.695802011614200211e+01 4.386567149120930154e+00
-4.874311512576324645e+01 6.387262082857877665e+00
-4.114722488762278374e+01 3.289750321303372527e+00
-4.603514162896497908e+01 6.749315089360560904e+00
-4.338018408398444592e+01 5.039828708020873904e+00
-4.733287935351821574e+01 9.210064688940285293e+00
-4.052298024429061485e+01 5.154643663386887731e+00
-4.448254178973991912e+01 9.019584567320897861e+00
-4.222870278010422140e+01 6.994457669835868252e+00
-4.518531161774791371e+01 1.179350117652744601e+01
-3.953642437811209476e+01 6.885018187502329745e+00
-4.085624454536581140e+01 8.760742361095013919e+00
-4.239884921925361283e+01 1.097764341130325860e+01
-3.930220651097725693e+01 1.026099348223300112e+01
-4.206407010251017198e+01 1.400894566441323796e+01
-3.825366798649026379e+01 8.414089075529656014e+00
-3.993733813212801920e+01 1.241643828170336050e+01
-3.673700096913378133e+01 9.633815638732711406e+00
-3.807434338205171542e+01 1.418317516597484840e+01
-3.759398841125850055e+01 1.133045902623866219e+01
-3.588793043642728975e+01 1.233672187435826118e+01
-3.527380201619536138e+01 1.591924746146664837e+01
-3.496635028937735257e+01 1.040130315436969610e+01
-3.471457537551653871e+01 1.365915180025897158e+01
-3.329052986421785221e+01 1.136622862266647083e+01
-3.251015226384676282e+01 1.354658953470466365e+01
-3.084032152701788121e+01 1.132637833725400611e+01
-3.131044517673018746e+01 1.641297938400143863e+01
-3.047704689356808672e+01 1.364403117310662950e+01
-2.825405450274978847e+01 1.373724065399832917e+01
-2.807703742329790941e+01 1.156256716593952660e+01
-2.700961502192569696e+01 1.657909304579591847e+01
-2.574290302577723111e+01 1.365136318159119710e+01
-2.511120128552641262e+01 1.131109852989857778e+01
-2.324182107870892722e+01 1.276272972931330330e+01
-2.262424929559155728e+01 1.549555589075955986e+01
-2.119968360585185607e+01 1.112592254579629092e+01
-2.045939141219388446e+01 1.318504683632817276e+01
-1.822045076015029963e+01 1.436053774247319126e+01
-1.806215918409121457e+01 1.097942945323843489e+01
-1.551287089424129029e+01 1.338059625643866646e+01
-1.525236734485224055e+01 1.029627092331110738e+01
-1.265712044090119015e+01 1.255895066610194810e+01
-1.276400585382708286e+01 9.309917783242594780e+00
-1.028330708450735465e+01 1.113628091249956142e+01
-1.047713304915572863e+01 8.261742302294749152e+00
-8.173814584246514414e+00 9.645308655203653103e+00
-8.449298026912178017e+00 7.234424021022478613e+00
-5.979073906396579652e+00 8.473771430248120851e+00
-6.581507608741900661e+00 6.594545084547949187e+00
-5.390790646682777520e+00 5.587920011329511105e+00
-3.843274629904732009e+00 5.846072429842144480e+00
-3.958965794506435376e+00 4.318534613128155009e+00
-2.795142856703898726e+00 3.837252694949506271e+00
-2.256490851795950103e+00 2.948020896470518792e+00
-1.630094343833912385e+00 2.243746136053815121e+00
-1.067625081478408733e+00 1.610698299456946758e+00
-8.376475825572675671e-01 8.979829389140669971e-01
-4.415667742702958920e-01 3.150723898095477704e-01
3.781924990535051601e-02 1.095873572911794991e+00
6.840785307185671682e-01 3.633826088911765728e-01
3.857907973582712646e-01 4.790129309850235106e-01
2.131213849330034493e-01 5.592322004645789574e-02
-5.219850443908760551e-15 1.420151412372758466e-15
