1.107465904002338020e+00 3.896266437813569183e+01
2.946784705001145532e+00 3.055884386309934087e+01
3.095452351996669016e+00 3.095820495830402308e+01
3.151562769920359219e+00 3.127495909893977810e+01
3.101648576842397365e+00 3.157838425613831035e+01
2.863741440481323064e+00 3.189442449310421779e+01
2.296440843749214089e+00 3.229404023468265450e+01
1.139655569611273345e+00 3.286509835630337761e+01
-9.079405596111982391e-01 3.354830814629469415e+01
-4.008830716580804143e+00 3.419823095875081975e+01
8.499858374882272027e-01 3.575070461648353870e+01
2.293957324103133466e+00 4.317231311109583203e+01
3.740165400231881820e-01 4.394876427846141098e+01
-1.849609113810237737e+00 3.946193606339469540e+01
-2.091033612496104421e+00 4.391930578628183923e+01
-4.692147985289189194e+00 3.957346731445006327e+01
-6.005056121029110905e+00 4.467763503965605310e+01
-7.854974023730633803e+00 3.598531037664063348e+01
-8.360034510048377498e+00 4.092257193325833242e+01
-1.111071350940287239e+01 3.866049315892587401e+01
-1.016826969411538606e+01 4.497842858528355237e+01
-1.322654311347466205e+01 4.119089946310582206e+01
-1.422066170538094632e+01 4.499786204222727548e+01
-1.341907148051470422e+01 3.517772335206412748e+01
-1.706654105374298780e+01 3.981006737265370532e+01
-1.805197141759000701e+01 4.472204937898954569e+01
-1.885779822264495920e+01 3.389146453442670293e+01
-2.143173357405918722e+01 4.357821580907928904e+01
-2.107327439477419162e+01 3.818295289295303263e+01
-2.472447915840777455e+01 4.291951917135479277e+01
-2.521906427337762935e+01 3.700174476443248039e+01
-2.770495753034991537e+01 4.196335932087555420e+01
-2.442089873437069159e+01 3.203714030538260005e+01
-3.032822877582063370e+01 4.093661685081941215e+01
-3.265288373506874819e+01 3.986177169241649665e+01
-2.887996400743598358e+01 3.505157364102777251e+01
-3.476457158160017258e+01 3.869534044984207810e+01
-3.215340292060971450e+01 3.293770846909982453e+01
-3.510448235388500393e+01 3.541221712728685844e+01
-3.664971225882084127e+01 3.731960833184514570e+01
-2.920396101797501487e+01 2.951190569039083655e+01
-3.828475583444975427e+01 3.587408521415726881e+01
-3.503781843356431125e+01 3.043800693533667001e+01
-3.971197467683882820e+01 3.427713915254459920e+01
-4.099323449046567447e+01 3.244942093683147988e+01
-3.266169064926729249e+01 2.586440158259907562e+01
-4.265367892129726357e+01 3.079005604434519938e+01
-4.192507574706746709e+01 2.881479439798815889e+01
-3.723489691612855523e+01 2.720262032212988856e+01
-4.404223116503529667e+01 2.804947654316740469e+01
-3.627386673905044034e+01 2.201411861869211606e+01
-4.039033749970942466e+01 2.448959497160148047e+01
-4.430242909411637697e+01 2.563287267282061777e+01
-4.519688204660974407e+01 2.347122687480572978e+01
-4.196000532171785835e+01 2.002988449796946924e+01
-4.558562876431971489e+01 2.108655915082621490e+01
-3.730937766945280742e+01 1.792831848715793797e+01
-4.593196877893669949e+01 1.850763426249792332e+01
-4.602630345236790532e+01 1.564894663594718338e+01
-4.081013843098787675e+01 1.574521983657802693e+01
-3.743239165964045156e+01 1.272141915494105113e+01
-4.602512958221566208e+01 1.258447195771128868e+01
-4.341360411055385526e+01 1.178503785724177710e+01
-4.520977297826066632e+01 9.006437556512365106e+00
-4.253943952093570857e+01 8.430696985966806167e+00
-4.321789841606875626e+01 6.039191272033752611e+00
-3.937542021917994362e+01 5.753761740223926502e+00
-4.151317381655921679e+01 3.981964762323873419e+00
-3.971533346171582934e+01 2.326475015983754169e+00
-3.618063614880391299e+01 8.603260616409949435e+00
-3.776149674182646265e+01 8.213882857563360451e-01
-3.575951818178059227e+01 2.494125044832202764e+00
-3.394589999244585243e+01 5.580233960572212659e+00
-3.523490180446398057e+01 -4.637808173002929135e-01
-3.185343726025132227e+01 3.413410861832073095e+00
-3.279344013202012320e+01 -2.182095446949972040e+00
-3.206786086367151256e+01 5.254549431883140942e-01
-2.958265436891543487e+01 2.137009193863672607e+00
-2.983032770365054986e+01 -2.731612964793790344e+00
-2.928057102755518315e+01 1.175039237491590366e-01
-2.720753537216741336e+01 2.305129742903893053e-01
-2.665781925663990037e+01 -2.894477947846807453e+00
-2.522681816393175680e+01 -1.280196701393015446e-01
-2.304907906072400436e+01 -2.920793737436814030e+00
-2.306456010195110906e+01 -1.591042622829504094e-01
-2.085998719448569005e+01 -6.201649349374254161e-01
-1.873123808681338787e+01 -9.080330024878345840e-01
-1.643336442156964949e+01 -8.335596324940962587e-01
-1.421868049388449151e+01 -6.651199561149940820e-01
-1.225434129583416443e+01 -4.772410779152846394e-01
-1.055084090262822372e+01 -4.668635082102608469e-01
-9.132680037516148985e+00 -4.109961201184610391e-01
-7.905019476565127157e+00 -3.599069037226734213e-01
-6.803041102779515903e+00 -2.460216385883088608e-01
-5.782516759673002049e+00 -1.599104292908466451e-01
-4.768174327637316523e+00 -5.844045306212476698e-02
-3.681934963567622177e+00 1.788469120476418248e-02
-2.461797228244752223e+00 8.115358174951581294e-02
-1.147420648224859230e+00 1.323029185365779958e-01
-3.630964350156099950e-04 1.955749485912629477e-04
