-1.069968946229309203e+01 3.710479891483943415e+00
-1.279114314622265347e+01 4.092272090300174803e+00
-1.521922055442796307e+01 3.810175482887509624e+00
-1.748205303981810843e+01 3.421473814100052468e+00
-1.919180543840759157e+01 4.550151056057210042e+00
-2.040983739911893124e+01 2.602129069795694694e+00
-2.137293052767766355e+01 4.358980677344644228e+00
-2.319359709936719938e+01 4.086632190935493014e+00
-2.292615167393930165e+01 2.239392008109561960e+00
-2.481799454923185522e+01 3.318969627571894510e+00
-2.532596051757326805e+01 4.610720279997771343e+00
-2.494709093410630274e+01 1.709167961220656506e+00
-2.646688002470672885e+01 3.082099548003884859e+00
-2.658065777778623939e+01 9.900069782342332259e-01
-2.759193617891629557e+01 2.222184533993555977e+00
-2.858555722882297445e+01 3.186178708994129583e+00
-2.874585165914153961e+01 1.491135310092089217e+00
-2.783948832561469189e+01 1.099673896522472272e-01
-3.070198670282845299e+01 1.691395524829521158e+00
-2.880233141967766741e+01 -9.529179116143068340e-01
-2.974852223089344605e+01 5.930044138825000255e-01
-3.046010619515221052e+01 -4.536467449474919089e-01
-3.178127164429816176e+01 -5.063930859735883416e-01
-2.961244030223585355e+01 -2.081722363809451526e+00
-3.306855445491789425e+01 -2.069857198760420847e+00
-3.179866553286417385e+01 -2.402034756592705378e+00
-3.110712981017189449e+01 -4.254572124257062882e+00
-3.001271589407769369e+01 -3.282885798628562224e+00
-3.294899016312564299e+01 -4.462096288258730503e+00
-2.890345240774109925e+01 -4.527398274300585612e+00
-3.108322303141608245e+01 -5.812538926823436647e+00
-3.251015453335489980e+01 -6.714595288416297159e+00
-2.928417054344980031e+01 -6.167074740826916646e+00
-3.149791324230150025e+01 -8.625867743446972824e+00
-3.031158417046018627e+01 -7.648477696241491763e+00
-2.785939740088326744e+01 -6.755801368987424560e+00
-2.974929388072239433e+01 -9.674505965959779630e+00
-2.773401128451797959e+01 -8.604447418860001306e+00
-2.849835019151472082e+01 -1.096934734656447930e+01
-2.585340225393681735e+01 -8.124859878235032085e+00
-2.627520205161659206e+01 -1.014256223763113063e+01
-2.712917688146183792e+01 -1.221217814971627469e+01
-2.384296756923819771e+01 -9.868080285710904676e+00
-2.492079877515621433e+01 -1.171966950225252191e+01
-2.565837558999548662e+01 -1.348720212346723990e+01
-2.303082947770825228e+01 -1.206828779410251151e+01
-2.394191323783851644e+01 -1.407593398633579795e+01
-2.123415707994230672e+01 -1.233014140589954621e+01
-2.232904722086002991e+01 -1.477385786013632796e+01
-2.044597833512515450e+01 -1.503366737654100938e+01
-1.874701073238813365e+01 -1.288849626153799832e+01
-1.824624758763459553e+01 -1.565129501251588984e+01
-1.567961950556872708e+01 -1.355865204064686402e+01
-1.546128086450620920e+01 -1.644741682506213110e+01
-1.277349128960825908e+01 -1.507617019410656667e+01
-1.049360407949214036e+01 -1.663653560206708093e+01
-7.694182576900231219e+00 -1.553214915132499918e+01
-5.170767694927325131e+00 -1.787736621684628346e+01
-3.455534176277564651e+00 -1.483894806820056189e+01
-1.358922011454655632e+00 -1.801947734736677376e+01
7.959904120343321843e-01 -1.468312549669170686e+01
1.731570892155988473e+00 -1.792218275182319331e+01
4.253780790640582232e+00 -1.812752717409582104e+01
4.776138750140053624e+00 -1.573682403911787375e+01
6.649994196142793079e+00 -1.756333469007248738e+01
5.213385831702551876e+00 -1.305667830502447124e+01
8.752249962476474465e+00 -1.680042124095700729e+01
7.983193796708293988e+00 -1.493480558132141667e+01
1.055197986851657888e+01 -1.587907174261639476e+01
9.660663476065744604e+00 -1.320156428833026396e+01
1.217007726536486878e+01 -1.481854362536098968e+01
1.286084132133035318e+01 -1.327894620894037736e+01
1.076729983977366878e+01 -1.022942189827939075e+01
1.464802029606476630e+01 -1.266642147232230897e+01
1.379920130923010291e+01 -1.129183806895163400e+01
1.550843858075115911e+01 -1.069484182681995321e+01
1.505373753236553824e+01 -9.285667696242349223e+00
1.595403399390026244e+01 -8.446314621655552912e+00
1.544445022917198784e+01 -7.061299652243237190e+00
1.237173793885882489e+01 -7.812914101702019387e+00
1.501496943894849601e+01 -5.702136535314440202e+00
1.249229766363106897e+01 -5.550697179457769970e+00
1.435627847916882693e+01 -4.497449403876164098e+00
1.360406908433703421e+01 -3.496191192636335821e+00
1.240790300664118107e+01 -3.598687954612955320e+00
1.272512574252441553e+01 -2.611560210993422615e+00
1.172810927330998254e+01 -2.869237902758183356e+00
1.182847187536293099e+01 -2.042042623712003735e+00
1.102859225172222146e+01 -2.241904703560127388e+00
1.093772201993055049e+01 -1.635175797812469023e+00
1.028790252055411081e+01 -1.648541118666114302e+00
9.723078175856256777e+00 -1.390820845338154754e+00
9.035002430665835860e+00 -1.182350939190479622e+00
8.173853952643163723e+00 -9.580809082862165038e-01
7.052625439280085118e+00 -7.094877339612467582e-01
5.633888497514069726e+00 -4.731032354125870865e-01
4.030479732921086189e+00 -2.859849529449134398e-01
2.447062659351244562e+00 -1.495993839675401060e-01
1.066119216578550688e+00 -5.139090738735907493e-02
3.244371645650671507e-04 -8.500332017953135842e-06
