1.003384501900000281e+01 1.793449345950234530e+01
1.118650696392415256e+01 1.421343318103549080e+01
8.441918849135984004e+00 1.658571798708253908e+01
7.785774785324623082e+00 2.129138931889040975e+01
4.825158793954510195e+00 1.693082489668318757e+01
3.099008700584570342e+00 2.118814350589463302e+01
8.471959818532179831e-01 1.671487185302922285e+01
-1.745673396798988808e+00 2.078648656126761907e+01
-3.169217953908427088e+00 1.631919501863328748e+01
-6.500223610386241191e+00 2.024443199955594608e+01
-6.792099953329570283e+00 1.569987194261550378e+01
-9.931608370007753095e+00 1.494657307560575177e+01
-1.100827436645311508e+01 1.934893317635158994e+01
-1.277055707364369930e+01 1.366647792753050261e+01
-1.526303508852171120e+01 1.800305258563005140e+01
-1.586502126072917029e+01 1.305693433998831310e+01
-1.897685159475546257e+01 1.633499433308917048e+01
-1.678501434473727016e+01 1.013607332304044384e+01
-2.091896615124700887e+01 1.356673962113475085e+01
-2.307630876995597902e+01 1.147290330101038691e+01
-2.438620036551970216e+01 8.811529481444146938e+00
-1.966944662565764901e+01 8.398861287977085865e+00
-1.876983769792699874e+01 5.563275828950303925e+00
-2.562039406664960595e+01 5.861644328178634566e+00
-2.155948687807469710e+01 4.112810148265359622e+00
-2.633524312652053823e+01 2.533924142755768383e+00
-1.983609441605944568e+01 1.301642179736882898e+00
-2.313592357173571656e+01 1.522439730319535556e-01
-2.013099291442205541e+01 -2.250308008670139692e+00
-2.679054292478031130e+01 -1.155008604683414264e+00
-2.338827651081464865e+01 -3.441520842074886843e+00
-2.658330467163957778e+01 -4.571304829972850925e+00
-2.316573705560532659e+01 -6.816407309008594595e+00
-2.615323627239059334e+01 -7.621861370928622037e+00
-2.022663747446900473e+01 -6.218215986330067224e+00
-2.460658738951151392e+01 -9.985029610995029614e+00
-2.058913115261896820e+01 -9.594692645671885955e+00
-2.430524353524928927e+01 -1.245380147068464005e+01
-2.219028596364281469e+01 -1.262802942125074956e+01
-1.940446415180607787e+01 -1.203003556085990411e+01
-2.276561498233151326e+01 -1.508927153696484247e+01
-1.947217575678588375e+01 -1.470079039100098406e+01
-2.112318873447251022e+01 -1.760608580025575520e+01
-1.697062983201838549e+01 -1.469120404471504138e+01
-1.801317663184294560e+01 -1.745388227680295401e+01
-1.907324415161155784e+01 -2.011623420435143927e+01
-1.508667668679473373e+01 -1.669275493209591588e+01
-1.593902464058539437e+01 -1.983432090065204179e+01
-1.611181162615137552e+01 -2.267327035597250529e+01
-1.276355304729465523e+01 -1.816147394990497688e+01
-1.291340057592174695e+01 -2.127104122518230866e+01
-1.249841345356333200e+01 -2.402631683110581662e+01
-1.028822902063203060e+01 -1.923257284355056740e+01
-9.816246941189422870e+00 -2.282663445605410502e+01
-7.913327473782397981e+00 -2.038894237991601344e+01
-7.213416538221122387e+00 -2.376981604084233268e+01
-5.554334460766217063e+00 -2.078524746830997927e+01
-4.573299778356156864e+00 -2.388797524706598807e+01
-3.111884157257795547e+00 -2.099641266128432093e+01
-1.967853494163816608e+00 -2.391186426159039513e+01
-7.120556663180678258e-01 -2.104178302248978127e+01
6.376052933139167989e-01 -2.380894436639151124e+01
1.707144165159982352e+00 -2.090339565582409165e+01
3.277242316455589499e+00 -2.356962945243401464e+01
4.107678909966859138e+00 -2.063513802715153744e+01
6.001039659962186690e+00 -2.277844387253619018e+01
6.767400268385006967e+00 -1.788914506463050103e+01
8.270635682641623632e+00 -2.162052505292476212e+01
1.120184370575899813e+01 -2.244752242069611725e+01
1.101307587481440464e+01 -1.998538035410184222e+01
1.380468819591147067e+01 -1.986731463187701152e+01
1.556226379474821897e+01 -1.795246084128815767e+01
9.971785598239099713e+00 -1.491496117723258408e+01
1.735288967674145866e+01 -1.594480679363229747e+01
1.990905547184755164e+01 -1.413623935851179247e+01
1.253912610796864513e+01 -1.110420023891781405e+01
1.756875641108936748e+01 -1.215496408276605145e+01
2.118759368434726653e+01 -1.102864840963932558e+01
1.389974265352200788e+01 -6.696195062118993846e+00
1.849689191140349465e+01 -8.808264853342274492e+00
2.188544760573158499e+01 -7.804315400759330501e+00
1.865454402677122303e+01 -5.801313818784213261e+00
2.185863290729822594e+01 -4.632065428152581710e+00
1.803765983200027279e+01 -3.284430010463038840e+00
2.090172653343432785e+01 -1.777110299004389882e+00
1.728288350654138483e+01 -1.057546122700392388e+00
1.917273636565996142e+01 1.007909107669291426e+00
1.594738482533968238e+01 2.375940689273847717e+00
1.430141693271098724e+01 -4.473236986194008974e-02
1.276200683470587371e+01 -2.294501428394883913e+00
1.198112515781253506e+01 2.573880401691487130e+00
1.004779594302896228e+01 1.904218066498678530e-01
7.883455189289419351e+00 1.699100558083960211e+00
5.627689929675542935e+00 9.652474087803945002e-01
3.610841509958039541e+00 8.034015259951231558e-01
2.031709397213941504e+00 5.150867415984153874e-01
8.545968360053747270e-01 3.409304423830635256e-01
5.227908539698293833e-01 -2.314384746218814126e-01
-9.998869861074891063e-02 -1.866876753127568733e-01
1.216776016034712914e-07 1.988082092186685496e-07
