-3.234608135836036524e+01 2.066085264275421451e+01
-3.082300279147181499e+01 1.908027272172412481e+01
-3.143712653872557539e+01 2.205590068587675034e+01
-2.941689496917412683e+01 2.197919393408138689e+01
-2.757422095664510664e+01 2.106317747990354405e+01
-2.710598538197180218e+01 2.352189241669817221e+01
-2.491679812823745976e+01 2.208816048948281008e+01
-2.413303661328614069e+01 2.445773359765008337e+01
-2.228540278826582011e+01 2.301939340066372708e+01
-2.043832099064617580e+01 2.401223453043659362e+01
-1.854106697302478679e+01 2.401191159816132625e+01
-1.676186169301053042e+01 2.420428287634749154e+01
-1.503273905138274813e+01 2.379361970612024635e+01
-1.357722892992423880e+01 2.451855579417957642e+01
-1.211336124414978599e+01 2.343656086158541996e+01
-1.105103968475556009e+01 2.495889775256184606e+01
-9.991179764915120387e+00 2.318846900751279705e+01
-8.576528509882813012e+00 2.443339746379751887e+01
-7.994485203054289002e+00 2.269866861726277563e+01
-6.464077681820313614e+00 2.367067864530895704e+01
-6.123235823592800386e+00 2.203494078575436177e+01
-4.771055890542934996e+00 2.252198994135617482e+01
-3.509131378816681579e+00 2.192500689374600853e+01
-4.138404539256163694e+00 2.066168704440713100e+01
-2.490683382277678160e+00 2.083487100066338016e+01
-2.643845089458706887e+00 1.975129250617973398e+01
-3.394462048885091843e+00 1.832956563406298400e+01
-2.505912372983658987e+00 1.886626236547380131e+01
-1.999930402248900396e+00 1.812116962024886035e+01
-1.718108728505747251e+00 1.748342769592562007e+01
-2.025989539910318271e+00 1.716057242285590689e+01
-3.087594496812932299e+00 1.700636997133203110e+01
-4.334072697326704748e+00 1.749325916508508527e+01
-5.579384901069047942e+00 1.743056457382008873e+01
-6.995664089082780812e+00 1.676902159869174014e+01
-8.700281493289864443e+00 1.628305798032828733e+01
-1.047549004305889220e+01 1.579446357021461544e+01
-1.214466787529403469e+01 1.530651671718165119e+01
-1.374178767929825717e+01 1.478824426795036118e+01
-1.532225184434488696e+01 1.425399431900310354e+01
-1.693794056362486344e+01 1.359889196114871091e+01
-1.869190073219965242e+01 1.283953880428714101e+01
-2.045972616670552569e+01 1.198903284228210175e+01
-2.216670463757972342e+01 1.110512725071167850e+01
-2.381318913687095318e+01 1.015690255143583265e+01
-2.531624952595138112e+01 9.164286927801896354e+00
-2.672665266983239363e+01 8.140472275281565473e+00
-2.781550722646833407e+01 6.765168021748405813e+00
-2.980609154616664469e+01 5.965339816148244267e+00
-2.847235472162745396e+01 4.109766757889402378e+00
-3.138654706034086317e+01 3.705560309790234541e+00
-2.999463124856595897e+01 1.578750666335640318e+00
-3.304733794590829632e+01 7.503809373908201241e-01
-3.064827359818242059e+01 -1.427603708238706748e+00
-3.341816205101572734e+01 -2.726110684708222820e+00
-3.477832300208460481e+01 -5.587298411815765142e+00
-3.015386496945988881e+01 -5.386053086068004703e+00
-3.205858832482176268e+01 -7.389112482896884160e+00
-3.430328888807333243e+01 -9.996237792193232607e+00
-3.114776153619617816e+01 -1.019740388566644818e+01
-2.851825474115931769e+01 -1.089727829775758927e+01
-3.229448307735115975e+01 -1.346520159860066990e+01
-3.007840472397151643e+01 -1.607825237585516120e+01
-2.760409590507980226e+01 -1.406964290584712174e+01
-2.730831399304225116e+01 -1.796860957329548469e+01
-2.384066618684750338e+01 -1.533618772398771313e+01
-2.466134858542855923e+01 -1.983484922929400085e+01
-2.158266589399362800e+01 -1.894794183100476914e+01
-2.168784190623380326e+01 -2.176534406996618642e+01
-1.917426230210764615e+01 -1.665792261588438450e+01
-1.874999392608348003e+01 -2.117101335345045499e+01
-1.657967917495662746e+01 -2.306555089517818402e+01
-1.563468820313245722e+01 -1.936782933670317774e+01
-1.402776698181203230e+01 -2.163124665775386291e+01
-1.230928736755352482e+01 -2.329622221469295695e+01
-1.116995711164601346e+01 -2.008724034325240737e+01
-9.713426443265234411e+00 -2.299329905705806709e+01
-8.067468312784207285e+00 -2.019057396292414097e+01
-7.190173193733667922e+00 -2.271703177117404948e+01
-4.800023427801427545e+00 -2.203100850641797948e+01
-5.341073915067876321e+00 -1.950123990431142218e+01
-2.673574973262399901e+00 -2.053363588650107729e+01
-2.986723514766674636e+00 -1.638693448285138032e+01
-8.299195627261004571e-01 -1.924256861509074312e+01
4.325217557838995641e-01 -1.767910150627021082e+01
1.402069325663745980e+00 -1.606460373243366391e+01
1.711021172517530609e+00 -1.433030114709066716e+01
2.745687606646971535e+00 -1.297361485316236696e+01
3.092254499593297901e+00 -1.140254689282783929e+01
3.492096573142361216e+00 -9.945983746283822313e+00
3.685034124310627490e+00 -8.508670739733478428e+00
3.746957397700550807e+00 -7.131378584636173912e+00
3.521324010287394835e+00 -5.842118694970591442e+00
3.278099678663743077e+00 -4.614126669045702123e+00
2.620581591375636954e+00 -3.605209308892210363e+00
2.152561010666061758e+00 -2.549027764321365463e+00
1.561831296734620400e+00 -1.691057995652751167e+00
9.736678247410770481e-01 -9.788291891781952803e-01
3.210835981591811938e-01 -5.212700239534291402e-01
-1.657958920612236795e-06 -3.000413899111012370e-06
