2.433864657781219520e+01 2.592590718068048616e+01
1.966736906677101260e+01 2.378098387245259460e+01
2.184933490519506094e+01 2.519407757686865423e+01
2.806640638677080446e+01 2.578366219587797659e+01
2.286646754132761217e+01 2.076673498436190002e+01
2.828710021438304523e+01 2.028995077236544731e+01
2.240709502272390097e+01 1.654439511629800208e+01
2.825256441774934757e+01 1.466058081852361106e+01
2.254587319819500024e+01 1.214374223507308059e+01
2.752051148117798718e+01 9.623777192936273650e+00
2.177093897854792459e+01 7.586331640947979515e+00
2.747826420585256457e+01 5.680384782980965497e+00
2.197126740474849882e+01 3.681326694016936241e+00
2.736340911482064442e+01 2.320237602981226832e+00
2.719088253361097074e+01 -5.235952530374339275e-01
2.197985833131726352e+01 2.450000309719126412e-01
2.219005844988893017e+01 -2.737184527940705880e+00
2.612411571807643185e+01 -3.007486392895067695e+00
2.857363330393274481e+01 -4.236898188430735956e+00
2.590076622718732224e+01 -5.677557569177053232e+00
2.181973486108737248e+01 -5.407045451963030658e+00
2.570037072776665710e+01 -8.147527216395605620e+00
2.139758749313081410e+01 -8.066203762619419848e+00
2.849113213107488818e+01 -8.571735677723353319e+00
2.093291874393837659e+01 -1.077108927196646881e+01
2.530311169288774664e+01 -1.047359390412408331e+01
2.786003377669478454e+01 -1.299517167228204606e+01
2.467108622507212345e+01 -1.265624834179093128e+01
2.380203688502506054e+01 -1.470389329889966845e+01
2.010319145759428139e+01 -1.329584670329224139e+01
2.590742409276093028e+01 -1.670575406656969619e+01
2.268568984996439752e+01 -1.643852719120555506e+01
2.314075182940641540e+01 -1.953916172193795120e+01
2.131005656732220288e+01 -1.767574418097427014e+01
1.885012849235275212e+01 -1.539820419850965827e+01
2.002158567912710652e+01 -1.891442248267824766e+01
1.939207502661044202e+01 -1.804010276225120890e+01
1.827474521822119868e+01 -1.952129238343531625e+01
1.742809635315924055e+01 -1.704651522455344548e+01
1.972907641012886870e+01 -2.159262406042040894e+01
1.677718666572799222e+01 -2.021234026398280648e+01
1.595971207911285639e+01 -1.826054510840359413e+01
1.671600013061448564e+01 -2.260520116772476484e+01
1.414226087545915078e+01 -1.855155018068820993e+01
1.526217597861817765e+01 -2.088056317045051813e+01
1.449940097054662935e+01 -2.014453190628114854e+01
1.380331645973267030e+01 -2.290587951433562353e+01
1.315138970613681124e+01 -2.100677557951678764e+01
1.228480691592123186e+01 -1.900761392340867317e+01
1.158088793615686107e+01 -2.116340591491446332e+01
1.100398965798853190e+01 -2.266325602239609793e+01
1.026149401730310906e+01 -1.917630861817688626e+01
1.002480091823593966e+01 -2.120699268987908681e+01
8.851104604189387715e+00 -2.160761754367396037e+01
8.351935468122942297e+00 -1.961387958732775161e+01
7.581802773225779113e+00 -2.161525812408624247e+01
6.980242741505261250e+00 -1.949697803160323417e+01
6.450433356234134052e+00 -2.146040515571323581e+01
5.391310957251503666e+00 -2.119281001487692251e+01
5.785263653589637123e+00 -1.907257176663514997e+01
4.305160159504480610e+00 -2.090108850453962575e+01
3.993657156029603250e+00 -1.961846173042258101e+01
3.020857036298817189e+00 -2.057161288186500769e+01
4.679497969360165044e+00 -1.821954186123616282e+01
2.588957451304394919e+00 -1.902597807769193494e+01
3.467469172039524761e+00 -1.756194868401399134e+01
1.647326888845643378e+00 -2.004490700780226931e+01
2.347489171496510707e+00 -1.684146094477045352e+01
5.129664259008681615e-01 -1.920971834919440724e+01
1.515067330173975213e+00 -1.804379368904321268e+01
-5.209847694458691336e-01 -1.830205916143093958e+01
1.380470320397685358e+00 -1.582541794701820237e+01
6.041552113646483368e-01 -1.695925769335168098e+01
-1.551085779514155494e+00 -1.714485369211401888e+01
-1.912888952185672065e-01 -1.565988173930928440e+01
-2.241112666028575173e+00 -1.554716408483786161e+01
5.357823991431838184e-01 -1.453524177631422099e+01
-5.967333518815568505e-01 -1.384743567766717298e+01
-2.401436768543806721e+00 -1.352064260591314948e+01
-5.950488627615984072e-01 -1.226497654321555153e+01
-2.324937070802118644e+00 -1.170106489586073373e+01
-1.002234384440713999e+00 -1.066829310686771315e+01
-2.407331082413020074e+00 -1.002455198325732688e+01
-1.244818335607309034e+00 -9.235370837431533531e+00
-2.269851790666217006e+00 -8.605433380118448383e+00
-1.382109434592890151e+00 -7.978266575250703596e+00
-2.079322362926453227e+00 -7.391293351254975441e+00
-1.379102434567762492e+00 -6.949709696255486513e+00
-1.885778671363045111e+00 -6.358916976668804288e+00
-1.256131339609791286e+00 -6.133681805478203408e+00
-1.480037798581673281e+00 -5.559423166810043782e+00
-1.239466136335249047e+00 -4.944599759159621577e+00
-1.058626263924075106e+00 -4.247334126515181829e+00
-8.846965561440091053e-01 -3.514179065178522077e+00
-7.093867696099336317e-01 -2.795342042834471741e+00
-5.443805868922804159e-01 -2.096630951457196357e+00
-3.977582583273842620e-01 -1.430310551941743391e+00
-1.102839474048616236e-01 -7.440794155784302699e-01
-8.403322881467966132e-01 -5.142665440051368275e-01
5.350847861126897477e-08 -2.715889868283457458e-07
