1.044603730316539014e+01 2.226655327100615978e+01
1.155528556816900121e+01 2.357453469681333758e+01
1.312567960992637595e+01 2.316090826377557477e+01
1.068022983222759592e+01 1.883133575810776250e+01
1.453933440285632273e+01 2.426162036005545986e+01
1.637979676189452860e+01 2.421455158755175674e+01
1.554233430917450853e+01 2.083254267804590398e+01
1.805582413609729642e+01 2.451176843281194095e+01
1.823029199841414894e+01 2.082058177311281710e+01
1.932184559953668312e+01 2.301550003443600545e+01
1.980577849383197631e+01 2.454631707495549264e+01
2.048126032366848293e+01 2.010028157826642214e+01
2.141776088350513163e+01 2.430434025729547187e+01
2.207702787052050297e+01 2.282519482216088491e+01
2.300131889796125861e+01 2.405346799647058731e+01
2.459698845488469132e+01 2.393326192102229300e+01
2.579820365887235312e+01 2.282035736105353152e+01
2.365188351561178948e+01 2.200280170741239161e+01
2.664669457337573988e+01 2.108785435459488866e+01
2.462936418984667597e+01 2.043180934762018097e+01
2.538829576768394958e+01 1.849324655082942570e+01
2.209049012165972670e+01 1.796393402585286481e+01
2.718001468679519306e+01 1.878245240012482853e+01
2.165211921962471919e+01 1.369733458467090692e+01
2.641728266283161730e+01 1.638957344971311869e+01
2.426284457145505158e+01 1.523756098496838618e+01
2.680684935675044045e+01 1.414588291722184543e+01
2.630462436410174476e+01 1.181809236525879214e+01
2.194735998586736514e+01 8.481700463502258813e+00
2.635719966084630173e+01 9.191927113632724300e+00
2.668043285111545160e+01 6.149286349487268488e+00
2.368536189376569467e+01 3.896463742952908316e+00
2.626403863536581440e+01 1.962671791695623114e+00
2.645362328699801324e+01 -1.282472376238521727e+00
2.627147110454002998e+01 -4.056182732040777950e+00
2.212790689683759382e+01 -3.013535365231543750e+00
2.764893329082822859e+01 -6.078929988899063552e+00
2.549840987404902037e+01 -7.360819580412430341e+00
2.826221172007581472e+01 -9.121924304974710296e+00
2.493906400894267250e+01 -1.029573039387368460e+01
2.638257193620107444e+01 -1.045643252174168047e+01
2.112962661224620220e+01 -1.038481041948874228e+01
2.814364755359090253e+01 -1.281449922308778788e+01
2.449949704064592382e+01 -1.295225264228795758e+01
2.588418227893448176e+01 -1.305143488019994535e+01
2.667532934101406994e+01 -1.495701228819445205e+01
2.327375685642258674e+01 -1.528029780791651859e+01
2.720082874037196774e+01 -1.664239177962700822e+01
2.613907424148090541e+01 -1.839029575642273429e+01
2.513966712647262369e+01 -1.691577124917435171e+01
2.444991802668173264e+01 -1.915086318816110023e+01
2.327240545484974277e+01 -2.025655650679186337e+01
2.133353672410452262e+01 -1.713421561113134217e+01
2.181055059202193291e+01 -2.110853060337952769e+01
1.906784898438168696e+01 -1.845681378220135471e+01
1.999510605060674706e+01 -2.165039509698713616e+01
1.891301585100890037e+01 -2.409446375187326694e+01
1.737962035067422306e+01 -2.185789073394803950e+01
1.599030766279286198e+01 -1.925207940650640737e+01
1.765324081744279638e+01 -1.475190633423936326e+01
1.540024442819130179e+01 -2.348433196230135778e+01
1.386539347848861148e+01 -1.654571128171337335e+01
1.347993898613982111e+01 -2.169518932686035129e+01
1.173658331176459235e+01 -2.438062642546288927e+01
1.121847698565692042e+01 -2.002678664661596741e+01
1.041748794866573213e+01 -1.635239764689462305e+01
9.760050606005281182e+00 -2.253333645178777900e+01
8.254748037837821073e+00 -1.852860655921448441e+01
7.656801456261101535e+00 -2.110008296577112574e+01
7.040314044521789327e+00 -1.608949983849193544e+01
6.882111686481952262e+00 -2.403639067323189593e+01
3.979514288988318604e+00 -2.319365047490412834e+01
4.953606497316770607e+00 -2.059885669507302808e+01
5.003258384520026247e+00 -1.779282200581096873e+01
1.700718839333874799e+00 -2.200501837500655355e+01
2.798657944437414002e+00 -1.963361631707989829e+01
5.858270648386851992e-02 -2.060475615608497080e+01
1.454879625489422512e+00 -1.837472952860317932e+01
-8.033024062806396470e-01 -1.870948093688752678e+01
5.322967753347813691e-01 -1.678474708803059912e+01
3.558168065479105913e+00 -1.549915480066273155e+01
-9.404878728873168336e-01 -1.712637018489850149e+01
-4.394315632343825939e-01 -1.520521082183326911e+01
-2.009459651575256522e+00 -1.593656695295880610e+01
1.703117411465653541e+00 -1.405415360769043787e+01
-2.789662083086055233e+00 -1.406823955919461078e+01
-1.178598012237925818e+00 -1.351847812470747634e+01
1.118001316488797414e+00 -1.195264179435940832e+01
-2.308610643984173816e+00 -1.207226490470763913e+01
-5.404768845182655879e-01 -1.095218107540779684e+01
-2.375502648022199015e+00 -1.014495788454993530e+01
2.929009541268335903e-01 -8.897818099747910381e+00
-2.070371280337053754e+00 -7.901459427407437452e+00
-4.729750174561748177e-01 -6.509739521378515192e+00
-1.370242160361571093e+00 -5.011086580782304623e+00
-8.134307488956843413e-01 -3.359025063394279087e+00
-6.039844884353150478e-01 -1.936580966769665402e+00
-2.871040008097833218e-01 -8.539774720022401677e-01
-1.153820214909736033e-02 3.535085079867109070e-01
-3.408584274117117008e-07 -4.242002690190738285e-07
