-4.650677847355969163e+01 -2.351407876006678066e+01
-4.300284272078047110e+01 -2.191705926947103222e+01
-4.282500664559218251e+01 -2.198833414779319284e+01
-4.263797053065942322e+01 -2.209354845639305154e+01
-4.240985173439547395e+01 -2.234458167681949448e+01
-4.213658165978036152e+01 -2.299113526290866005e+01
-4.182003961355562893e+01 -2.432890976232317826e+01
-4.165321084043624467e+01 -2.675724544013164419e+01
-4.475751775235729468e+01 -2.335929951962581441e+01
-4.443985805000308886e+01 -2.600085135223391575e+01
-4.826113400791265917e+01 -2.521006371894351616e+01
-4.298250073837618146e+01 -2.845049298331292675e+01
-4.712231473139727456e+01 -2.915146463176320069e+01
-4.159350625243785515e+01 -3.019054786820846203e+01
-4.150189921160973228e+01 -3.223098827872137662e+01
-4.602467467567457504e+01 -3.267066096222720972e+01
-4.513573189336626967e+01 -3.523427545975300035e+01
-4.146049437068289478e+01 -3.463818295655363499e+01
-4.390830906444685411e+01 -3.692605885192278237e+01
-4.254615041561912392e+01 -3.794165149461001363e+01
-4.104054481230615892e+01 -3.819220483922949683e+01
-3.940340062210913885e+01 -3.860561317191734076e+01
-3.924903716597902559e+01 -3.612510926156324587e+01
-3.753346769020816254e+01 -3.836078996910764971e+01
-3.930331837547191043e+01 -3.352191366759860358e+01
-3.642930263626967502e+01 -3.717731855126550755e+01
-3.750881718070716886e+01 -3.503757149566985163e+01
-3.611531651323485193e+01 -3.463345667811596229e+01
-3.492396448785267182e+01 -3.683831856142284522e+01
-3.467766479212671982e+01 -3.446459808363360366e+01
-3.365357509336632091e+01 -3.583999159415799340e+01
-3.547451656158507660e+01 -3.223766166537156153e+01
-3.354763382694746099e+01 -3.403592097354287205e+01
-3.246450241417784355e+01 -3.479289671308245602e+01
-3.261667383283324284e+01 -3.333722107972113946e+01
-3.140013688994889662e+01 -3.354750891846946814e+01
-3.174595536860973510e+01 -3.187996425601477313e+01
-3.390478282166687052e+01 -2.978135567514140547e+01
-3.044788998311447514e+01 -3.251361810964516508e+01
-2.953467431680179089e+01 -3.128837069027337492e+01
-3.067138776916703335e+01 -3.026351879942182777e+01
-3.197434499493749627e+01 -2.711725680088486712e+01
-2.856212423837022740e+01 -2.986451030236194981e+01
-2.959615784882819867e+01 -2.842329076942557720e+01
-2.753764799014902920e+01 -2.827433248017569767e+01
-2.874080093349756382e+01 -2.637760922934767649e+01
-2.639070657579352641e+01 -2.663712228808592641e+01
-2.789721068059774467e+01 -2.464594494259882751e+01
-2.506266629779588229e+01 -2.509493886251803829e+01
-2.651558330003166120e+01 -2.349664545767056367e+01
-2.598584930167733731e+01 -2.194712609981812790e+01
-2.448327610825066714e+01 -2.191856407885427060e+01
-2.362190602442174026e+01 -2.380523741046134845e+01
-2.394123557984484663e+01 -2.028394643456954327e+01
-2.169378722276200477e+01 -2.304282030590349706e+01
-2.292407640328065810e+01 -2.139058382130601288e+01
-2.229413007089419096e+01 -2.023113778714664690e+01
-1.982899608399836566e+01 -2.236345802356208168e+01
-2.110384297722426084e+01 -2.023017310733824559e+01
-2.119147412652092655e+01 -1.864316925923576207e+01
-1.977046083465281967e+01 -1.989240755668329186e+01
-1.923219760029044068e+01 -1.842621394297478332e+01
-1.782474083959607114e+01 -2.202417015738675943e+01
-1.796037923386660040e+01 -1.987082220510016839e+01
-1.758501537039587959e+01 -1.816102040788944194e+01
-1.623151898331345322e+01 -1.901876989985508715e+01
-1.572456405526424561e+01 -2.188750096929422639e+01
-1.483489051518119695e+01 -1.978536197552756093e+01
-1.413695091893113975e+01 -1.831027976217330178e+01
-1.340451542276828789e+01 -2.168679267496878538e+01
-1.243517610395720574e+01 -1.985705413779247763e+01
-1.123635561539592054e+01 -2.114351730256759510e+01
-1.225996163970644837e+01 -1.836012033972919255e+01
-9.993396836832951990e+00 -2.003945470959596520e+01
-1.066960268452160321e+01 -1.816809177966423050e+01
-8.592380055971498010e+00 -1.966126423473756191e+01
-9.395891766982952475e+00 -1.778236115222434677e+01
-7.334288879485307611e+00 -1.899913223160595521e+01
-8.334119588526441191e+00 -1.720937691640069644e+01
-7.256756020943980978e+00 -1.787153549629566385e+01
-6.083116796391086822e+00 -1.764532657669996141e+01
-7.390867276088250115e+00 -1.645569784218993448e+01
-6.359030530442681517e+00 -1.568766778756068980e+01
-5.028616478277295521e+00 -1.634757009586743948e+01
-5.250274789444800305e+00 -1.485546931499962042e+01
-4.327885842266794292e+00 -1.399460437067068419e+01
-3.768727455797974635e+00 -1.271199143773444540e+01
-3.126950504764627770e+00 -1.140514917211105050e+01
-2.583545416484347435e+00 -1.009446184857734963e+01
-2.035208465606097583e+00 -8.811309978874440674e+00
-1.614568232737533693e+00 -7.581328109151065142e+00
-1.197725775151171623e+00 -6.377322860866495802e+00
-8.436311292424266695e-01 -5.225000403711598018e+00
-5.192698107244848593e-01 -4.132512627816231188e+00
-2.574886248533561073e-01 -3.107704687339812644e+00
-1.025894450433143396e-01 -2.185850810767657304e+00
1.659377805781118292e-02 -1.381482387434351367e+00
1.534395993003955794e-01 -6.782658975868501861e-01
3.867303052930725626e-01 4.767060230151919098e-02
3.968835763255037641e-06 2.000817510053065854e-05
