-1.225554093733919991e+01 3.085512656677504850e+00
-9.759417134217242662e+00 6.277284293324039144e-01
-1.005608015739725403e+01 8.222969372783364150e-01
-1.037057727277490926e+01 1.113480140478562808e+00
-1.073015415376269388e+01 1.513106818941112763e+00
-1.112454131694913961e+01 2.032187856150710292e+00
-1.152342955578476769e+01 2.633504710121831849e+00
-1.299824564281770023e+01 1.951732043090410151e+00
-1.435806733275915725e+01 3.353600744422500224e+00
-1.290805605847256565e+01 4.518946755810357985e+00
-1.411691675699451487e+01 5.513486632308841173e+00
-1.602456954680781820e+01 5.328719317852953274e+00
-1.736470607539816768e+01 7.554844803552552612e+00
-1.446126707311745818e+01 8.142307622284345570e+00
-1.614440381841251693e+01 9.795226453844575687e+00
-1.788299787470099744e+01 1.094798677700313938e+01
-1.447272379608604354e+01 1.255901546953288417e+01
-1.802121635807325717e+01 1.334750323309846465e+01
-1.655448644245851497e+01 1.507667398730879427e+01
-1.855819672300889778e+01 1.625548600362774465e+01
-1.509557146455791710e+01 1.712577369755265622e+01
-1.847265822277853076e+01 1.906694310098183109e+01
-1.583563741735492236e+01 1.950514729863799701e+01
-1.797306385331127032e+01 2.190056302576456559e+01
-1.553712693825834279e+01 2.233890675789770697e+01
-1.186052743378574270e+01 2.182370089470720131e+01
-1.693075725990712499e+01 2.499486457281610896e+01
-1.465188484417990722e+01 2.488225098435226101e+01
-1.479553634455680822e+01 2.715918195878021280e+01
-1.325963198873624904e+01 2.837949812982160225e+01
-1.414685996306107363e+01 3.062957265853780697e+01
-9.393542438412151085e+00 2.617999052140304173e+01
-1.220501679609951573e+01 3.013588840583001627e+01
-1.171311808791466547e+01 3.195659384752547538e+01
-7.446495715426606488e+00 3.026785688405990271e+01
-1.127510514409204490e+01 3.345937220027495584e+01
-1.040337589518884087e+01 3.479155204517122257e+01
-9.243086264757453208e+00 3.649610925752901380e+01
-1.117014647790739623e+01 3.755158466913747617e+01
-6.318565975722043149e+00 3.393632375639914756e+01
-5.731824165977219110e+00 3.698852513329158143e+01
-8.605923387673971803e+00 3.878768356730001443e+01
-1.038096893246576435e+01 4.090569576899344639e+01
-4.929656724871741780e+00 3.939180339018826515e+01
-8.237501573739280047e+00 4.131650358615672758e+01
-8.563078849436095652e+00 4.382408303293837548e+01
-7.515991692108014988e+00 4.585418636536336834e+01
-6.835754386829608897e+00 4.882775455780533491e+01
-4.916588643705796180e+00 4.631805337767381303e+01
-3.491971753419427671e+00 4.472811247834977877e+01
-2.466936090007632476e+00 4.290626295238539001e+01
-5.110250822356460887e+00 4.103315804054656724e+01
-2.398199212153619975e+00 4.087272095787498216e+01
-5.346093695118672162e-01 4.040337127099106596e+01
-1.853928521273157548e+00 3.823262563903099220e+01
7.617214393741129630e-01 3.750434379852316624e+01
-1.590235029216542584e+00 3.512816822124638350e+01
8.025860680233768418e-01 3.489418820949172328e+01
1.346472141659379229e+00 3.242403776930477477e+01
3.576559886775195096e+00 3.410305293332752541e+01
3.480474975151774397e-01 2.981850730309442810e+01
4.381705680429917038e+00 3.066474902963668825e+01
3.125146119806679224e+00 2.868548344823976848e+01
2.881007439716680274e+00 2.629821031348395266e+01
5.851133440779098471e+00 2.767658543115558700e+01
6.852750103472728505e+00 2.535187333806167231e+01
4.441193087036314324e+00 2.408201008575257163e+01
7.612257415067184674e+00 2.341907287768268375e+01
5.614551619796650073e+00 2.186245867925614306e+01
8.194000225869078946e+00 2.162255185414329262e+01
5.820352883753216133e+00 1.922459719492174557e+01
7.855505754602689628e+00 1.994671063312589965e+01
9.082066902208936199e+00 1.860494746285347034e+01
7.478132050672801512e+00 1.738962485034891969e+01
9.223221185116646126e+00 1.615869544015368220e+01
7.287916250076448499e+00 1.506621501504775118e+01
9.234430622661378152e+00 1.350425991544880411e+01
7.069177296568466495e+00 1.290149429814817594e+01
8.731164501841330861e+00 1.071970384164677625e+01
6.561978122493561827e+00 1.092592806917329895e+01
5.967235369100260201e+00 9.176639062521070755e+00
7.865747091737689267e+00 7.818227194687763060e+00
5.448390390150981588e+00 7.618059230469027554e+00
4.669903691353994191e+00 6.345358792719236973e+00
6.314235158738439324e+00 4.821815065856638327e+00
3.973330968571009425e+00 4.954040509188312846e+00
3.586353461065959536e+00 3.576281064080762295e+00
2.736371327365767492e+00 2.674237496593533603e+00
1.918834690350021521e+00 1.908162065151351783e+00
1.115380370510825836e+00 1.220038098046680952e+00
4.345700541860352262e-01 6.266904230035884593e-01
1.980678324298004389e+00 4.691145805167419858e-01
6.871743927342054414e-01 -3.262246252565163124e-02
1.958231287117792319e-01 -2.909579047656395412e-01
-4.913207549826260206e-02 -4.954515311955986490e-01
-1.433262839691736290e-01 -4.584973748346273248e-01
-1.030271402551915655e-01 -3.290880356550661134e-01
-2.328824625644968227e-01 -2.571751870406462359e-01
-1.231427082420650521e-01 -1.025194135396044898e-01
-2.149581241060746305e-09 3.791921634212408210e-07
