-2.707255194319191105e+01 -2.239262134828665207e+00
-2.848074328207657757e+01 -1.880229878646614283e+00
-2.994106534433722189e+01 -1.081708837419429248e+00
-3.165116457527706828e+01 -3.012052957738798331e-01
-3.285039311787880933e+01 1.171618775540495871e+00
-3.046288109779520070e+01 2.085713839972992201e+00
-3.374642457693114039e+01 2.787215838247509403e+00
-3.452811747197527126e+01 4.517899073241803620e+00
-3.221337051759685721e+01 4.751439398679081272e+00
-3.466533893545500433e+01 6.443924376176421553e+00
-3.257355157822649261e+01 6.919970137675813149e+00
-3.443109787642259789e+01 8.379496193066160004e+00
-3.196471199221068105e+01 8.766654369651194045e+00
-3.360339143512889137e+01 9.983135027463212907e+00
-3.290905926800972736e+01 1.131808318372188005e+01
-3.040785195120422912e+01 1.065558771399726012e+01
-3.204149795135631962e+01 1.247228145494760376e+01
-3.089207967789907983e+01 1.346397894059124845e+01
-2.818030515873325115e+01 1.227028008087373223e+01
-2.946634640957881146e+01 1.432193119322585417e+01
-2.775373133115396840e+01 1.490523704244622571e+01
-2.599400911013342963e+01 1.476531252404183370e+01
-2.452352672346270168e+01 1.552260939942663143e+01
-2.333199534125591512e+01 1.678553483678630798e+01
-2.191650179993847303e+01 1.781006987050540147e+01
-2.172785852869640522e+01 1.517805695900357676e+01
-2.133743737039531041e+01 2.021841958226246661e+01
-1.948984386321466999e+01 1.669416948260341726e+01
-2.055241612528003969e+01 1.886004422251508927e+01
-1.795561290770625007e+01 1.851946567191140147e+01
-1.957674180589875235e+01 2.028445656497395788e+01
-1.733900133144200240e+01 2.076078511389127712e+01
-1.934867357928873588e+01 2.227719179006090755e+01
-1.685925130306971198e+01 2.276081070353211189e+01
-1.825490327024230197e+01 2.438983342827494027e+01
-1.620429105314255125e+01 2.496118346051027714e+01
-1.686237271616445454e+01 2.675718864588896651e+01
-1.499368977802629210e+01 2.693453736986234404e+01
-1.550697601776313483e+01 2.859307826017397858e+01
-1.389412769545271331e+01 2.872920295180843553e+01
-1.405288788320619275e+01 3.018398957655728054e+01
-1.261732606445651150e+01 3.033082746907696503e+01
-1.217468836345222805e+01 3.169012867628866204e+01
-1.062129789443347505e+01 3.118211115470640138e+01
-1.041598877974840676e+01 3.263189834409847379e+01
-8.807151531429168401e+00 3.344731519498633787e+01
-8.202566728249918171e+00 3.176991425683718973e+01
-6.672100315155258698e+00 3.332578357446460160e+01
-5.592907459133821035e+00 3.196351496291134353e+01
-3.836470765571246666e+00 3.305777963341586911e+01
-3.459705803974335581e+00 3.097908331715940733e+01
-1.642343916164344497e+00 3.260679749642935832e+01
-1.226616898226952745e+00 3.030893799994654003e+01
1.228606039377992121e-01 3.196325103377791876e+01
1.249456447916825308e+00 3.101202595444441812e+01
2.172613369450032028e+00 3.023434630303719928e+01
2.506079772634066671e+00 2.909176657305823710e+01
5.896832957029318756e-01 2.859665996430163304e+01
2.641541504010728403e+00 2.794627075203800004e+01
2.439437884855825800e+00 2.683256228085012296e+01
2.415347956099173299e+00 2.575423142460860149e+01
2.240999295468081964e+00 2.459562696829335948e+01
1.935780489693901263e+00 2.337710473847642589e+01
1.659708413549208839e+00 2.216248987119349678e+01
1.373013178699723280e+00 2.105491591526267570e+01
1.342055171832913896e+00 2.002643015603482723e+01
1.053432041940450370e+00 1.911031097087345287e+01
1.698415078325820948e+00 1.854522344329016903e+01
9.674541905414945075e-01 1.772116417090181173e+01
2.037450311028369487e+00 1.751509894570586212e+01
1.628598331092245832e+00 1.650538161642537105e+01
2.880481340757624853e+00 1.646723107652978513e+01
2.476295319327443956e+00 1.552662680775252291e+01
3.614767223080305847e+00 1.507936161752817306e+01
4.620665758468364359e+00 1.427818689265583885e+01
5.810619751638490094e+00 1.362300645375716890e+01
6.906432899217847421e+00 1.282055503025063992e+01
8.264819226481552761e+00 1.304091686965425012e+01
8.383102943449554090e+00 1.166094705666223241e+01
9.846143162489823908e+00 1.239368051064928089e+01
9.715253722425453375e+00 1.092003001465608136e+01
1.112399198206169437e+01 1.153411689616675950e+01
1.081870008433856256e+01 1.016188906363800548e+01
1.212271757496012015e+01 1.062004483944309285e+01
1.182856394924797172e+01 9.429011884555023926e+00
1.352396167144712358e+01 9.377087271766473719e+00
1.213626632928394855e+01 8.466733660209003531e+00
1.290021674957315589e+01 7.618122331737093411e+00
1.311724102757382227e+01 6.239352614570139899e+00
1.131739156524371914e+01 6.388762138804986002e+00
1.239424785089005709e+01 4.494151160331674610e+00
9.782500404155921814e+00 4.843021621527977771e+00
1.074898104879143013e+01 2.956074998578216206e+00
8.455857614473782036e+00 2.790283732649964765e+00
6.623675831026601735e+00 2.158557761669958275e+00
4.808463111846234206e+00 1.634294263167897610e+00
3.195005729629645685e+00 1.166906066325986480e+00
1.866257183973442091e+00 7.381010578304088021e-01
8.191767501796152207e-01 3.435713278984796615e-01
1.099892125161857504e-07 5.598010159405226861e-08
