2.700156985871272397e+01 4.497645211930927189e+01
2.764993166969720662e+01 4.278929864526543270e+01
2.531883201029645747e+01 4.504119345114673223e+01
2.214465519628781820e+01 4.727948747329740797e+01
2.649332549520445212e+01 4.652887192438183206e+01
2.938239864889951747e+01 4.496227961312131072e+01
3.299205896061854304e+01 4.254460925827799400e+01
3.018661729808635386e+01 3.890909526491670078e+01
2.394342359693868616e+01 4.320845455471112473e+01
2.646866444977741040e+01 4.084647370277369305e+01
2.485443924853834474e+01 3.825783356088465581e+01
1.622202112927087470e+01 4.501623118691858139e+01
2.246708383370100393e+01 4.132215627540468006e+01
2.078030990743519624e+01 4.400170732546489916e+01
2.031372699042796981e+01 4.073675125414700915e+01
2.732863068934975814e+01 3.532875330143716752e+01
2.029627998966657998e+01 3.846352007599911360e+01
2.288052582631428677e+01 3.534551614372485773e+01
1.851018340358627512e+01 3.904162163862117296e+01
1.850062542983578950e+01 3.653415929599812273e+01
2.452922295967520938e+01 3.188848537543114148e+01
1.448186992858134836e+01 3.960233964257454176e+01
1.746971896906113031e+01 3.463237060320289373e+01
2.071528229143021349e+01 3.204706849092340804e+01
1.631191268005396111e+01 3.284764108056988619e+01
2.204878237892180692e+01 2.850930303048384573e+01
1.304582929166547167e+01 3.498617735401598594e+01
1.559849564878782857e+01 3.084864349707749653e+01
1.214322428653849073e+01 3.072860505196551628e+01
1.855631660071392020e+01 2.893200536267871570e+01
1.542508810381181306e+01 2.852537452669547591e+01
1.346263638186266753e+01 2.731378174424467531e+01
1.663140285858586154e+01 2.590564295168170617e+01
1.954381851479660170e+01 2.522065206766199097e+01
1.329442317655261085e+01 2.494507061091122324e+01
1.057540254735287455e+01 2.790726731124109961e+01
1.722683089357058606e+01 2.246846139755829341e+01
1.497401844682815053e+01 2.335786535820023957e+01
1.095062801499211780e+01 2.538469406582137111e+01
1.360338248493578561e+01 2.134784380439667473e+01
9.689119075873913189e+00 2.344018793179073867e+01
1.513973135039246642e+01 2.001505562407529482e+01
1.186209798735960064e+01 2.255454316726379460e+01
8.570811510704446690e+00 2.154459526197459240e+01
1.034155256631608921e+01 1.992757480940284864e+01
1.229470577491848715e+01 1.949881355701182883e+01
1.341975513174092782e+01 1.790445222444617812e+01
1.104037702962601131e+01 1.771059680307735107e+01
7.735006704260595001e+00 1.956900339280965540e+01
1.187734845375906367e+01 1.597659410243500666e+01
6.427314227925674750e+00 1.738849594617789762e+01
9.906468197241409257e+00 1.598953304010204235e+01
8.795471636668850124e+00 1.727553324502198251e+01
7.102787426764258782e+00 1.527430931286648708e+01
8.860192517047773109e+00 1.429889217184817340e+01
1.038027457100711537e+01 1.393887737971776453e+01
9.100675393409071390e+00 1.213731382739603859e+01
7.539171505899417092e+00 1.298231866142312718e+01
5.057686958060415350e+00 1.422608481154243876e+01
6.695101795173159509e+00 1.175818768876400533e+01
6.027670176658840084e+00 1.050908982307720230e+01
7.888917567513814788e+00 1.037613442244230022e+01
7.006792669237018600e+00 8.981655953050614372e+00
5.562041733709140345e+00 9.141713790583153809e+00
4.260928257173866029e+00 1.191617604431970534e+01
4.443401689264770305e+00 9.955248103175197372e+00
3.339087258344722642e+00 9.490295816986989763e+00
4.770816395266863630e+00 8.230466694009203721e+00
6.137990135377944689e+00 7.890256711140982482e+00
5.376542325068465189e+00 6.938377525433596205e+00
4.769367952410879852e+00 6.113043948078981771e+00
4.390293801773425209e+00 7.201602065745435155e+00
3.502849757820013732e+00 7.851136171828358101e+00
2.548615358350277749e+00 8.127000860370051427e+00
3.844957053331945485e+00 6.468310354322991174e+00
2.869759612363449897e+00 6.952574303789853083e+00
3.395967434265809270e+00 5.732579739628963722e+00
2.567417400828332141e+00 6.223749133360297670e+00
2.241378384656488976e+00 5.528881454050334376e+00
4.193832130879594722e+00 5.390003882766214005e+00
3.591868642726888439e+00 4.681717674906032300e+00
2.970991183058474761e+00 4.937854914322987732e+00
2.813930002171303624e+00 4.153226502570523060e+00
1.926918449468854044e+00 4.844598404219841115e+00
1.690027160028615860e+00 4.213460057708072526e+00
2.360206314146235496e+00 3.592415969123664787e+00
1.464089225925145010e+00 3.635250182807943098e+00
1.186753390199667191e+00 3.096974977604901369e+00
1.995302693263633742e+00 3.035551134113819050e+00
1.701300246802718741e+00 2.567780094510975886e+00
1.433894023407860319e+00 2.187791122113425857e+00
9.190642685857823846e-01 2.557674701976174525e+00
1.168506324441908273e+00 1.833180608700093250e+00
7.165054782342296091e-01 2.013682370098505814e+00
8.092300055400950543e-01 1.532121547406017914e+00
5.899956918425771635e-01 1.231566599658215022e+00
4.388904565187384810e-01 8.487245595138728227e-01
2.722642280952560778e-01 4.750983694445038985e-01
1.128063787931652545e-01 1.306697945313147757e-01
7.875185997247268962e-03 -1.708321908873396133e-01
