-3.207566382933138271e+01 4.411130885014804903e+01
-3.032285055387131933e+01 4.259995714005478362e+01
-2.989483928157656933e+01 4.333224134675995742e+01
-2.960814869054741294e+01 4.319563390731170927e+01
-2.906503154959089485e+01 4.433957832515365993e+01
-2.932844196590281172e+01 4.386540305059612876e+01
-2.956821008948039164e+01 4.257029125770588251e+01
-2.984451277476443209e+01 4.135252701710663814e+01
-3.022563970623502883e+01 3.957568904990099412e+01
-3.035211218035439629e+01 3.675467036357935768e+01
-3.695939625239201831e+01 4.370319975691929670e+01
-3.409638580400652330e+01 3.999640039354934373e+01
-3.419912993290166270e+01 3.548360425921224248e+01
-3.782469782536511360e+01 3.664620978883839086e+01
-2.992095436884314452e+01 3.300425745887297069e+01
-3.535652590529929284e+01 3.162813007948517807e+01
-3.321036181335442450e+01 2.967114852242550427e+01
-3.418627089603414504e+01 2.690685859216482712e+01
-2.919441148062745484e+01 2.833657684486082218e+01
-3.228050625456494771e+01 2.420958317188043551e+01
-2.876061452133440710e+01 2.419844063401196266e+01
-3.487777583555013194e+01 2.197661775706402665e+01
-2.868215586298165221e+01 2.067927449536378859e+01
-3.180548995435955817e+01 2.081135031811765757e+01
-3.179597733239274859e+01 1.787283045461648356e+01
-2.876683879777272423e+01 1.774149496297744832e+01
-3.429925148785389410e+01 1.721319578016849050e+01
-3.013850823008406365e+01 1.598658932620105766e+01
-2.894833266235960068e+01 1.454456124518676319e+01
-3.212600062400277778e+01 1.447930787968140187e+01
-2.933536118293038086e+01 1.253063011431690299e+01
-3.331048325197032511e+01 1.291701937655209953e+01
-3.157638678416016020e+01 1.116989888581957402e+01
-3.386476349643862704e+01 1.076003655741652665e+01
-2.899114354563595697e+01 1.033839051032330048e+01
-3.163066331641316253e+01 9.275154186443375082e+00
-2.938705087393563886e+01 8.303437296519994959e+00
-3.350182614038961049e+01 8.649541606092672197e+00
-2.995639747082229931e+01 6.509077786514384734e+00
-3.363487203166857142e+01 7.042199464138145792e+00
-3.154073215797048846e+01 7.061893138092447231e+00
-3.398274885467282758e+01 5.478100214266297563e+00
-3.106969251143763344e+01 5.118146273892600462e+00
-3.124649184497422638e+01 3.684839088546361996e+00
-3.071442600154660596e+01 1.829142711399527776e+00
-3.217981152400685119e+01 2.626536607407836676e+00
-3.426348116968894431e+01 3.966847307557299640e+00
-3.260644068776880999e+01 1.378375695014311120e+00
-3.444330888106390631e+01 2.584508264246673459e+00
-3.451813125639655055e+01 1.346216669031266244e+00
-3.176868857094487808e+01 3.157525479006752511e-01
-3.298088844189405933e+01 -8.826924007604811107e-02
-3.470314638366525628e+01 2.674615158193194842e-01
-3.421859239175682177e+01 -5.331352187645620466e-01
-3.584024655752700994e+01 -1.310248181100009734e+00
-3.393416194400759167e+01 -1.410678087903107114e+00
-3.585956578883393320e+01 -3.322736520060794341e+00
-3.348471392182019457e+01 -2.137590592294535519e+00
-3.417181429614019095e+01 -4.897962447675445752e+00
-3.276067379834825033e+01 -2.746362843681349641e+00
-3.201274340121754847e+01 -1.079443380413193543e+00
-3.179874735452430201e+01 -3.326168044256951450e+00
-3.135778273597739840e+01 -2.069066947858846817e+00
-3.179664153737394727e+01 -5.498896071161589738e+00
-3.069382266259588832e+01 -3.104230847008291327e+00
-2.954918246600141174e+01 -4.005153369271031161e-01
-2.975566645387609910e+01 -3.628829488246361201e+00
-2.914205257656857029e+01 -5.584670143040955104e+00
-2.854565142057710858e+01 -3.956541858942403511e+00
-2.817739753259203539e+01 -2.348371214824328757e+00
-2.724229292847895323e+01 -4.289850625477328094e+00
-2.595819260759441249e+01 -3.163106148090986558e+00
-2.598381936548856430e+01 -4.610615896834486804e+00
-2.452331930991093856e+01 -4.656245327469687112e+00
-2.385907118789589276e+01 -3.227625166573598658e+00
-2.259316670101060254e+01 -4.576790769050291807e+00
-2.155026101233368863e+01 -3.262234294328495654e+00
-1.998135900003546794e+01 -3.739954842822407866e+00
-1.850096064018388375e+01 -3.248324154299422339e+00
-1.701011357336448881e+01 -3.131267123003433905e+00
-1.555865475175640000e+01 -2.840872643412400755e+00
-1.406807291482336275e+01 -2.728838493611141836e+00
-1.260023462953648377e+01 -2.332551917254766405e+00
-1.107846722097148806e+01 -2.256914444357204008e+00
-9.643825321330167455e+00 -1.982407519013944741e+00
-8.276627866295491742e+00 -1.460544462774206798e+00
-7.365713883566796127e+00 -3.286619753429776747e+00
-6.989404267829298689e+00 -1.245552425926012674e+00
-5.901034483953017329e+00 -1.004431648250713183e+00
-4.942384453367940189e+00 -8.337934766980023005e-01
-4.757705012017493296e+00 -2.782164992724929231e+00
-4.085371498271152646e+00 -7.016246220268839151e-01
-2.629372091125611099e+00 -1.964068023489024428e+00
-3.273306209163770575e+00 -5.366423207254598093e-01
-2.540393771857674565e+00 -3.255298138654221241e-01
-1.893847061427661016e+00 -2.158301470959367030e-01
-1.325166172509438356e+00 -1.964590006527894284e-01
-8.372084322195803008e-01 -3.922386412186049109e-02
-3.869539126518943273e-01 5.459162479817629247e-03
-6.369424769126093047e-07 2.115779884286239366e-08
