-4.522166659939487943e+01 -4.398972685379639103e+01
-4.107370223283270860e+01 -4.360635726196039030e+01
-4.913577801512128218e+01 -4.125396494821080040e+01
-4.186787804839200788e+01 -3.931693969831138702e+01
-4.575305039004748409e+01 -3.529574060820298342e+01
-3.990825895914139920e+01 -3.420568200660106584e+01
-4.113501386299884643e+01 -2.978563695495499886e+01
-4.419776443098193397e+01 -2.617744975535831742e+01
-3.832330755199623695e+01 -2.440579935724120375e+01
-4.270046047800972389e+01 -2.014699135530092633e+01
-3.724561495613346551e+01 -1.878942466697307978e+01
-4.124801998591852481e+01 -1.450346103692733379e+01
-3.594927537520495520e+01 -1.420552018132547012e+01
-3.515886002308445057e+01 -1.043058408513632251e+01
-3.962340821434073490e+01 -9.852984089563044279e+00
-3.904476125025634303e+01 -5.340939613817428544e+00
-3.405401141374007068e+01 -7.546966404783042037e+00
-3.583478563503543768e+01 -5.974317034933663173e+00
-3.339358060321583110e+01 -4.124346704945846653e+00
-3.679858600120751788e+01 -2.293538742674638087e+00
-3.248858836920403093e+01 -1.847645432877016658e+00
-3.793797854013798343e+01 1.279789522323927953e+00
-3.461369045199114680e+01 5.122251342486192627e-01
-3.531162527475685664e+01 3.944522102236391436e+00
-3.248007361381820601e+01 2.661879728488683483e+00
-3.206024392076060536e+01 6.711251849821708859e-01
-2.986368279619528110e+01 -1.422867941597601549e+00
-3.051219756738187527e+01 2.339104884682110086e+00
-2.904798307899608290e+01 2.126377610925317185e+00
-2.784583625744790325e+01 1.588195739578115218e+00
-2.691417223941207837e+01 6.603075688523160069e-01
-2.803863220890369590e+01 -4.947366420777131180e-01
-2.643324849601385651e+01 -6.698188523940045158e-01
-2.823222237932388623e+01 -2.842222371772006539e+00
-2.562186077658799022e+01 -4.494901334942250637e-01
-2.562964289882977198e+01 -2.108638162892889412e+00
-2.438873689288656266e+01 -1.062778615013715733e+00
-2.334080038292454162e+01 -2.555914201014608977e+00
-2.508643935462692198e+01 -3.797101304339850714e+00
-2.244523692536338899e+01 -5.264693038360282351e+00
-2.460187157605559349e+01 -5.989629414248526906e+00
-2.729106082231089303e+01 -5.224636160900890225e+00
-2.616929031889224078e+01 -8.343373272439091437e+00
-2.313090680915438213e+01 -8.759941701742421927e+00
-2.403351300356163023e+01 -1.169465535457991301e+01
-2.301753815408181225e+01 -1.488019795235809184e+01
-2.343101313471352398e+01 -1.832470830543367057e+01
-2.113094610357911662e+01 -2.088639768121468165e+01
-2.356458199939019593e+01 -2.353876222896266412e+01
-2.008937161205961175e+01 -2.534399603017786973e+01
-2.250864231654795944e+01 -2.807361288149903089e+01
-1.943824302233510792e+01 -2.980994709665784370e+01
-2.183157011417495497e+01 -3.234075614303969815e+01
-1.879847834507303261e+01 -3.351018224899601705e+01
-2.056677018560752757e+01 -3.566446149403025601e+01
-1.859756256060654067e+01 -3.684644950327786717e+01
-2.257457599079220500e+01 -3.736664950280821529e+01
-2.143038098158962868e+01 -4.049133546483096779e+01
-1.986784761131283261e+01 -3.857199781660600024e+01
-1.909141962713325569e+01 -4.072042065054674254e+01
-1.822420187511948342e+01 -3.945898592015554129e+01
-1.757645045238264814e+01 -4.104245348679460648e+01
-1.690598163536381193e+01 -3.867385089001717802e+01
-1.642443957688488965e+01 -4.134536332685007665e+01
-1.590926241090417470e+01 -4.002524329001744974e+01
-1.533528179360218147e+01 -4.168079619308099382e+01
-1.465008452233074721e+01 -4.002819942643494500e+01
-1.423538394894846704e+01 -4.160070315815906383e+01
-1.320379383433472853e+01 -4.135953216090254614e+01
-1.360231347807999214e+01 -3.951222784606947869e+01
-1.228583052408260556e+01 -4.098110040113574826e+01
-1.136092719475118606e+01 -4.046415745195932345e+01
-1.243392918714395279e+01 -3.925447859026947128e+01
-1.234815140978703774e+01 -3.782267641691090887e+01
-1.062897112453914872e+01 -3.959096217748780333e+01
-9.726911393682787121e+00 -3.871510644531359446e+01
-1.116273752238950046e+01 -3.676026284925857368e+01
-8.144321254648748010e+00 -3.793888752436706113e+01
-9.117621649072754408e+00 -3.700465303944969264e+01
-9.917398017728979553e+00 -3.487698544337990825e+01
-7.763949991875027656e+00 -3.565671828451446146e+01
-1.173575969002470920e+01 -3.185392029366174427e+01
-6.679783480486547909e+00 -3.367571561530748880e+01
-8.512499977339732737e+00 -3.197594727617111587e+01
-5.865980934060649687e+00 -3.057714140788861101e+01
-8.847811773558696302e+00 -2.822403205796893033e+01
-5.447874950195973121e+00 -2.686987361668392538e+01
-8.620431940590584929e+00 -2.383666843701641014e+01
-4.785440801582056203e+00 -2.288696419259099102e+01
-5.600800415794356724e+00 -1.947371062446636714e+01
-4.155168743423367061e+00 -1.648311470314508753e+01
-3.514796016786769783e+00 -1.326766105275165408e+01
-2.516838067133570611e+00 -1.025469886489328353e+01
-1.798853705578360884e+00 -7.522552428312317296e+00
-1.273561584082087528e+00 -5.216041663830198516e+00
-8.700088535602409356e-01 -3.306290436733308802e+00
-4.643800283702747556e-01 -1.777467568116864349e+00
-5.275183680317657720e-01 -6.158703245541123916e-01
2.110160636741205409e-01 5.679439716407325145e-01
-1.098145518201796352e-06 -2.805223165398152193e-07
