-2.106403667198884122e+01 -1.854493120779753212e+01
-2.263606106581826438e+01 -1.510917207798303075e+01
-2.121673548134450371e+01 -1.047793713005107641e+01
-1.918210797785977206e+01 -6.791333309029186083e+00
-2.366961271223147634e+01 -4.325243805153005994e+00
-1.839844163665410193e+01 -2.231906405194103105e+00
-2.184918130660472002e+01 -1.486563250886114851e-01
-2.342383762344422138e+01 2.232656024154809682e+00
-1.755075160623945862e+01 2.457471103511988275e+00
-2.292434981862537668e+01 5.899245976033360428e+00
-1.961721953762385340e+01 5.570708708950870225e+00
-1.690871491493421885e+01 7.036546059493490546e+00
-2.247461427109373133e+01 9.309814534633607863e+00
-1.908790016169119852e+01 9.916077933534866773e+00
-1.595761484409602282e+01 1.063910527383407612e+01
-2.174116957475743561e+01 1.234458833040665660e+01
-1.888346932946152279e+01 1.329186975387011671e+01
-2.080192098503243514e+01 1.525401637208245376e+01
-1.518203569863025493e+01 1.393678621557258701e+01
-1.822003537601393575e+01 1.613456676552196356e+01
-1.968722432499253117e+01 1.777247731513412887e+01
-1.405951301219957550e+01 1.712716444549344530e+01
-1.715646771341014087e+01 1.855858464031330612e+01
-1.850584880192973358e+01 2.001487455512761571e+01
-1.664943907406792789e+01 2.083618055608870279e+01
-1.199513371368811931e+01 1.992542056304757025e+01
-1.636110148877071779e+01 2.289019842601459231e+01
-1.486017110928995244e+01 2.196323825220779824e+01
-1.315048062025787878e+01 2.337818370200016105e+01
-1.443690234501193537e+01 2.452197192575020779e+01
-1.106750044313712245e+01 2.477752433537298415e+01
-1.253689031654294972e+01 2.596360176583621993e+01
-1.040722589005410370e+01 2.719489027470526565e+01
-8.957539415561166507e+00 2.192192084124213025e+01
-8.377780567639929288e+00 2.601431446997452568e+01
-7.577909252551113362e+00 2.819000109763466355e+01
-5.351419287579719963e+00 2.329246756008239316e+01
-5.525429588698138161e+00 2.726794781836546733e+01
-3.870864590384068826e+00 2.834476657139409994e+01
-1.940600437148731983e+00 2.829622176645744247e+01
-1.419677231114400584e+00 2.414905811017100845e+01
-9.956328159278313161e-02 2.836787335840865509e+01
1.641708143888128912e+00 2.862585933362801427e+01
2.575669980000952819e+00 2.439391841453315379e+01
3.474152880251379027e+00 2.854453792898879527e+01
5.340527609186417557e+00 2.816586184580543062e+01
6.530874761836527931e+00 2.398102334910004885e+01
7.012953614498669275e+00 2.904873832616441476e+01
7.705101341847186980e+00 2.740331779827882031e+01
9.513470580661170573e+00 2.798587552570987214e+01
1.049926526342382971e+01 2.632901664763400262e+01
1.194351517378458283e+01 2.744734635885876983e+01
1.006321571294042450e+01 2.286949387526643918e+01
1.294235017310855262e+01 2.591542296272255186e+01
1.474131984114448812e+01 2.589446038856831578e+01
1.472142251969866145e+01 2.409110582778687970e+01
1.683820360259736049e+01 2.461353318689305070e+01
1.285346206880988440e+01 2.114348309863691711e+01
1.621435180893611872e+01 2.285321332388492976e+01
1.840611486072975111e+01 2.236599402683683380e+01
1.478928696794022279e+01 1.859007628136359358e+01
1.692603239621662681e+01 2.111778924128130441e+01
1.952726978971127991e+01 2.010370769818762327e+01
1.772989441513705700e+01 1.942169864536448642e+01
1.868663836359643682e+01 1.784605353097972369e+01
2.015066219359562183e+01 1.706844669266001091e+01
1.642886970284776638e+01 1.582196628063678645e+01
2.006588873899828229e+01 1.519742940088046268e+01
1.848511332468638457e+01 1.449355600272018840e+01
2.034721871973183127e+01 1.281374289114185849e+01
1.829495453112614101e+01 1.253887707163723064e+01
1.692596759259614103e+01 1.290890434975740853e+01
1.970512466045518707e+01 1.050475665374474765e+01
1.716921056195971573e+01 1.090902719490946815e+01
1.639445612310788647e+01 9.506135447967469787e+00
1.877709341123849640e+01 8.575148700838608917e+00
1.753942069397755432e+01 6.938603980604893806e+00
1.553370855882777235e+01 8.265804384420151862e+00
1.613754741139721105e+01 5.462485721902631042e+00
1.459538846587685512e+01 7.162664682674044769e+00
1.368202270749041638e+01 6.191229170224191058e+00
1.439618641236189944e+01 4.270962306536934427e+00
1.276408030237854163e+01 5.397635103065251627e+00
1.158789348105287687e+01 4.870197606039571525e+00
1.237042300596434963e+01 3.500007231907392047e+00
1.044573924052106939e+01 4.129346957700112952e+00
1.065714622379731225e+01 2.736250495284322515e+00
9.263087215210603631e+00 3.447267129218852588e+00
8.989670174348209031e+00 2.079960815803065355e+00
8.040342429966692350e+00 2.888910235966174689e+00
7.293303844842583317e+00 2.073891199511579408e+00
6.176670391127834669e+00 1.957651193895686426e+00
4.955148913436615565e+00 1.572501672248773241e+00
3.604722004127660639e+00 1.262546168008970238e+00
2.297363676726613679e+00 9.948647391844660515e-01
1.201217523678714372e+00 7.547479112839401427e-01
4.242542717743392200e-01 5.829014391941662598e-01
-1.819422927891995584e-02 3.861502337219888115e-01
-9.940887186325596259e-02 4.819040261964477323e-02
1.129149425639778292e-09 1.101798011720631096e-09
