4.062791870385388648e+01 4.767058312327532121e+01
3.809370134193429891e+01 4.918422754542948638e+01
3.811569931209985640e+01 4.667732350603551339e+01
4.149316059758129427e+01 4.593289619359151743e+01
4.041455474813126614e+01 4.432492654319791114e+01
3.747037143120042657e+01 4.472594632427529149e+01
3.942085103359721643e+01 4.241260548766222627e+01
3.721128149855788791e+01 4.288829445497812287e+01
3.578768219265718642e+01 4.213770067626907689e+01
3.840229149701092126e+01 4.063211987210434017e+01
3.729823442772539011e+01 3.919688804503579860e+01
3.515950889385542411e+01 4.039220714624735109e+01
3.345674514438648828e+01 4.082778732885167017e+01
3.677791160272051485e+01 3.735771156614141830e+01
3.535504353598335570e+01 3.833238867663802552e+01
3.363421472820272839e+01 3.788126931602722181e+01
3.328467424152014331e+01 3.917750437614786563e+01
3.247084815016669523e+01 3.795182793582938530e+01
3.516712003314638224e+01 3.673151052981862819e+01
3.553594520626990771e+01 3.545586966581377197e+01
3.373713905865106000e+01 3.436975792791512418e+01
3.369741778128133092e+01 3.506337044576309125e+01
3.381315843387117326e+01 3.601657410597855602e+01
3.253208966750219844e+01 3.582442874334390837e+01
3.199676668027268178e+01 3.739187542137137399e+01
3.136727502126522182e+01 3.665305912019677947e+01
3.154091109033699425e+01 3.404037524463910813e+01
3.133006953177009279e+01 3.600443531428857824e+01
3.013206764383985004e+01 3.658882730753592227e+01
2.913761187739228831e+01 3.466404323095577666e+01
2.660319840215620957e+01 3.619217990059291168e+01
3.082702526632456141e+01 3.963469395814215090e+01
3.080170036573678871e+01 3.788065118716749424e+01
2.893094125987914467e+01 3.756990799039851936e+01
2.768368719857010518e+01 3.893797524589520975e+01
2.987292460526964177e+01 4.140608939432514291e+01
2.501664518036843532e+01 3.885447934028357508e+01
2.693355027419200098e+01 4.142043682758173873e+01
2.513274662029812490e+01 4.240085113373465475e+01
2.280412905059900552e+01 4.026275984087774873e+01
2.340887337372246790e+01 4.349879871584305846e+01
2.170729871007381462e+01 4.429994116153536510e+01
2.042385380793338356e+01 4.145361071555300470e+01
2.024614608350761813e+01 4.553887366613787435e+01
1.860481886986961086e+01 4.346586858263423636e+01
1.845676505115191190e+01 4.612917313906532257e+01
1.719085159141256369e+01 4.177921486028466092e+01
1.667268105349443630e+01 4.659309768927715112e+01
1.606461317411314482e+01 4.432251845031073856e+01
1.408773608038066172e+01 4.192709158437644135e+01
1.488012204725645127e+01 4.691746457972505624e+01
1.376380521628284548e+01 4.474065106562866845e+01
1.301520986179753514e+01 4.688116588644862048e+01
1.119163027312026770e+01 4.654328140573251460e+01
1.152683770872100055e+01 4.459661240645561975e+01
1.106063169861537787e+01 4.092157203153779221e+01
9.367014970928080331e+00 4.582058601971451139e+01
9.528815554645667874e+00 4.427444809154574301e+01
7.696509780755335761e+00 4.437161111443820261e+01
8.258148619278170344e+00 4.304445171269686909e+01
6.310829808384572637e+00 4.327074200656839764e+01
6.908619058944145408e+00 4.202716940572440762e+01
5.450390401910454763e+00 4.176697975711901734e+01
4.762350244500075824e+00 4.055671501867377771e+01
8.403196288651759716e+00 3.889878391713805428e+01
4.111216870473157314e+00 3.934916629076690242e+01
3.595096022300250382e+00 3.810602297235055147e+01
3.184750900753941405e+00 3.685011952035851834e+01
6.393508892557150602e+00 3.649914667810589464e+01
2.877544294359037025e+00 3.555836980390222379e+01
5.091976364955300483e+00 3.398107251591185474e+01
2.609165442746165020e+00 3.414379873528217502e+01
2.363176135013708823e+00 3.254734349672854421e+01
4.409827153770523367e+00 3.099765802278528071e+01
2.069915389818310913e+00 3.083926149323275467e+01
2.372448187064630343e+00 2.904773108802299220e+01
2.184674569414203571e+00 2.721889212300746053e+01
2.239709364362700406e+00 2.513081461620676293e+01
1.666360253640813971e+00 2.303902243798305705e+01
1.849137615992189509e+00 2.090558761980095426e+01
6.540601760086515171e-01 1.882224353208088274e+01
2.866190512592258433e+00 1.751113775822138763e+01
3.343331302183725762e-01 1.593373552288794137e+01
2.431839153494540717e+00 1.392219825350529128e+01
-1.818759209344811278e-01 1.318134506778574178e+01
7.548922162908033862e-01 1.104936819936236780e+01
6.855413399377083827e-01 9.127532700750585093e+00
3.006080303103367823e-01 7.417772425891888233e+00
4.333462639300692532e-01 5.802654209001197216e+00
1.418306536947899765e-01 4.360518667910862511e+00
2.615429931846379938e-02 3.073766505402164118e+00
-1.046592629881265002e-01 1.964533117996478673e+00
-8.167776698748786812e-02 1.099817370119564153e+00
-7.215884562548643411e-01 7.345839851075893767e-01
-1.177209506695701957e-01 4.820974289386711908e-01
-3.835176877920843386e-01 9.346969265918270153e-02
-2.352888825539965756e-01 -2.890150083896751432e-01
-1.849950171369071361e-01 -3.316401280516068639e-01
-1.889585455669885450e-01 -1.607514203981324219e-01
-5.252969172357806094e-09 4.931015621186701562e-09
