3.039083561457043103e+01 4.595687327485893547e+01
2.801230059605358491e+01 4.929189905475487876e+01
2.441985674316646282e+01 4.664595954934718947e+01
3.125633512021564187e+01 4.074253310951987572e+01
3.010392211263053852e+01 4.446851795346027103e+01
2.879602492938141367e+01 4.404830610899389143e+01
2.746045195398151506e+01 4.279490148522276627e+01
2.558514720859490410e+01 4.136747753916650083e+01
2.493356923272630610e+01 3.902149210227808140e+01
2.055506210240996623e+01 4.354387782768788639e+01
2.188192056838359889e+01 3.823133771635212241e+01
2.294172369112533616e+01 3.493805236680467630e+01
1.936078023106619739e+01 3.625946807993985743e+01
1.716003026623489092e+01 4.039339012555918629e+01
1.494485954057877386e+01 3.719781062445074582e+01
1.709224428524244033e+01 3.438890841499115680e+01
1.613319168102532686e+01 3.290227609754725080e+01
1.340798969588695932e+01 3.424345376542564168e+01
1.524324334404547621e+01 3.188070082127778448e+01
1.578889353308350429e+01 3.035924002118547804e+01
1.915163727136855343e+01 3.214597621068401168e+01
1.689115558544141038e+01 2.983689481471738958e+01
1.439850785630283703e+01 2.992121596860415167e+01
1.802872996039847564e+01 2.860501526882768886e+01
1.552648281373610573e+01 2.879655852093021906e+01
1.650778367850044859e+01 2.848545824618706135e+01
1.641714022327686706e+01 2.776256246140382800e+01
1.631249077121071167e+01 2.736419239229477185e+01
1.716422986677198637e+01 2.719404158262187110e+01
1.825624931555234198e+01 2.693068054751337215e+01
1.636677237626203762e+01 2.698284508407838445e+01
1.645773912557581653e+01 2.667343699386196576e+01
1.658950349377507294e+01 2.642251069370781025e+01
1.676258192490956844e+01 2.620217700781178394e+01
1.702055508963001174e+01 2.598829874873410972e+01
1.746350670962518592e+01 2.577194616613769895e+01
1.817577799299589714e+01 2.555468650727599922e+01
1.986787999703486562e+01 2.693841587393690418e+01
1.926068399247176899e+01 2.530429980710272986e+01
2.081015684204326632e+01 2.507810442325329703e+01
1.963301301293138579e+01 2.833954067201011640e+01
2.144349351478553345e+01 2.797646181438793178e+01
2.214564783995588115e+01 3.128362555561466252e+01
2.272088106057369217e+01 2.486060858130580442e+01
2.322040834090618944e+01 2.793197942452476568e+01
2.495856661588166858e+01 2.729816856222793930e+01
2.491653281257032404e+01 3.029963594832415552e+01
2.640965142900873630e+01 2.905186972023943071e+01
2.697762542510714923e+01 2.744995633416998260e+01
2.664147715555217388e+01 2.598640648224947824e+01
2.617572003035164130e+01 2.501360627287219529e+01
2.707918097095259213e+01 2.470715913162701227e+01
2.821714800183203309e+01 2.672626090147312539e+01
2.848470395231538177e+01 2.551541533909254866e+01
2.587765591866929782e+01 2.401400320512031428e+01
2.856770908435998990e+01 2.430074945680080134e+01
2.794612643418665598e+01 2.333071563872580967e+01
2.677102881851285332e+01 2.359818252594129362e+01
2.712299923586566308e+01 2.267121425040119220e+01
2.603357606866605067e+01 2.284903347392445738e+01
2.682649781313638826e+01 2.190709124198935598e+01
2.473251290816296333e+01 2.434888093453965041e+01
2.642523674149925483e+01 2.104466043083377258e+01
2.462709494434825430e+01 2.295033323036490103e+01
2.540756804348287901e+01 2.203827542107622506e+01
2.521872814602240354e+01 2.056224362300388719e+01
2.341992036727713966e+01 2.217709221228822258e+01
2.597747733154734462e+01 1.967834752234152873e+01
2.447307891903355426e+01 2.150122512358676019e+01
2.343509695958125505e+01 2.083005390956402891e+01
2.491281713806359122e+01 1.851060822812916484e+01
2.398824779523912198e+01 1.958117778156247724e+01
2.333130478321584533e+01 1.734075267715104474e+01
2.204759450823540590e+01 2.109595066062420798e+01
2.224672234081118205e+01 1.999735728986514616e+01
2.250328153972196077e+01 1.847720227957403694e+01
2.085015695914895062e+01 1.929121238890365930e+01
2.126253123372861253e+01 1.672941680227346239e+01
1.942098837613729856e+01 1.807830126650840796e+01
1.955439111580608014e+01 1.571562652119239267e+01
1.778073498378756412e+01 1.674339552313479729e+01
1.771422816453586790e+01 1.445316957551443870e+01
1.611513629022038785e+01 1.523784992253153447e+01
1.508536112418950559e+01 1.382797196900262904e+01
1.383118783575083199e+01 1.290042231158830610e+01
1.266340703834920234e+01 1.185428132954825564e+01
1.149023563773423717e+01 1.072279468981630224e+01
1.028763303292840625e+01 9.591463470284113058e+00
9.074743337799406007e+00 8.500711240442020866e+00
7.943151032396710498e+00 7.512462214768482305e+00
6.882449187834875914e+00 6.615204720007946904e+00
5.906020237232520564e+00 5.775531169084681338e+00
4.997951709423825051e+00 4.970966169419624769e+00
4.100964930380024853e+00 4.201976042729266503e+00
3.205430290012546202e+00 3.448527883028536412e+00
2.379501562816588756e+00 2.697231360102104958e+00
1.649206244206788519e+00 1.990185128788844793e+00
9.674625665303999700e-01 1.310803454422355685e+00
3.528244440988118069e-01 6.657611336040225591e-01
-1.284023416481021350e-03 9.306205750426313006e-04
