1.277141178962463153e+00 4.393495312055519975e+01
-5.036011673733364891e-01 4.117939211525236942e+01
-2.009192679029650819e+00 4.106626159346023286e+01
-4.886951562889665368e+00 4.110962773574080842e+01
5.013898337024003116e-01 3.798897943331110838e+01
-8.173813530955508222e-01 3.804625317972362808e+01
-2.844084617651984725e+00 3.820626574048928603e+01
-5.757755242422558872e+00 3.836514112500064044e+01
-1.337880934075841521e+00 4.506018196144525945e+01
-3.713375663057698062e-01 4.936527791507302254e+01
-9.235451467751818910e+00 4.035028837807914925e+01
-5.327479842730713955e+00 4.522044531840602843e+01
-9.884396903164201831e+00 4.504756665171066743e+01
-6.590354267251752773e+00 4.898706012636387186e+01
-1.144510727758785507e+01 4.900687079405731339e+01
-1.454138783719600170e+01 4.029205716234683621e+01
-1.398921248613434720e+01 4.600423062544669506e+01
-1.731228575121716773e+01 4.656748317422187711e+01
-2.108428922793664029e+01 4.497307531831530270e+01
-2.062381893355139439e+01 4.040391045488610899e+01
-2.147119331312000057e+01 4.854985151300575552e+01
-2.464049748721364352e+01 4.634272396879921274e+01
-2.546847354596015123e+01 4.278704857003836537e+01
-2.693802482070476501e+01 4.915811005689950974e+01
-2.725438522887918324e+01 4.613804862939846174e+01
-2.906036364885486378e+01 4.569908459387621491e+01
-3.090912804249149559e+01 4.857439133429656408e+01
-3.020189634889308650e+01 4.503936493916077666e+01
-3.144787858298964167e+01 4.529184317300862972e+01
-3.311175742254722110e+01 4.605254117594226670e+01
-3.213683439146555543e+01 4.392625443842763389e+01
-3.422250964796247530e+01 4.447477284048694912e+01
-3.286173819056620005e+01 4.233268427950848434e+01
-3.486002291059183023e+01 4.250583281092605858e+01
-3.370892288344415277e+01 4.062244311177096989e+01
-3.010075361773977320e+01 4.242802299456887027e+01
-3.520475241925639409e+01 3.971633549170385891e+01
-3.057948916709696618e+01 4.012408850941581306e+01
-3.533566686102336263e+01 3.668918245584477233e+01
-2.676618352030959258e+01 3.960757026231291889e+01
-3.077374459231421611e+01 3.818846939092262716e+01
-3.380390798657367668e+01 3.809976240084407806e+01
-3.165498903734229685e+01 3.639976107719181897e+01
-3.334360046347743634e+01 3.503790284208680106e+01
-3.188164954702815734e+01 3.395595834064534557e+01
-3.550617518741471201e+01 3.357157397242659869e+01
-3.249238204985368839e+01 3.179112712062478963e+01
-3.563975200016367495e+01 3.036597092952826316e+01
-3.259736836057127363e+01 2.945312466242074834e+01
-3.583929158788542679e+01 2.653007106660450987e+01
-3.272533754770775261e+01 2.721884587100827702e+01
-3.287342297307095151e+01 2.506235597834864492e+01
-3.291542735434886424e+01 2.270341645884227333e+01
-3.595296877354042664e+01 2.237036108811796353e+01
-3.279214959976656019e+01 1.998280915839896110e+01
-3.526644405802488080e+01 1.847590341345845033e+01
-3.265315544899710432e+01 1.653565337749720143e+01
-3.565204949678894764e+01 1.513971943463892345e+01
-3.238866715657306372e+01 1.333670988533884127e+01
-3.570130025419705078e+01 1.222511082499679702e+01
-3.245190337397416869e+01 1.030472024334194181e+01
-3.587279246137498490e+01 9.338312363635882463e+00
-3.248533178715721448e+01 7.549622782821742817e+00
-3.620484999719811725e+01 6.538332021514715819e+00
-3.400329613073188995e+01 5.673929679795036485e+00
-3.575149934768199245e+01 3.800804858902715910e+00
-3.258219483680365869e+01 4.784758561920607001e+00
-3.416626588765880257e+01 2.626085407105121394e+00
-3.180170414412508606e+01 2.350418316046042122e+00
-3.378142708102052438e+01 1.380979680345316485e+00
-3.306867750658712879e+01 5.673712402918075215e-01
-3.234141437837377708e+01 1.197249923643543656e+00
-3.218524246220162155e+01 3.666056490869391560e-01
-3.178632009711630957e+01 3.518061989215806484e+00
-3.175744074804565997e+01 6.439733666705647896e-02
-3.125132054618093136e+01 -1.318155807712819982e-01
-3.131774195356010893e+01 6.158011005837418228e-01
-3.067948800677653054e+01 -6.772654849655599385e-01
-3.043774028675065679e+01 1.106453338998079627e-01
-2.955604186202990746e+01 -8.953290786595675677e-01
-3.028648697486845265e+01 1.629399232021220278e+00
-2.952593891409897253e+01 1.791020249586647572e-01
-2.877806489468914819e+01 -1.935240500990993984e-01
-2.796220168777761828e+01 -7.504459792746130675e-02
-2.674990124195166530e+01 -3.084032566841478640e-01
-2.507663502438043679e+01 -3.162525861263582039e-01
-2.296858889920605407e+01 -3.385957251161155757e-01
-2.048464383594656724e+01 -2.834526245952150303e-01
-1.772414818745579623e+01 -2.410409249617938288e-01
-1.485142859693402251e+01 -1.935758010370311477e-01
-1.204004730616235186e+01 -1.233700893962686174e-01
-9.469957261871572385e+00 -4.633988390274866587e-02
-7.269248705058450888e+00 4.870615616022526623e-04
-5.481768617527258414e+00 1.236628131041270055e-02
-4.077475395926907886e+00 2.244383455077258657e-02
-2.999125544505143459e+00 2.943548934915047807e-02
-2.111357069519192553e+00 4.862082439546387691e-02
-1.324638740586067565e+00 7.059858131829017946e-02
-6.099959284249197866e-01 8.146767817231137521e-02
-1.907839694909885139e-07 7.650099942919735248e-08
