3.544125197010296802e+01 2.592402741726998627e+01
3.514032071122412049e+01 2.397954322712114106e+01
3.186502276281962764e+01 2.359501169131603504e+01
3.285075182544731121e+01 2.752199702276278259e+01
2.861258999150021154e+01 2.436218583894613587e+01
2.583292625933642128e+01 2.279298757460810876e+01
2.276620085082651102e+01 2.281399500747181719e+01
2.247403419091104837e+01 2.004638019390624137e+01
1.987381382278959663e+01 2.109452001891919082e+01
1.985950262134162969e+01 1.847606323760662050e+01
1.728327567141026577e+01 1.863064142075159779e+01
1.861493727159859546e+01 1.657272976633672457e+01
1.655707480798037778e+01 1.557689484611550235e+01
1.840323758572696278e+01 1.462875662392938736e+01
1.669482308410708526e+01 1.337257603633717018e+01
1.851750054885717844e+01 1.300611466492760471e+01
1.705272509186167440e+01 1.100779760544907937e+01
1.899074409547649722e+01 1.188406316181079703e+01
2.005566349613621213e+01 1.143327829431040321e+01
1.901454644945825123e+01 9.610148907249621786e+00
2.109153142660013813e+01 1.086405251620550594e+01
2.101441565269339407e+01 8.517336555054127345e+00
2.243986560072642078e+01 1.046052747810911931e+01
2.362595431318863959e+01 8.054246355546178293e+00
2.410662510888731802e+01 1.021602990471077277e+01
2.582501222581882416e+01 9.492338133749587570e+00
2.755280032100285226e+01 9.479067126836961066e+00
2.943671337054844273e+01 9.621129722314604393e+00
3.132454739174914593e+01 9.789689373438857700e+00
3.309387573121622950e+01 9.908269566112291926e+00
3.474026509598877510e+01 9.877376089442085672e+00
3.628204335536045022e+01 1.025990199102346523e+01
3.762851754270290172e+01 9.637431210892602351e+00
3.943218410677267372e+01 1.026376267430611300e+01
3.963274761943519309e+01 8.271021141402236765e+00
4.169275167333109522e+01 9.774354122083556362e+00
4.189985316710437502e+01 7.465198582177197117e+00
4.379566694688482897e+01 8.963832330453975317e+00
4.373393868053870648e+01 5.782458233551275306e+00
4.524045306461686522e+01 7.681261923300934491e+00
4.801482598183994099e+01 6.647502809525500211e+00
4.594094583165352219e+01 5.763455446069223775e+00
4.562345918839533709e+01 3.994359283063130484e+00
4.804595410204277073e+01 3.210003413774166425e+00
4.552873304110325847e+01 2.393695766248833845e+00
4.609623163957588332e+01 9.568327992359785261e-01
4.483745524872879429e+01 5.594256908288289809e-01
4.512149887952398331e+01 -8.236241277009297423e-01
4.382155229362621895e+01 -8.001693685641056986e-01
4.413064700824368458e+01 -2.254249471049125653e+00
4.285643042334017139e+01 -1.903467582313093320e+00
4.255120564608976252e+01 -3.170013886404321468e+00
4.136157291021790883e+01 -3.770989383815426255e+00
4.024633210401239580e+01 -4.666312271480054008e+00
3.891543308579649363e+01 -5.413116827255182173e+00
3.746398174564244954e+01 -6.144332387020067898e+00
3.597976232368218774e+01 -6.971112032191109975e+00
3.438878118856990795e+01 -6.842214536678787873e+00
3.344079875243321709e+01 -8.351763507814045084e+00
3.208415776405309572e+01 -6.956862619206157561e+00
3.099473830439205102e+01 -8.987855015473453335e+00
2.991796459751498816e+01 -7.288634964923348392e+00
2.836749730705438566e+01 -8.087925495498753392e+00
2.690491857223303995e+01 -8.491658877509735248e+00
2.556898495958837003e+01 -7.072166735738695031e+00
2.417779947279665720e+01 -9.432304844509896924e+00
2.361624709421176860e+01 -6.735296954658341662e+00
2.192842776751418299e+01 -6.234212873443934377e+00
2.113838312818896270e+01 -8.853303200739899737e+00
2.028845269846674526e+01 -5.627281548883892093e+00
1.844778568716301592e+01 -7.537919368152750543e+00
1.864969479786537931e+01 -4.705152526567847993e+00
1.631776160418202082e+01 -5.258056077307986520e+00
1.694235262565155509e+01 -3.234890573792015278e+00
1.500293842792061128e+01 -2.425821678655351477e+00
1.377904868997994825e+01 -6.466295514910623821e-01
1.262244346502887282e+01 1.018702026834516605e+00
1.164493955695330918e+01 3.025379291234556511e+00
9.586214697668824058e+00 1.481356125837862914e+00
1.015254731139213540e+01 4.563967062169587585e+00
8.644658279684620084e+00 5.719997250902170371e+00
7.363677886823469798e+00 3.619413229007816923e+00
7.128866580151844268e+00 6.450019683524533143e+00
5.417004755691563922e+00 5.335432983671266172e+00
5.630813891507006730e+00 6.901980310671329555e+00
4.132256464557781506e+00 7.030822522976511557e+00
3.661098062581929824e+00 6.076122858000849725e+00
2.377883149561785370e+00 5.967796591833521624e+00
1.443651651656415291e+00 6.887529321374524116e+00
9.301239693038436673e-01 4.859010437725277853e+00
-1.303324766029468063e-01 6.448743202403537822e+00
-1.403310638176487490e+00 5.599072103391163679e+00
-2.062704783891946114e+00 4.152353086724501097e+00
-1.522418571043027691e-01 3.526243585772166789e+00
-1.820810395635974466e+00 2.531192166063395366e+00
-4.342503984197733091e-01 1.967823319681406335e+00
-1.303519153733228242e+00 1.278997924643120898e+00
-6.034914762925681631e-01 7.206598818805254325e-01
-3.332294570660711552e-01 2.388895800635774391e-01
-3.103331639970539694e-09 2.322639443647814536e-09
