-4.830169845472856593e+01 1.748255072211502836e-01
-4.878981176884816051e+01 -1.630043830848414865e+00
-4.757564119022359961e+01 -1.414320356261088873e+00
-4.633179803893996507e+01 -7.396182157865697215e-01
-4.408043303259590573e+01 -8.685829838312194573e-01
-4.641973586232432325e+01 1.743231216955158036e+00
-4.361172509158637212e+01 1.672734647994448265e+00
-4.159402152931728835e+01 6.365668482839855757e-01
-3.982391654161305183e+01 -9.476303801142167416e-01
-3.885351414735246323e+01 1.656305581296706242e+00
-3.717652026773389196e+01 -9.083836331500309003e-01
-3.589959294393982248e+01 1.535730842412776243e+00
-3.493437792952725118e+01 -8.830508926186187990e-01
-3.349980214476916274e+01 1.317978944314359246e+00
-3.310459757899732125e+01 -8.901470901116605994e-01
-3.165351072091968021e+01 -9.507378038677651855e-01
-3.151949072770182880e+01 9.897518371682266780e-01
-2.990280387413399765e+01 5.192557961134230959e-01
-3.041347545588681811e+01 -1.061503299271490786e+00
-2.935706745108294413e+01 -1.488121740021964401e+00
-2.873670420022725835e+01 -1.485035168958849239e-01
-2.847831976521928610e+01 -2.015186096523624570e+00
-2.744959870692962767e+01 -3.855849341153535503e-01
-2.794391374093731528e+01 -1.514562481781852155e+00
-2.644514651187458298e+01 -1.067517002948052296e+00
-2.745922977972648127e+01 -2.528968816299489220e+00
-2.577342247518635432e+01 -2.032436395557462916e+00
-2.702207954154862435e+01 -3.581905726023016268e+00
-2.516529044544588345e+01 -2.952621120434125501e+00
-2.658070914111337757e+01 -4.736780432854249767e+00
-2.469854454904734098e+01 -3.997561854701723316e+00
-2.429750718315246871e+01 -5.130269378673507852e+00
-2.627152362906571526e+01 -6.083253234731356152e+00
-2.390039500028299457e+01 -6.327653348626729013e+00
-2.579382134949104710e+01 -7.407211761908969905e+00
-2.560407867351580435e+01 -8.716875279273878618e+00
-2.332545811256227353e+01 -7.692426950048643519e+00
-2.289069005514826571e+01 -9.170282104886425145e+00
-2.581236231567700301e+01 -1.026112563997297755e+01
-2.381180966697099066e+01 -1.050239241655661893e+01
-2.233146272822299494e+01 -1.132297686628426270e+01
-2.555148367268309073e+01 -1.191841614884209477e+01
-2.368592244733367380e+01 -1.284897847823608252e+01
-2.522457791115947145e+01 -1.349765675477274129e+01
-2.471124406692379338e+01 -1.488401423661051659e+01
-2.183375850876369029e+01 -1.304130638397709241e+01
-2.400083851439792682e+01 -1.604065350019290648e+01
-2.175343815640392009e+01 -1.468578952003171523e+01
-1.997656235662851287e+01 -1.447696586568753219e+01
-2.317928703107245170e+01 -1.701315031014596357e+01
-2.227194525903313505e+01 -1.777274709314651346e+01
-2.054621871661696630e+01 -1.605585894773059863e+01
-2.142305107636034478e+01 -1.845939536269173331e+01
-2.044783067296086188e+01 -1.893516910270243869e+01
-1.912837644594032227e+01 -1.678490145267788947e+01
-1.936327950159411060e+01 -1.936818597982126988e+01
-1.778340705651853426e+01 -1.800201502037357315e+01
-1.812314326854581736e+01 -1.969119879040656329e+01
-1.701272541879425049e+01 -1.632105146659630890e+01
-1.674793561072583259e+01 -2.002219586144083152e+01
-1.595466127726099081e+01 -1.878333255166461413e+01
-1.486690561305483449e+01 -1.682402590073146698e+01
-1.494905252207270863e+01 -2.026217407038915752e+01
-1.403779839856798084e+01 -1.907440441541876552e+01
-1.286431917043532280e+01 -1.691201395607879832e+01
-1.299579165243818579e+01 -2.021926160434881936e+01
-1.202986736952854230e+01 -1.906848898765870004e+01
-1.121690709524257201e+01 -2.005108739791300110e+01
-1.006673576562468675e+01 -1.924632013898155236e+01
-1.091959436031947739e+01 -1.672724831290348746e+01
-8.727156051938241177e+00 -1.882856527473617447e+01
-9.074323720013534711e+00 -1.639709920570430057e+01
-7.524499794454626134e+00 -1.820114198355307167e+01
-7.259920195430970224e+00 -1.618074378955080306e+01
-6.401818099340895962e+00 -1.767680116377447419e+01
-5.676171179179583248e+00 -1.697872941455658591e+01
-4.813692080226798176e+00 -1.650173323696067129e+01
-5.773456661420675928e+00 -1.521185348425126271e+01
-3.927217725411050520e+00 -1.568783186779882755e+01
-4.554141279342462489e+00 -1.411738516069343952e+01
-3.045301600335361680e+00 -1.468116779122681237e+01
-3.452236550113443769e+00 -1.276686985005491337e+01
-2.253641813144106276e+00 -1.359579486148667193e+01
-1.635772849689461461e+00 -1.247683086509496064e+01
-2.501792484107662418e+00 -1.093889618384491769e+01
-1.081666667787515745e+00 -1.138696127748322340e+01
-7.651120915580689186e-01 -1.036530560154624858e+01
-3.098596212682656059e-01 -9.443853968896638307e+00
-1.121687705720994410e+00 -8.654253374851410996e+00
1.483660969287100562e-01 -8.179537559950519565e+00
-4.654794843646776203e-01 -7.232806088324593041e+00
1.363856661596671571e-01 -6.333780903936720996e+00
-5.095572921268062827e-02 -5.179281590703169513e+00
1.935963967232007255e-01 -4.016522717660502728e+00
2.834129858759012466e-01 -2.891838103528868942e+00
3.958690125944239746e-01 -1.893772391815270906e+00
3.174895430207259062e-01 -1.119767733401679344e+00
5.082456016379043318e-01 -2.531191772495843817e-01
-4.442989939698690875e-03 -5.442368183324917119e-01
1.195315929064145688e-05 9.556746027721016583e-07
