3.578947743239176305e+01 4.483969351512446622e+01
3.367034906286726681e+01 4.669423425894840562e+01
3.533307141216813818e+01 4.163578689310123337e+01
2.941498283924715196e+01 4.646308747593631239e+01
2.751951702528448962e+01 4.250913427968929881e+01
2.409170944178464779e+01 4.640420349087172980e+01
2.043830704764260275e+01 4.404694537040381874e+01
1.652803624890725942e+01 4.542610936971784241e+01
1.320316652215062092e+01 4.387549959625980023e+01
1.014115694773180287e+01 4.512674700803095362e+01
8.714771073884353569e+00 4.193999184747975306e+01
6.836336562182370180e+00 4.416070108965239882e+01
4.167005363450659416e+00 4.328555821297894823e+01
4.175610389837320469e+00 4.031346599974197176e+01
1.809759921246937076e+00 4.224772857396121850e+01
-2.681258327767104266e-01 4.105861192272926985e+01
3.598289995115585005e-01 3.816819906109129334e+01
-2.368538953040489226e+00 3.960875097474724527e+01
-4.018319346399535696e+00 3.768699883987221000e+01
-1.747064540729954540e+00 3.578879153120587375e+01
-5.848717536410537043e+00 3.580376528866380426e+01
-3.380567372973972251e+00 3.383668104908959862e+01
-6.731647394337894497e+00 3.329435583200957183e+01
-3.416916170173232903e+00 3.139371909622778034e+01
-6.720880465965008099e+00 3.085507142482327581e+01
-6.014188605400438981e+00 2.873562979805990025e+01
-3.012030492703894780e+00 2.908921541005139844e+01
-4.811637803069296559e+00 2.703385261305082565e+01
-3.230659816638037363e+00 2.575610979895900243e+01
-1.962940617505722463e+00 2.727417535403640159e+01
-1.819914041477915356e+00 2.456988199345954627e+01
-3.039165843415950752e-01 2.578942439164901756e+01
-2.573624647665359033e-01 2.319285458017102286e+01
1.060800992796101516e+00 2.488641180760284044e+01
2.396013905507243358e+00 2.437628474717767091e+01
1.591168654209318190e+00 2.223733532469780272e+01
4.088451472503932926e+00 2.392567356509708176e+01
3.489126901146278215e+00 2.158964630067443480e+01
5.557926080851070871e+00 2.111284309497746392e+01
6.549061713548481656e+00 2.337732457993867641e+01
8.334144849845067426e+00 2.053551874620524131e+01
9.521985836051202412e+00 2.277631241655378957e+01
1.220355121907233098e+01 2.161005772975224559e+01
1.521750426980525361e+01 2.156639231339442020e+01
1.831109638074402923e+01 2.143332120422437015e+01
2.135101347667638905e+01 2.132944087691774726e+01
2.420789760217683906e+01 2.132772762961828406e+01
2.666980244174061454e+01 2.018325069840011921e+01
2.798556726703127850e+01 2.224349499618735493e+01
2.949995463434020948e+01 1.957211603507011333e+01
3.113296057933712291e+01 2.236943807385769745e+01
3.168358503598572540e+01 1.893727944948256336e+01
3.410151264289091699e+01 2.168250518123987192e+01
3.339874126287963207e+01 1.826189295520405409e+01
3.492066676830084759e+01 1.748368109237265600e+01
3.714015342891919857e+01 2.051223390150267534e+01
3.649417469926649460e+01 1.663573058097312796e+01
3.984292017792434137e+01 1.870641106452947966e+01
3.722986057911746371e+01 1.479617497465031128e+01
3.933830698479849985e+01 1.616876104436688877e+01
4.271865253846763011e+01 1.600754797012068309e+01
3.959548717386017103e+01 1.429568454481630901e+01
3.785837344948986782e+01 1.256332791274786587e+01
3.979778436647571738e+01 1.262163101241268137e+01
4.354437978212529714e+01 1.187375928213958076e+01
3.965384431308881119e+01 1.068263830766622924e+01
3.818218416573920848e+01 1.049270818511820913e+01
4.087470659056539546e+01 8.165812972523497137e+00
3.783023885075814263e+01 8.962996690802217614e+00
3.702090042899673961e+01 7.839677854470235019e+00
3.901222284714429378e+01 6.039813337953151340e+00
3.615562679336795071e+01 6.886116100862712308e+00
3.658121002644394792e+01 4.758214365169064486e+00
3.493625786581699089e+01 6.223129717061259392e+00
3.464540178968699280e+01 3.780351628770648009e+00
3.365341088297025607e+01 5.522387455131789302e+00
3.231482169285516193e+01 4.981677069613781761e+00
3.268334832080220309e+01 2.897031834540540363e+00
3.114924534864897510e+01 4.334682878764175129e+00
2.981426394987308370e+01 4.287353944427955810e+00
3.019301511256223591e+01 2.136205198261993843e+00
2.819041546143360932e+01 3.738790602771177696e+00
2.747325701129680908e+01 1.484768831652785170e+00
2.599514531579434617e+01 3.512980874690699196e+00
2.472511857816300562e+01 1.755569826213940754e+00
2.291190999119387683e+01 2.625147278135583129e+00
2.091777263104517459e+01 1.872930209584073413e+00
1.866109913035041501e+01 1.743069094770371086e+00
1.616982144974633329e+01 1.608365409233088794e+00
1.344797659200168383e+01 1.491995375996245876e+00
1.063250241484409031e+01 1.288879775752274082e+00
7.972893145196839448e+00 1.040686424551038991e+00
5.483824249602877288e+00 8.421710094652986589e-01
3.266936808867726416e+00 6.556402148582668454e-01
1.628290758621955270e+00 5.007339591653358069e-01
5.974148945766766250e-01 4.015872762678416308e-01
-4.698875628941355242e-01 2.500236253280053722e-01
4.255770075045537532e-02 3.940437007302093342e-01
-1.891246775780363876e-01 4.174384656647942698e-02
4.583534528250023218e-09 2.611728045740462630e-09
