-4.639619980545777622e+01 -1.530087442073785997e+00
-4.278357210209122741e+01 -3.442431800453112256e+00
-4.257907178153796224e+01 -3.253201456074558351e+00
-4.234379424485957344e+01 -2.741073358827057938e+00
-4.201165547583804738e+01 -1.673945185717936601e+00
-4.324559177500759688e+01 -2.335369880998520387e+00
-4.259518212356704936e+01 -1.520534667300146081e+00
-4.177808132104764383e+01 2.333965096126415784e-01
-4.112651097643009734e+01 2.872660296719132589e+00
-4.429375661727529234e+01 1.470909582316677566e+00
-4.753007284743262062e+01 -3.402031278120035696e-01
-4.705830390313952449e+01 1.131426008781387882e+00
-4.641242708417466645e+01 2.726297433940469972e+00
-4.587176731575308253e+01 4.347442207380886714e+00
-4.532338314538088753e+01 6.001530897632246564e+00
-4.478471781527051121e+01 7.808982060514830792e+00
-4.017657892620947990e+01 6.074535587432541739e+00
-4.420495178264970804e+01 9.834329691982443222e+00
-3.916321791682339892e+01 9.465494480920707332e+00
-4.362844948874648310e+01 1.198820300451821019e+01
-4.218074468402986810e+01 1.373159116120957179e+01
-4.337970469816704622e+01 1.466304360971420806e+01
-3.821159891194536584e+01 1.266660706185739116e+01
-3.717714471742317528e+01 1.545516910133668809e+01
-4.207616974989741720e+01 1.604397812908086252e+01
-4.198274006853852569e+01 1.779692254969510046e+01
-3.999005323645062049e+01 1.732534221814438169e+01
-4.115814303127923779e+01 1.929600102697375164e+01
-3.571084342953405866e+01 1.720293778782863470e+01
-4.008424622889565825e+01 2.066850315097155999e+01
-3.877909096207488204e+01 1.954449665536737868e+01
-3.934807821236419301e+01 2.239518153302243419e+01
-3.774109048443310144e+01 2.163919095635795031e+01
-3.776945622575804151e+01 2.473052812681556745e+01
-3.358324020154106648e+01 1.847233791796332270e+01
-3.628117244691497234e+01 2.293303107395172447e+01
-3.501227468992272662e+01 2.439786650777873334e+01
-3.376991926613102635e+01 2.607671450527426416e+01
-3.101173475419654224e+01 1.911243789940063209e+01
-3.202390465907511441e+01 2.373100120534090962e+01
-3.093364096911867378e+01 2.626568677331083634e+01
-2.898841246086888290e+01 2.440302944411348207e+01
-2.793725901046623861e+01 1.946102366660273475e+01
-2.461615586543469192e+01 1.992912130001813154e+01
-2.622843024835316328e+01 2.461139196951586783e+01
-2.762963057001264389e+01 2.653698120277927686e+01
-2.493600526174440191e+01 2.676929960794484842e+01
-2.385834726372282333e+01 2.498355279163861198e+01
-2.257610344416898940e+01 2.712314501183337256e+01
-2.191329850645660215e+01 2.518337588617322353e+01
-2.039106237171041158e+01 2.733538129762534652e+01
-2.022303332786287200e+01 2.526770785882702341e+01
-2.116613973092674783e+01 2.029264299137431848e+01
-1.819131807286364122e+01 2.044263152685364204e+01
-1.870563516405517390e+01 2.533224842072381122e+01
-1.827908449946426828e+01 2.752337501272934261e+01
-1.721433400036012884e+01 2.534887462088668286e+01
-1.593360516052995202e+01 2.763469129305964245e+01
-1.570640490443937587e+01 2.555958382539282070e+01
-1.521750925812911781e+01 2.067333187858969978e+01
-1.274988549522275783e+01 2.011972326486325358e+01
-1.414513253927473890e+01 2.492816543902495141e+01
-1.369906796124589832e+01 2.719491673206984572e+01
-1.237396498897029851e+01 2.436534559909267017e+01
-1.167740026113838958e+01 2.710543797782881725e+01
-9.710827609535867211e+00 2.732069635855236456e+01
-7.927233107102070520e+00 2.621818664277273569e+01
-9.691688397959568491e+00 2.511594621130481997e+01
-7.257064877224035371e+00 2.412510354379595867e+01
-1.101337927141908679e+01 2.164469816483118336e+01
-6.083056503138179139e+00 2.229523433892049766e+01
-9.197681114677513037e+00 2.064314418328583045e+01
-7.146082692704583295e+00 1.976552479206219459e+01
-5.128364364380612272e+00 1.984170790020422359e+01
-1.027706928476296788e+01 1.728418228310752980e+01
-4.485422173241978783e+00 1.775533266694365864e+01
-8.098645483902535247e+00 1.440135735701203501e+01
-5.990166214800914268e+00 1.621539618986057363e+01
-3.522856574420101250e+00 1.554489058840372984e+01
-4.700007632691884041e+00 1.385701624973367707e+01
-3.008384882525103166e+00 1.311600416598720287e+01
-5.844091630406604843e+00 1.184326665594553241e+01
-2.355320379917723805e+00 1.121459974355488143e+01
-3.853826596533228344e+00 1.071432362790720560e+01
-3.418100542855266877e+00 9.060082356291264460e+00
-1.731270229847221565e+00 9.272123463363209694e+00
-2.647822783550370485e+00 7.550457358170086231e+00
-7.402100608377740754e-01 6.987551526807072477e+00
-2.147495001569705408e+00 5.878495467961117882e+00
-1.413578135172295802e+00 4.676377361896431495e+00
-1.050260724919405142e+00 3.620401255018931952e+00
-1.131141308733544903e+00 2.569942082066188682e+00
1.869178922286426348e-01 2.882717458985839087e+00
-2.201455630418961973e-01 1.702647920359146916e+00
-1.031857374112400416e+00 1.411901982953496892e+00
-5.470339308534923756e-02 8.135329803413364758e-01
9.469843409800619005e-01 1.173960612473437637e+00
-5.466491636452438518e-01 4.526520936952094787e-01
4.256157747337400155e-01 1.852951362590513074e-01
-4.771632212367808509e-08 1.154156751653427156e-07
