-4.829742437867363236e+01 -1.889508756686940849e+00
-4.715885095412649264e+01 -2.303132518341473034e+00
-4.685437859411749173e+01 -1.145461895166532518e+00
-4.531883448378295753e+01 -2.392437643162402150e+00
-4.532577519539528765e+01 -9.387925777201746591e-01
-4.392833150894348648e+01 -7.555804097454781321e-01
-4.331956590600822921e+01 -2.288795950659281875e+00
-4.257956029089223193e+01 -3.302010531089055179e-01
-4.151088883985273981e+01 -2.010333225810534863e+00
-4.065155508051464750e+01 -9.131250209006657181e-01
-4.120691818222849889e+01 4.896349769638324578e-01
-3.994050976309336676e+01 1.193427818051257638e+00
-3.951203407163153969e+01 -2.713276708672864301e-01
-3.955646639929651798e+01 -1.913599736129655060e+00
-3.834082790350294800e+01 1.384010598955689675e+00
-3.873208308869180172e+01 4.667917212887804923e-01
-3.795174641565581197e+01 -1.400238083490960239e+00
-3.673565158688730037e+01 -7.695189453875801444e-01
-3.580108076220849966e+01 7.729194466733910196e-02
-3.769975560438080464e+01 2.309264107870992788e+00
-3.496621597053257346e+01 1.121398886589086485e+00
-3.909766386431737573e+01 2.345712095487209492e+00
-3.840601715017673712e+01 3.721554677833488256e+00
-3.581364073528376224e+01 3.044723216394470189e+00
-3.422034096026612104e+01 2.305557275608301371e+00
-3.705699778604098782e+01 3.412306683536958207e+00
-3.675341119425470993e+01 4.666496394595182728e+00
-3.356175625799536988e+01 3.565317894151170730e+00
-3.596946450771856973e+01 5.814873617106458781e+00
-3.298777898694362420e+01 4.835884400799131733e+00
-3.505919472653425828e+01 7.240242161124886167e+00
-3.244814718257651265e+01 6.030468819457461827e+00
-3.188082499389381752e+01 7.122817289137320707e+00
-3.402494166245710261e+01 8.625066551766870759e+00
-3.130119763583565984e+01 8.103092760440691933e+00
-3.307448456416212679e+01 9.838096108297811782e+00
-3.069986679048841793e+01 8.989771083829925402e+00
-3.217104453703012723e+01 1.068734020902964410e+01
-3.003452211156143292e+01 9.798844526651491194e+00
-3.165144685531276991e+01 1.150829904574334073e+01
-3.096773562215335573e+01 1.136771818385769528e+01
-3.055689963275056442e+01 1.202150160755907038e+01
-2.928537805691721374e+01 1.050169977470019944e+01
-2.990546761294411482e+01 1.234968609426312547e+01
-2.843288244397641762e+01 1.110707646779669489e+01
-2.924534252904188136e+01 1.263937041544449436e+01
-2.853736816933169607e+01 1.294095004789934045e+01
-2.746757081671592715e+01 1.151548112338917562e+01
-2.772168594433497901e+01 1.314129229207251548e+01
-2.635446150229966378e+01 1.173882535794229653e+01
-2.683698073018421226e+01 1.326933016894948025e+01
-2.590084383467634055e+01 1.334991456520359066e+01
-2.498981104158785271e+01 1.178268732951947939e+01
-2.492001789991914151e+01 1.347995294665570754e+01
-2.410861346292288587e+01 1.302502611357145668e+01
-2.329892268152318024e+01 1.349477197172274145e+01
-2.343814415071373958e+01 1.204172409378273123e+01
-2.245605568423864185e+01 1.230789576407892127e+01
-2.198661394125046442e+01 1.314110303384042844e+01
-2.160618674009476692e+01 1.176050535567230071e+01
-2.065476153226978084e+01 1.263526290005924047e+01
-2.074066448717537270e+01 1.142751210900948777e+01
-1.948404320227096775e+01 1.188130221617060123e+01
-2.003622813080763265e+01 1.098771411061214565e+01
-1.942658673665876279e+01 1.048208941300968711e+01
-1.856666581585193398e+01 1.091933705308976776e+01
-1.879288983643852617e+01 9.527291136106246228e+00
-1.798580211278376240e+01 1.007218480805043015e+01
-1.751084569680106284e+01 9.366446292450630651e+00
-1.763951600638809225e+01 8.715640902516597066e+00
-1.697617643831576828e+01 8.054833990930177379e+00
-1.806493208121404592e+01 7.620897448733390256e+00
-1.664732935781032808e+01 7.141172802380328477e+00
-1.762073609119635975e+01 6.165125015493424065e+00
-1.633382674190063000e+01 6.196905140116800936e+00
-1.719076434018481692e+01 4.653914205968201934e+00
-1.601141051190288422e+01 5.215425644885467449e+00
-1.561994670342071423e+01 4.262883470151555443e+00
-1.672770085991928823e+01 3.093513518744156698e+00
-1.512973038350516397e+01 3.384261212523481888e+00
-1.467309009568698031e+01 2.618132423189003077e+00
-1.403601363472592745e+01 2.189498475815808032e+00
-1.595945225295825054e+01 1.686059078391159538e+00
-1.444392005034913318e+01 8.733764312395937424e-01
-1.508069206908037430e+01 3.921367805744141455e-01
-1.364536120249097451e+01 1.531015515708542107e+00
-1.387206301164444078e+01 -3.638404724662943623e-01
-1.295603902038832089e+01 1.019128162464869369e+00
-1.243110002371129674e+01 -7.810146008466148926e-01
-1.191945437282384290e+01 2.145670714374152688e+00
-1.212409305403606119e+01 7.534658627344483772e-01
-1.123977222415491717e+01 5.464674742943234076e-01
-1.084539026806791640e+01 -6.682113437747984053e-01
-1.018187491457311999e+01 6.440679494472234534e-01
-9.360681230730019564e+00 -6.889155800401920438e-01
-8.935453701106700564e+00 3.939530987455815980e-01
-7.468338251501825731e+00 2.676366151754482406e-02
-5.398609059550453892e+00 3.936058081930744745e-02
-2.745037982456782544e+00 1.022380750560623747e-01
-1.159077306689111284e-02 3.759218763022584286e-03
