-4.554088277535090867e+01 2.353429399150246404e+00
-4.097328170430319005e+01 -4.304529255772361895e-01
-4.407126248032199101e+01 2.888438244441866587e+00
-4.973466069725267147e+01 1.754045646300578687e+00
-4.691772918404709003e+01 -6.738140405333562510e-01
-4.458923569972350975e+01 -1.859170315128654494e+00
-4.405617612804591943e+01 -5.064898371552930101e+00
-4.719244474340006690e+01 -7.924768006125167297e+00
-4.228322430996943382e+01 -9.348266284077327626e+00
-4.684552976012903969e+01 -1.314046004808329116e+01
-4.336201005410196530e+01 -1.446724955873950869e+01
-3.977285459240342647e+01 -1.548842585294932661e+01
-3.801630376505911357e+01 -1.918727207540587187e+01
-4.512398502730952998e+01 -1.825410841808244200e+01
-4.472219291376797656e+01 -2.181308541358744435e+01
-4.204078661711400855e+01 -2.243211157053190163e+01
-3.954942650253388337e+01 -2.113022051605861051e+01
-3.635504915337096321e+01 -2.100079761574674464e+01
-3.921772943872027639e+01 -2.327003559694527368e+01
-3.782007925341367383e+01 -2.369801344856948333e+01
-3.685148202911086912e+01 -2.479735667504524343e+01
-3.590369089392554969e+01 -2.514808979381908216e+01
-3.507766535921886941e+01 -2.525510732750013076e+01
-3.440444336245201384e+01 -2.520889009647442691e+01
-3.377799223497212466e+01 -2.504095422615106870e+01
-3.311752277763020658e+01 -2.473577197682793738e+01
-3.243574739997072243e+01 -2.426910329656855936e+01
-3.164228160009259838e+01 -2.354372340446996148e+01
-3.079775540498528841e+01 -2.259099532478757055e+01
-2.988574747769087026e+01 -2.136044345722486426e+01
-2.895171892035389050e+01 -1.978779581900748141e+01
-3.555036083130622870e+01 -1.725573744665273779e+01
-2.803612060421796670e+01 -1.770989860666726301e+01
-3.427918764701170318e+01 -1.436811695309403447e+01
-2.705103935237520574e+01 -1.489470047596784319e+01
-2.599859606149020408e+01 -1.138043428464535367e+01
-3.280091399881389691e+01 -1.152182851289456877e+01
-3.177116957257389629e+01 -8.838313206782737907e+00
-3.040077969825156856e+01 -6.835910691214557744e+00
-3.038184838369978991e+01 -4.160600674234562035e+00
-2.761215257156931457e+01 -4.842675435629249847e+00
-2.890323426140727747e+01 -1.941828773483457615e+00
-2.713384701169661639e+01 -4.002254384268369436e-01
-2.510558693735621816e+01 -3.177658798586393551e+00
-2.511136010758693615e+01 -4.982118788096074891e-01
-2.354365726793567504e+01 -1.421044062007076558e+00
-2.365934990038819308e+01 -4.920439172830215036e+00
-2.230026622688104965e+01 -3.215679206232831877e+00
-2.367988769083038747e+01 -6.772098933003143806e+00
-2.161536418055275988e+01 -5.165662661815972001e+00
-1.928328549170916162e+01 -6.362654386802882200e+00
-1.766518305952689971e+01 -9.354942133197084786e+00
-2.147623922704337929e+01 -6.883458781716123909e+00
-2.132446187006400606e+01 -8.808045165653661357e+00
-2.373748282327056458e+01 -8.697011852582658520e+00
-2.107358850946791051e+01 -1.115586998098136817e+01
-2.296062823682958509e+01 -1.096892233650586945e+01
-1.657565416183473417e+01 -1.317911707804601740e+01
-2.218076438956927632e+01 -1.336758721303787922e+01
-2.050728095928704775e+01 -1.472611427501304071e+01
-2.148080984660585813e+01 -1.650307720075383955e+01
-1.700801626223897145e+01 -1.688203713179083110e+01
-2.053172330403396728e+01 -1.879468459701047678e+01
-1.959755840234562640e+01 -2.099411545485607888e+01
-1.809908222080336060e+01 -1.999351412053142241e+01
-1.797619566913581934e+01 -2.258899326385947504e+01
-1.646567804292614667e+01 -2.182605319658607712e+01
-1.607177153502432532e+01 -2.342691897078118046e+01
-1.455189575248958533e+01 -1.965954533996370301e+01
-1.451049264497905789e+01 -2.348233653454123626e+01
-1.315703235529575821e+01 -2.367606980319871113e+01
-1.252032763620208833e+01 -2.227632267890352935e+01
-1.188162936059184460e+01 -2.386232537841131673e+01
-1.121276100478434401e+01 -2.279582666875262831e+01
-1.036979967338057662e+01 -2.390983172854604888e+01
-1.017815810154752221e+01 -2.245388037713464868e+01
-9.126644237054394537e+00 -2.338274702709665931e+01
-9.448794044560015593e+00 -2.148596528349395740e+01
-8.847304048433029422e+00 -2.253260651122107205e+01
-8.006498110522908718e+00 -2.226049065102826674e+01
-8.531468103145465776e+00 -2.047074379548729084e+01
-7.291542441561118970e+00 -2.154176911941527095e+01
-6.485223186819268903e+00 -2.058891651523892818e+01
-7.610709692437414908e+00 -1.916694951819696513e+01
-5.631089272275639601e+00 -1.928629971808229371e+01
-6.679461796871402512e+00 -1.750924396081978784e+01
-4.653345564067119078e+00 -1.756086033945743807e+01
-5.504065700716004095e+00 -1.575297885539374931e+01
-3.963152673509956703e+00 -1.496435716157592744e+01
-3.771366023414991719e+00 -1.313676367113897925e+01
-2.995566366471743347e+00 -1.139777543775036861e+01
-2.345571739505603048e+00 -9.473059329591800193e+00
-1.717218504518408961e+00 -7.412849667440597479e+00
-1.193200158466765304e+00 -5.320606725073037779e+00
-7.148144546534260790e-01 -3.406675840496559804e+00
-3.891389099773857052e-01 -1.917644077459487839e+00
-1.614034306809720709e-01 -8.785530829085731463e-01
6.718599968555515334e-01 -4.075665514233436926e-01
5.002157427942177659e-01 -2.063559594898493540e-02
-1.529857076102196661e-05 1.085716548370264712e-06
