-4.010992147129575613e+01 4.242097780285433828e+01
-2.925326994710982120e+01 4.290687202078743923e+01
-1.985977079970859904e+01 4.300757699434861792e+01
-1.326418635347273245e+01 3.918341344261524029e+01
-1.264884922651586585e+01 4.446406648647372606e+01
-7.458580056555844884e+00 4.190548109638064034e+01
-9.306022378984721399e+00 4.690364908609495131e+01
-4.042116173594112460e+00 4.111994378048200360e+01
-4.650642115934020993e+00 4.510705138013376825e+01
-2.099015921772422466e+00 4.333264634395876413e+01
-7.631611092361700877e-01 4.177941602214404071e+01
-1.412360123825787017e+00 4.012513977815479649e+01
-5.034376277981685632e+00 3.842183541110264855e+01
-3.397945996444054817e+00 3.891483563312657878e+01
-3.102589901598011846e+00 3.772970520686071438e+01
-2.241730676145407219e+00 3.870640195898373292e+01
-1.164897793395751613e+00 3.799338306581097413e+01
-5.806595948806037022e-01 3.742783443799712728e+01
-6.794401986573250785e-01 3.677665483223695020e+01
-1.136100315034376251e+00 3.617430446782938702e+01
-2.120246196949152395e+00 3.700098933676662938e+01
-1.843913194626030316e+00 3.599101729459736987e+01
-1.958102277730127572e+00 3.547580297592818965e+01
-4.267303839251735731e+00 3.625245422920693272e+01
-2.270821305117177946e+00 3.500389769809443408e+01
-2.656057436791907200e+00 3.447077280972658997e+01
-3.233426941611244221e+00 3.382394437803387177e+01
-7.132758373039516542e+00 3.797709303003936299e+01
-4.020904280359960836e+00 3.300760222363514629e+01
-5.852748803163219549e+00 3.484723904842339692e+01
-5.098318816181240720e+00 3.196775581768528696e+01
-6.721141814627817013e+00 3.054840112837825927e+01
-7.570202324861834420e+00 3.572767152878370922e+01
-8.672769570618468649e+00 3.423607610756976527e+01
-9.116884871372828769e+00 2.857618781933739172e+01
-1.049031258194738570e+01 3.341947758310771377e+01
-1.267835834377677884e+01 3.201148439409834623e+01
-1.236987740459390928e+01 2.609026606951335836e+01
-1.538355296613983114e+01 3.041483408141261080e+01
-1.845510082696536358e+01 2.857840255864783785e+01
-1.629611328226928180e+01 2.327730134070191781e+01
-2.182955507535454842e+01 2.648846152104274410e+01
-2.054540371426576328e+01 2.028360276794700212e+01
-2.529247783692508023e+01 2.417818028733098501e+01
-2.843708453252171253e+01 2.192489362337282444e+01
-2.479623636554022781e+01 1.724061077694443966e+01
-3.069580928999974034e+01 1.887562189019348935e+01
-3.254158631176187555e+01 2.053746485601650207e+01
-2.840679453215716066e+01 1.450062545340959197e+01
-3.339463661457735100e+01 1.654310260079922301e+01
-3.578186656353538808e+01 1.794028696254645183e+01
-3.137396949408427105e+01 1.184785153546602920e+01
-3.612819076127593121e+01 1.446185653691675910e+01
-3.974752432454392448e+01 1.569839123470804232e+01
-3.345443413530897203e+01 9.324919420358179778e+00
-3.807807795727087807e+01 1.216693701741865219e+01
-3.962864796525228428e+01 9.841849339663504281e+00
-4.262248220319195724e+01 1.287865602369380902e+01
-3.506173226171474511e+01 6.937154336689149936e+00
-4.330227679974964161e+01 9.276813309644950323e+00
-4.017444392375181650e+01 7.227168857500352317e+00
-4.296603188180592525e+01 6.992307617823027677e+00
-4.313803089914458866e+01 5.129300641648764980e+00
-4.279365366318731390e+01 3.277608927264151095e+00
-4.122495982782719182e+01 4.845988271341472142e+00
-4.070038350615101308e+01 2.737759340935273400e+00
-3.981590315728618634e+01 4.229301213829156580e+00
-3.932723129462632272e+01 1.944232251704573144e+00
-3.626762815500202208e+01 4.828130524696248038e+00
-3.673128778894243140e+01 2.944149407634351956e+00
-3.826699700121724135e+01 8.990681608041523054e-01
-3.718141822724285106e+01 1.235259760589212386e+00
-3.612698739402962644e+01 9.420941248484244745e-01
-3.681324677816513002e+01 -3.038021928325508325e-01
-3.532180002890843440e+01 3.372203072720829087e-01
-3.433513057902430887e+01 6.668055291960356401e-02
-3.503901631818603590e+01 -1.473735626386238229e+00
-3.324923497553558605e+01 -2.320919893384107702e-01
-3.313520370008200899e+01 -2.159619639788367795e+00
-3.213336431864614440e+01 -4.763284000768938653e-01
-3.114821337086885578e+01 -2.558291610396220328e+00
-3.103852446517461416e+01 -6.732793709811053517e-01
-2.989748069440840439e+01 -8.456529088360380531e-01
-2.870922365409816379e+01 -2.785096154917828581e+00
-2.861402737935822671e+01 -9.962670439450848070e-01
-2.716424577167532561e+01 -1.237902670465182098e+00
-2.568021678393510854e+01 -1.398990958302501308e+00
-2.402804134667668734e+01 -1.404676673060498038e+00
-2.236282191878850512e+01 -1.330350629436914733e+00
-2.076277492020014037e+01 -1.279155959466096615e+00
-1.924757301947214216e+01 -1.187330545619407651e+00
-1.781502792359873055e+01 -1.087413246368984288e+00
-1.640916091496477947e+01 -9.708696171170959621e-01
-1.492833741863330310e+01 -8.617236652397155527e-01
-1.332137846623858302e+01 -7.397383882364876317e-01
-1.153851345851139243e+01 -5.829385497037905539e-01
-9.366458828542830517e+00 -3.981679937786729018e-01
-6.606772152873405801e+00 -1.822385096257365666e-01
-3.318949340065911358e+00 -2.600155515339586457e-02
-2.168253237149917953e-03 3.840090534015952142e-05
