-4.575264025863780404e+01 -1.085204872518738872e+00
-6.620025965123872425e+01 -6.775040173553987799e-01
-7.203718432136993499e+01 -2.703659161764913055e-01
-6.966408361551926021e+01 1.354814316699343990e-01
-6.306864783489341164e+01 5.389310098853050679e-01
-5.499759965443956133e+01 9.381717097917450232e-01
-4.776397890457431572e+01 1.330156484953637142e+00
-4.392680964560330636e+01 1.709698560389160127e+00
-4.294729714208070703e+01 3.407865968058719108e+00
-4.321687071474953257e+01 5.733665646886672462e+00
-4.278096086252891439e+01 8.233148042306833503e+00
-4.179063784057109388e+01 1.071152501721092243e+01
-4.075014168542966075e+01 1.318948939735871484e+01
-3.980791116766786786e+01 1.561450058877650626e+01
-3.893740134033772193e+01 1.787744858175174301e+01
-3.810383793569217659e+01 1.991331342964077677e+01
-3.730980788633513612e+01 2.171872261223263578e+01
-3.656963689329596434e+01 2.331651182651778598e+01
-3.589444170647124110e+01 2.473156385591077111e+01
-3.525067738826317765e+01 2.597486536006956470e+01
-3.466568833232282998e+01 2.709528794613905234e+01
-3.437449985487079118e+01 2.821561138358467247e+01
-3.438577774924900154e+01 2.933502736890024210e+01
-3.426438798044180345e+01 3.038408723466159600e+01
-3.384948727738162688e+01 3.125985612391483315e+01
-3.313560358742741130e+01 3.182454837138314829e+01
-3.218216471869045137e+01 3.193689128560335533e+01
-3.131890516990678108e+01 3.201942526434356751e+01
-3.093492839427407759e+01 3.254648107251335887e+01
-3.120930697925867037e+01 3.334319598650185412e+01
-3.157922046151326612e+01 3.427867299361486886e+01
-3.156229557649412598e+01 3.527292409715977328e+01
-3.122830363040299062e+01 3.624785984743216716e+01
-3.077586032104969149e+01 3.717367093830333147e+01
-3.025534737396380436e+01 3.795947491658466788e+01
-2.967282048545021311e+01 3.845798621914355664e+01
-2.904959496424930165e+01 3.846767943817637558e+01
-2.843367811883989660e+01 3.778163863613771412e+01
-2.779144126019125949e+01 3.671708898655728603e+01
-2.697237483899899502e+01 3.581534110252482606e+01
-2.583238184109496416e+01 3.564940819836472485e+01
-2.492724760979230325e+01 3.600593436337902631e+01
-2.503818461309024457e+01 3.695896852406292510e+01
-2.556671621470824718e+01 3.817731288145419910e+01
-2.611235537762897607e+01 3.940596106090735162e+01
-2.626718478500625409e+01 4.039561519534316147e+01
-2.557364487544720077e+01 4.084287608591203167e+01
-2.445751303697176127e+01 4.090102786462853857e+01
-2.321551809671908728e+01 4.082745635410115881e+01
-2.197947272102404526e+01 4.061313942931592891e+01
-2.084408695405959833e+01 4.011261688026483796e+01
-1.988187196698601866e+01 3.932339658497600965e+01
-1.919778118962148739e+01 3.834930364090291022e+01
-1.904393323906506552e+01 3.729535181324641258e+01
-1.972557917656529725e+01 3.634260799786638785e+01
-2.074166727879785910e+01 3.545276237072785364e+01
-2.159878471997357963e+01 3.450212204374647484e+01
-2.175679725610292436e+01 3.334912658871860458e+01
-2.112872081089891907e+01 3.256170849626906971e+01
-1.985890396468294128e+01 3.277776292067520103e+01
-1.836496468583731101e+01 3.322920730716058557e+01
-1.696575922789994806e+01 3.335409885081772074e+01
-1.608264006542912838e+01 3.263117873911873090e+01
-1.596873004971644505e+01 3.134157855081908295e+01
-1.679114092579498063e+01 2.984375086227045415e+01
-1.773057020037753517e+01 2.823499493492301582e+01
-1.776635879719907862e+01 2.700707599984692209e+01
-1.626506227253001668e+01 2.691694763981657346e+01
-1.427309310950040633e+01 2.709748735698456912e+01
-1.268227141716617901e+01 2.626846026231762465e+01
-1.203242407202084330e+01 2.475549994087285555e+01
-1.273097782896679320e+01 2.312502067666008543e+01
-1.336516665275702209e+01 2.168725024648171029e+01
-1.230580689436660080e+01 2.079308210806591717e+01
-1.059444780743839409e+01 2.058303780417013584e+01
-9.170202910145095032e+00 2.012158827856165644e+01
-8.877700310094125413e+00 1.874310757997168864e+01
-9.349756875769388742e+00 1.710585253900698177e+01
-8.848412961125731613e+00 1.577993375328958336e+01
-7.336644935724119243e+00 1.558006524294764716e+01
-5.908742020123568750e+00 1.518820388830621049e+01
-5.500555887922749854e+00 1.380104366195125642e+01
-5.633878419741535026e+00 1.219430807025240249e+01
-5.011356179539943057e+00 1.085729748145882390e+01
-4.215235317372127533e+00 9.734853634480984397e+00
-3.601341232610208110e+00 8.670685248901538245e+00
-3.132147453087458455e+00 7.665684053603857961e+00
-2.691379146702756131e+00 6.743090771375292114e+00
-2.298548813976726279e+00 5.861166614476161385e+00
-1.969271388303682757e+00 4.992526541332103385e+00
-1.646111848999012528e+00 4.163121994935271353e+00
-1.307659582574790536e+00 3.402507806369936549e+00
-9.887930663217193716e-01 2.703812650960113917e+00
-7.312609855510140422e-01 2.068613494924009366e+00
-5.277224598456076166e-01 1.517033488390137075e+00
-3.650094963941305504e-01 1.058618923530333156e+00
-2.425166307677360800e-01 6.835561969669623483e-01
-1.471549439200466325e-01 3.803763639275749009e-01
-6.948537501869393729e-02 1.457739619985213841e-01
-2.242238118778423604e-09 1.562352617161876918e-06
