1.107319602884834664e+00 3.896266203087620283e+01
1.636594912332812957e+00 3.730046415808468652e+01
1.867306814300142115e+00 3.582574490550378954e+01
2.010911725673056871e+00 3.473067990513169434e+01
2.194729983072438273e+00 3.421462679754528580e+01
2.357584388941919684e+00 3.448830351132145466e+01
2.480829846325661503e+00 3.530982097635398276e+01
2.542483434669202680e+00 3.648334224826106720e+01
2.515384596611046852e+00 3.784262287647140255e+01
2.364911754451729298e+00 3.923703491220053508e+01
2.046071679653236774e+00 4.051890380155786886e+01
1.499716915883446244e+00 4.153109356115950135e+01
6.475738554991280482e-01 4.209379521830958737e+01
-4.480159551851892186e-01 4.226895228511403246e+01
-1.715797659655410756e+00 4.215219717509769737e+01
-3.099208320696149155e+00 4.183640299381095673e+01
-4.553517932771921295e+00 4.139346620946560051e+01
-6.052423446274938890e+00 4.093068510615468369e+01
-7.586957883809970937e+00 4.057116856125482940e+01
-9.152534767789962444e+00 4.042364204941328865e+01
-1.072682252619203780e+01 4.048403123721672614e+01
-1.229038354362570828e+01 4.069865404594467151e+01
-1.383245727949517168e+01 4.099418488055286502e+01
-1.534878316599787418e+01 4.129371537645940293e+01
-1.683686186448540312e+01 4.152536427271128616e+01
-1.829289772876164832e+01 4.163128814547498990e+01
-1.970981921917037027e+01 4.157924701694415859e+01
-2.107949239354934079e+01 4.135932017870744914e+01
-2.239668832814149724e+01 4.098195013479851667e+01
-2.366296934640678984e+01 4.048096025836716905e+01
-2.488545242371477784e+01 3.989714038100375859e+01
-2.607874167547057453e+01 3.927955027011666544e+01
-2.725553520633975069e+01 3.866926771798353712e+01
-2.842660100224222930e+01 3.810264337449171279e+01
-2.959841330529879500e+01 3.760730233594158278e+01
-3.076877800738812496e+01 3.719261532116184554e+01
-3.192218989042630994e+01 3.683792059987698764e+01
-3.302967505997298758e+01 3.649057131502368634e+01
-3.404727944001137274e+01 3.605932921240233924e+01
-3.494226638786079064e+01 3.549159601582777412e+01
-3.569656388693670124e+01 3.476945779069543363e+01
-3.631330275579779254e+01 3.390387101106582435e+01
-3.682907267222315539e+01 3.293239196910496958e+01
-3.731390700951427419e+01 3.190993705060932939e+01
-3.785084209442926806e+01 3.089481921573044332e+01
-3.848963942746867417e+01 2.992652973602752198e+01
-3.922988661883340455e+01 2.901559396880469421e+01
-4.003049309854151971e+01 2.814559177166038850e+01
-4.081857714379577828e+01 2.727753053000100891e+01
-4.149948060563614405e+01 2.636125793290404218e+01
-4.199451012002960937e+01 2.536732994337144120e+01
-4.224699366811149304e+01 2.428898907751522884e+01
-4.223394702246230281e+01 2.313765062499180658e+01
-4.198301492466071494e+01 2.193348202743973374e+01
-4.159935158152733692e+01 2.069249621808020478e+01
-4.127309121676441350e+01 1.941718773656582187e+01
-4.117368967902627475e+01 1.812638341482900017e+01
-4.141282405135638811e+01 1.686143226134398532e+01
-4.202617886080815168e+01 1.566976617371561531e+01
-4.288853536397780175e+01 1.455398816642039073e+01
-4.368126722584320021e+01 1.340822675026904953e+01
-4.416890214116575208e+01 1.218064943631070385e+01
-4.429002744815982595e+01 1.091310561691291348e+01
-4.406590306821704672e+01 9.667054098568382159e+00
-4.353951043868179482e+01 8.495834536380483470e+00
-4.275781386925589089e+01 7.440341025240620354e+00
-4.177602474825928880e+01 6.521532419391358637e+00
-4.066660703858273251e+01 5.722585656176104152e+00
-3.951894085022482273e+01 4.980396411706150772e+00
-3.842298859640742137e+01 4.205986075385494516e+00
-3.738734867909577986e+01 3.411189192121935498e+00
-3.638447951045196760e+01 2.644017980445930505e+00
-3.538010555393640999e+01 1.952938148006036378e+00
-3.435171684808519643e+01 1.364967217150820922e+00
-3.329155634816335407e+01 8.820697136763603341e-01
-3.219996948225337263e+01 4.881605563373949686e-01
-3.107679370761627879e+01 1.654709418556897238e-01
-2.992077468916612304e+01 -1.018743261589080268e-01
-2.872979091221057857e+01 -3.260173683426058622e-01
-2.750081299793578893e+01 -5.106028636011639144e-01
-2.623096902075240777e+01 -6.558930830638409759e-01
-2.491902597119425167e+01 -7.622977038450563514e-01
-2.356646221128016450e+01 -8.312570840872852695e-01
-2.217600308246854723e+01 -8.675684699630512586e-01
-2.075087311889781816e+01 -8.759715178822028436e-01
-1.929568850202852204e+01 -8.599270968684573635e-01
-1.781671721218454607e+01 -8.227191471341008810e-01
-1.632148985158016075e+01 -7.670408694430530527e-01
-1.481907389098006789e+01 -6.959936779385951233e-01
-1.332031153467174178e+01 -6.152806864282777122e-01
-1.183535232555451877e+01 -5.306324334105785301e-01
-1.037199293394449207e+01 -4.457012325775024930e-01
-8.937283442607800055e+00 -3.584779373219725840e-01
-7.537435761966454706e+00 -2.660778988092009079e-01
-6.176935307680250453e+00 -1.714786364183971679e-01
-4.858573009897118489e+00 -8.373562973804321574e-02
-3.582737630476233726e+00 -1.494424749096374960e-02
-2.349833253931224775e+00 2.369837083741896736e-02
-1.157726524742638929e+00 2.619702933135942963e-02
-3.997769575508712927e-05 1.945048189390979248e-04
