-1.069470739986071450e+01 3.714090570242348566e+00
-1.485331600045278400e+01 3.814835386970349518e+00
-1.727965830417394599e+01 3.795016387822711668e+00
-1.893143353905533033e+01 3.740592086567624985e+00
-2.017891341374856040e+01 3.675810755571414123e+00
-2.119812338515656691e+01 3.592321846508382599e+00
-2.208122846982481846e+01 3.491985258382057200e+00
-2.287739806781997487e+01 3.376937143455138735e+00
-2.361188575856342098e+01 3.239734244941519403e+00
-2.429949343848533871e+01 3.080519731025983532e+00
-2.494942468630452481e+01 2.895302663024293732e+00
-2.556812215539043720e+01 2.686313553929184916e+00
-2.615791605941340237e+01 2.453067670590542537e+00
-2.672102365651589295e+01 2.198330662695812787e+00
-2.725636773004814728e+01 1.920909221657124855e+00
-2.776443505779714727e+01 1.624635561287686603e+00
-2.824809599120679238e+01 1.312941008562189316e+00
-2.870926636621149441e+01 9.848030746714544481e-01
-2.914381990899263997e+01 6.339583191243275406e-01
-2.953755572130473084e+01 2.464733470483689570e-01
-2.987240186903278527e+01 -1.906458777102003621e-01
-3.012715043321729524e+01 -6.880328095480331418e-01
-3.030000754371078386e+01 -1.241407194708861184e+00
-3.040955081506251290e+01 -1.836852251365189925e+00
-3.052175002543958726e+01 -2.447451723957951852e+00
-3.073031647997067850e+01 -3.035636571777355464e+00
-3.107581331350168696e+01 -3.569220947175222314e+00
-3.140328681466073490e+01 -4.100160877368615786e+00
-3.158078678167638031e+01 -4.655600300893374843e+00
-3.155219575321588366e+01 -5.214418119266753138e+00
-3.131498835566312522e+01 -5.742577255293626948e+00
-3.090971600397786290e+01 -6.221938419439489110e+00
-3.041740074123612914e+01 -6.677162281467580840e+00
-2.994029938827869941e+01 -7.171567398052963505e+00
-2.951649777511627448e+01 -7.722287421681878428e+00
-2.912948752814788023e+01 -8.308083045501145847e+00
-2.874112900229200562e+01 -8.896454953699176826e+00
-2.832426297981217900e+01 -9.463644358033070247e+00
-2.787277754098458971e+01 -1.000405972644153607e+01
-2.738540235339840123e+01 -1.051819744523730726e+01
-2.686144384017617170e+01 -1.100890914962583089e+01
-2.629865019816080718e+01 -1.147757535682247543e+01
-2.569615472099112452e+01 -1.192386438789887215e+01
-2.505152267742491645e+01 -1.234776145587166774e+01
-2.435683644835904715e+01 -1.274583080778735500e+01
-2.360180533911410095e+01 -1.311339536685583695e+01
-2.277518150471922453e+01 -1.345197014707386352e+01
-2.186715934288043073e+01 -1.377108305181584313e+01
-2.086676122038851489e+01 -1.407671024003669835e+01
-1.976005447809378879e+01 -1.437170844958446558e+01
-1.852919355531424728e+01 -1.465802708426680034e+01
-1.715110709081795193e+01 -1.493076966021842722e+01
-1.560571714393264564e+01 -1.519110964083302839e+01
-1.389274300339762469e+01 -1.545086554387350830e+01
-1.202664388173503696e+01 -1.571399015792859721e+01
-1.002835379337014210e+01 -1.597451569706498553e+01
-7.941940323335981766e+00 -1.622110949949400194e+01
-5.828829326761582941e+00 -1.647385271149013164e+01
-3.755451167817893232e+00 -1.669650533735042330e+01
-1.782182496642647163e+00 -1.686191132119388314e+01
5.711601548266016098e-02 -1.694783001094583241e+01
1.740985280979881145e+00 -1.695892887434586882e+01
3.270533006667072584e+00 -1.689624992418246663e+01
4.665918525439962217e+00 -1.675298661421533808e+01
5.945386767994905952e+00 -1.652644554830221679e+01
7.118059772358628301e+00 -1.621379616520231437e+01
8.198398642248154289e+00 -1.582909643681365353e+01
9.204138506552567378e+00 -1.539380009308110786e+01
1.015156489647418958e+01 -1.492675770892658171e+01
1.104805209714472802e+01 -1.442908357703829125e+01
1.188312737631563643e+01 -1.387378066870999227e+01
1.265809535865848900e+01 -1.325511461927735013e+01
1.337209664548135102e+01 -1.257314833896742812e+01
1.402259950768192454e+01 -1.183862592407722580e+01
1.459736642002900986e+01 -1.105976191449444102e+01
1.505183556226362640e+01 -1.023106171254414676e+01
1.534388646361872333e+01 -9.367592608420554967e+00
1.542283465245657048e+01 -8.491533052614105515e+00
1.527540256539785268e+01 -7.634269076076041216e+00
1.501628920716733973e+01 -6.810234221471403337e+00
1.472879280280645453e+01 -6.019534358891740489e+00
1.441917207055007921e+01 -5.279316188869575655e+00
1.406830502704923447e+01 -4.609630854561197921e+00
1.367311212366223394e+01 -4.017926849956817037e+00
1.324050803972012069e+01 -3.503307832727902582e+00
1.277655998170125606e+01 -3.060116620538690491e+00
1.228927382058487794e+01 -2.675801706809075586e+00
1.177934478693601861e+01 -2.338229063942812491e+00
1.123998951078873532e+01 -2.035654244386991163e+00
1.065605099307747317e+01 -1.760079340424012262e+00
1.000916987342255915e+01 -1.503623581864070413e+00
9.278161152375451692e+00 -1.261523768761838360e+00
8.440360454103316812e+00 -1.029747491709910978e+00
7.477174295932726089e+00 -8.067081559981892358e-01
6.380212598236458810e+00 -6.006626753807505770e-01
5.160083877400670538e+00 -4.206595954060253773e-01
3.851992662074388285e+00 -2.722646447206460985e-01
2.511230652398918295e+00 -1.522342805835563972e-01
1.206761107806315847e+00 -5.759657274981993397e-02
2.077503684257366989e-03 -2.128436099819648358e-04
