1.003200693166018809e+01 1.793449982940385112e+01
1.289388754460867936e+01 1.692332260599999927e+01
1.190527812144019570e+01 1.640778946569036734e+01
9.451170991239925101e+00 1.700390765483165367e+01
6.967936788061575015e+00 1.835241622469447265e+01
4.367811241571307512e+00 1.860790591566280128e+01
1.791255551981177252e+00 1.829129480250900386e+01
-7.017998816351415092e-01 1.787887455762416167e+01
-3.069950934667553533e+00 1.753584859600786672e+01
-5.290857388832237440e+00 1.724019729855654504e+01
-7.364210456887671619e+00 1.691688594887450492e+01
-9.291480937549973618e+00 1.649017875233209551e+01
-1.108753470033177990e+01 1.596192115242199172e+01
-1.277210835526468813e+01 1.536649518012814575e+01
-1.437144905324129951e+01 1.475323265364765923e+01
-1.589574369144130372e+01 1.413150000609584644e+01
-1.733780209541398065e+01 1.349581082526553111e+01
-1.863523529564055892e+01 1.274370879171229021e+01
-1.972900374877569263e+01 1.180118474669842143e+01
-2.060962447384198626e+01 1.067846834921537003e+01
-2.132472033755722052e+01 9.439673961222357690e+00
-2.191064467638415536e+01 8.132537569562915181e+00
-2.237648859780859922e+01 6.785667651496334329e+00
-2.266525447404300664e+01 5.404537137718492978e+00
-2.270261356996415714e+01 3.999377510852587303e+00
-2.252221438522322927e+01 2.600854722947727904e+00
-2.237119838654610859e+01 1.238993987615106596e+00
-2.254733783693567162e+01 -3.405957765095399270e-02
-2.316309777646063495e+01 -1.144389953290284145e+00
-2.401794376200763281e+01 -2.115734801674039378e+00
-2.464070821305371695e+01 -3.166358132108784140e+00
-2.485413833139453388e+01 -4.307358882253546462e+00
-2.466911708609038101e+01 -5.469644359497071839e+00
-2.418747386496170293e+01 -6.598509845470943880e+00
-2.359821552812573486e+01 -7.702117448288948509e+00
-2.306151051931900042e+01 -8.817311534295935616e+00
-2.259650561179488548e+01 -9.934647172879515153e+00
-2.215371004774370434e+01 -1.102896167224992396e+01
-2.170100337064015505e+01 -1.208964441662990374e+01
-2.122117326257814796e+01 -1.311368499542720834e+01
-2.070492062924054011e+01 -1.410052618636327182e+01
-2.017997532490987567e+01 -1.506878953885403938e+01
-1.963600127465222300e+01 -1.601877610684005049e+01
-1.905360630806298161e+01 -1.694089651292636489e+01
-1.841702291597677643e+01 -1.781950870351560567e+01
-1.769814099673549990e+01 -1.862498472388685045e+01
-1.687539704612795433e+01 -1.932683606070415649e+01
-1.595279253582766721e+01 -1.991677867464496998e+01
-1.495241926738362359e+01 -2.041391063049205812e+01
-1.389471754498180545e+01 -2.084292970274913515e+01
-1.279699400074617444e+01 -2.122574293983524996e+01
-1.166810175285434426e+01 -2.156030467554515440e+01
-1.051402686166397160e+01 -2.184419922639070677e+01
-9.337481030670135240e+00 -2.207202773714683630e+01
-8.142203430837749778e+00 -2.225120025785438216e+01
-6.932366334168932553e+00 -2.239540869330634010e+01
-5.707402054999930030e+00 -2.250757191931620227e+01
-4.466272227143602613e+00 -2.258597834644986335e+01
-3.209732454007281799e+00 -2.263671962803229221e+01
-1.936066174291678932e+00 -2.265203505532017658e+01
-6.458881312716147072e-01 -2.262970124423528162e+01
6.614036101571569848e-01 -2.256914521243673377e+01
1.989132314384047140e+00 -2.246640940605657022e+01
3.340162310854676964e+00 -2.230993632137203875e+01
4.716739305397651627e+00 -2.209634343696805914e+01
6.119387042109662111e+00 -2.182611514217816051e+01
7.545175057974674360e+00 -2.148937154546474559e+01
8.981038857050066326e+00 -2.105845126269959522e+01
1.040439831282638927e+01 -2.050070187463491678e+01
1.179442814406649731e+01 -1.980774600701170129e+01
1.312884273613098429e+01 -1.897482177435426465e+01
1.440974755986452926e+01 -1.804513632922976640e+01
1.564460510380146552e+01 -1.707650139690866808e+01
1.677620360905709163e+01 -1.605833612660657295e+01
1.764871011011192437e+01 -1.489777463997089235e+01
1.815742792342403433e+01 -1.357741693022982865e+01
1.832528144645337065e+01 -1.215484658554398578e+01
1.849154657481183506e+01 -1.074680255526975436e+01
1.909080342583983025e+01 -9.470598200928494137e+00
1.996401219349484890e+01 -8.283027203786122783e+00
2.064172671291519379e+01 -6.977008411635697627e+00
2.096296120705677168e+01 -5.547090844067267490e+00
2.091337403293324115e+01 -4.061356744572185207e+00
2.054516813064985570e+01 -2.601341898033676436e+00
1.989140589087547539e+01 -1.264206481791173120e+00
1.891880351442461361e+01 -2.184296193987493861e-01
1.758403489394722996e+01 2.791974058948286652e-01
1.601421859263275493e+01 1.500706234428690333e-01
1.438695314908864198e+01 -1.510263925211506597e-01
1.285662343895519300e+01 3.780022625726259244e-01
1.127109448236984157e+01 9.989321649640735545e-01
9.582635125500178930e+00 1.273790706239359860e+00
7.897044161238490290e+00 1.287719844917351475e+00
6.302739445310011845e+00 1.159429655898236877e+00
4.855906172555896738e+00 9.831169441901087547e-01
3.585250445238583605e+00 7.894021043880844468e-01
2.489993268793300185e+00 5.880929619231647365e-01
1.550042437261246020e+00 3.826040706026015426e-01
7.355613686149669039e-01 1.733038102517378276e-01
9.577786747800172870e-06 1.122994105534554934e-04
