-4.647217090311305299e+01 -2.351581254411340893e+01
-6.962905646339318366e+01 -2.363499532636694767e+01
-7.886085128785028076e+01 -2.375998930360207595e+01
-7.984169471546654506e+01 -2.389815668555600681e+01
-7.604341728161308822e+01 -2.406037567937449495e+01
-6.966222826498832887e+01 -2.426394389673985685e+01
-6.220492079305693522e+01 -2.453719510903914625e+01
-5.489106218349674293e+01 -2.492706156952663576e+01
-4.897852116518225785e+01 -2.551160029820796993e+01
-4.609900926142151434e+01 -2.642083048236110443e+01
-4.335704862253151504e+01 -2.459135899105805123e+01
-4.202607232119885339e+01 -2.617224301921389440e+01
-4.146743592779692733e+01 -2.872301546889438839e+01
-4.144847209623022621e+01 -3.094417613054516991e+01
-4.283609600511374538e+01 -3.209868945917498451e+01
-4.480621377797582028e+01 -3.249771176850541110e+01
-4.558574334889421209e+01 -3.354603120148728124e+01
-4.525284416683199140e+01 -3.500195789432176952e+01
-4.431165740693486299e+01 -3.638430120180698424e+01
-4.308638278148924172e+01 -3.737344504961179581e+01
-4.181179927866229917e+01 -3.768240250711835415e+01
-4.078387807055727876e+01 -3.710679444968393170e+01
-4.018964407316683207e+01 -3.581843828832651866e+01
-3.931329453900725923e+01 -3.484535278218390175e+01
-3.830494308123093816e+01 -3.441243946458827452e+01
-3.734631771742973427e+01 -3.473006997410212904e+01
-3.683682834625391678e+01 -3.562415307850834978e+01
-3.639894644773804799e+01 -3.650794240691537595e+01
-3.577282577542495545e+01 -3.676497197775518089e+01
-3.513509927485394968e+01 -3.640928219495668117e+01
-3.461954284666774839e+01 -3.569658343494110397e+01
-3.423048526617179022e+01 -3.487959734232496345e+01
-3.380239367623200053e+01 -3.418580895532233654e+01
-3.320638997281900373e+01 -3.376833530629455282e+01
-3.250414269502786624e+01 -3.354477110669657947e+01
-3.186630250074092530e+01 -3.323178952300605715e+01
-3.137899608621367165e+01 -3.276535954039417220e+01
-3.111155322305588555e+01 -3.214927399504784944e+01
-3.108605361446826620e+01 -3.143322912505515632e+01
-3.109539857184291378e+01 -3.071343093535733004e+01
-3.071610111792279696e+01 -3.013985431985612706e+01
-3.005627306465432369e+01 -2.969311310985960617e+01
-2.941557626700384631e+01 -2.913630218376103898e+01
-2.892143376282988143e+01 -2.840089011781561723e+01
-2.851624066778165911e+01 -2.756640369108009025e+01
-2.806224363810880007e+01 -2.673445118930545306e+01
-2.750573662219363769e+01 -2.595481873972319420e+01
-2.687702970073618047e+01 -2.521994063762524618e+01
-2.622142988511297901e+01 -2.450346306828247833e+01
-2.561396866293042152e+01 -2.375982230869106715e+01
-2.511261758645177267e+01 -2.296169936088471886e+01
-2.467532811058345033e+01 -2.216736593741356742e+01
-2.408594591755861458e+01 -2.161603580790575307e+01
-2.334209720321061354e+01 -2.146886248857252255e+01
-2.256048534173595499e+01 -2.174086251197259045e+01
-2.183382175130143921e+01 -2.196811777128093368e+01
-2.130994535072489526e+01 -2.173529776222455467e+01
-2.121048553596434516e+01 -2.102277993490782038e+01
-2.107510777068816310e+01 -2.020958395146600850e+01
-2.054044516499744688e+01 -1.958921346439325006e+01
-1.978761496004520737e+01 -1.923255904357374391e+01
-1.898334221253503884e+01 -1.926650754246315955e+01
-1.832567164330061615e+01 -1.986090050619922565e+01
-1.775063428502924623e+01 -2.069452363313332199e+01
-1.706278277341614569e+01 -2.115176393477863215e+01
-1.632745255455791522e+01 -2.083109668017733895e+01
-1.586861066358124184e+01 -1.983050559599680795e+01
-1.521495592499279503e+01 -1.899651220397997520e+01
-1.423124767262398294e+01 -1.890260344602253539e+01
-1.333154508916020298e+01 -1.947816936573760671e+01
-1.265112133344690015e+01 -2.035895127461944654e+01
-1.182541084276513210e+01 -2.047001311827286330e+01
-1.114325307471265170e+01 -1.991234110867547713e+01
-1.064923973089930342e+01 -1.913496082450233260e+01
-9.969497291502815273e+00 -1.883080846670863551e+01
-9.246967985409593638e+00 -1.890532846887026963e+01
-8.601095589269826647e+00 -1.892113310339519572e+01
-8.118575352895447850e+00 -1.864766089556946582e+01
-7.796841070097813464e+00 -1.815044874814640607e+01
-7.473692102679468263e+00 -1.760926796385513526e+01
-7.041324032353613482e+00 -1.710534848028313348e+01
-6.511487355643714281e+00 -1.661174684319666639e+01
-5.945721082504918265e+00 -1.604875233754970054e+01
-5.367086016649933455e+00 -1.537465378229888380e+01
-4.793526226212166286e+00 -1.455949517368945934e+01
-4.227324004093273579e+00 -1.360603101122997849e+01
-3.666708733664944209e+00 -1.253185222004400856e+01
-3.118681685089808031e+00 -1.136595017956000753e+01
-2.591728947916910109e+00 -1.014624365832391284e+01
-2.089267312578460434e+00 -8.902860901127995774e+00
-1.642893920626876669e+00 -7.676632326680277174e+00
-1.239265277084182326e+00 -6.493890817485509004e+00
-8.794969068582135785e-01 -5.362771424877629478e+00
-5.682538548604388895e-01 -4.284351818394150690e+00
-3.180890179177298105e-01 -3.269759393808289172e+00
-1.272826477515074384e-01 -2.329221798113368713e+00
3.811795912356234078e-02 -1.477993931387468152e+00
1.960474449244129225e-01 -7.422846182292367478e-01
2.727014716101042180e-01 -1.894604223967072398e-01
7.327308073061509792e-04 1.518953620272654173e-03
