-1.223885661780876433e+01 3.079381138085690583e+00
-1.895355901276727550e+01 3.020820857046186525e+00
-2.216040165720530908e+01 2.967245296850046454e+00
-2.315187803538008282e+01 2.924668659298268913e+00
-2.276291762974068789e+01 2.901376721954105786e+00
-2.154333290607252493e+01 2.909638070561363588e+00
-1.987137874844707497e+01 2.968237881103574782e+00
-1.803187882489616101e+01 3.106357539778768384e+00
-1.627505518831102904e+01 3.369601336678122117e+00
-1.486812461727183354e+01 3.829401817230671412e+00
-1.415217493235580015e+01 4.657459953370309158e+00
-1.432082146161154057e+01 5.654516205912974769e+00
-1.494715355589676165e+01 6.748692011734147123e+00
-1.564873416263485773e+01 7.942875187725149111e+00
-1.621261758075140236e+01 9.243049918860664960e+00
-1.660245268872350977e+01 1.060534843185902609e+01
-1.684834477481859594e+01 1.198660442771325663e+01
-1.698741694155349080e+01 1.336099923458508520e+01
-1.704531820889403093e+01 1.471170080798173707e+01
-1.703234128546482040e+01 1.602973153529084627e+01
-1.694725055755832699e+01 1.731620440883461498e+01
-1.678551639092714254e+01 1.857281814915342366e+01
-1.657362708540682661e+01 1.980399254626185623e+01
-1.631186491774829150e+01 2.101644886013732361e+01
-1.600666693117020145e+01 2.221461599076515725e+01
-1.565310788181964519e+01 2.339120995804136527e+01
-1.522343905647038120e+01 2.452944715383529939e+01
-1.469184915099836530e+01 2.560906662354603824e+01
-1.409466594191503397e+01 2.663964171675315029e+01
-1.346533604713230226e+01 2.763455162686213740e+01
-1.283797539631045304e+01 2.860387332569006702e+01
-1.224317653935886874e+01 2.955859243477932097e+01
-1.170815288650156205e+01 3.051564991010766903e+01
-1.123888852776629577e+01 3.148184379275946299e+01
-1.082855751509792697e+01 3.246045218351267181e+01
-1.044253924650674392e+01 3.344273496951471003e+01
-9.998975354401842708e+00 3.439921043516115162e+01
-9.437444297680849914e+00 3.529787330012023006e+01
-8.843341517907980176e+00 3.616719532792971847e+01
-8.447292086263106015e+00 3.711137345758040595e+01
-8.464528266981325544e+00 3.819564846607596564e+01
-8.764051120348234747e+00 3.940980345643769311e+01
-8.882679639660423732e+00 4.080062825796493797e+01
-8.745447994235698630e+00 4.233884211550255117e+01
-8.409466915351853089e+00 4.396731304401783547e+01
-7.908118387642280034e+00 4.558040412436396593e+01
-7.268390792010444024e+00 4.697115319768315800e+01
-6.316461094600194670e+00 4.763997529713576284e+01
-5.178080010726426430e+00 4.684369608840301424e+01
-4.165968139547972626e+00 4.540929271009973434e+01
-3.648251286102915270e+00 4.359523849260169470e+01
-3.768942864394713155e+00 4.181148629485337409e+01
-3.093495275546624512e+00 4.068467621795721811e+01
-2.094242298537094094e+00 3.974905060852751859e+01
-1.233567686794229123e+00 3.864493200085617985e+01
-5.605169756062738928e-01 3.738540992565778254e+01
2.934182256395541366e-02 3.606105862254287331e+01
6.285282570340567920e-01 3.474131558410550724e+01
1.252532682687426124e+00 3.345075856419542504e+01
1.879208554991618207e+00 3.218586323950139416e+01
2.506281603870263108e+00 3.095447433254513214e+01
3.132690611339282505e+00 2.976712180008680875e+01
3.733962524394402571e+00 2.861510414959125015e+01
4.322831462580147388e+00 2.750244039105309568e+01
4.888751708732072210e+00 2.642142249800244613e+01
5.422115307351390356e+00 2.536687644542122300e+01
5.918204262990840014e+00 2.433290788281544792e+01
6.378994217246945375e+00 2.331421274966398016e+01
6.799480604797484951e+00 2.230339140509419238e+01
7.177141627636718368e+00 2.129492436997818672e+01
7.498665420842435481e+00 2.027828072570744666e+01
7.751525425536278213e+00 1.924538793287266714e+01
7.927566194116710818e+00 1.819243453307072755e+01
8.025769337703065887e+00 1.711686542213607254e+01
8.049517468806488552e+00 1.602150545010120908e+01
7.999732056632343102e+00 1.491242936611458880e+01
7.875908826155284537e+00 1.379160418490509699e+01
7.685206566771970671e+00 1.266274609517830108e+01
7.433553960631158475e+00 1.153534647992735174e+01
7.125192938518274843e+00 1.042140158089502933e+01
6.758920166830222342e+00 9.336510535074463490e+00
6.342089481024911990e+00 8.294490552364493396e+00
5.886442748353559296e+00 7.305199425690571680e+00
5.399748194383346522e+00 6.378733129418351133e+00
4.890756916214794359e+00 5.524932266374225520e+00
4.373994468782174572e+00 4.751865848165663486e+00
3.866933365635779385e+00 4.059092541348327643e+00
3.382826695852170218e+00 3.441702758459557643e+00
2.930569825087577129e+00 2.894255762796975162e+00
2.510412551259124214e+00 2.414323170170483923e+00
2.123815534668729299e+00 1.996549731831223973e+00
1.770734100631886410e+00 1.633908908204982913e+00
1.450726251348741558e+00 1.319521694461930572e+00
1.161761875798608790e+00 1.045329862271491717e+00
9.021098409245906780e-01 8.047574161214756661e-01
6.722377727222160759e-01 5.901758251131953292e-01
4.720368468996506417e-01 3.968189938348132828e-01
2.987353125257740105e-01 2.249806099298823081e-01
1.446332772103669229e-01 8.565977248134970523e-02
-6.276685471053394479e-05 -1.696944580662608851e-04
