3.037708362090846137e+01 4.595235716776385715e+01
4.244945419220237426e+01 4.712558549044288014e+01
4.433248336120798427e+01 4.816967524720624994e+01
4.087550012883279749e+01 4.891408744608247616e+01
3.521576571232453290e+01 4.909220968086918901e+01
2.978432192168272863e+01 4.825588295660170957e+01
2.708521567751894921e+01 4.563169325127428522e+01
2.689679941258131990e+01 4.231006357470656098e+01
2.536729326945519247e+01 4.006501014878544709e+01
2.297282707165753735e+01 3.938829612309979922e+01
2.062554933351444930e+01 4.000685422865031171e+01
1.926892081754072095e+01 3.890285455694181138e+01
1.942474200150829233e+01 3.664927813255594913e+01
1.890095213798742790e+01 3.479270426253313531e+01
1.738461097173698633e+01 3.452444607385166364e+01
1.591365662897879929e+01 3.503622516576004386e+01
1.504960645786164797e+01 3.480085023511478681e+01
1.492304316801579844e+01 3.394179080422238570e+01
1.528394592787820194e+01 3.290157116525491432e+01
1.581449842777085557e+01 3.199622339267306614e+01
1.635417305376000385e+01 3.132266709580765607e+01
1.632711796651839720e+01 3.070440834265933461e+01
1.610583623598257930e+01 3.013976497755507111e+01
1.599484535127694684e+01 2.962505049794325984e+01
1.610608772772494390e+01 2.918264103367710049e+01
1.636657638102735390e+01 2.881521767926746591e+01
1.669476132589366912e+01 2.850024890949723755e+01
1.703515018412446835e+01 2.821257367326404264e+01
1.733051685246832108e+01 2.790770204709236069e+01
1.754414415530572668e+01 2.756063275646056709e+01
1.774541960416288688e+01 2.721895564777497611e+01
1.799680747006673442e+01 2.693334660317077578e+01
1.831131770610083365e+01 2.673211580934882292e+01
1.867140308755903888e+01 2.662182876691626277e+01
1.905596558386434936e+01 2.660857389132772965e+01
1.944442838966561027e+01 2.670740612089673860e+01
1.981602449992409021e+01 2.693918278199378236e+01
2.015858576507944377e+01 2.731699274561424673e+01
2.054046317091785312e+01 2.776581139867627357e+01
2.103964792676869067e+01 2.822105037532925920e+01
2.153796087578984952e+01 2.877099879485520617e+01
2.194218001724181377e+01 2.942330457623001649e+01
2.243219938231832700e+01 2.979335431575130144e+01
2.313550136222958287e+01 2.948401078055660562e+01
2.392194826142404906e+01 2.901024036389381777e+01
2.479329675867484539e+01 2.904224105405030443e+01
2.557277180221835522e+01 2.898238562718606914e+01
2.608749561704753361e+01 2.850676079687265485e+01
2.642150904039707626e+01 2.782981763434508338e+01
2.684374804951804094e+01 2.722071713048012143e+01
2.721352320072184838e+01 2.664034933194177768e+01
2.748799977625755986e+01 2.607376977282708452e+01
2.763692670301098531e+01 2.552044935604861919e+01
2.760432066862663092e+01 2.499310295036515228e+01
2.739660448922926861e+01 2.453087664964520087e+01
2.703813841027280063e+01 2.417949140400678587e+01
2.655831053286235743e+01 2.399036832763747640e+01
2.602155069825736433e+01 2.395218875002405312e+01
2.552169352732680707e+01 2.391385333388472034e+01
2.516410604484040192e+01 2.379716074045013130e+01
2.509912363029365068e+01 2.352154419430085852e+01
2.522846670171667682e+01 2.317406612313121883e+01
2.546525662173886673e+01 2.280116160976708528e+01
2.571061078104574449e+01 2.241058585688262994e+01
2.585722110604162438e+01 2.199484370409831513e+01
2.582871167965726045e+01 2.156610186724847722e+01
2.565988153879550993e+01 2.115961505412440857e+01
2.537976565346077606e+01 2.081049926775897418e+01
2.500364829265214439e+01 2.056179347116132661e+01
2.454555108112551665e+01 2.045943513180433371e+01
2.403974607994381785e+01 2.048542766154669081e+01
2.352514320967361527e+01 2.046385225030199351e+01
2.304050094074260713e+01 2.025960042175271525e+01
2.259720651367705813e+01 1.988439306701789988e+01
2.216425685453194561e+01 1.940007988572026321e+01
2.164994985168464225e+01 1.890858483435383164e+01
2.102608633551028561e+01 1.844083547635269582e+01
2.031684211386766137e+01 1.796517007437510571e+01
1.955131865554080051e+01 1.742772725010582135e+01
1.873199117201704667e+01 1.680856648790091157e+01
1.785831910289947899e+01 1.610500942314582318e+01
1.692237251798581354e+01 1.533669586477524760e+01
1.590314650323117718e+01 1.453409942909789621e+01
1.482336118053117602e+01 1.367844958452233506e+01
1.371511861802547472e+01 1.275280407550657458e+01
1.260461450114802950e+01 1.176219713639131292e+01
1.149057672849268918e+01 1.072948979101372124e+01
1.037374127862151241e+01 9.691369551410462080e+00
9.260273015273375208e+00 8.681753631665181103e+00
8.162616125290686142e+00 7.715014016563739752e+00
7.098149816176741567e+00 6.794557340383491351e+00
6.079796354785383272e+00 5.915449206112122660e+00
5.105626366464846910e+00 5.075444577369188970e+00
4.173320326674895497e+00 4.272799009743980747e+00
3.281114171739146990e+00 3.500010707832151180e+00
2.440416033216850966e+00 2.745165968345239182e+00
1.666199650394335263e+00 2.004486448080390115e+00
9.716835322651424800e-01 1.278758658152490568e+00
4.025799630142734564e-01 5.808442041216209661e-01
-3.013454510354044661e-03 4.388890470690329053e-03
