-4.693549715146557588e+01 1.439640115142733823e+00
-6.388609766372007925e+01 1.761108482038764356e+00
-6.481446413786370897e+01 2.152678485602929292e+00
-5.822757086799693838e+01 2.708325339542251520e+00
-5.007299160911310310e+01 3.577901713045627652e+00
-4.576414165269748935e+01 5.018163687431435704e+00
-4.460921216894988106e+01 7.368493987334525208e+00
-4.417127196634096009e+01 9.461344479667632257e+00
-4.375555343140140252e+01 1.116190134864938699e+01
-4.332338735088838177e+01 1.255339837270447312e+01
-4.251391192188123824e+01 1.348101972507472013e+01
-4.135975951919727578e+01 1.384989747465286136e+01
-4.070576203720164443e+01 1.460175624070571487e+01
-4.108031344542115448e+01 1.573255621650804237e+01
-4.123139561117589125e+01 1.692973872358872711e+01
-4.043087320188038092e+01 1.783799625923716548e+01
-3.924971473194385396e+01 1.808573518375134270e+01
-3.828119661876820601e+01 1.734365559748308527e+01
-3.763193169799616555e+01 1.633049965533720638e+01
-3.698820598605485799e+01 1.683188166367126826e+01
-3.629845383984143581e+01 1.764987943060809528e+01
-3.542936399330700681e+01 1.762958324805745036e+01
-3.469926554982391309e+01 1.711861461120328087e+01
-3.428174766232694992e+01 1.636281293606781873e+01
-3.419077316217958895e+01 1.555332245968450167e+01
-3.382220513857151190e+01 1.495490235319350525e+01
-3.330926634475851245e+01 1.444896972304047367e+01
-3.288918064674996344e+01 1.381001917038834215e+01
-3.255092053816053976e+01 1.303966652376746715e+01
-3.223951188225568387e+01 1.215502761754951422e+01
-3.192744428616540020e+01 1.115565501057600706e+01
-3.161391047566082335e+01 1.004220540719280486e+01
-3.130623735500909888e+01 8.829722461798160893e+00
-3.099431917189155428e+01 7.540240246154818138e+00
-3.070623270486484202e+01 6.186663697458021360e+00
-3.044666226596167036e+01 4.794092514123212467e+00
-3.020638756547435122e+01 3.408070503322491174e+00
-2.996731996476102466e+01 2.047944378452231096e+00
-2.972908800775996241e+01 7.372918242883494955e-01
-2.948541740293968161e+01 -4.941940076896444989e-01
-2.928722483777755770e+01 -1.633336700656305540e+00
-2.902540139147799536e+01 -2.636843557280161399e+00
-2.859019473986087689e+01 -3.458604406758411187e+00
-2.807440593463476475e+01 -4.129078996077068631e+00
-2.753957828470541003e+01 -4.677305515068330699e+00
-2.700859973630069533e+01 -5.126349388990850464e+00
-2.648581313382392821e+01 -5.495463799695566642e+00
-2.597550528627902722e+01 -5.796970300388846198e+00
-2.547022244490282006e+01 -6.029101423202825494e+00
-2.496800876253022494e+01 -6.201611845476610263e+00
-2.446880932229174022e+01 -6.323639422749778305e+00
-2.396962963747499842e+01 -6.389411135745747039e+00
-2.347072263354622024e+01 -6.403020962161606100e+00
-2.297403069089450867e+01 -6.382050273620280656e+00
-2.248076312703039292e+01 -6.323506179333486799e+00
-2.198927929143786386e+01 -6.239328649849501751e+00
-2.150232833363280349e+01 -6.123231488575318515e+00
-2.102461238736998794e+01 -5.965848870271310389e+00
-2.055267192722703840e+01 -5.770790295611667453e+00
-2.007964409091097835e+01 -5.538456302070545512e+00
-1.959949563110971837e+01 -5.262430715786685198e+00
-1.910868467644824875e+01 -4.935192639142227833e+00
-1.862156675999236910e+01 -4.529627703462520749e+00
-1.813094113403083796e+01 -4.041842515176634620e+00
-1.764810619850454287e+01 -3.446932557795610030e+00
-1.714497155427888941e+01 -2.749294353028312710e+00
-1.661644732508054290e+01 -1.934859510371980784e+00
-1.603748973192523053e+01 -1.018342353645121490e+00
-1.540640763217153442e+01 -1.225214282967974563e-02
-1.474922500820932925e+01 1.066143232402160246e+00
-1.407399024944522203e+01 2.186653031143750425e+00
-1.341073632410073380e+01 3.297955379194846159e+00
-1.277385175463580502e+01 4.354830342405058730e+00
-1.217330945609748127e+01 5.334769200583699522e+00
-1.160519343554196503e+01 6.225521481570192250e+00
-1.104638623248319007e+01 7.028276811915173283e+00
-1.049739358185435023e+01 7.779932743864225841e+00
-1.001343834964453627e+01 8.553590620875432649e+00
-9.566994443757950606e+00 9.332754287506434210e+00
-8.960419612294019842e+00 9.838635649624361434e+00
-8.187165127126965203e+00 9.759053782344194516e+00
-7.396634187061647658e+00 9.352133306349937669e+00
-6.771605667146267216e+00 9.504424183119335012e+00
-6.700726190841399088e+00 1.059665654894861042e+01
-6.560678446418150678e+00 1.170996712997343892e+01
-5.656589521319145497e+00 1.220463648694163439e+01
-4.490065901971695972e+00 1.201259124939134537e+01
-3.400476402806186904e+00 1.147365748236035010e+01
-2.426722145252656393e+00 1.082926426869313907e+01
-1.628681438227491451e+00 1.004263579122620342e+01
-1.126455210570278531e+00 9.050099098960210142e+00
-1.048483721678386216e+00 7.914997307940101479e+00
-1.431434595741704507e+00 6.851897080051956301e+00
-8.452611462299178813e-01 5.938134248021935235e+00
-5.674103120287732338e-01 4.771309563568452816e+00
-4.173748199737883358e-01 3.553779677378315682e+00
-2.689335056156831327e-01 2.411552568281778441e+00
-1.603809033717223387e-01 1.409773282112350756e+00
-8.898049330976762206e-02 5.771855539242861655e-01
-8.511893476844693262e-08 9.709420114490721406e-06
