3.577853313490347631e+01 4.483468258639420156e+01
4.538898581707412916e+01 4.566321688651670030e+01
4.203760334039959190e+01 4.624437453673864695e+01
3.428507476481586025e+01 4.624211523434276927e+01
2.911433609078973461e+01 4.511123444412189798e+01
2.460818116437283365e+01 4.487015635298882188e+01
2.064371865836021769e+01 4.489993594178535830e+01
1.714095588127551650e+01 4.482565376403875490e+01
1.405811568349586160e+01 4.460806426607904029e+01
1.135182200104013006e+01 4.424060113689115781e+01
8.963708248783902377e+00 4.378815527941793562e+01
6.838731346251416099e+00 4.329274778505737942e+01
4.954748825835181059e+00 4.271978466993903112e+01
3.277097316634825397e+00 4.206131205772928183e+01
1.761014792795868589e+00 4.132992168789721177e+01
4.050683231483906410e-01 4.049222675112768144e+01
-8.021940944678258578e-01 3.956805000176342446e+01
-1.856385915496058470e+00 3.856719345262116860e+01
-2.743362276520387777e+00 3.748448798789097935e+01
-3.497377834739362257e+00 3.634580255973806118e+01
-4.138083965798196040e+00 3.516734255217469496e+01
-4.706233289023435518e+00 3.398861017263561024e+01
-5.225413609850680707e+00 3.285072195906606396e+01
-5.531722796332701364e+00 3.173377981481035093e+01
-5.401093288905420842e+00 3.065467071704136615e+01
-4.890403895207592555e+00 2.967144141362665621e+01
-4.265466923844138947e+00 2.873226439403777732e+01
-3.650526672559746277e+00 2.781061148635529179e+01
-3.028268544749083357e+00 2.694755196244948081e+01
-2.368027791105560720e+00 2.617189661701242187e+01
-1.662249625791045071e+00 2.549160339205651482e+01
-9.126445085226663201e-01 2.489868664339916293e+01
-1.163895302196385761e-01 2.438725805109575973e+01
7.226633826231220192e-01 2.393976802132619142e+01
1.616569635548154027e+00 2.354624439034770234e+01
2.578103921323992687e+00 2.318751416447618041e+01
3.627338029242933803e+00 2.286844387823759206e+01
4.787417040613031638e+00 2.259022670152083734e+01
6.093764464985389040e+00 2.234013191594008774e+01
7.585728247758458664e+00 2.212158305557285942e+01
9.297572631930689724e+00 2.193727192503218504e+01
1.125182643431582896e+01 2.177760671233160750e+01
1.344927984155628664e+01 2.164116827239935859e+01
1.585295358744279426e+01 2.152786578902717807e+01
1.836174101475774023e+01 2.144434158886227593e+01
2.087802538356672599e+01 2.136769937409918896e+01
2.328176562846404352e+01 2.123811453168487162e+01
2.548275611631418514e+01 2.104558804495229296e+01
2.743388417493812526e+01 2.079566299065594492e+01
2.913568896127772589e+01 2.048553486160666992e+01
3.064973511439372800e+01 2.016933566699746905e+01
3.204580321273144961e+01 1.990717698181876472e+01
3.335851153258642654e+01 1.969271244069177840e+01
3.455355337341994471e+01 1.937979537782690187e+01
3.544661524242384587e+01 1.863920747906648145e+01
3.587807491384413083e+01 1.738450321844689128e+01
3.653266512672327337e+01 1.620429820280615374e+01
3.749450126076069978e+01 1.553886765065318087e+01
3.866172200445180351e+01 1.598404057460171046e+01
3.982986927845598757e+01 1.656010500405772490e+01
4.087434482124900370e+01 1.618675303324290837e+01
4.153001058122088551e+01 1.521215292234301408e+01
4.162329563509621977e+01 1.404069765165474415e+01
4.096859392657741950e+01 1.306448764580566113e+01
3.971828520128530471e+01 1.251519848519417799e+01
3.869292416288575964e+01 1.189484093204601400e+01
3.848615307946877095e+01 1.076845283626972893e+01
3.856716476123958870e+01 9.555548649953836460e+00
3.877566347601594998e+01 8.465928549218288524e+00
3.847162572517110846e+01 7.581710727118976756e+00
3.774365558290062239e+01 6.966790964145208598e+00
3.688488212036318714e+01 6.477058120438607070e+00
3.605416783134308645e+01 5.977851893232023706e+00
3.526898672031582294e+01 5.474333756158769049e+00
3.449792323956395990e+01 5.006506539056278626e+00
3.371345459724589233e+01 4.589244936882058035e+00
3.290057470047256771e+01 4.218956653258299383e+00
3.204435157258581768e+01 3.895848167760939784e+00
3.113823781279018021e+01 3.600143359187212511e+00
3.017065424068177393e+01 3.334447762292027662e+00
2.912905155248962075e+01 3.094786781020307131e+00
2.799229189615483548e+01 2.886091356434483224e+00
2.673989239662954631e+01 2.700835549299970051e+00
2.535659710898180208e+01 2.516943513276058919e+00
2.381974916595391889e+01 2.323661502121673550e+00
2.209901987944587631e+01 2.118332078457667578e+00
2.016855299866050899e+01 1.918960089891613485e+00
1.801396401124819846e+01 1.731173535432872779e+00
1.565884294177329750e+01 1.585478606619104003e+00
1.317480117011616336e+01 1.451800035324698257e+00
1.067520355412100663e+01 1.281959865794971565e+00
8.305970745370855113e+00 1.078624716807844441e+00
6.152725863160091180e+00 8.975762017441244467e-01
4.284264998536928104e+00 7.432333613864431365e-01
2.766359523540100174e+00 6.163988699109109737e-01
1.612804292394631300e+00 5.070928289152792923e-01
7.904103250768012012e-01 4.026491294965164891e-01
2.540200886092445764e-01 2.834805410689762439e-01
-2.277283846083619223e-02 1.352093137135125522e-01
-8.771770903604828783e-08 2.057586044672996674e-06
