-4.639574889634721444e+01 -1.530086729449172678e+00
-7.097170063262271356e+01 -1.039527381230173075e+00
-8.227152607831641262e+01 -5.543127545634665143e-01
-8.551169405976635574e+01 -8.112706952469736499e-02
-8.388874867969383331e+01 3.703307507119582564e-01
-7.938043215900309235e+01 7.849163282872473335e-01
-7.324134985064218029e+01 1.138244335318592038e+00
-6.631740166579965035e+01 1.390577024901421987e+00
-5.925778316754197306e+01 1.476865127328750527e+00
-5.267768837157402828e+01 1.290445152970625342e+00
-4.731249109978715239e+01 6.563073065468718603e-01
-4.420202670207488183e+01 -7.127655503953165272e-01
-4.270065337465856459e+01 -1.357263994956337649e+00
-4.256598346400306099e+01 3.639148111982112299e-01
-4.354094789504161866e+01 2.762828840686401222e+00
-4.484437278884551858e+01 4.987728908127111893e+00
-4.417140138761647705e+01 7.134568467653503276e+00
-4.253599492523842684e+01 8.660409057447735037e+00
-4.249545968327302603e+01 1.064419413636838385e+01
-4.283368743670947509e+01 1.266329755646833455e+01
-4.223870942371612358e+01 1.415571420433531813e+01
-4.039102341482267633e+01 1.434633809763616696e+01
-3.806057852373204042e+01 1.451859285122524490e+01
-3.598800136967508934e+01 1.615156126179968155e+01
-3.460552372729672044e+01 1.776257750683494763e+01
-3.543938373531717190e+01 1.826565187240679933e+01
-3.735413627970148553e+01 1.823467450983183014e+01
-3.949316106861088116e+01 1.807531666641940404e+01
-4.105604507727216657e+01 1.816107478368828154e+01
-4.118158864787985607e+01 1.893247194836853353e+01
-4.050752545126796633e+01 1.991767033735327530e+01
-3.951041500860514333e+01 2.087107068542483646e+01
-3.856092011178458989e+01 2.176142166383349519e+01
-3.766624467156911038e+01 2.256583490718720952e+01
-3.677223965092038327e+01 2.333414129822708460e+01
-3.581768427147324729e+01 2.411992909240867888e+01
-3.471012084316947721e+01 2.488060361268516729e+01
-3.336366405224399045e+01 2.543860509521879720e+01
-3.186005306667323467e+01 2.555436527748163655e+01
-3.050751764366736651e+01 2.492908666858014399e+01
-2.973015244527913126e+01 2.330531917484177029e+01
-2.915019282514048626e+01 2.140969732084726473e+01
-2.838377690391095243e+01 2.013600260542007092e+01
-2.724836389848722717e+01 2.032118331662716315e+01
-2.681565780297453827e+01 2.180928460409900183e+01
-2.655822558393187904e+01 2.376927535020572080e+01
-2.592767693971585174e+01 2.545249758468282408e+01
-2.445792132952653830e+01 2.622397684890785996e+01
-2.280216747191036575e+01 2.628515953016545126e+01
-2.151951651050186953e+01 2.556881853116628278e+01
-2.114244106089025976e+01 2.394644884734364609e+01
-2.106231218490483315e+01 2.215393679956817863e+01
-2.074240667034031915e+01 2.097035150058392716e+01
-1.958590831875051563e+01 2.132737167102065712e+01
-1.883861863158922745e+01 2.309480298519256891e+01
-1.816931946186730684e+01 2.507621847547478922e+01
-1.726633871290856703e+01 2.612881999483174411e+01
-1.633896086794138824e+01 2.511882524909130154e+01
-1.558688043311319582e+01 2.318470902657078625e+01
-1.476711329962271613e+01 2.144996475631315747e+01
-1.361971167149528839e+01 2.108805260258472103e+01
-1.326564677984448615e+01 2.244410157171771303e+01
-1.323595894162642850e+01 2.443879251271095399e+01
-1.292931928072485270e+01 2.619345450583073998e+01
-1.181622036202207582e+01 2.694404345257373379e+01
-1.029243378557386457e+01 2.678477454232839960e+01
-8.788191617338624084e+00 2.597499933065861200e+01
-7.542176385969108665e+00 2.471965368589008705e+01
-7.070699496822417274e+00 2.314354986348167387e+01
-7.974568607584215485e+00 2.166830919867072680e+01
-9.086477246307515188e+00 2.032458498889067400e+01
-9.198465997535496541e+00 1.916622905663819765e+01
-7.950933576709785733e+00 1.936726371065227426e+01
-6.334052328484089500e+00 1.980880122451174330e+01
-5.187774968664653485e+00 1.928162719031573857e+01
-4.646677514896445871e+00 1.804099882816801426e+01
-4.678490566679412765e+00 1.663000992987231541e+01
-5.239007021619485727e+00 1.542660345662878996e+01
-5.039014104155025819e+00 1.450440640728559671e+01
-4.203226989710117323e+00 1.390842441363951387e+01
-3.635197022859626870e+00 1.310131844431071002e+01
-3.405768163525267234e+00 1.214029333590097970e+01
-3.259723732544824948e+00 1.116335739648435244e+01
-3.057125719626169857e+00 1.022627742510087678e+01
-2.803130964298370387e+00 9.321969789173415677e+00
-2.525436536234581197e+00 8.420989408228932049e+00
-2.238874974828895414e+00 7.503310498189079247e+00
-1.963469581357675464e+00 6.564506710920349875e+00
-1.700783963084672168e+00 5.618834977732091396e+00
-1.422378373606018709e+00 4.704761450945014190e+00
-1.133143618538668740e+00 3.856370873243763597e+00
-8.514505923512244445e-01 3.094121006151274944e+00
-6.069703870297418202e-01 2.422138699235037329e+00
-4.249464612671442487e-01 1.832117923671436666e+00
-2.858758341823117721e-01 1.322436165123956453e+00
-1.340142363276839166e-01 9.053413610780944865e-01
6.620133525858604151e-02 5.940561418972130081e-01
1.886720414150942493e-01 3.326349370197078104e-01
1.454903183439218428e-01 1.215590213611954101e-01
-1.064110338949884055e-06 1.081535711877465347e-05
