-4.828934093508534175e+01 -1.889371593777179781e+00
-6.439840780638883189e+01 -1.929050186475610662e+00
-6.374586205379529247e+01 -1.953095517594032549e+00
-5.577324291625129149e+01 -1.940299451483736837e+00
-4.731169158113264928e+01 -1.856316084772860142e+00
-4.501791723740563356e+01 -1.641413065101174906e+00
-4.351195016803459481e+01 -1.276113700607245605e+00
-4.225849845306354524e+01 -1.208087598680837260e+00
-4.114989160389153966e+01 -1.506360544083306108e+00
-4.032987116484898849e+01 -1.345163036250826227e+00
-4.027020768895211944e+01 -5.396096940925992902e-01
-4.044410134551041125e+01 3.934904789351266752e-01
-4.002220770763261726e+01 1.010050926530210447e+00
-3.933009372183864372e+01 1.080220360272984736e+00
-3.859761746885872213e+01 5.711765838266622541e-01
-3.781428054298044827e+01 -8.875444732189305408e-02
-3.693918067525714832e+01 -3.295090422087059157e-01
-3.602675374128113361e+01 5.359441237966672961e-02
-3.520823332635434610e+01 8.135524136672757090e-01
-3.462151275643270765e+01 1.698159098031545078e+00
-3.452069922959631043e+01 2.428191790489862889e+00
-3.535386137224139702e+01 2.594779862639064127e+00
-3.651822966720250463e+01 2.558974771535901027e+00
-3.752914471178780786e+01 2.609653349696846369e+00
-3.789664250015974289e+01 3.181380541700656650e+00
-3.752802643644366043e+01 4.009911613767759953e+00
-3.676022726776965754e+01 4.862192031800375958e+00
-3.571122581464430112e+01 5.544704405402219649e+00
-3.429957599649907962e+01 5.504441340632808100e+00
-3.338040694168849143e+01 5.530635932840417546e+00
-3.398446939297421210e+01 6.436220479202619416e+00
-3.449928518434679603e+01 7.514586790919321579e+00
-3.377624014672069563e+01 8.197729965806830776e+00
-3.270201562194151990e+01 8.399124005823649597e+00
-3.269683577225031712e+01 9.146753574016143418e+00
-3.273149439861592924e+01 9.966769517696233649e+00
-3.231836292562561397e+01 1.057485323603578919e+01
-3.163963190993447228e+01 1.077655326756221754e+01
-3.090134839811244660e+01 1.047285998639637228e+01
-3.036902382901850928e+01 1.030759204119842209e+01
-3.038648361131291864e+01 1.084171105932120049e+01
-3.045367208374342738e+01 1.149971942575029260e+01
-3.010864136210533459e+01 1.176496239690797907e+01
-2.971729782928680663e+01 1.199107706375529681e+01
-2.945316460219419241e+01 1.236648521854388250e+01
-2.906709641874613936e+01 1.263461726032132937e+01
-2.858398489227184314e+01 1.267911808269051299e+01
-2.808556828275725437e+01 1.246791815499667422e+01
-2.757932597021786947e+01 1.234765260144831878e+01
-2.709472989478599203e+01 1.258533498821608099e+01
-2.663020798792307176e+01 1.292772670056907636e+01
-2.609363025221407284e+01 1.310831221938465241e+01
-2.550894542005978138e+01 1.313961701303363050e+01
-2.491173144346488399e+01 1.312573814918242654e+01
-2.431803023230318672e+01 1.303153601099208636e+01
-2.372622599241570640e+01 1.289184322963919804e+01
-2.312971996861379864e+01 1.278209206594275038e+01
-2.254808120424536710e+01 1.264772441984414186e+01
-2.198320993106829135e+01 1.248734219499221076e+01
-2.143868051343571679e+01 1.229345155297793113e+01
-2.091443176669401183e+01 1.208712987647564852e+01
-2.042884966461265961e+01 1.185016992095145838e+01
-1.997924834169807440e+01 1.158282127681270346e+01
-1.954918296664209620e+01 1.129080115838830167e+01
-1.913820727332250726e+01 1.096346187992744170e+01
-1.877546628823882102e+01 1.057175561700819522e+01
-1.845502852636274227e+01 1.012520727306697843e+01
-1.813722496174178644e+01 9.659842399518048239e+00
-1.782493592133985771e+01 9.182253981218980954e+00
-1.754657092476927716e+01 8.685661073250402708e+00
-1.730801991187042432e+01 8.174743221153571326e+00
-1.710035980192533955e+01 7.658950957405094684e+00
-1.692924647316386100e+01 7.135602863328138312e+00
-1.677599539125041517e+01 6.592089853184625703e+00
-1.661381129476470164e+01 6.015092394585550117e+00
-1.641672134732073829e+01 5.405738283070099293e+00
-1.617354736446063868e+01 4.758372198471552572e+00
-1.595980670733528228e+01 4.056543273416020945e+00
-1.594232387079661528e+01 3.321171338910843041e+00
-1.564850414731578176e+01 2.775452174898556557e+00
-1.495053129268828229e+01 2.706855107559265505e+00
-1.449290405790297953e+01 2.324980590773425337e+00
-1.448017860710191052e+01 1.764925104110366405e+00
-1.461555005246261096e+01 1.213988484318254679e+00
-1.441988227142919499e+01 8.846951507567455408e-01
-1.401815546575153704e+01 9.403832065679339491e-01
-1.356270955574231607e+01 1.209009085541174588e+00
-1.310125416749819571e+01 1.378962193182204476e+00
-1.267752661497478783e+01 1.337626636070998076e+00
-1.234660977708287533e+01 1.079052566945918556e+00
-1.211707021230154702e+01 6.910344631268676707e-01
-1.185106515330605781e+01 3.539025143895055403e-01
-1.138670732400899333e+01 2.838510354422207893e-01
-1.078249670855574749e+01 3.313830740149725784e-01
-1.001551137189004237e+01 2.673086379570535631e-01
-8.975871067094415068e+00 1.290160609965224636e-01
-7.485178131000724377e+00 4.955616808042215271e-02
-5.389726743731281466e+00 4.428390853292750451e-02
-2.773745591581306957e+00 9.667721708937329628e-02
-5.793200610427622771e-02 1.843923729886007279e-02
