-4.003458253928066313e+01 4.242174560665537086e+01
-3.187988855020843815e+01 4.293568403925949895e+01
-2.209508490707836614e+01 4.277432326736929014e+01
-1.470071764425612315e+01 4.466802505529703637e+01
-9.364745126274907960e+00 4.539005377382721207e+01
-5.905620812300607980e+00 4.534501401649725238e+01
-3.742579982911852454e+00 4.459468500440664229e+01
-2.369655620324173650e+00 4.360076535641437800e+01
-1.608539847394020450e+00 4.258806844693706495e+01
-1.662274723811707933e+00 4.173768556660413509e+01
-2.693794001004797600e+00 4.148903516214031129e+01
-3.774580752527882943e+00 4.125531412146634835e+01
-4.002742382346478500e+00 4.045778725799442554e+01
-3.510405599585214365e+00 3.946485311778898364e+01
-2.768579051222851639e+00 3.850797394652327910e+01
-2.166825764424185508e+00 3.747151577274801326e+01
-2.243296394375171587e+00 3.648411685029341811e+01
-2.830545060748630881e+00 3.591204843169631999e+01
-3.692560801833088213e+00 3.626699965580375107e+01
-4.702891249821750996e+00 3.706757134679966725e+01
-5.908359430752083696e+00 3.793648736519685372e+01
-7.565837572544895195e+00 3.876128682078908128e+01
-9.539615395485263605e+00 3.929357845867266974e+01
-1.153287940818635171e+01 3.933669055079136001e+01
-1.284935587806298862e+01 3.873637876621530296e+01
-1.201688549374750892e+01 3.766686986707466644e+01
-1.031900472177325057e+01 3.640604491946300669e+01
-8.571577100609227173e+00 3.512839665746424345e+01
-7.546624857166023048e+00 3.391104044835942943e+01
-7.152944151343986867e+00 3.282831389692231028e+01
-7.499882715218988416e+00 3.203199296249871963e+01
-8.369560812238557190e+00 3.167015220194014091e+01
-9.503113026255322282e+00 3.177935491148832625e+01
-1.070775882666443657e+01 3.197792268139191663e+01
-1.183112972918117123e+01 3.165264011820432444e+01
-1.280423194869081627e+01 3.083055137314109828e+01
-1.376407162999677958e+01 2.980548082426669154e+01
-1.486881036519661059e+01 2.877457398917379550e+01
-1.613918148039163469e+01 2.775106983351085077e+01
-1.758384488694226278e+01 2.674499188154316087e+01
-1.919249207586068096e+01 2.576325515981709913e+01
-2.091033248077146567e+01 2.477335400693187850e+01
-2.271031728418319062e+01 2.380775693777566460e+01
-2.449539457866033132e+01 2.278743116446819883e+01
-2.605828422499076069e+01 2.150845661032678535e+01
-2.723927880279818936e+01 1.987886583536946716e+01
-2.837768834594665535e+01 1.838382471178882227e+01
-3.021846853875231531e+01 1.810831939895316012e+01
-3.221467626737768342e+01 1.807886152342187103e+01
-3.358888604719987825e+01 1.700784530445600140e+01
-3.352528932051701105e+01 1.504713073961016789e+01
-3.292148557714001811e+01 1.291966800378168045e+01
-3.324643744713274174e+01 1.143489565011290132e+01
-3.457865730438945917e+01 1.183499345896284183e+01
-3.628351786274472346e+01 1.282191163180032945e+01
-3.792776909012508924e+01 1.341472158963872197e+01
-3.931070831997702442e+01 1.296218892014849366e+01
-4.019257673766274763e+01 1.177989757800437687e+01
-4.060965282816605537e+01 1.029515035429914604e+01
-4.096215306415805202e+01 8.815412375210243567e+00
-4.146925285036259368e+01 7.461909134919040731e+00
-4.202870547158438086e+01 6.230392438059839222e+00
-4.220128650096720690e+01 5.038500796828313533e+00
-4.176733588640792760e+01 3.994171660771433707e+00
-4.084615891644278918e+01 3.285764231553736092e+00
-3.966580509002208288e+01 3.105952963039347203e+00
-3.840310254792190392e+01 3.778860485213432430e+00
-3.722285227950595043e+01 4.581437302403709388e+00
-3.643641838391846477e+01 4.984486244321112203e+00
-3.656798567393440891e+01 4.242902897113950189e+00
-3.705097422239965255e+01 3.071091672220939373e+00
-3.751204283051693977e+01 1.909347889033718770e+00
-3.735624363121728919e+01 1.048070659723483233e+00
-3.666134128995481234e+01 5.342792195210376294e-01
-3.578765681728557979e+01 2.031237388183346204e-01
-3.489407018955355966e+01 -6.277665542409106847e-02
-3.402972119035867138e+01 -3.035359622824241876e-01
-3.319208076745540836e+01 -5.103854239314857821e-01
-3.237320207619852397e+01 -6.947803067069724392e-01
-3.155339574025930460e+01 -8.567859945658585774e-01
-3.071074819425127700e+01 -1.001929542166770659e+00
-2.982669032282431587e+01 -1.128560933800104138e+00
-2.889076703844235183e+01 -1.230927232720144149e+00
-2.790643334423879907e+01 -1.311069374534650445e+00
-2.687088819516867133e+01 -1.357743832513594207e+00
-2.577511086779161431e+01 -1.380571701362820702e+00
-2.461146124827704540e+01 -1.382797517066220117e+00
-2.338930741250075940e+01 -1.364446726758765216e+00
-2.211301400176960641e+01 -1.326988730891717649e+00
-2.077623713671166428e+01 -1.269400823282453183e+00
-1.937829373798864552e+01 -1.191599589596130437e+00
-1.791536685318025945e+01 -1.091410767201818510e+00
-1.636811673500040953e+01 -9.772692965665399356e-01
-1.470275816508626043e+01 -8.400863439060890503e-01
-1.286778793255026265e+01 -6.916842899960613522e-01
-1.080490377726664875e+01 -5.178774112167657817e-01
-8.455541014054936966e+00 -3.230539056990876512e-01
-5.805037063166576417e+00 -1.364134217176372066e-01
-2.894395640738403053e+00 -1.945310491351812457e-02
-4.809289443327564341e-03 1.144091458678078856e-04
