-4.573366675414007432e+01 -1.083743842724253614e+00
-9.146528270240457914e+01 -8.222568595528821911e-01
-1.061868314637588213e+02 -5.607734741410638213e-01
-1.090636188558638509e+02 -2.992972847497727407e-01
-1.074161463852448151e+02 -3.783189107900584297e-02
-1.040406025943334782e+02 2.236191034860562088e-01
-1.000050423423814578e+02 4.850520861393233241e-01
-9.571743259541214854e+01 7.464634197578204899e-01
-9.133361040858480351e+01 1.007849404014309558e+00
-8.691311104235474261e+01 1.269206173675496485e+00
-8.247869431265110052e+01 1.530529432447369498e+00
-7.803909551887194596e+01 1.791813756273836988e+00
-7.359775187497264426e+01 2.053050769441784329e+00
-6.915623087344158648e+01 2.314224369635741407e+00
-6.471578894547248240e+01 2.575298226992464024e+00
-6.027861907730231650e+01 2.836183056094682797e+00
-5.585003499961914031e+01 3.096650932492364117e+00
-5.144377614186347358e+01 3.356110969108219155e+00
-4.709573831292749446e+01 3.613022025781599034e+00
-4.289986080866631823e+01 3.863355153142060239e+00
-3.910205710620318342e+01 4.096568192717167989e+00
-3.634611997755840207e+01 4.285067075765917721e+00
-3.631750705512239108e+01 4.356614738187256641e+00
-3.627400538440549127e+01 4.485548682948313548e+00
-3.621876268585481284e+01 4.627306226833557190e+00
-3.616105129165762122e+01 4.769655045483013112e+00
-3.610326634232956167e+01 4.911883830800304551e+00
-3.363711669995463893e+01 5.022148148517174171e+00
-3.025756727414600888e+01 5.120187139833393353e+00
-2.654598833154210169e+01 5.213592152831957982e+00
-2.275154203487901938e+01 5.305403553494805635e+00
-1.904036340311600384e+01 5.397157399767673169e+00
-1.566171444913132405e+01 5.490427912461757209e+00
-1.319726500086220433e+01 5.588408001796929092e+00
-1.314277881958271088e+01 5.699107636631916662e+00
-1.308232024272063398e+01 5.765672539034059518e+00
-1.302146340063041485e+01 5.786943924715047594e+00
-1.296523598052336546e+01 5.758262573685946961e+00
-1.291743805869674944e+01 5.691782834288590109e+00
-1.286549435786413298e+01 5.611615540936630175e+00
-1.280940765019477645e+01 5.524043304931024245e+00
-1.275100311271657638e+01 5.439645545949711725e+00
-1.269771024546913729e+01 5.356575038616012030e+00
-1.264397923040045235e+01 5.273248776484061651e+00
-1.100506254714072263e+01 4.836127784841870891e+00
-9.366606726340451772e+00 4.398298110311928966e+00
-9.314637577633853027e+00 4.312236123243581964e+00
-9.267776272334927512e+00 4.229133854388728686e+00
-9.219999949835846920e+00 4.146035242261068454e+00
-7.355904747007448563e+00 3.528119535559415265e+00
-4.886727988360183517e+00 2.732181635261971220e+00
-2.418570782990071333e+00 1.937061829178129413e+00
-5.585187315607277325e-01 1.322461849617737606e+00
-5.217471237331150480e-01 1.248622376474514795e+00
-4.945596971832931232e-01 1.184855328801680097e+00
-4.801389195298249590e-01 1.138693103095201220e+00
-4.663530175959458846e-01 1.095695285130978247e+00
-4.540733741607735907e-01 1.062038877770477896e+00
-4.427415069093366129e-01 1.029115667241923715e+00
-4.315351059595677330e-01 9.978699543401899907e-01
-4.207612462579459756e-01 9.663677347364082459e-01
-4.108402498453559426e-01 9.372634655891173283e-01
-4.021560877148545599e-01 9.092687599366094942e-01
-3.925121143447257155e-01 8.800915600579850562e-01
-3.846731409501081278e-01 8.527106724003286065e-01
-3.744786117356460053e-01 8.226523626969620695e-01
-3.653747272480767361e-01 7.941303058813056204e-01
-3.558831957702350834e-01 7.657851957320256364e-01
-3.464202176074889783e-01 7.378785177843026899e-01
-3.395374800330969722e-01 7.116083541308909632e-01
-3.303475884283012531e-01 6.839213918893696231e-01
-3.222110070920680691e-01 6.566060151894637098e-01
-3.140967502798925337e-01 6.309737540851660942e-01
-3.049278098234802226e-01 6.038477968232847104e-01
-2.979323405636181699e-01 5.787988897310718528e-01
-2.839425764383368689e-01 5.478013079888988113e-01
-2.734291935084524616e-01 5.199162911138648369e-01
-2.656277023629841083e-01 4.959537285004887441e-01
-2.484851065648881197e-01 4.666882547708265383e-01
-2.411345360982047881e-01 4.423013301997817392e-01
-2.337545276982801179e-01 4.176168964166592223e-01
-2.201627085895379865e-01 3.899106800039347509e-01
-1.997446776227392584e-01 3.627420489230419043e-01
-1.961683864817310163e-01 3.408907552407957064e-01
-1.902843868309871400e-01 3.198358763561937601e-01
-1.749173004317577107e-01 2.880190322712249951e-01
-1.540482097815327744e-01 2.634111177696911166e-01
-1.382729009366424067e-01 2.317579804003087607e-01
-1.338551591739777502e-01 2.096365560864884847e-01
-1.106724190635878652e-01 1.862315162605665264e-01
-1.058687489030826212e-01 1.644646542007636436e-01
-8.023590666029464802e-02 1.407682199032095904e-01
-7.630510449483220159e-02 1.214576082951231151e-01
-5.457723798322971359e-02 9.703557891440618699e-02
-4.738777560827182878e-02 7.972022360581429434e-02
-4.049806030057407497e-02 6.174181321253568305e-02
-3.077730377339431625e-02 4.429186156043636580e-02
-2.117898805840682033e-02 2.529410482562750515e-02
-1.095223377747090061e-02 1.361274991254863599e-02
-9.950199895044101834e-09 -3.108111675373699986e-09
