-9.621672659219473900e+00 -4.271337861624646237e+00
-9.787147110207438772e+00 -4.271333185923134046e+00
-9.845878874721627483e+00 -4.271185966553598945e+00
-9.892892156495763700e+00 -4.270658357316887255e+00
-9.977526100296470801e+00 -4.265257530729164692e+00
-1.005781478102399618e+01 -4.259612312626675390e+00
-1.013845456927492528e+01 -4.253585303900983661e+00
-1.023672661369443659e+01 -4.240345380578362189e+00
-1.033481999096345660e+01 -4.226832747544755797e+00
-1.018804064934722931e+01 -4.048327586862229488e+00
-9.949012895078535479e+00 -3.807952332197177547e+00
-9.678112531012459385e+00 -3.546959323233453976e+00
-9.403842662744365200e+00 -3.285983145356214052e+00
-9.151336807998596612e+00 -3.045675215037052741e+00
-8.967492418146294497e+00 -2.867355196305593878e+00
-8.967868332911194784e+00 -2.854330664779092253e+00
-9.026280326952379696e+00 -2.850593322501950855e+00
-9.095582539015012458e+00 -2.850581189842001262e+00
-9.122262042976490903e+00 -2.849405135720889160e+00
-9.149732893926687538e+00 -2.848192111900427648e+00
-8.975307608717070451e+00 -2.673765397266683053e+00
-8.723898558768265588e+00 -2.433325870526951817e+00
-8.443434279195642489e+00 -2.168061598282455371e+00
-8.152788007210633126e+00 -1.894335901629552232e+00
-7.860650923182689986e+00 -1.620050677256066995e+00
-7.574223334943374297e+00 -1.352548294129109152e+00
-7.306414989552578731e+00 -1.105953962462157270e+00
-7.088754824208960414e+00 -9.153009439285244575e-01
-7.002919906734485167e+00 -8.715638133346544913e-01
-6.907660628875665232e+00 -8.399250261100906778e-01
-6.770558469715811434e+00 -8.729498009171038353e-01
-6.632958232425487211e+00 -9.122271442454871204e-01
-6.497702737350861568e+00 -9.529235825962119044e-01
-6.365342360299634628e+00 -9.962828495574471699e-01
-6.250074799293703798e+00 -1.047246265256867259e+00
-6.135588638264730221e+00 -1.098521897989837015e+00
-5.907128636152112477e+00 -9.441787555717687797e-01
-5.635250060514843895e+00 -7.115012558210083160e-01
-5.347089561025609505e+00 -4.494394592230226415e-01
-5.053501822453045911e+00 -1.775591294158807010e-01
-4.759914253308677345e+00 9.439250317166188176e-02
-4.471754398321692747e+00 3.567395108913863355e-01
-4.199877487132001264e+00 5.902013412273754422e-01
-3.971421667810813183e+00 7.466122642800797626e-01
-3.856946158562326588e+00 7.007556428667508497e-01
-3.762459200731334885e+00 6.521127065286861368e-01
-3.663100144963444382e+00 5.988007474827927723e-01
-3.565409602864622940e+00 5.433396196637251263e-01
-3.468272655995952025e+00 4.865253978592278816e-01
-3.373164935304481471e+00 4.301126811181653631e-01
-3.279886879493963736e+00 3.720067648837127594e-01
-3.189678730370225868e+00 3.163369226953948177e-01
-3.100090403392959271e+00 2.568323566653588630e-01
-3.015079006420910979e+00 1.991165028608190002e-01
-2.935249007387035647e+00 1.414255893885575099e-01
-2.864043352232423345e+00 8.565175786142094350e-02
-2.802048363589304980e+00 3.371626187765996291e-02
-2.740423100853780713e+00 -1.809089501700500077e-02
-2.532685899385011652e+00 1.353273932766998755e-01
-2.270097323508171616e+00 3.657618548488511534e-01
-1.989066546261098134e+00 6.220193910680373861e-01
-1.707560525724869160e+00 8.787299779499352370e-01
-1.443070966933292176e+00 1.110976642172972984e+00
-1.230106030736669132e+00 1.269378487756741780e+00
-1.154698498264372430e+00 1.230709800081571492e+00
-1.095359907925630649e+00 1.185354640259571601e+00
-1.038827027457771113e+00 1.137677436674028764e+00
-9.821680563228506466e-01 1.087534313816021836e+00
-9.272192291926806273e-01 1.038429220770842543e+00
-8.731263803967028725e-01 9.881852319438551024e-01
-8.200532998982664745e-01 9.371752175405622109e-01
-7.675112048508172524e-01 8.869982486634990781e-01
-7.160553275657912664e-01 8.352657245905417138e-01
-6.660953100431378227e-01 7.849578655194833221e-01
-6.171983518390404821e-01 7.352075403951371380e-01
-5.695506544241420999e-01 6.859349389892405169e-01
-5.240409602806995748e-01 6.378840977952103808e-01
-4.812294720270204329e-01 5.920055969722188838e-01
-4.404496680698027355e-01 5.481626597976700932e-01
-4.021191279764272930e-01 5.052476880812889481e-01
-3.649555070579844629e-01 4.631344416134545727e-01
-3.287352838834815549e-01 4.217339287548217408e-01
-2.939418220783502900e-01 3.815179407768944930e-01
-2.605484841296495935e-01 3.427094021334021745e-01
-2.296069003121459229e-01 3.044296059352408768e-01
-1.997511166036909369e-01 2.653258444912347525e-01
-1.727651314088615997e-01 2.261447701915587083e-01
-1.492139481166935844e-01 1.889809297688007927e-01
-1.270261689398975713e-01 1.562274744880566835e-01
-1.049126987851765891e-01 1.273633058942875151e-01
-8.434021525572588107e-02 1.021606880838491216e-01
-6.475208533871311400e-02 8.107108182148076159e-02
-4.520073373839041814e-02 6.327861007579735353e-02
-2.522758797253068716e-02 4.372413116637159647e-02
-1.188344711667659558e-02 3.149352688187948002e-02
-2.391158267488342239e-03 2.254159735210568838e-02
4.927138543427880130e-03 1.692291677248656742e-02
9.359162888641437208e-03 1.106084583326398703e-02
1.790335367959959264e-03 3.818085180927906046e-03
-7.795752113634290833e-08 -2.222830662099332331e-13
