-1.277375419834952119e-01 3.896266430582002016e+01
-2.558008770610860627e-01 3.768251234796010607e+01
-2.997027500411109102e-01 3.672431908411140711e+01
-3.150945160300557268e-01 3.673200190145874444e+01
-3.317595186725278422e-01 3.673517583833475442e+01
-3.560081315235385513e-01 3.674671203639734074e+01
-3.747508425654218489e-01 3.675549765843274486e+01
-4.256313291794531772e-01 3.678193876034669074e+01
-5.061786218038935026e-01 3.679159805145185658e+01
-5.752951923473408335e-01 3.681622194196138054e+01
-5.765487153434420975e-01 3.684114576337611879e+01
-5.786545354949375053e-01 3.686439026679886410e+01
-5.745697434568306505e-01 3.616081831740680030e+01
-5.657684044245865351e-01 3.490215221302386794e+01
-5.551986486463341697e-01 3.343183654896109402e+01
-5.440401896256754632e-01 3.188166636030238976e+01
-5.328840375335808233e-01 3.030358215710821668e+01
-5.223235093150719877e-01 2.872161043455379925e+01
-5.135475455789253463e-01 2.715589016816638690e+01
-5.095296511514630922e-01 2.564281178941011063e+01
-5.180013998406081122e-01 2.427140761721145523e+01
-5.591840081599296353e-01 2.327238417696488781e+01
-6.860095519241551365e-01 2.324882872582330151e+01
-8.046390058129836431e-01 2.314947599806621170e+01
-9.142777489586951800e-01 2.304707486114889292e+01
-1.022934010990034226e+00 2.294068377832027394e+01
-1.058899665903122900e+00 2.193688041224470808e+01
-1.069889834571202014e+00 2.063397261496348989e+01
-1.078644151021292075e+00 1.933116380745138940e+01
-1.105666396519505490e+00 1.832775640049417021e+01
-1.189728280901424906e+00 1.822245420538016347e+01
-1.274730637775381537e+00 1.808930787287940589e+01
-1.347550654740210296e+00 1.794781048310159122e+01
-1.404932079859120497e+00 1.780378898875490279e+01
-1.452044157827508508e+00 1.766196801020878127e+01
-1.490451120492002346e+00 1.752248219355726278e+01
-1.518081790641658824e+00 1.738647569680644978e+01
-1.534048079050435387e+00 1.725861500140603866e+01
-1.540140295382860680e+00 1.713659895896465457e+01
-1.540139761082398584e+00 1.701893144902531319e+01
-1.528019443767671737e+00 1.690371878725555987e+01
-1.487520917579773450e+00 1.679975677495691855e+01
-1.446270770514506143e+00 1.669636835754599247e+01
-1.423251989726548095e+00 1.566675032419544422e+01
-1.407195285634157411e+00 1.428339715490954021e+01
-1.393793444789923841e+00 1.276506819411851978e+01
-1.381394116367532066e+00 1.119554699497780348e+01
-1.369347461400195920e+00 9.607424872633421487e+00
-1.357356313859352737e+00 8.014692219448418697e+00
-1.345179014663555828e+00 6.426728897435225463e+00
-1.332387752631037481e+00 4.857684100334268784e+00
-1.317940753330997694e+00 3.340625547422539032e+00
-1.299140504687862352e+00 1.960607202868285937e+00
-1.268936244949095959e+00 9.397232400039268185e-01
-1.208873200886885657e+00 8.592022145295663549e-01
-1.137608871604578464e+00 7.868747339726124279e-01
-1.053053587696365145e+00 7.396366477778708592e-01
-9.450364218543183537e-01 7.341436093986746236e-01
-8.374634664573006315e-01 7.288914021036118074e-01
-7.833707202737656417e-01 7.303024347406247285e-01
-7.360887366504723639e-01 7.310728314044456777e-01
-6.898682895570888984e-01 7.319801595661477034e-01
-6.474048472889941674e-01 7.323354042002603315e-01
-6.060628015335919327e-01 7.326493847885354738e-01
-5.644025565071657535e-01 7.331736024049171352e-01
-5.257906331921632370e-01 7.333075625363982830e-01
-4.878555840184449210e-01 7.333588962961313795e-01
-4.512053692199566313e-01 7.334875515273557856e-01
-4.163359370132325155e-01 7.333754905137056523e-01
-3.818321666974697770e-01 7.331386850415584355e-01
-3.494214881722009225e-01 7.329143286630189769e-01
-3.178213687373233620e-01 7.325954703532598922e-01
-2.871986667429151652e-01 7.319838556038922306e-01
-2.587577828583126349e-01 7.314968738601734799e-01
-2.336782755773697817e-01 7.307529592936016227e-01
-2.081637975654308803e-01 7.299752241216510562e-01
-1.822946308896838119e-01 7.293687288152991277e-01
-1.600565361509315443e-01 7.283722659184785897e-01
-1.402611828192452392e-01 7.272075104109321231e-01
-1.202842439979483480e-01 7.257033908165950731e-01
-1.016885943721462793e-01 7.243981519177714601e-01
-8.869766100210665916e-02 7.181786285626309274e-01
-7.630475439801565063e-02 7.060783512515311777e-01
-6.558374963360490140e-02 6.951874411166768519e-01
-5.693695720061728305e-02 6.830398164325922616e-01
-5.020662460163798774e-02 6.692752020588319528e-01
-4.592153057932085725e-02 6.538945713315352792e-01
-4.386846313095488920e-02 6.345401261207359589e-01
-4.320314080447138633e-02 6.137855412542942979e-01
-4.314895313715868402e-02 5.856249169931340148e-01
-4.311766144987527749e-02 5.542962378035996007e-01
-4.294962987180308417e-02 5.032611363998318321e-01
-3.982899545686503090e-02 6.499836904415985661e-02
-3.943205448416717968e-02 1.696399715347423481e-02
-2.622627202314222264e-02 1.695907706607489157e-02
-1.578921818703803853e-02 1.678989179939911064e-02
-1.094164019808052495e-02 1.504525531476147947e-02
-7.020451823327064113e-03 8.443555728838770744e-03
-4.238534300519779599e-03 7.936959610967886034e-03
-3.657108410692781536e-08 5.781270306231258045e-03
