-1.068087404169826904e+01 3.711134445919478608e+00
-1.220221024551535471e+01 3.711025774897601437e+00
-1.277322536326596669e+01 3.710429458447053630e+00
-1.288703963556993237e+01 3.709277797467228854e+00
-1.299848398220295920e+01 3.706259230139318905e+00
-1.267124100968778677e+01 3.474052420819547127e+00
-1.223386418827544198e+01 3.184531827406626991e+00
-1.190475418414304976e+01 2.952245844393156737e+00
-1.201054633380371683e+01 2.948950315325732596e+00
-1.211950028154450187e+01 2.947632312087749007e+00
-1.221688789878238701e+01 2.940536185836453154e+00
-1.233657928192698883e+01 2.939381989335462464e+00
-1.244661579255725314e+01 2.937971443419421291e+00
-1.255911196195168422e+01 2.932731832755972157e+00
-1.259751661903599640e+01 2.872591663122854744e+00
-1.251406457017360019e+01 2.808966032047780281e+00
-1.244101520192363886e+01 2.769458424738474811e+00
-1.238972695728286588e+01 2.745582642806858154e+00
-1.237592281115465731e+01 2.730144609901239416e+00
-1.246978772715394435e+01 2.730452558989079126e+00
-1.255817013892178124e+01 2.730678089734855707e+00
-1.263815595128369118e+01 2.731006887523752535e+00
-1.270700345723365210e+01 2.730393334510360148e+00
-1.275650338338938639e+01 2.729348193840571035e+00
-1.281254740034767714e+01 2.727389776944415090e+00
-1.276180066311349037e+01 2.686910270220072228e+00
-1.251043897868986043e+01 2.576442873249620735e+00
-1.219982817669756514e+01 2.449061805545326820e+00
-1.191204246499635033e+01 2.340887865727902195e+00
-1.175193871543269353e+01 2.307208547146279543e+00
-1.159293454894790365e+01 2.275837393548578724e+00
-1.163233319313208547e+01 2.273426744785737252e+00
-1.164654313268860619e+01 2.271501659267608719e+00
-1.166182001532012613e+01 2.269569084899581313e+00
-1.150322822589166449e+01 2.241220490373180496e+00
-1.136145803913470509e+01 2.217268906881304957e+00
-1.120633781487352465e+01 2.193358102375089214e+00
-1.105181828241463471e+01 2.170003415607810737e+00
-1.089921947984505479e+01 2.147460565174839076e+00
-1.074797650645834501e+01 2.126171904388494127e+00
-1.059633440878352317e+01 2.104727739155210386e+00
-1.032821739256813309e+01 2.022759415237678216e+00
-1.003144638882685591e+01 1.926253944795735640e+00
-9.765147554062233226e+00 1.846621635078245172e+00
-9.618880346271478032e+00 1.832108127294269417e+00
-9.470116554372451034e+00 1.811201097526101034e+00
-9.319069661859304077e+00 1.789868736673637217e+00
-9.167998404901956278e+00 1.768635949538531760e+00
-8.894905966201230640e+00 1.685927233485522869e+00
-8.575229042139749680e+00 1.579758489650225473e+00
-8.237784407185904101e+00 1.464650999225551420e+00
-7.893588289684585035e+00 1.346155236505376385e+00
-7.546875616787755980e+00 1.226404279859406588e+00
-7.199338041103815478e+00 1.106249908198474907e+00
-6.851818724967285057e+00 9.861174299669527299e-01
-6.505158646164247216e+00 8.664340537065614578e-01
-6.161040720499653567e+00 7.480591606209041622e-01
-5.823675853405907432e+00 6.331467415323520642e-01
-5.504016951653479595e+00 5.273024150867671178e-01
-5.230714855813989317e+00 4.451919955620010638e-01
-5.078771791801136359e+00 4.252098522808961945e-01
-4.926700401741778812e+00 4.061177668583398348e-01
-4.776092588611335898e+00 3.878186006366852734e-01
-4.633974536956238843e+00 3.735216857645348165e-01
-4.486074127514624088e+00 3.563119151325813139e-01
-4.238591820782487751e+00 2.882063544912521480e-01
-3.991035423465832732e+00 2.202973252251635705e-01
-3.842836958483512255e+00 2.038719962891422099e-01
-3.694762435134567369e+00 1.876413131201063456e-01
-3.549330562055895921e+00 1.733580656566132139e-01
-3.402618301011159474e+00 1.578411005880243634e-01
-3.254948858104183884e+00 1.430778242682131385e-01
-3.109820706312705685e+00 1.296072026655187281e-01
-2.961775431668040248e+00 1.129331728047639483e-01
-2.817275858440458691e+00 9.903721928615570602e-02
-2.669607230370947271e+00 8.573333396406818130e-02
-2.522212754435001258e+00 7.242734767685311825e-02
-2.383738959973948024e+00 5.989963234553111193e-02
-2.238122238453571722e+00 4.697759473586599066e-02
-2.095421357483144842e+00 3.389607536165901991e-02
-1.949386082036178136e+00 2.165115752777390518e-02
-1.802539074016687337e+00 9.102675905565000766e-03
-1.659673964183215000e+00 -3.078251672805872377e-03
-1.513876537782552711e+00 -1.386455225962136308e-02
-1.374710351192003577e+00 -2.588705349968024871e-02
-1.231826598881619494e+00 -3.637205228294539822e-02
-1.082508561015236292e+00 -4.643950869578737650e-02
-9.394487732721736872e-01 -5.656817464466940004e-02
-7.988671523562814736e-01 -6.631410775318903605e-02
-6.578473263125287351e-01 -7.523857345276495356e-02
-5.169561081434861372e-01 -8.342678292624317038e-02
-3.748192041099110416e-01 -8.973051324411604468e-02
-2.345656659857325299e-01 -9.324523423766609143e-02
-9.729553002759246116e-02 -9.089796875877574622e-02
3.652321161844671732e-02 -7.817301248525515556e-02
2.725656329570163086e-02 -3.862428520122217906e-02
1.752615340150077625e-02 -6.716197472197580004e-04
9.396938342597775315e-03 -9.039713835934476915e-05
4.911000534352789881e-03 7.462075803834167035e-06
-3.256147090558000256e-10 3.271347823448152208e-10
