9.951448142223753734e+00 1.793449353565833704e+01
1.990168618479009410e+01 1.674578499682736421e+01
2.274337109191619533e+01 1.559557431742444322e+01
2.297442344682331594e+01 1.456085721630585361e+01
2.248213126947731411e+01 1.383412299061240702e+01
2.243043803639982059e+01 1.391584381291038497e+01
2.240711472231682322e+01 1.400853208123973914e+01
2.238261899778339981e+01 1.410069390014728441e+01
2.134968229140695328e+01 1.337745143435049400e+01
1.993157610317782158e+01 1.234276859848348984e+01
1.836640244110332887e+01 1.118916893711050697e+01
1.674519583003137058e+01 9.990259169290172991e+00
1.510295783744436982e+01 8.774335907634059240e+00
1.345365864191319361e+01 7.552682270918205987e+00
1.180420721264905026e+01 6.330851002859145815e+00
1.016136027969888111e+01 5.114217215830402452e+00
8.538479064976574051e+00 3.913353503235973196e+00
6.968890505157873783e+00 2.754602532914294688e+00
5.539214189327601012e+00 1.706419714976644242e+00
4.475981949010570560e+00 9.478286119183746417e-01
4.372169690512685669e+00 9.474445011142486051e-01
4.290841035264947756e+00 9.721533754755847800e-01
4.192665012094190402e+00 9.795128336839166172e-01
4.150962163666326532e+00 1.026139975072411836e+00
4.108990170320377722e+00 1.072420344300876849e+00
4.010901053093884450e+00 1.057041266712392513e+00
3.982769763966288235e+00 1.103499443397235158e+00
3.900551388734224023e+00 1.101208268970779169e+00
3.950698393878726122e+00 1.182319369683531685e+00
3.987111883830588344e+00 1.247795064347534399e+00
3.960307745973716820e+00 1.269275044724936352e+00
3.916398201635901355e+00 1.283853775356101901e+00
3.996975006817384823e+00 1.354849833197219189e+00
4.017432564115757998e+00 1.396298510968655204e+00
3.930105688833608557e+00 1.386425242514144118e+00
3.843350865524806537e+00 1.379178011893075650e+00
3.756967028962131749e+00 1.365545244573916905e+00
3.669128807522932245e+00 1.344661975109752827e+00
3.581137884675248628e+00 1.319228847895766554e+00
3.498630658777078573e+00 1.316417468485476139e+00
3.413796408157248941e+00 1.303308436700288730e+00
3.333473581305718358e+00 1.272143578318711166e+00
3.247918307490715417e+00 1.261801928175120713e+00
3.166853072560490645e+00 1.238574918377279177e+00
3.245611626122943516e+00 1.296568920262410662e+00
3.305309070260013193e+00 1.345800014817421619e+00
3.242603386558142287e+00 1.351387134879969976e+00
3.162300115264020217e+00 1.336229087750259614e+00
3.077891041653688209e+00 1.307204589110017023e+00
2.998038142648145943e+00 1.276790628094429447e+00
2.915777396033266466e+00 1.268946727291850651e+00
2.833966131745989436e+00 1.250004358767634383e+00
2.752498982039377928e+00 1.240225194734046577e+00
2.672862518607546978e+00 1.222682189230143157e+00
2.593080187861358965e+00 1.210424432210317258e+00
2.514289137871609459e+00 1.198161284938624283e+00
2.433871471076651360e+00 1.174736378672223802e+00
2.356121588227349850e+00 1.163080540918737693e+00
2.277719268152794907e+00 1.149831744536806477e+00
2.202434686284590271e+00 1.133930103684487989e+00
2.123382622981186962e+00 1.122422444759371807e+00
2.048268913060089069e+00 1.107932652074825608e+00
1.971878559032268496e+00 1.089622678361225949e+00
1.897487058677359562e+00 1.077083851037971884e+00
1.818424312102576046e+00 1.049107139052268156e+00
1.734606078650787309e+00 1.032712164552760381e+00
1.662020857305096966e+00 1.021904431511848399e+00
1.585896320279955640e+00 1.001820660707601451e+00
1.514520323012561676e+00 9.909423979340576949e-01
1.445029785144091861e+00 9.763101935913938156e-01
1.375112440150909165e+00 9.637356309019379230e-01
1.306776887859589564e+00 9.519221831437193471e-01
1.239316238472645271e+00 9.404871954106923670e-01
1.170695979544612575e+00 9.278760028378889579e-01
1.105955547398746575e+00 9.148176971156839477e-01
1.035275588752613718e+00 8.968499775689242615e-01
9.722347143909334521e-01 8.840974292264273116e-01
9.055020082018881977e-01 8.627734244280527154e-01
8.352645916439503937e-01 8.474427385916838418e-01
7.813848421217111095e-01 8.362050422823656959e-01
7.345829280427221830e-01 8.237739166514340683e-01
6.926096875926303076e-01 8.102253833317114573e-01
6.536815460026409452e-01 7.968248917184276303e-01
6.063571275027962448e-01 7.818226457694840148e-01
5.711821180090560501e-01 7.672318044161281492e-01
5.259023098917687822e-01 7.467154874852525159e-01
4.832862988384984404e-01 7.257913622394731590e-01
4.503776023061409339e-01 7.068100070982367145e-01
4.268100105953717693e-01 6.874766483275905893e-01
2.849831148881499798e-01 6.592769892445116131e-01
1.360954128384520567e-01 6.233310758206100921e-01
-1.488303732467143384e-02 5.770926419899625737e-01
-1.559301072718095038e-01 5.318042115291610195e-01
-4.221124657091192001e-01 3.814448196333500851e-01
-5.294783476767541686e-01 2.544231402045045720e-01
-4.770545056555871022e-01 1.141409195538876931e-01
-4.180060058732404382e-01 -2.204995037089903590e-02
-2.443290277763484619e-01 -4.602449450930209268e-02
-1.045807065586383672e-01 -3.367885243871033413e-02
3.191160251848422369e-11 2.008622456542762887e-14
