1.042265581281135489e+01 2.226655325435785215e+01
1.514949009434839944e+01 2.228206564481602570e+01
1.527483879639892805e+01 2.229609507209920949e+01
1.539606768343401377e+01 2.230577801292799123e+01
1.550535373229203451e+01 2.229533515247222297e+01
1.560717110636434057e+01 2.228658688149407396e+01
1.570105754224880990e+01 2.227668157937027615e+01
1.576968356004048566e+01 2.226370016824090925e+01
1.583468964900582776e+01 2.224752894587667029e+01
1.578366954048437520e+01 2.208257638458145067e+01
1.582595067566371583e+01 2.199090490607572690e+01
1.585886121868081311e+01 2.189451059417257994e+01
1.590646973953170473e+01 2.183138538234948101e+01
1.601830842459426663e+01 2.184217686693503779e+01
1.612257258325432829e+01 2.185605132541862616e+01
1.622957284464529337e+01 2.186900599417526792e+01
1.623295344224383641e+01 2.175758494466965942e+01
1.630332845156859278e+01 2.174870399797606169e+01
1.633906561608158370e+01 2.174874095451741951e+01
1.637631157622591971e+01 2.174791888430918263e+01
1.618531400177300483e+01 2.141818922419814797e+01
1.590714258124306646e+01 2.096282949111486360e+01
1.559567948851510977e+01 2.045948545780538907e+01
1.527150406245826808e+01 1.993781590752772814e+01
1.494247505325558834e+01 1.940915023827563957e+01
1.461159236260585281e+01 1.887781665075225490e+01
1.427999996964764229e+01 1.834546912776090721e+01
1.394813294989737606e+01 1.781274019195430469e+01
1.361615559885987636e+01 1.727987220260289547e+01
1.328412878097829442e+01 1.674695848928983821e+01
1.295207385158478530e+01 1.621403545668938051e+01
1.261999707314576824e+01 1.568111776540946423e+01
1.228789894163070961e+01 1.514821176984413675e+01
1.195577774904821133e+01 1.461532065095266830e+01
1.162363094439473876e+01 1.408244637679391076e+01
1.129145565368647475e+01 1.354959045139326790e+01
1.095924887883215604e+01 1.301675420084959001e+01
1.062700757394678952e+01 1.248393888282771158e+01
1.029472867514693846e+01 1.195114572896692806e+01
9.962409113349359302e+00 1.141837596265093602e+01
9.630045822597429250e+00 1.088563080994557986e+01
9.297635751966947026e+00 1.035291151467783344e+01
8.965175892681502390e+00 9.820219372770226940e+00
8.632663347276533727e+00 9.287555820199754564e+00
8.300095509698936169e+00 8.754922662574369241e+00
7.967470536163427042e+00 8.222322675937629555e+00
7.634788577341137916e+00 7.689761179640344224e+00
7.302055003782585985e+00 7.157250154186699298e+00
6.969288849697861110e+00 6.624819021941544150e+00
6.636544918538625382e+00 6.092542871459877496e+00
6.303971655536528829e+00 5.560616349856962515e+00
5.971962659068778656e+00 5.029547115770919063e+00
5.641553340920533621e+00 4.500662306305616589e+00
5.315459392765862212e+00 3.977434485959950639e+00
5.000795518101972092e+00 3.468953029206848893e+00
4.716193143052032966e+00 2.999012326409699725e+00
4.510434768807826345e+00 2.629905037554967961e+00
4.511239192855430957e+00 2.524713696082435899e+00
4.517086212512982257e+00 2.425665071648867688e+00
4.524382375086300812e+00 2.328315069972368256e+00
4.532901759262067287e+00 2.232898465243946529e+00
4.535081873674437603e+00 2.110601893096629045e+00
4.535401579730776511e+00 2.012008433114705230e+00
4.536346091041795425e+00 1.921856325441592128e+00
4.534042653006381762e+00 1.825315101207626300e+00
4.527795805945530105e+00 1.712191214675102158e+00
4.517409965764968227e+00 1.599455772274797960e+00
4.500967063796009526e+00 1.493385371090070857e+00
4.470309419895214909e+00 1.394321121911626715e+00
4.421545475905650946e+00 1.303594872242602731e+00
4.362490954051001069e+00 1.218177783147695203e+00
4.297815817779521375e+00 1.132109099266993546e+00
3.812663491735263310e+00 8.906683654269191841e-01
3.168082186724636706e+00 5.905560911061613627e-01
2.465774938032829322e+00 2.697618438042870825e-01
1.749789217222209592e+00 -5.443987215177201189e-02
1.050548918830840561e+00 -3.682078308095336761e-01
4.152625112222797510e-01 -6.472854565045105257e-01
-4.488398010249247672e-02 -8.327369676841789303e-01
-4.355435957275916037e-02 -7.720052892615606455e-01
-4.264981186767462240e-02 -7.108660036914546954e-01
-1.326932117262520638e-01 -7.415887254443717103e-01
-1.819659654942266114e-01 -6.784197772289318751e-01
-1.759383507532848445e-01 -5.943072294144219336e-01
-1.686054426687359220e-01 -5.122227943756364477e-01
-1.430022695989244530e-01 -4.598444490082514990e-01
-1.203686043614803358e-01 -4.148928436819795951e-01
-1.070291111872592738e-01 -3.500454374813206648e-01
-9.015655717187075202e-02 -3.020927114997610241e-01
-7.678639083166809154e-02 -2.559072748845712120e-01
-6.397599397921766018e-02 -2.077877193790490795e-01
-5.020115023099581963e-02 -1.665397691780070299e-01
-4.169287453609156480e-02 -1.237394844242604014e-01
-2.559450188127144338e-02 -9.150724243205389519e-02
-1.708784437951199262e-02 -5.503044216046406450e-02
-1.019005469706301542e-02 -2.963393903165076684e-02
-8.979691859215153601e-03 -2.374270918264137151e-02
-8.062073987175248993e-03 -2.450785936974727436e-02
-6.280689111784837353e-03 -2.363810195298099437e-02
-1.630367663377087630e-09 7.748286630950413578e-10
