2.379516565679770324e+01 2.592592592592598777e+01
4.759026920313363718e+01 2.506517281910879902e+01
5.520678809610578242e+01 2.420441971230550848e+01
5.664363756689692764e+01 2.334366660554386996e+01
5.572006338368981204e+01 2.248291349889334612e+01
5.389488761828456376e+01 2.162216039253454980e+01
5.172533071889067458e+01 2.076140728693975035e+01
4.942423195983112549e+01 1.990065418334524594e+01
4.707288871755164905e+01 1.903990108498764044e+01
4.470235384882635543e+01 1.817914800034040823e+01
4.232448854931953974e+01 1.731839495158744313e+01
3.994382355104843896e+01 1.645764199680685635e+01
3.756208985620312291e+01 1.559688928804917474e+01
3.517994974114064632e+01 1.473613722338784626e+01
3.279765903454672582e+01 1.387538684499266495e+01
3.041532294792658320e+01 1.301464088129956131e+01
2.803300128891505238e+01 1.215390647544658620e+01
2.565076827071649390e+01 1.129320232841192251e+01
2.326878672711432827e+01 1.043257739999204858e+01
2.088747094805923155e+01 9.572159868598287602e+00
1.850790097142487411e+01 8.712285309668054367e+00
1.613290262268597175e+01 7.853832271102298535e+00
1.376987334219650982e+01 6.999100821166480912e+00
1.143817962734460281e+01 6.154112616756004961e+00
9.188523531734730909e+00 5.334632560291621139e+00
7.153644720568455462e+00 4.581933702140196019e+00
5.681060137575643765e+00 4.004070290981577962e+00
5.680580950236670645e+00 3.883932022488435276e+00
5.679767671431804388e+00 3.755212872342169383e+00
5.679740443475979284e+00 3.628931187249356594e+00
5.679182466387910466e+00 3.500151733400214571e+00
5.677223903411745098e+00 3.373541801398733497e+00
5.677645692106872310e+00 3.256613369953817561e+00
5.678098890946269073e+00 3.142450655766254375e+00
5.679076230113198953e+00 3.033828145686448430e+00
5.682472057109607455e+00 2.931002285831779464e+00
5.682624819515072367e+00 2.840216962798828959e+00
5.679470272596974567e+00 2.748621066171488270e+00
4.873919096040748578e+00 2.399284482504414395e+00
4.842809570108792983e+00 2.303623737655325243e+00
4.819084537387003486e+00 2.210779317336474925e+00
4.795824570822552424e+00 2.118540630686446935e+00
4.789596082321212478e+00 2.032572381879621304e+00
4.767133295826947226e+00 1.942021008656347858e+00
4.760908763351773487e+00 1.857464596512514943e+00
4.738449913993326490e+00 1.768236649857710674e+00
4.732428090396312292e+00 1.684984508419791860e+00
4.726508708089363964e+00 1.602338795612351152e+00
4.722435187754935093e+00 1.505461031152879325e+00
4.724683562545641813e+00 1.399568141069564842e+00
4.722322764980727783e+00 1.297569280800911384e+00
4.719265877810204124e+00 1.211011859811134350e+00
4.709930912017918914e+00 1.107413730289797060e+00
4.700236161793419853e+00 1.012618400892217219e+00
4.683840523116553634e+00 9.221102205797335749e-01
4.660184105531165244e+00 8.260628614625066257e-01
4.627355352870733185e+00 7.373099635237193583e-01
4.581131294571583190e+00 6.569706162549669992e-01
4.522130767572707377e+00 5.843715747996196530e-01
4.459005827616291384e+00 5.206644371722958242e-01
4.388881185404394536e+00 4.640508300171885536e-01
4.315853291302431671e+00 4.155054358212311727e-01
4.242073925266420353e+00 3.674186504744579862e-01
3.013741967825864343e+00 -8.607711058858202868e-02
1.784905162217983454e+00 -5.377245002391138895e-01
1.709106401845397860e+00 -5.784177999358448563e-01
1.625094870197884234e+00 -6.063055994482274835e-01
1.540611349331876045e+00 -6.336256373121536001e-01
6.891931397104694712e-01 -9.362295975746299792e-01
6.018012010424907965e-01 -9.559683324902455981e-01
5.056058230337557857e-01 -9.701520799011851270e-01
4.017685913773031969e-01 -9.779471648035736875e-01
2.999315502417427282e-01 -9.788508903005996853e-01
2.027528418932138254e-01 -9.727171481714497192e-01
1.229163914603452340e-01 -9.426076535115190946e-01
6.779423091799861856e-02 -8.934371074500320198e-01
2.890615942880513101e-02 -8.327809174072994258e-01
4.201515256065758291e-03 -7.567523878793961378e-01
1.171462009984959932e-02 -6.775044787490819287e-01
1.953549919846708435e-02 -5.985579279105932571e-01
2.802594395628808799e-02 -5.775717240447982848e-01
3.663756504937043523e-02 -5.570182270741572683e-01
-1.535862950298808316e-01 -6.075962659267609700e-01
-1.405965689765185933e-01 -5.543582441626441204e-01
-1.286769415444620202e-01 -5.381110302178722105e-01
-1.179686460862353625e-01 -4.763740451916342322e-01
-1.081221235905170525e-01 -4.281691301762470259e-01
-9.489263697347408155e-02 -4.148532740549462638e-01
-8.847679998606150509e-02 -3.525196330928980770e-01
-7.310070677154392738e-02 -3.344708738584549756e-01
-6.624028737999923533e-02 -2.831186001140901243e-01
-6.069017503221162124e-02 -2.106447558147623578e-01
-4.506123034488841717e-02 -2.019829630680443910e-01
-3.965940348909342827e-02 -1.564953798331134849e-01
-3.780566354143016089e-02 -1.149945547074665703e-01
-3.018098678584346661e-02 -7.197890572331894221e-02
-1.705362154047559281e-02 -5.380983812901812824e-02
-6.464493384248603397e-03 -3.040097250803935197e-02
2.954656741342401045e-03 -5.603149748480701006e-03
1.110418976321981042e-10 5.406293132517345832e-15
