-4.444854666790586606e+01 -2.351407716371218015e+01
-8.889695384943692602e+01 -2.317355637725305684e+01
-1.047482936786260694e+02 -2.283303559079394063e+01
-1.096765258040624786e+02 -2.249251480433481021e+01
-1.104325020972946447e+02 -2.215199401787568689e+01
-1.095948185200463030e+02 -2.181147323141657068e+01
-1.081484110858758072e+02 -2.147095244495745092e+01
-1.064694918745083356e+02 -2.113043165849834182e+01
-1.047017611126556744e+02 -2.078991087203923982e+01
-1.029001074019447799e+02 -2.044939008558014137e+01
-1.010854963218081508e+02 -2.010886929912103938e+01
-9.926593601019841628e+01 -1.976834851266193382e+01
-9.744448530282866727e+01 -1.942782772620283893e+01
-9.562231257017680264e+01 -1.908730693974374759e+01
-9.379986408925527996e+01 -1.874678615328465625e+01
-9.197731032191565248e+01 -1.840626536682558978e+01
-9.015471637799281268e+01 -1.806574458036656949e+01
-8.833210712643231943e+01 -1.772522379390767355e+01
-8.650949206552840565e+01 -1.738470300744908315e+01
-8.468687482251078791e+01 -1.704418222099133473e+01
-8.286425678206677503e+01 -1.670366143453574992e+01
-8.104163847232128148e+01 -1.636314064808582458e+01
-7.921902009425420488e+01 -1.602261986165072827e+01
-7.739640172397280082e+01 -1.568209907525442759e+01
-7.557378339011164314e+01 -1.534157828895971676e+01
-7.375116510375944756e+01 -1.500105750293093720e+01
-7.192854687084059151e+01 -1.466053671759835986e+01
-7.010592869933185511e+01 -1.432001593408852713e+01
-6.828331060853172119e+01 -1.397949515535066212e+01
-6.646069264965157686e+01 -1.363897438910598048e+01
-6.463807495831946426e+01 -1.329845365556886705e+01
-6.281545789150077752e+01 -1.295793300766129263e+01
-6.099284238575618389e+01 -1.261741258393477061e+01
-5.917023089509483924e+01 -1.227689274712184897e+01
-5.734762984627597149e+01 -1.193637444686869920e+01
-5.552505606686077044e+01 -1.159586016938124153e+01
-5.370255361406614725e+01 -1.125535642363110611e+01
-5.188023783327393090e+01 -1.091488025032723286e+01
-5.005841070470548715e+01 -1.057447626262482743e+01
-4.823786282493524880e+01 -1.023426125928055797e+01
-4.642066400475724919e+01 -9.894541023409228586e+00
-4.461223308127068776e+01 -9.556116105598585264e+00
-4.282675675626848744e+01 -9.221082374497038714e+00
-4.110137629931502801e+01 -8.894926885462101751e+00
-3.953332881858229086e+01 -8.592014935917900331e+00
-3.837718437026046558e+01 -8.349955362779274637e+00
-3.829941601581668920e+01 -8.267209379366647681e+00
-3.822342256078776757e+01 -8.194865078590446217e+00
-3.814383899143807355e+01 -8.138215988183819860e+00
-3.806791803194372648e+01 -8.102607977009320450e+00
-3.799496785918920239e+01 -8.084039471531802690e+00
-3.791973557025082187e+01 -8.075740130100582448e+00
-3.784300455406081909e+01 -8.072009790306502452e+00
-3.776437313615167568e+01 -8.067445745026546433e+00
-3.768972849719160223e+01 -8.059236586943628211e+00
-3.761732650554843360e+01 -8.040134671011731626e+00
-3.755857976137094312e+01 -7.994845166553286475e+00
-3.750013740389429984e+01 -7.948932612102274753e+00
-3.635144490344099211e+01 -7.720942290605813163e+00
-3.478631523719905516e+01 -7.423404650882877043e+00
-3.306212419104524969e+01 -7.099302823525992956e+00
-3.127718614649181106e+01 -6.765055751493714631e+00
-2.946906846343874520e+01 -6.426937133069210439e+00
-2.765215884134751434e+01 -6.087349120143423775e+00
-2.583205301998867753e+01 -5.747224470106007566e+00
-2.401115052050373677e+01 -5.406959303234985192e+00
-2.219105416783948215e+01 -5.066809222974769433e+00
-2.037417291698818289e+01 -4.727144919380587673e+00
-1.856613080927275661e+01 -4.388822859173693303e+00
-1.678139101496084606e+01 -4.054041752462630654e+00
-1.505771900481882675e+01 -3.728541262851775784e+00
-1.349394802215171474e+01 -3.427341671045708527e+00
-1.234881232734833389e+01 -3.189764155553797664e+00
-1.229968145934010160e+01 -3.118751971199569262e+00
-1.225067198066313701e+01 -3.047227688670521406e+00
-1.111789964838213862e+01 -2.811252596142666427e+00
-9.591092821167297444e+00 -2.515372367053925640e+00
-7.965945355040881637e+00 -2.204227538281336773e+00
-6.439810460450311247e+00 -1.907194047018085925e+00
-5.309053913901978561e+00 -1.667759167966701428e+00
-5.265419835518444280e+00 -1.587008788041573082e+00
-5.228250833905890183e+00 -1.506020312414871443e+00
-5.197972139312994067e+00 -1.422964295156819325e+00
-5.167893984217146297e+00 -1.340002033196119102e+00
-4.062480291841656488e+00 -1.102636072874186191e+00
-2.598811961575778540e+00 -8.140212257297205767e-01
-1.135715252085318649e+00 -5.260634164788907663e-01
-3.258804099841889484e-02 -2.913256077315031223e-01
-8.797703553702225163e-03 -2.155907626008057298e-01
9.592299623297596139e-03 -1.437413398135846676e-01
1.636401882354721060e-02 -9.223514141021955937e-02
2.166580188670332030e-02 -4.647732720692482333e-02
2.248506068534433799e-02 -2.130228208466158901e-02
1.913778709116868357e-02 -9.318756552472249460e-03
1.093070966715946335e-02 -6.076588489154508520e-03
6.262895228816190048e-03 -8.992615102266341906e-03
1.763295937491455787e-03 -1.235718011896952753e-02
1.765131960881125830e-03 -1.152170136591272945e-02
1.588070465317818151e-03 -8.472254335710714679e-03
-8.696756674424681396e-11 7.049817330637972340e-18
