-2.688134644042524002e+01 -2.239276905343535518e+00
-5.376351878532450712e+01 -2.192138673643376556e+00
-6.308651219955550715e+01 -2.145000441907181532e+00
-6.570249610603462997e+01 -2.097862210062864996e+00
-6.575663037563458602e+01 -2.050723977930202224e+00
-6.483222519569780218e+01 -2.003585745040591615e+00
-6.353405125765475248e+01 -1.956447510168454862e+00
-6.209311044924803014e+01 -1.909309270105638223e+00
-6.059763774326658847e+01 -1.862171016453258554e+00
-5.908133617140134675e+01 -1.815032727222799291e+00
-5.755707985703204344e+01 -1.767894344847602106e+00
-5.602978813971372318e+01 -1.720755718616183705e+00
-5.450134491584291396e+01 -1.673616453960753869e+00
-5.297248253616672997e+01 -1.626475517889409250e+00
-5.144351415764339208e+01 -1.579330205994228242e+00
-4.991464690151366312e+01 -1.532173438043332947e+00
-4.838618897565535804e+01 -1.484986677749003503e+00
-4.685885788357457216e+01 -1.437721396479951785e+00
-4.533449792902504782e+01 -1.390250544630023954e+00
-4.381792452087464085e+01 -1.342241502012028631e+00
-4.232173958308424488e+01 -1.292823457670548848e+00
-4.087893347977547620e+01 -1.239716598926505320e+00
-3.957587538044822395e+01 -1.176952298698071386e+00
-3.863868243054778162e+01 -1.088904488418835692e+00
-3.865933689783064864e+01 -9.346635894713872794e-01
-3.867644628486148406e+01 -8.026391762012061726e-01
-3.868946502816913835e+01 -6.970845180816315212e-01
-3.868437169652536767e+01 -6.037052443740397178e-01
-3.863450360455427557e+01 -5.320439979062872027e-01
-3.853209251814035952e+01 -4.758812805723157124e-01
-3.841700103573820257e+01 -4.271550141699546610e-01
-3.829840755480764614e+01 -3.818744904501064075e-01
-3.818238005532516155e+01 -3.333790223405353470e-01
-3.807496046313998761e+01 -2.757168581846989319e-01
-3.797672102656065363e+01 -2.092185125827318859e-01
-3.787915828623726355e+01 -1.415484273132209536e-01
-3.689686067614972131e+01 -8.656772415792488018e-02
-3.557662444120260403e+01 -3.643393335235596553e-02
-3.412730717571886885e+01 1.184850251844687258e-02
-3.262868541869005412e+01 5.942378593487070843e-02
-3.111123119384283697e+01 1.067289669231054339e-01
-2.958658403446954921e+01 1.539309930813237692e-01
-2.805919051783522633e+01 2.010936571778429716e-01
-2.653075084356191837e+01 2.482413899194323703e-01
-2.500191903437136887e+01 2.953836906580721289e-01
-2.347295695992819020e+01 3.425246267429239433e-01
-2.194399620762600023e+01 3.896669008694817471e-01
-2.041516967110274550e+01 4.368145537750561247e-01
-1.888674444500030347e+01 4.839770049760752646e-01
-1.735938892072789486e+01 5.311784722845016571e-01
-1.583484117899272725e+01 5.784821896197880342e-01
-1.431764707162791694e+01 6.260536409283166126e-01
-1.281970607454474376e+01 6.743260441297733720e-01
-1.137217076475883637e+01 7.244335690368236547e-01
-1.005659939850961315e+01 7.793455071677690693e-01
-9.086514168574582939e+00 8.468355632648391085e-01
-9.020923397974167202e+00 9.472555600364123141e-01
-8.938379977161579504e+00 1.020727234939874384e+00
-8.844175021821301996e+00 1.070918229067050254e+00
-8.747582441481513982e+00 1.119762548583156381e+00
-7.775529657931899763e+00 1.167419781186906258e+00
-6.485041998584240019e+00 1.214408936890276403e+00
-5.114709910376864954e+00 1.260580948804878698e+00
-3.823279407625248982e+00 1.304969606253568282e+00
-2.848398087367391529e+00 1.344825344093291131e+00
-2.744262727313880657e+00 1.372865677572023824e+00
-2.626318832729438224e+00 1.367763034384906096e+00
-2.507776418299767052e+00 1.355686465224221315e+00
-2.393150805452318952e+00 1.325932101488416670e+00
-2.283258900584259621e+00 1.290833643861441171e+00
-2.181564117866703345e+00 1.249469354839475743e+00
-2.093335509938739847e+00 1.200927680963398636e+00
-2.019335176988699576e+00 1.142819012049484328e+00
-1.961726157599309239e+00 1.072951544776927779e+00
-1.926703657813591208e+00 9.900397816714346932e-01
-1.932018746099727791e+00 8.896615108425270924e-01
-1.935901969595836825e+00 7.821309865056362831e-01
-1.846493942100786878e+00 7.126476420837144499e-01
-1.756304254470388182e+00 6.438501374092425733e-01
-9.454350953932619817e-01 6.353642427647862023e-01
-1.320900937329645142e-01 6.315658360131487514e-01
-3.199703520577619476e-02 5.815182829099507789e-01
6.572674453426871621e-02 5.308282926480439867e-01
1.583438510207911543e-01 4.792093724209051664e-01
2.444505061200422935e-01 4.257413030826471267e-01
3.243733049894991782e-01 3.681438307197980597e-01
3.946669893787214667e-01 3.072820981866635770e-01
4.479858918879054963e-01 2.425964009899547469e-01
3.874731743205338530e-01 1.925536197649710679e-01
3.264985756800789507e-01 1.427841510007583081e-01
2.849674962472601991e-01 1.250993755012961284e-01
2.419724081978103791e-01 1.101132173027426636e-01
2.042347107801363026e-01 9.206807985522821869e-02
1.672862080062178236e-01 7.985534335229081682e-02
1.281467818439790962e-01 6.142353550624055775e-02
9.713893837544548826e-02 4.887251160847925352e-02
6.602174841313310227e-02 3.342678119263880337e-02
4.568886837822563191e-02 2.151699051266589210e-02
2.613267154971580380e-02 8.398404205059507507e-03
-1.246668033004115423e-10 4.492295625776149246e-16
