-1.192971774176456812e+01 3.085512648352257692e+00
-2.385940315502339715e+01 3.046892649153925881e+00
-2.753411696234512362e+01 3.008318074498230743e+00
-2.805660238641971915e+01 2.969879773470450068e+00
-2.737737424785313323e+01 2.931804868783771223e+00
-2.624523378511402782e+01 2.894683879492483403e+00
-2.495606989353538552e+01 2.860061240046266384e+00
-2.364874802141154575e+01 2.831979734739871191e+00
-2.244397561913726946e+01 2.821023282007866229e+00
-2.156500959045780519e+01 2.854900852859212801e+00
-2.156091319696274056e+01 3.006155441886224189e+00
-2.156351214210867795e+01 3.138389874920756384e+00
-2.159271509150569912e+01 3.260766512042434506e+00
-2.163970539630736667e+01 3.334414315998829093e+00
-2.166660728666559166e+01 3.360694371281668591e+00
-2.169944539031265762e+01 3.366953283399821917e+00
-2.172698539674347984e+01 3.393198923172307424e+00
-2.173284799539227308e+01 3.395948280987358014e+00
-2.173482332508733350e+01 3.398818887416362955e+00
-2.085303028247597723e+01 3.376018811146067389e+00
-1.963366879773662887e+01 3.343413391558325287e+00
-1.828537034431109021e+01 3.307062624717540089e+00
-1.688782941310377339e+01 3.269281159435072581e+00
-1.547149800426350730e+01 3.230952946080599464e+00
-1.404803762823337721e+01 3.192415186951789163e+00
-1.262198081710371866e+01 3.153795538571975587e+00
-1.119526365761592501e+01 3.115139768213487148e+00
-9.769161878818421130e+00 3.076457521169977394e+00
-8.345566582030064851e+00 3.037731966050085219e+00
-6.928875343073601201e+00 2.998902963386062659e+00
-5.530389789011831425e+00 2.959806926166032692e+00
-4.179617226120348583e+00 2.920013232822110449e+00
-2.953777947064083254e+00 2.878393605662518784e+00
-2.055025524439516804e+00 2.831993833179809350e+00
-2.012600384128079067e+00 2.773079558543414258e+00
-1.970066945325870789e+00 2.713520553392568146e+00
-1.095872320889806462e+00 2.665552965923782214e+00
5.619693364053332529e-02 2.619874493455392805e+00
1.210228894835827296e+00 2.569471948306133680e+00
2.092274347226053433e+00 2.502608070113869765e+00
2.156397567108840008e+00 2.391084265473463866e+00
2.157598669775585343e+00 2.274645383660625075e+00
2.158112839581192599e+00 2.158447708967009770e+00
2.101144083210183311e+00 2.085620496263390855e+00
2.038212510874039207e+00 2.009581516224435482e+00
1.963064596889878999e+00 1.934441182351928745e+00
1.896266709211605006e+00 1.867320843072907133e+00
1.818272828831409615e+00 1.812816653432654634e+00
1.759528262448385894e+00 1.748972659773803340e+00
1.704498930093263809e+00 1.688189023230849406e+00
1.639160404828159390e+00 1.630921786112336846e+00
1.584468110567828880e+00 1.568605952548367322e+00
1.528746887320618697e+00 1.514255975761179762e+00
1.471264417163894667e+00 1.456198991858086211e+00
1.414445008064618259e+00 1.399173851304603478e+00
1.360092882799931013e+00 1.350384255968805070e+00
1.307638834952915330e+00 1.293140171047917342e+00
1.249887273620432282e+00 1.244555808111672768e+00
1.199986062679392340e+00 1.192347439234350714e+00
1.147416463512652474e+00 1.142081508458065997e+00
1.096793355811199078e+00 1.093616470126246298e+00
1.048053570006809210e+00 1.041850727494547213e+00
9.955686496849844858e-01 9.949550386005452385e-01
9.483775263510884068e-01 9.520185440209572025e-01
8.986738418984555610e-01 9.085714782195759565e-01
8.490378507569468214e-01 8.661329116271622164e-01
8.040569478605972265e-01 8.204849269165895853e-01
7.585090694617321327e-01 7.805977779204306133e-01
7.137314341461944434e-01 7.401265274793888960e-01
6.670849273935711699e-01 7.005841067898204155e-01
6.271181484593207900e-01 6.636371117964202648e-01
5.837086954519895565e-01 6.260928279048239009e-01
5.476671817842424517e-01 5.929835684011965924e-01
5.055160594500002214e-01 5.575948000606318899e-01
4.698987255966602938e-01 5.215851260126381783e-01
4.306351331032202689e-01 4.904276422650122313e-01
3.981911700183124458e-01 4.584129622796617176e-01
3.624126083020953737e-01 4.256469016981800912e-01
3.300001421689575665e-01 3.968801942254336357e-01
2.960051945791852823e-01 3.657440300746530593e-01
2.610437361976268855e-01 3.340103809318907824e-01
2.379559574576663450e-01 3.100969980300274376e-01
2.035086842775855054e-01 2.819775794335674934e-01
1.752723263855275049e-01 2.528466644783731732e-01
1.578573614268479197e-01 2.307818348472795711e-01
1.369799935822358927e-01 2.058053833793142828e-01
1.177685855973767126e-01 1.816018009175444092e-01
1.035083707858762969e-01 1.598057158894169438e-01
8.486476275399594538e-02 1.351625601046902991e-01
5.325940142482361861e-02 1.070688045650765446e-01
3.947446804758482364e-02 8.535439731088911852e-02
3.299236141367956759e-02 6.544364426550376701e-02
2.792209227957604886e-02 4.751730313698052793e-02
2.467810078562620787e-02 2.778769114912123944e-02
1.787192289376702409e-02 1.599847519811907481e-02
-1.592310782950521336e-02 -2.481172002415132135e-03
-2.007058584670751156e-02 1.733014122803017924e-03
-1.917175410495697285e-02 4.277230005510001230e-03
-1.552966445059130764e-02 -6.282892211868884406e-03
-9.722823013671052686e-11 -1.578346939749535832e-16
