2.618174278656487175e+01 4.497645211930926479e+01
5.236325958385796753e+01 3.271242134211140495e+01
4.212058411924684975e+01 2.081797320795667972e+01
2.058478155221372319e+01 1.003227300293134050e+01
1.593789908486020757e+00 2.203233942251009658e+00
1.530358120829478086e+00 2.135430385476310811e+00
1.482576602384767073e+00 2.066320541625877194e+00
1.448341667882466988e+00 2.011240462779519067e+00
1.423909269536917321e+00 1.967394754543828173e+00
1.407389886044940308e+00 1.937810094454545551e+00
1.391347094765319703e+00 1.908976545116948476e+00
1.379386292341308051e+00 1.887239835124639553e+00
1.367067387014919921e+00 1.865557917072365735e+00
1.353722160756638093e+00 1.843480178764274058e+00
1.340906108131415753e+00 1.820677151953085771e+00
1.327815429571411521e+00 1.798472761039731971e+00
1.312531483513011521e+00 1.775236602295640065e+00
1.296193435385983417e+00 1.751308862196911287e+00
1.278529843932571630e+00 1.726314267482926379e+00
1.258274557239814184e+00 1.699905276125199594e+00
1.240067552325974987e+00 1.675557640449327756e+00
1.219885714357995532e+00 1.648979517181141441e+00
1.199718525511545453e+00 1.622334458325141338e+00
1.176685032977778711e+00 1.597890772854460462e+00
1.156632228630521286e+00 1.571061748036201688e+00
1.139429738278405990e+00 1.545529072798342174e+00
1.118007516746642116e+00 1.519069126681071191e+00
1.101011156875796759e+00 1.493394998531175633e+00
1.081367005615697652e+00 1.466366448305443715e+00
1.063876711508787265e+00 1.441214390916216948e+00
1.047206219278055128e+00 1.415331839835956895e+00
1.027792300894980304e+00 1.388162816466829597e+00
1.003637319781339299e+00 1.359906512600993711e+00
9.877229602445078971e-01 1.334314748714243271e+00
9.667909565053633969e-01 1.306164315451411317e+00
9.502416335460850405e-01 1.280265498817292569e+00
9.307426716460885929e-01 1.252517868442209137e+00
9.126087958780465526e-01 1.226631586052721712e+00
8.965571841519824892e-01 1.200508778470713356e+00
8.780221998363135771e-01 1.173514062559829929e+00
8.596111714761547340e-01 1.146600376529156362e+00
8.431097402236105154e-01 1.120637305515280069e+00
8.263610562569616569e-01 1.094975965345126978e+00
8.100025429276160871e-01 1.068838227908271321e+00
7.920261416960253653e-01 1.042623669905694994e+00
7.744675658645495675e-01 1.015905349802506130e+00
7.585978914436517506e-01 9.903800966980379483e-01
7.409654242252148304e-01 9.651186086759691030e-01
7.278576270952187288e-01 9.403558298858111231e-01
7.086421468351007391e-01 9.144770442324015036e-01
6.932387255558408734e-01 8.900206775836081441e-01
6.762967087141624756e-01 8.645899934912278928e-01
6.611731365376124492e-01 8.401610126411170887e-01
6.461324383050313092e-01 8.163432082989772187e-01
6.268923005384805514e-01 7.903161116816885823e-01
6.133017940480692820e-01 7.674727333675583907e-01
5.984658596411807086e-01 7.438588000797166089e-01
5.821024575422013569e-01 7.196997446145186883e-01
5.658119812139170701e-01 6.957720431370280068e-01
5.526108749906346596e-01 6.738230132292181151e-01
5.300727967867377988e-01 6.493835725714393048e-01
5.139618408603060518e-01 6.261374058208857285e-01
4.997427452604045750e-01 6.043474405463478139e-01
4.852480245362695843e-01 5.825487895339075406e-01
4.717828766387404116e-01 5.610927818171753678e-01
4.552639977642511382e-01 5.391458566406199804e-01
4.415342794711346608e-01 5.179141204989861080e-01
4.258553649753051840e-01 4.962780347735188946e-01
4.122594602794948937e-01 4.765692873715622335e-01
3.965034928494256539e-01 4.556737928327784237e-01
3.817899588165668545e-01 4.358661791137233288e-01
3.699069846223889679e-01 4.166324825405966492e-01
3.546170829124503099e-01 3.964498079798541852e-01
3.415741331570488759e-01 3.770193807100823413e-01
3.241306425188161811e-01 3.574154189459139985e-01
3.121287962508758618e-01 3.393909342181243849e-01
2.940588093934151104e-01 3.192391201419700897e-01
2.809579193590908686e-01 3.020103881298231152e-01
2.670653952079273807e-01 2.832148151082085064e-01
2.500931917807469596e-01 2.655781012528673490e-01
2.431144306736052474e-01 2.483845429472337218e-01
2.255954890230624510e-01 2.319906371406819934e-01
2.110283369728733760e-01 2.162736654113491808e-01
1.978845547793858239e-01 1.978870309134408700e-01
1.820383909268212530e-01 1.832759069565726429e-01
1.737948303887312251e-01 1.661918202223595098e-01
1.598708400333905821e-01 1.509719466397117515e-01
1.476305447369702928e-01 1.356685132877173405e-01
1.347103054157134105e-01 1.209315999353799131e-01
1.207961498225641056e-01 1.048902856861993749e-01
1.084299262371615086e-01 9.132916133570960493e-02
9.626710666422186313e-02 7.794465401058159326e-02
8.394227809490402425e-02 6.459430013931335979e-02
7.361501949772750186e-02 5.253853755270723042e-02
6.055450100418828530e-02 4.013599057354549221e-02
4.868817573905901558e-02 2.898006457075841258e-02
4.637512958740924035e-02 2.462845571239248924e-02
4.041764833626939474e-02 1.918054894379124867e-02
1.410391432158777177e-04 -1.738715614773574981e-03
3.620245983184509768e-09 3.716767814829715938e-15
