-3.099243061740877891e+01 4.411094224924015350e+01
-6.198474587182289497e+01 4.245253743038683325e+01
-7.182356471750310334e+01 4.079414044153177343e+01
-7.358250970298992399e+01 3.913576694267151623e+01
-7.225532945531929840e+01 3.747745608379724302e+01
-6.974964730481157460e+01 3.581930965488614760e+01
-6.679458461700667726e+01 3.416159387587840257e+01
-6.366988216057852412e+01 3.250500561661733201e+01
-6.048564087867247707e+01 3.085136926669272839e+01
-5.729242283482358999e+01 2.920546112503060598e+01
-5.413181327930265496e+01 2.757978569881922226e+01
-5.107800590220355019e+01 2.600708021069728915e+01
-4.831199652633196706e+01 2.457305182139252508e+01
-4.630257893273491021e+01 2.350208479044949073e+01
-4.627513864428102863e+01 2.338162473577410339e+01
-4.625025994086284697e+01 2.328250646908018595e+01
-4.622693883745291998e+01 2.317722142725135015e+01
-4.620730564965855791e+01 2.306443127143265315e+01
-4.620167592163360126e+01 2.293937046890311393e+01
-4.621080222576121344e+01 2.282685018234463925e+01
-4.621986903002916591e+01 2.273169449058481462e+01
-4.622875851691542692e+01 2.263636771893190058e+01
-4.423348731247524057e+01 2.157523133615601552e+01
-4.147347082472369095e+01 2.014556154716679615e+01
-3.842337914129079479e+01 1.857610115066008305e+01
-3.526780711940430280e+01 1.695580233781388557e+01
-3.208586924584236755e+01 1.532277888346640715e+01
-2.893031412650647738e+01 1.370241992095430028e+01
-2.588027309513482521e+01 1.213277907544934209e+01
-2.312039154983509448e+01 1.070262808913026831e+01
-2.112547435391735107e+01 9.640228563361555203e+00
-2.113529070155671619e+01 9.541593560057890500e+00
-2.114603483621255364e+01 9.460884156256396338e+00
-2.110610003261258427e+01 9.412280856900581583e+00
-2.106542281320476562e+01 9.364257083338854315e+00
-1.905397766749521082e+01 8.322609997273914928e+00
-1.629495525213408058e+01 6.904105195283057661e+00
-1.326396893914862929e+01 5.348650558017595813e+00
-1.016466819031872681e+01 3.759204130854161274e+00
-7.132388021668282008e+00 2.204732169271357289e+00
-4.369484022246215460e+00 7.891753943283871253e-01
-2.347687945886930638e+00 -2.446102862757318919e-01
-2.279839467392986041e+00 -2.719978705031427246e-01
-2.196178035511245685e+00 -2.835338356475353705e-01
-2.098339231740455002e+00 -2.797062172222496979e-01
-1.995393250829104348e+00 -2.682798088017122606e-01
-1.891237714761492938e+00 -2.528518900746116738e-01
-1.780688958774556241e+00 -2.343862015497601980e-01
-1.684906102125445670e+00 -2.184314282717444156e-01
-1.616938663562218270e+00 -2.062550602869478167e-01
-1.564817678598443118e+00 -1.928512991780548247e-01
-1.515491752931400704e+00 -1.800932707570692404e-01
-1.473040688939348142e+00 -1.695674060714921494e-01
-1.430496565590837044e+00 -1.597247868572551910e-01
-1.389680392539620613e+00 -1.499737531081792863e-01
-1.350767109309987557e+00 -1.421037821746062024e-01
-1.310409235182095511e+00 -1.289466415061908122e-01
-1.269141461905683776e+00 -1.151089792273593398e-01
-1.214802979124208981e+00 -8.988341420662016024e-02
-1.183663276566195854e+00 -8.392188435691927406e-02
-1.155289307209260485e+00 -8.000138486761798617e-02
-1.122613381903662111e+00 -7.193657503939712705e-02
-1.086507333547651610e+00 -5.917079196051745760e-02
-1.056643975463430252e+00 -5.247199653606202108e-02
-1.028152079784898421e+00 -4.917619418947793974e-02
-9.993166914563595959e-01 -4.271321589870505364e-02
-9.716994747047327241e-01 -3.703957644387569081e-02
-9.465206414010420843e-01 -3.452268542913700805e-02
-9.221530626177759649e-01 -3.236859662347688071e-02
-8.957139282340639275e-01 -2.702052249947083096e-02
-8.748383354233446596e-01 -2.623370969308439632e-02
-8.473388444740583836e-01 -2.092940311440026277e-02
-8.250393293967533959e-01 -2.007011337759365827e-02
-8.038044866991551629e-01 -1.908904442723073289e-02
-7.794865685367076136e-01 -1.486157669979256378e-02
-7.588685105279117105e-01 -1.354300630641129544e-02
-7.394304829662512457e-01 -1.386378854592820904e-02
-7.212615767909182907e-01 -1.506123556648217635e-02
-7.025830213421027093e-01 -1.488358644938102965e-02
-6.765905408527445042e-01 -8.115678211767504008e-03
-6.592232953647507721e-01 -8.877096971741356771e-03
-6.414113471413978029e-01 -1.011071960140952700e-02
-6.257638649636720896e-01 -1.040486556863955657e-02
-6.099714539399969659e-01 -1.159304994943915861e-02
-5.829045430949142403e-01 -4.330617368602521916e-03
-5.664942367076364338e-01 -5.713190382076013124e-03
-5.539941415680020853e-01 -7.052836875349516657e-03
-5.385238018569343810e-01 -7.060568695631204254e-03
-4.915989037940370343e-01 1.506003655857034856e-02
-4.778519001500040053e-01 1.459823631369621018e-02
-4.390082303437545796e-01 2.714663321604830065e-02
-4.271538760390727330e-01 2.668319794126467262e-02
-4.157928844878089891e-01 2.471534556955474679e-02
-4.041727083191831715e-01 2.383445459639467121e-02
-3.814669354028089598e-01 2.057388202585123602e-02
-8.825253553813003360e-02 -1.168101828224267641e-01
-3.301015899007175847e-02 -7.440055048011802452e-02
-1.438573507551250963e-02 2.858386636772221844e-04
-6.513010090415957340e-03 -7.007901004476125391e-04
-1.179966092773120744e-10 -7.309922136245773951e-16
