-4.441886157774190025e+01 -4.399014778325117447e+01
-8.883707754892547825e+01 -3.877121610361344040e+01
-9.246317692481744643e+01 -3.356035875380209887e+01
-8.060039056829887727e+01 -2.837372439346989239e+01
-6.306306354031281813e+01 -2.325168467174871267e+01
-4.399100016874243124e+01 -1.829920587638149243e+01
-2.598926839068462513e+01 -1.379081522146510608e+01
-1.273326770480772296e+01 -1.044512806154725482e+01
-1.264412868359218045e+01 -1.014346324617418382e+01
-1.258663974098256055e+01 -9.904427872460720650e+00
-1.253614124983421441e+01 -9.728646349087505030e+00
-1.248623538368559771e+01 -9.825912488580479831e+00
-1.242561175049838695e+01 -9.777073987069432093e+00
-1.238438408089211329e+01 -9.611103703491913564e+00
-1.234353361614614286e+01 -9.453110526125298563e+00
-1.230228527390010917e+01 -9.296164149713222358e+00
-1.219180716009416798e+01 -9.151280517371157330e+00
-1.192855850640934889e+01 -8.973372979819782103e+00
-1.183996810769771812e+01 -8.838665031008716255e+00
-1.021114662471420864e+01 -8.341412202181011537e+00
-2.433702570617341188e+00 -6.391245270412547086e+00
-2.407229395911049785e+00 -6.265003122673515001e+00
-2.374313403855219384e+00 -6.137856247641721552e+00
-2.337428688061672144e+00 -6.014594329343139201e+00
-2.294555873519874556e+00 -5.887481114753447820e+00
-2.230895633683532608e+00 -5.761518964963915579e+00
-2.157435196058411275e+00 -5.624507621801469348e+00
-2.084083361008456148e+00 -5.488719486766605371e+00
-1.984136051606744777e+00 -5.360439771704697876e+00
-1.912213777140721049e+00 -5.226837068219074567e+00
-1.862873341278570960e+00 -5.105723183252472985e+00
-1.844620336054737297e+00 -4.997458010204713474e+00
-1.823930097972783937e+00 -4.892518540642136315e+00
-1.781528911454169695e+00 -4.775948230130690142e+00
-1.755442292508507363e+00 -4.667675759445265804e+00
-1.722258613097672031e+00 -4.559593937739177427e+00
-1.692119412654140787e+00 -4.454502325679247754e+00
-1.664875192000790260e+00 -4.348386014811780775e+00
-1.629234252724774068e+00 -4.239571577370297994e+00
-1.603150925868663590e+00 -4.133537759793981969e+00
-1.573282669299656655e+00 -4.036967532727738117e+00
-1.549182262412418964e+00 -3.933832151275513223e+00
-1.519292242442250140e+00 -3.830078216482809772e+00
-1.482840805648999671e+00 -3.727563014890511006e+00
-1.459533093835978956e+00 -3.631848862684739387e+00
-1.432837158792098498e+00 -3.531542977282205786e+00
-1.399981858154741632e+00 -3.429280581466433553e+00
-1.373542160119757494e+00 -3.330612324185582729e+00
-1.344977995609284216e+00 -3.233944142954852108e+00
-1.324280854623230086e+00 -3.139116229169377270e+00
-1.289743185211056131e+00 -3.041247242331450718e+00
-1.261225931645837406e+00 -2.944013067210623724e+00
-1.236125275103146848e+00 -2.849932416989502837e+00
-1.209126753015850708e+00 -2.757660586292014493e+00
-1.181147475192666940e+00 -2.662987673820710999e+00
-1.156555263355374841e+00 -2.571579525778693309e+00
-1.127203668614289445e+00 -2.477307330175333444e+00
-1.101233016407064280e+00 -2.387304709078742704e+00
-1.078005723847146102e+00 -2.303569844623601703e+00
-1.051155715891453957e+00 -2.214140086599126089e+00
-1.024630845303074134e+00 -2.125778916070985680e+00
-1.001298012525067005e+00 -2.039095704700363498e+00
-9.725396833978398048e-01 -1.954489238566652354e+00
-9.522209099950454947e-01 -1.875073259126597502e+00
-9.286972103487888264e-01 -1.791841242837459935e+00
-9.034354265598930622e-01 -1.709632455932493134e+00
-8.758058484520210296e-01 -1.628724567477904284e+00
-8.526113667293483411e-01 -1.553149133547934158e+00
-8.279531532648852776e-01 -1.479611709375609152e+00
-8.055833087662777059e-01 -1.402490833156619487e+00
-7.848500827127504742e-01 -1.333363705189668291e+00
-7.614519573434906929e-01 -1.260194364148246038e+00
-7.413893598498878523e-01 -1.191475872634933486e+00
-7.220003193198778479e-01 -1.126873233572977639e+00
-6.978212268641874605e-01 -1.066418983521098429e+00
-6.778366139636186061e-01 -9.905780197148014166e-01
-6.574484684009299640e-01 -9.380564441444475543e-01
-6.363647657447266681e-01 -8.694697364587701260e-01
-6.186309887154660681e-01 -8.253420791455654548e-01
-5.976205924830095828e-01 -7.581475990467575476e-01
-5.799535776495916561e-01 -7.051500114767620397e-01
-5.603603413028043212e-01 -6.464117327928929901e-01
-5.426455541078964995e-01 -6.048285598108827932e-01
-5.213449540398115145e-01 -5.514031988377263716e-01
-4.982202847550791791e-01 -5.138205952952269451e-01
-4.634107977327523997e-01 -4.512243194517059353e-01
-4.502623887096672273e-01 -3.949731462979162444e-01
-4.274490836917502201e-01 -3.615075289638943756e-01
-4.082029774222585283e-01 -3.456364401603228553e-01
-3.815798641202112762e-01 -3.363220414784967582e-01
-3.569236475114980767e-01 -2.846592383173162655e-01
-3.489247915545244383e-01 -2.328276508296006908e-01
-3.256587687526197872e-01 -2.147949261504911167e-01
-2.078235669720141232e-01 -1.621276631749817287e-01
-1.996046375147768615e-01 -1.114175588544193268e-01
-1.889026436719874191e-01 -7.248727725099397834e-02
-1.655451114979428207e-01 -5.812611047893165989e-02
5.366044624585898995e-03 -9.076687376097654705e-03
5.207378510138544608e-03 -1.046464276314069616e-02
-3.729278233067143053e-09 -6.929686442929562914e-17
