-2.096224788345792334e+01 -1.854775189879729780e+01
-4.192436884194498248e+01 -1.828207571298792899e+01
-4.933435796709804322e+01 -1.801639952974890235e+01
-5.156789341093664092e+01 -1.775072335422084890e+01
-5.182419961401291175e+01 -1.748504719925547235e+01
-5.132527174423532301e+01 -1.721937109826705736e+01
-5.053787086481601420e+01 -1.695369513864691413e+01
-4.964028499786975601e+01 -1.668801954915461039e+01
-4.870061714704791456e+01 -1.642234492867753559e+01
-4.774488830175958043e+01 -1.615667284511830104e+01
-4.678305842717015395e+01 -1.589100740329739381e+01
-4.581898642996321769e+01 -1.562535934977358743e+01
-4.485428906562378870e+01 -1.535975681940276161e+01
-4.388995769452363049e+01 -1.509427347019376775e+01
-4.292734964289392963e+01 -1.482910214131730875e+01
-4.196954552965702590e+01 -1.456474769227660815e+01
-4.102442988594869888e+01 -1.430253186241066743e+01
-4.011257568685147845e+01 -1.404591501023321953e+01
-3.928781732706882934e+01 -1.380395647194650977e+01
-3.869108501620466001e+01 -1.360037389764350024e+01
-3.869133498886439781e+01 -1.349726090140086043e+01
-3.868958710699659775e+01 -1.334113109648869866e+01
-3.868416880157727178e+01 -1.318203216262369537e+01
-3.868289947303237852e+01 -1.303502197282480246e+01
-3.868566611979063197e+01 -1.289653028005346513e+01
-3.868145346968227472e+01 -1.275888767333118423e+01
-3.867415548978534900e+01 -1.261886567820384109e+01
-3.866800339719289070e+01 -1.247968381308296060e+01
-3.865606171515558742e+01 -1.233972271213458072e+01
-3.805470288035704840e+01 -1.212206542773793849e+01
-3.722820674086462134e+01 -1.187473084206021134e+01
-3.631571581689266992e+01 -1.161606053598748112e+01
-3.537037782151904253e+01 -1.135306037001082125e+01
-3.441249337434450695e+01 -1.108840634471739683e+01
-3.344981662169055880e+01 -1.082312060137756937e+01
-3.248530938352387665e+01 -1.055759356321532927e+01
-3.152010297402854633e+01 -1.029197435863224008e+01
-3.055462951639601599e+01 -1.002631994960901096e+01
-2.958905406662317716e+01 -9.760652093686205788e+00
-2.862343967011596746e+01 -9.494979101504828378e+00
-2.765781040770184518e+01 -9.229304147447306761e+00
-2.669217547706409377e+01 -8.963628444019912322e+00
-2.572653839103170625e+01 -8.697952454359040075e+00
-2.476090049101518886e+01 -8.432276355367600118e+00
-2.379526228902375706e+01 -8.166600214617950826e+00
-2.282962398028129059e+01 -7.900924057924224364e+00
-2.186398563905688874e+01 -7.635247895156470399e+00
-2.089834729354076970e+01 -7.369571730110701324e+00
-1.993270895464119974e+01 -7.103895564304908206e+00
-1.896707062749944939e+01 -6.838219398497055401e+00
-1.800143231723782833e+01 -6.572543233443034261e+00
-1.703579403468873465e+01 -6.306867070652574014e+00
-1.607015580783379605e+01 -6.041190913898962123e+00
-1.510451771039222635e+01 -5.775514772992317525e+00
-1.413887993614677008e+01 -5.509838673589730007e+00
-1.317324299333318827e+01 -5.244162682852344659e+00
-1.220760821348276970e+01 -4.978486976606490977e+00
-1.124197908356032904e+01 -4.712812015170038116e+00
-1.027636473353581792e+01 -4.447139003670237400e+00
-9.310789066960973415e+00 -4.181471097170988749e+00
-8.345314665127816056e+00 -3.915816555736734816e+00
-7.380105368967343260e+00 -3.650197004496901876e+00
-6.415590120587224554e+00 -3.384669058775337636e+00
-5.452891905985997489e+00 -3.119380939414141629e+00
-4.494950741657836701e+00 -2.854720693615785621e+00
-3.549463691692062550e+00 -2.591704242145565384e+00
-2.636581932465580369e+00 -2.332991300096907583e+00
-1.809061929616989639e+00 -2.085545091984789767e+00
-1.205021904266964539e+00 -1.867595576260725698e+00
-1.186060054680305065e+00 -1.726869403764276223e+00
-1.182513362997334339e+00 -1.589804666542948830e+00
-1.178699490691628382e+00 -1.446059584828977895e+00
-1.173116212906226474e+00 -1.297987303376893609e+00
-1.162916808326537765e+00 -1.146720671543336234e+00
-1.144616295617359558e+00 -1.001670689727219843e+00
-1.120432794175724611e+00 -8.590375191018083667e-01
-1.092115100913221504e+00 -7.215023777855037457e-01
-1.058388415774280666e+00 -5.879310067983756216e-01
-1.020137558532251854e+00 -4.619896896667670116e-01
-9.729188233039129940e-01 -3.401563913672765449e-01
-9.179454295930670193e-01 -2.244345849649410085e-01
-8.586840870332947961e-01 -1.143432200571782853e-01
-7.860653365166180295e-01 -3.143874926481870363e-02
-6.986790547580045141e-01 2.618452872126973002e-02
-5.929574182610862776e-01 7.028655697757102416e-02
-4.731757379526732032e-01 1.094781888878759157e-01
-3.472980528979133230e-01 1.446140124172766717e-01
-2.203774331975145162e-01 1.792849738111639557e-01
-2.152866994729846495e-01 1.550345818880994875e-01
-9.785944322342467194e-02 1.757105292923782092e-01
1.507674264157443308e-02 1.938429172546677348e-01
5.646241109912693984e-02 1.877841572202731957e-01
6.447047293676443080e-02 1.334713968717541055e-01
6.865147165912528771e-02 8.073831690923302662e-02
2.710692388784453899e-02 6.133996416555527464e-02
-4.016970875650487799e-03 5.333791145590938837e-02
-1.596153032300655361e-02 3.055058890039663230e-02
-2.150251214806564448e-02 2.123793743650862625e-02
-1.681531537097290599e-02 1.892385060670223607e-02
-5.608932002631699550e-11 -9.372588143350986824e-13
