4.017591075244185106e+01 4.767053854697688564e+01
8.035169852356595754e+01 4.673831184008739115e+01
9.430278889779069118e+01 4.580608513319787534e+01
9.823693622944313120e+01 4.487385842630837374e+01
9.834495180109797730e+01 4.394163171941886503e+01
9.699151510457443237e+01 4.300940501252934922e+01
9.507985333290739050e+01 4.207717830563983341e+01
9.295496857387483658e+01 4.114495159875030339e+01
9.074863989839771250e+01 4.021272489186076626e+01
8.851120243213307504e+01 3.928049818497122914e+01
8.626188248182172913e+01 3.834827147808170622e+01
8.400802384272708423e+01 3.741604477119218330e+01
8.175243159459949993e+01 3.648381806430266749e+01
7.949617718212827810e+01 3.555159135741316589e+01
7.723966986033366311e+01 3.461936465052367140e+01
7.498306595028903132e+01 3.368713794363419112e+01
7.272642516089713638e+01 3.275491123674471794e+01
7.046977029849530538e+01 3.182268452985533003e+01
6.821311007389525116e+01 3.089045782296609488e+01
6.595644781389735556e+01 2.995823111607725053e+01
6.369978478879354356e+01 2.902600440918945779e+01
6.144312148336158685e+01 2.809377770230447524e+01
5.918645808234558103e+01 2.716155099542676510e+01
5.692979465590263288e+01 2.622932428856812948e+01
5.467313123046250212e+01 2.529709758175944145e+01
5.241646781585957626e+01 2.436487087508155369e+01
5.015980441587019811e+01 2.343264416874604450e+01
4.790314103269124502e+01 2.250041746330699155e+01
4.564647766983973298e+01 2.156819076021481862e+01
4.338981433637228946e+01 2.063596406326686861e+01
4.113315105664434412e+01 1.970373738240469308e+01
3.887648789536806504e+01 1.877151074365558969e+01
3.661982502302704745e+01 1.783928421515996376e+01
3.436316288706251498e+01 1.690705797531168741e+01
3.210650266001700004e+01 1.597483249115191839e+01
2.984984741277947862e+01 1.504260898541040703e+01
2.759320518617687767e+01 1.411039065923507430e+01
2.533659703250347661e+01 1.317818589334005708e+01
2.308007806851779620e+01 1.224601662871982377e+01
2.082379259290356899e+01 1.131394030764360004e+01
1.856811838565602812e+01 1.038210731592461755e+01
1.631404448877958657e+01 9.450911368733370566e+00
1.406416024899453987e+01 8.521383225768060399e+00
1.182524466515925887e+01 7.596221450952828746e+00
9.615045387829482593e+00 6.682490976361898483e+00
7.480026370512296907e+00 5.798688034293790317e+00
5.541831823864558970e+00 4.993236389569843503e+00
4.118930427022918117e+00 4.392911104355554208e+00
4.045084007321266384e+00 4.329613600326086775e+00
3.983735657058903090e+00 4.257620139268651016e+00
3.933036807739457519e+00 4.169986689663363499e+00
3.897656355948659446e+00 4.066819633463779837e+00
3.874532245532940955e+00 3.947076012972167369e+00
3.861635094244855182e+00 3.807255564646503831e+00
3.850954966584540173e+00 3.662127042992320725e+00
3.839810278017907308e+00 3.532710037852972107e+00
3.828562685406024624e+00 3.414831979595969624e+00
3.815269283684148860e+00 3.302659560657464244e+00
3.805504045724684037e+00 3.203924309084457356e+00
3.799642025972620907e+00 3.113186749573019885e+00
3.793323013048324199e+00 3.036647458716905668e+00
3.787736693642260732e+00 2.967022914250359911e+00
3.783311431568775696e+00 2.903343757389838409e+00
3.779212016648483718e+00 2.841246064609415090e+00
3.774469027418401179e+00 2.781191805522595040e+00
3.770809033984767300e+00 2.723813354267940134e+00
3.765969791786273113e+00 2.668092011710081923e+00
3.761089493633642977e+00 2.614416075419146779e+00
3.755897417330409382e+00 2.563158006315949589e+00
3.751148304658469268e+00 2.515017662650076868e+00
3.746268638807855211e+00 2.468513966766262335e+00
3.741894828550325958e+00 2.424920741117551515e+00
3.738204008701385472e+00 2.384883298542256558e+00
3.735185005263580660e+00 2.347759600691969428e+00
3.732358943634120685e+00 2.312985822225574140e+00
3.730375984961374680e+00 2.280352183206342254e+00
3.728241613931339238e+00 2.248176541864193023e+00
3.726879122735057503e+00 2.215870522238597040e+00
3.726608169533835113e+00 2.185247913625524951e+00
3.725681003796103674e+00 2.156393285276122729e+00
3.725380678208980001e+00 2.128355679458301175e+00
3.722359489467884419e+00 2.096348041025797748e+00
3.722565025242710490e+00 2.066556702809658752e+00
3.722042366640785804e+00 2.037963364546440559e+00
3.724544369350909712e+00 2.006620384602857854e+00
3.726753974087477328e+00 1.979463318650992232e+00
3.724932435162485511e+00 1.945123819998722858e+00
3.728133051981532997e+00 1.913381446749390813e+00
3.728267479021594166e+00 1.886796866845860343e+00
3.712718849945061184e+00 1.851599540807624233e+00
3.672722548657477493e+00 1.738678407430198636e+00
2.716461084073621191e+00 1.274894909454286740e+00
1.228064138243457171e+00 6.317672298776687567e-01
-2.420892562679136106e-02 9.839439986946325878e-02
-3.597486278193176568e-02 7.363030016720194249e-02
-2.675592590413254299e-02 4.278939979357631457e-02
-2.265510424311042298e-02 2.023921319251728926e-02
-1.316247139445706274e-02 1.094322523620147418e-02
-3.545076786549202809e-03 2.129902863954742740e-03
1.684665042604801174e-11 3.784943767382364004e-18
