2.927561622396471108e+01 4.595687331536378650e+01
5.855124154979557716e+01 4.360749167083915268e+01
6.701032106388119303e+01 4.125811006286681248e+01
6.751818782303512023e+01 3.890872856455138873e+01
6.498896207467188901e+01 3.655934735865435670e+01
6.129967150314642055e+01 3.420996692035568287e+01
5.716727891666187844e+01 3.186058849243364222e+01
5.286564505873803910e+01 2.951121532804308245e+01
4.849938935526864014e+01 2.716185594387039615e+01
4.410850934405691248e+01 2.481253263681980314e+01
3.970837821630033204e+01 2.246330378091764146e+01
3.530511801148458773e+01 2.011432220133862714e+01
3.090172166057148218e+01 1.776598799958066266e+01
2.650104592066495712e+01 1.541934865496266838e+01
2.210866813581934309e+01 1.307714650394357747e+01
1.773846358479612562e+01 1.074656107658118032e+01
1.342648076352279318e+01 8.446388626589959259e+00
9.266989884703701108e+00 6.225838385055594948e+00
5.506753094171267904e+00 4.213741791520609681e+00
2.791786620269430141e+00 2.747383933526911903e+00
2.813377005261467723e+00 2.709788634157687337e+00
2.830334136715832560e+00 2.674397699247107241e+00
2.839411048863339282e+00 2.641646099729913377e+00
2.841291581715527759e+00 2.597531204444019970e+00
2.797635969862249272e+00 2.544522981822897378e+00
2.723703082198162484e+00 2.485211102609375722e+00
2.648763801231658999e+00 2.424678603605073146e+00
2.577844508631403908e+00 2.363102589732843040e+00
2.505599293993781895e+00 2.295728442806709513e+00
2.429900861638345511e+00 2.227568811651679415e+00
2.354882664396507952e+00 2.162828678893133461e+00
2.286203233046809835e+00 2.104027406378768283e+00
2.225400716317306848e+00 2.050738617188472723e+00
2.175141946281108574e+00 1.999633751812260662e+00
2.125986340396175400e+00 1.949382826246827349e+00
2.087007849813719673e+00 1.908897836053331076e+00
2.028918319368043122e+00 1.866854877053958361e+00
1.972096434462674130e+00 1.824205301096042398e+00
1.913160336438885167e+00 1.780006223979994529e+00
1.848581312432123758e+00 1.733877172496757435e+00
1.786204253078722326e+00 1.686043314718252750e+00
1.695210160557726109e+00 1.623262791355555734e+00
1.640825099066815618e+00 1.582854511798347907e+00
1.602130495624905837e+00 1.546302375089153802e+00
1.558874322019236258e+00 1.505868888200477373e+00
1.515029448075340124e+00 1.464305490696157008e+00
1.472726082120949131e+00 1.423499804329574125e+00
1.430019564686245470e+00 1.381865139468688719e+00
1.387256251117887862e+00 1.340924395983952744e+00
1.346572599372709789e+00 1.301544821184099643e+00
1.306063731362399949e+00 1.263397737436566137e+00
1.265682034775096554e+00 1.223517792254383618e+00
1.227631741462302584e+00 1.186539710493352162e+00
1.189554525557688258e+00 1.148115544714569225e+00
1.153053739837032632e+00 1.112107972252205590e+00
1.117803989143565602e+00 1.075777998438557592e+00
1.083196003068023439e+00 1.041791090635087347e+00
1.050440422510247052e+00 1.007458755099552183e+00
1.017984767341894692e+00 9.740736912820739946e-01
9.862226359857265701e-01 9.412824480718562370e-01
9.565688179738554009e-01 9.123436983576537207e-01
9.252315198900785687e-01 8.791293640102266771e-01
8.973018825233443074e-01 8.515869938416463780e-01
8.683992282109842531e-01 8.204786607708509649e-01
8.413424256438455373e-01 7.936199076033151334e-01
8.139763462168753128e-01 7.641510854745954262e-01
7.882227039876251729e-01 7.367459613272300256e-01
7.616458097880322020e-01 7.077850741489510877e-01
7.377524969862953030e-01 6.821855467256201511e-01
7.129805741011565612e-01 6.557561388150998649e-01
6.902284507753647658e-01 6.310310170392755547e-01
6.677410965247904118e-01 6.062270745246847170e-01
6.453317923270517342e-01 5.809563333403410246e-01
6.241852079198935144e-01 5.581003364658189136e-01
6.035357914759368336e-01 5.348817287995611958e-01
5.840151505856056025e-01 5.134787377069619518e-01
5.647157314683874940e-01 4.913592164110608396e-01
5.465872019739906884e-01 4.711626257967039821e-01
5.305330461817887588e-01 4.510696089796942254e-01
5.134617682266785499e-01 4.311019651737749703e-01
4.980514354513713715e-01 4.129371531148143259e-01
4.817586334220084754e-01 3.939751989796332343e-01
4.677382644458176753e-01 3.771557325083297885e-01
4.530222794416130516e-01 3.599307000500471254e-01
4.417262644741418165e-01 3.451690034045944433e-01
4.289170101118072731e-01 3.286646256654086051e-01
4.179958768413483683e-01 3.152861703019603778e-01
4.057706547750954407e-01 2.999758301291227669e-01
3.975625588336146321e-01 2.888940969954807980e-01
3.871048783218602463e-01 2.747813309593752917e-01
3.787627718476955785e-01 2.638769424936430741e-01
3.706141946301644841e-01 2.513828858991553616e-01
3.639964934655298134e-01 2.433618085584769164e-01
3.567302762484154677e-01 2.316426564454270032e-01
3.501292928610686417e-01 2.192586923226411688e-01
3.457809931896040356e-01 2.072485058143693493e-01
3.508470051468153827e-01 2.032538609822468478e-01
3.569424269169139685e-01 1.998366159113009188e-01
-4.108291350818535706e-03 1.297688291046708619e-03
1.193378768167454061e-10 2.676736436011058942e-18
