-3.914344071293009847e-02 4.393455366180391053e+01
-8.135308362544406424e-02 4.393187423553772675e+01
-1.878796826953232912e-01 4.392735488134430710e+01
-2.564714859157223303e-01 4.389624217677349804e+01
-3.320992840537879687e-01 4.386891079438733954e+01
-4.146630239162251153e-01 4.387253251634290763e+01
-4.979363715365252574e-01 4.387597628193223898e+01
-6.110184392033914946e-01 4.007081342638418420e+01
-7.304656484772198421e-01 3.530923668021814166e+01
-8.391995627058638219e-01 3.148702488686570433e+01
-9.094284503735793335e-01 3.143932184599103863e+01
-9.643441487303990867e-01 3.137942369986635427e+01
-9.883623565383912180e-01 3.129246069662630703e+01
-1.007395060055726432e+00 3.119806032593713851e+01
-1.024411552483513788e+00 3.109933957758271106e+01
-1.041552460026693883e+00 3.100024500517388404e+01
-1.056978072136104840e+00 3.089639521490665075e+01
-1.072830368865224537e+00 3.078320809740350938e+01
-1.086981114869107978e+00 3.067949589249756670e+01
-1.102356315935252962e+00 3.056264520982065491e+01
-1.115393491023657369e+00 3.045235632835107253e+01
-1.128585537128745653e+00 3.032661992264922901e+01
-1.141902114734451024e+00 3.022021474949907471e+01
-1.157324739916169687e+00 2.998741131269160221e+01
-1.169624280962442864e+00 2.987729571332942768e+01
-1.181171147469847416e+00 2.976216328459483051e+01
-1.192984780744726914e+00 2.964534819333570681e+01
-1.206453304904091972e+00 2.943252161356101837e+01
-1.280936936243300295e+00 2.600891860444743742e+01
-1.354393842252607616e+00 2.260830040804048835e+01
-1.363755465218732699e+00 2.248741308805108829e+01
-1.371833019536520037e+00 2.235625977655973884e+01
-1.380393679930361994e+00 2.222264019184265749e+01
-1.388838937308861432e+00 2.208673477817454156e+01
-1.397676616626979396e+00 2.194536544033149639e+01
-1.406256210910360460e+00 2.180470791908142303e+01
-1.415731703755554571e+00 2.161223073720517363e+01
-1.497727370062647667e+00 1.772804937710821704e+01
-1.597713486091582480e+00 1.292535418459764962e+01
-1.679150777896100122e+00 9.058821687458697980e+00
-1.686951147378428884e+00 8.919291123144759581e+00
-1.694217681644027085e+00 8.773084506881955846e+00
-1.700215343739727381e+00 8.621046781668040282e+00
-1.705057663265895362e+00 8.467249354025053520e+00
-1.709097093471533935e+00 8.310816721070635182e+00
-1.711800762466398007e+00 8.151596723173428316e+00
-1.713972982009883683e+00 7.993751805153904932e+00
-1.713599785477527782e+00 7.836216580471813131e+00
-1.712600475423681212e+00 7.685003620441659855e+00
-1.714565036168341328e+00 7.543488049836001075e+00
-1.718873863064124929e+00 7.414001930514745986e+00
-1.724444786990611433e+00 7.299802103176811663e+00
-1.728211391655645857e+00 7.197201084537814708e+00
-1.731715951775177231e+00 7.086628414885280947e+00
-1.800935050302359342e+00 3.704738422784476182e+00
-1.868562487422908092e+00 3.270564708065398229e-01
-1.865700401934996089e+00 2.333159812744354245e-01
-1.841536744884490595e+00 1.568941156470235465e-01
-1.725943419757251407e+00 1.499990390685754793e-01
-1.612267332508865891e+00 1.437241631095152183e-01
-1.548787273256752028e+00 1.436972665282783002e-01
-1.488980008992499382e+00 1.448133096540521469e-01
-1.427793122872568876e+00 1.446122979413884124e-01
-1.375999036764698591e+00 1.427582692179084345e-01
-1.315562224793860979e+00 1.423506324621756358e-01
-1.258334333770821711e+00 1.420377549421037444e-01
-1.203141050583196758e+00 1.412787879056932872e-01
-1.149300313929027872e+00 1.395490852269078708e-01
-1.093521108818398702e+00 1.389391447594602869e-01
-1.038556224688431229e+00 1.375716064224609958e-01
-9.873670961003599977e-01 1.356861412232533148e-01
-9.315350497512846495e-01 1.350105998164864707e-01
-8.843257780987852090e-01 1.336600770893982548e-01
-8.369548476805235282e-01 1.317914464777451000e-01
-7.846729073555506195e-01 1.305237191650957806e-01
-7.395272275237360082e-01 1.290035209241540415e-01
-6.930104893571368274e-01 1.261440174018016169e-01
-6.496373287176719913e-01 1.241670089474641026e-01
-6.040724021927563747e-01 1.222539805435451377e-01
-5.683311242322749424e-01 1.163861244297105246e-01
-5.226615381236299207e-01 1.142756672838361048e-01
-4.880070096616925257e-01 1.104381755263429687e-01
-4.437441573429800057e-01 1.081571031348336487e-01
-4.108099871347931642e-01 1.040291901904089877e-01
-3.704327465181828094e-01 1.011019729380209231e-01
-3.404452715072501245e-01 9.661846130221712903e-02
-3.120117443729281681e-01 9.192822015444897243e-02
-2.718847209914710961e-01 8.746120701041934509e-02
-2.447368882518051458e-01 8.375747891733409389e-02
-2.228911530437546751e-01 7.815072162115274668e-02
-1.901389905073621323e-01 7.407022882991812218e-02
-1.513241850698104629e-01 7.063889330943509681e-02
-1.275719567349336836e-01 6.522313803128863829e-02
-1.087650023819497075e-01 5.656445061327461388e-02
-8.975104213266599240e-02 5.103663530923670255e-02
-6.780731164570821812e-02 4.459926957745918852e-02
-4.965549463282759035e-02 2.973748731214683264e-02
-3.345082302101685945e-02 2.256045922603783921e-02
-1.922928302090687325e-02 1.848217942613672449e-02
3.395081323826136902e-08 1.301499212579489140e-02
