-4.680796652301415151e+01 1.441985244697848501e+00
-9.361437589782759972e+01 1.484268940470201636e+00
-1.087121436277028437e+02 1.526551593250668137e+00
-1.116983770100590334e+02 1.568832160044467905e+00
-1.100585153179221862e+02 1.611109597829796902e+00
-1.066517500530630542e+02 1.653382863469963659e+00
-1.025702028819876119e+02 1.695650913455584163e+00
-9.823103483719684448e+01 1.737912703200659159e+00
-9.379359532643724151e+01 1.780167185170231647e+00
-8.931875970653543106e+01 1.822413303948865249e+00
-8.482979289799919798e+01 1.864649983299891733e+00
-8.033560261652885970e+01 1.906876092255896271e+00
-7.583963543710099486e+01 1.949090356311452776e+00
-7.134331174750549565e+01 1.991291124889613018e+00
-6.684743454101162285e+01 2.033475762522746422e+00
-6.235298083835441219e+01 2.075639054890535018e+00
-5.786206715937882450e+01 2.117769035683258139e+00
-5.338005451543407531e+01 2.159836061000482754e+00
-4.892089791683168443e+01 2.201764205312582767e+00
-4.452108991106486258e+01 2.243356374004330966e+00
-4.027614171474179727e+01 2.284098242606937390e+00
-3.643608313906053553e+01 2.322644955599537653e+00
-3.365548141518334546e+01 2.355477266983973195e+00
-3.364799895300706822e+01 2.373383153431761539e+00
-3.362081779867908438e+01 2.451995400702497108e+00
-3.358509581392193155e+01 2.547602840339710184e+00
-3.352634817250568489e+01 2.631088600571444669e+00
-3.345590956163574958e+01 2.651780734172043186e+00
-3.339642601730287197e+01 2.602170199079779866e+00
-3.336740317240078468e+01 2.497418885604745675e+00
-3.333110324858309070e+01 2.404279393346732796e+00
-3.326173319874909140e+01 2.354154805869584699e+00
-3.319147503960647327e+01 2.305190667084204392e+00
-3.195532579752554980e+01 2.217779055158567658e+00
-3.027422765740858424e+01 2.115678548484708266e+00
-2.842381873991346453e+01 2.007980067430061411e+00
-2.651008932576144517e+01 1.898196421510761622e+00
-2.457539311867471454e+01 1.787773527531768547e+00
-2.264082248859646995e+01 1.677534693028446044e+00
-2.072732256895839598e+01 1.568502276593083833e+00
-1.887665812025790402e+01 1.462918399557137095e+00
-1.719319983839291410e+01 1.366485434842768187e+00
-1.594831604613638198e+01 1.294066789925798711e+00
-1.585175913506934897e+01 1.284548942775721292e+00
-1.574892282093819240e+01 1.308175514532622152e+00
-1.564620908858375792e+01 1.333549122882034865e+00
-1.476887345010309005e+01 1.296066286282309354e+00
-1.330044788295490754e+01 1.209794035125254963e+00
-1.160741876350467017e+01 1.104992279615187645e+00
-9.831519382928645356e+00 9.933979724725996441e-01
-8.031484483304259570e+00 8.799611492850202277e-01
-6.241807058676263509e+00 7.677940173881292463e-01
-4.507253646359854038e+00 6.612822067954072791e-01
-2.927653061828582093e+00 5.704694484822661060e-01
-1.757746874213007571e+00 5.211003769441275857e-01
-1.661949677445629492e+00 5.803643631866707286e-01
-1.583280989259315374e+00 6.646111336864578556e-01
-1.516256940811192111e+00 7.675485980845921929e-01
-1.453537107754400814e+00 8.727463931708187017e-01
-1.390842226761974665e+00 9.777932583967443581e-01
-1.309742129840343550e+00 1.097991359390701138e+00
-1.242348049735923388e+00 1.221361254772398652e+00
-1.180137337202607606e+00 1.328208404507466467e+00
-1.123825686029697790e+00 1.415686967924803863e+00
-1.062039433083446172e+00 1.474318352323596981e+00
-1.000521044845047003e+00 1.498759291772883362e+00
-9.437328792863074467e-01 1.481657570959051151e+00
-8.872734558794499460e-01 1.463668050169877111e+00
-2.543871494993911742e-01 1.403732545690402178e+00
-2.170494183075899475e-01 1.360284022290534800e+00
-1.831600234225107537e-01 1.310388536282826033e+00
-1.730293212964955085e-01 1.241202386546850445e+00
-1.643271538334232229e-01 1.173676314570095025e+00
-1.614108410079641842e-01 1.116185553196521241e+00
-1.590686962692237916e-01 1.061247254970623999e+00
-1.574861244173931529e-01 1.004944023098723216e+00
-1.549178179929073251e-01 9.551706783302383874e-01
-1.500582699838428347e-01 9.019392109353369102e-01
-1.456321686337711252e-01 8.492111447371080146e-01
-1.405403106204826114e-01 7.996075559785986719e-01
-1.375292057656507805e-01 7.512601332118035158e-01
-1.304243883497404610e-01 7.047932132563559104e-01
-1.280991650600308562e-01 6.562637466019779486e-01
-1.236415091836782637e-01 6.077247880443508166e-01
-1.205511510273126058e-01 5.639646763308141519e-01
-1.149040538627905256e-01 5.198462093913652771e-01
-1.121885133869502532e-01 4.740050131956218826e-01
-1.089253147028749480e-01 4.235625405501003971e-01
-9.044260741636130085e-02 3.922297208043045713e-01
-9.039656631247459939e-02 3.499352857391311855e-01
-8.656937375439856253e-02 3.007079342935001787e-01
-6.753710165536559729e-02 2.696753267288852784e-01
-6.705798041502505913e-02 2.273028652552162021e-01
-3.884414821330416101e-02 2.026446507036192834e-01
-3.916041726428400038e-02 1.536379110916821500e-01
-2.909076719530299948e-02 1.280973995130170462e-01
-2.130463006233955167e-02 9.194347896434069967e-02
-1.417835121540523928e-02 5.986162576533639312e-02
-5.406685349771529932e-03 3.487673965559894701e-02
-2.073342202986095620e-09 -1.295293072348144341e-10
