3.540192544146454168e+01 2.592402709844130015e+01
7.080292388980956275e+01 2.541465457077387313e+01
8.309325257775554974e+01 2.490528204310645677e+01
8.655609093010053812e+01 2.439590951543903685e+01
8.664712801999658609e+01 2.388653698777160983e+01
8.545025164123354955e+01 2.337716446010418991e+01
8.376143610211175883e+01 2.286779193243676289e+01
8.188471653401187211e+01 2.235841940476934298e+01
7.993622402311672204e+01 2.184904687710191951e+01
7.796031669696247945e+01 2.133967434943449604e+01
7.597393785235371411e+01 2.083030182176709033e+01
7.398355925255066268e+01 2.032092929409971305e+01
7.199165289091379805e+01 1.981155676643241748e+01
6.999916298464935949e+01 1.930218423876530665e+01
6.800645019240053557e+01 1.879281171109870030e+01
6.601365227327599428e+01 1.828343918343339425e+01
6.402082184634377882e+01 1.777406665577150946e+01
6.202797901008450765e+01 1.726469412811855619e+01
6.003513144125735579e+01 1.675532160048901176e+01
5.804228207204454293e+01 1.624594907292074808e+01
5.604943202261885915e+01 1.573657654551291429e+01
5.405658172170163311e+01 1.522720401852508765e+01
5.206373133566940226e+01 1.471783149263688273e+01
5.007088093531576334e+01 1.420845896962750565e+01
4.807803056703018285e+01 1.369908645415499748e+01
4.608518029957277662e+01 1.318971395841429839e+01
4.409233029321976005e+01 1.268034151433213630e+01
4.209948096042490562e+01 1.217096920549379035e+01
4.010663337865873501e+01 1.166159725072835585e+01
3.811379036826416211e+01 1.115222622293783594e+01
3.612095931318479103e+01 1.064285762199915197e+01
3.412815954529387596e+01 1.013349537464105765e+01
3.213544167665279616e+01 9.624149761172898110e+00
3.014293821195774115e+01 9.114847695793951488e+00
2.815099605362123114e+01 8.605659640792699960e+00
2.616052340456988645e+01 8.096770068835322576e+00
2.417389797155609088e+01 7.588661935631884070e+00
2.219734467229552877e+01 7.082599635646382730e+00
2.024716055356718769e+01 6.581893396560753118e+00
1.836601183837530371e+01 6.095209506956809520e+00
1.666560014933275014e+01 5.645236604898036248e+00
1.543836413164314081e+01 5.291374315993103039e+00
1.544991809862297139e+01 5.189132879004509924e+00
1.545906435604502249e+01 5.086403759957998538e+00
1.447164507512457554e+01 4.783383877548486041e+00
1.349309056613078184e+01 4.486425876765974152e+00
1.353769590845222304e+01 4.407944284227474085e+00
1.355921308381349455e+01 4.312408695227397004e+00
1.355725783576210652e+01 4.222379913793665729e+00
1.355341746238378953e+01 4.132238607026281763e+00
1.232113647034593384e+01 3.783189358646836364e+00
1.062097870373605524e+01 3.335555434649155604e+00
8.745631229695645104e+00 2.851075425408827080e+00
6.812591405880739082e+00 2.354641836058799953e+00
4.881664238487151586e+00 1.859193591622320785e+00
3.014767388824060479e+00 1.378654962036179876e+00
1.337848835000945646e+00 9.418598320875042340e-01
1.668348504063071613e-01 6.213855862008912379e-01
3.235562774152361265e-01 6.061304928629949185e-01
4.639551107284381470e-01 5.653704895552709164e-01
4.986162334989528433e-01 5.084640236378423772e-01
5.108239346332619224e-01 4.587136919544055891e-01
5.212127668760494492e-01 4.208002622522523661e-01
5.279169607872225001e-01 3.925803345896004548e-01
5.315461998846993108e-01 3.717465540345422648e-01
5.372214600813274288e-01 3.580807504920865414e-01
5.325213688666512457e-01 3.474570116837663591e-01
5.055469515824039251e-01 3.268916598263362228e-01
4.739880363352967363e-01 2.877899529495521747e-01
4.564137412266593974e-01 2.287379260297120742e-01
4.346103306300803659e-01 1.683577254934083556e-01
3.621006504886957744e-01 1.645128678503956499e-01
2.467898634193849416e-01 2.342543031207120485e-01
1.544177446817477650e-01 3.284691367264840900e-01
7.503057830855514032e-02 4.283540516725671266e-01
-1.474955814948798564e-02 5.106550872137984864e-01
-1.101996817179776572e-01 5.641437132402077337e-01
-2.087245018726651968e-01 5.868399705209561557e-01
-3.034313459592605788e-01 5.811950227724393958e-01
-3.827975038014514997e-01 5.496498876593750582e-01
-4.382070501711073374e-01 4.933265535313279826e-01
-4.416628319730251939e-01 4.276770357790325439e-01
-4.382126537736976135e-01 3.658228123534567611e-01
-4.080178375595506779e-01 3.217532461126663690e-01
-3.755214515891590610e-01 2.820372196864199821e-01
-3.464064949222996903e-01 2.482177876573119779e-01
-3.158135005905188808e-01 2.155690183141107663e-01
-2.871289361658542760e-01 1.845253496335783339e-01
-2.574067447172491141e-01 1.561486302579545293e-01
-2.291441338225497781e-01 1.313712227424476686e-01
-1.966248839883956157e-01 1.056481227970064024e-01
-1.752229731500563048e-01 8.753319808289386494e-02
-1.383498528897108559e-01 6.685001626223899263e-02
-1.205705058752755549e-01 5.533122047436175861e-02
-9.680879118112462045e-02 4.096682367920217310e-02
-6.454546459097595945e-02 3.090093290098190268e-02
-4.088969243819545740e-02 1.928740055407338408e-02
-2.673123852169575349e-02 1.044682180398592147e-02
-1.518633046744937223e-02 4.070699732195101964e-03
6.132616847983898288e-12 -1.944445841327378806e-16
