-4.744022980694022351e+01 1.748251748251770654e-01
-9.487603408466337385e+01 1.569493178245059406e-01
-1.117039385437187917e+02 1.390734608238331227e-01
-1.168406657246961373e+02 1.211976038231568215e-01
-1.175117606866364781e+02 1.033217468224755103e-01
-1.164771360541835321e+02 8.544588982178737135e-02
-1.147909846422630125e+02 6.757003282109076692e-02
-1.128559722733737232e+02 4.969417582038389986e-02
-1.108259036033434768e+02 3.181831881966499381e-02
-1.087595267807535890e+02 1.394246181893220998e-02
-1.066792815992466927e+02 -3.933395181816200237e-03
-1.045937392949462463e+02 -2.180925218258187095e-02
-1.025061737863749443e+02 -3.968510918336603382e-02
-1.004178355967800229e+02 -5.756096618416862987e-02
-9.832920238118614975e+01 -7.543682318498630412e-02
-9.624045658522628344e+01 -9.331268018580703150e-02
-9.415166789458153573e+01 -1.111885371865955624e-01
-9.206286292446964126e+01 -1.290643941872563205e-01
-8.997405183866936795e+01 -1.469402511875351480e-01
-8.788523851710681356e+01 -1.648161081867627609e-01
-8.579642443958857712e+01 -1.826919651831827029e-01
-8.370761016941547439e+01 -2.005678221721928500e-01
-8.161879592049081111e+01 -2.184436791417398438e-01
-7.952998177503073407e+01 -2.363195360602634576e-01
-7.744116776958776427e+01 -2.541953928451329281e-01
-7.535235393541064752e+01 -2.720712492800126947e-01
-7.326354033350015982e+01 -2.899471047985244798e-01
-7.117472711941758234e+01 -3.078229579178645148e-01
-6.908591470265287171e+01 -3.256988047559975508e-01
-6.699710415992214507e+01 -3.435746351496163364e-01
-6.490829831569129738e+01 -3.614504224908317576e-01
-6.281950457044902691e+01 -3.793260971192790043e-01
-6.073074230500310478e+01 -3.972014766617488757e-01
-5.864206226509534758e+01 -4.150760836589726943e-01
-5.655359731095088449e+01 -4.329486681063511311e-01
-5.446569528131033167e+01 -4.508159574493486588e-01
-5.237926683597743960e+01 -4.686693840289538615e-01
-5.029669611942907892e+01 -4.864865174226620792e-01
-4.822422490909598025e+01 -5.042086340219644747e-01
-4.617819439659209735e+01 -5.216819934238362544e-01
-4.420138638311295409e+01 -5.385040980277039369e-01
-4.240580508437794549e+01 -5.536211954348657649e-01
-4.108468134999829857e+01 -5.642745260497851190e-01
-4.100570351623480292e+01 -5.632415634845469032e-01
-4.091132326503340977e+01 -5.649366438060944295e-01
-4.083562768562210721e+01 -5.717378894881643969e-01
-4.080578031538883010e+01 -6.276608149642721735e-01
-4.073967552219806976e+01 -6.779826287012944430e-01
-4.064611849911341324e+01 -6.744340199118520340e-01
-4.056914724347433321e+01 -6.222532670500380281e-01
-4.049250314992817579e+01 -5.695652034199107927e-01
-3.917482761502397892e+01 -5.604021257242614018e-01
-3.738646321707914666e+01 -5.677250958245754209e-01
-3.542706359845632136e+01 -5.809812233781564972e-01
-3.342524711112954350e+01 -5.955507754954233457e-01
-3.146721517235919663e+01 -6.081274438503201374e-01
-2.968295368571506287e+01 -6.134120363542534538e-01
-2.837621894834710545e+01 -5.988132850674882102e-01
-2.832829395133882144e+01 -5.318565782594063540e-01
-2.829433558068285492e+01 -4.617961089947256181e-01
-2.828487712319085290e+01 -4.007796045274422680e-01
-2.828218588260519795e+01 -3.484768929829382689e-01
-2.828227535783852176e+01 -3.056152480462994703e-01
-2.828479804569457201e+01 -2.680318421485305969e-01
-2.828769238756970950e+01 -2.321723033508974743e-01
-2.829075929856099236e+01 -1.975194847167964507e-01
-2.829220188818698389e+01 -1.643942101726106331e-01
-2.829295370880110383e+01 -1.328279710972867511e-01
-2.829300680027817450e+01 -1.034264383636589457e-01
-2.829208290767516942e+01 -7.535462147037116920e-02
-2.829157830603152846e+01 -4.872877383879486990e-02
-2.829041347380964666e+01 -2.355686751534081386e-02
-2.828926327674597729e+01 -1.603932719145998364e-03
-2.828768580852119641e+01 2.055564976905714311e-02
-2.828498842233381794e+01 4.322688277646698912e-02
-2.826385966446568077e+01 6.974472263357855972e-02
-2.822040797344885732e+01 9.601015526791867316e-02
-2.726257931956934044e+01 1.022551038124189515e-01
-2.560638362342850272e+01 9.359261855148576226e-02
-2.368343953639226385e+01 7.923607463549039998e-02
-2.165861727087858313e+01 6.270478855991487577e-02
-1.959490881645098526e+01 4.534333466082008518e-02
-1.751641993320067314e+01 2.766611945089303068e-02
-1.543247591571096500e+01 9.871788132119691320e-03
-1.334694689153466918e+01 -7.958130202243032109e-03
-1.126211795264855731e+01 -2.577769347442442419e-02
-9.180974251334060199e+00 -4.353060454438337223e-02
-7.110186156361631760e+00 -6.109391406978106898e-02
-5.066779625658950792e+00 -7.815507116365635887e-02
-3.095162168121878388e+00 -9.389937250747810993e-02
-1.311530356355131266e+00 -1.061952590326283169e-01
-2.006640302111079716e-02 -1.094627568517967942e-01
-1.712037673112604824e-02 -8.909350337168309153e-02
-8.185298359234469134e-03 -6.947656863365266056e-02
7.123629394496569338e-03 -5.474945283793863221e-02
-2.934666383832853793e-03 -5.161582105376176510e-02
-1.127262111206046684e-02 -5.018079500871496651e-02
9.848712360020512452e-03 -4.075090840871879033e-02
1.870477697571336362e-03 -1.715262408634798952e-02
-1.283686751067183281e-08 -4.958808452706866636e-15
