3.566801189930315275e+01 4.483968760235349293e+01
7.133540669808367340e+01 4.206676232847209462e+01
8.111451356351693676e+01 3.929408322928196640e+01
8.100667050305428063e+01 3.652214265416569106e+01
7.712626557755442036e+01 3.375217147657983219e+01
7.181512496197471762e+01 3.098736996751144801e+01
6.598433912158941439e+01 2.823610806646519578e+01
6.002535327880377736e+01 2.552029532096801034e+01
5.420141263719978753e+01 2.289729043409612430e+01
4.891080758678270968e+01 2.051725996755131121e+01
4.508516409562222549e+01 1.877334490336269113e+01
4.512106967933846846e+01 1.869480162591586492e+01
4.515118009586765169e+01 1.862834172484993545e+01
4.516661506153573669e+01 1.859461251717463881e+01
4.517537635678876029e+01 1.857618548130264102e+01
4.518252570336377971e+01 1.855801678312074543e+01
4.516903073020323234e+01 1.849853154499295016e+01
4.522662352968208666e+01 1.839825631772864156e+01
4.528606810442298070e+01 1.829890528385406512e+01
4.146940660735461393e+01 1.654982349950433473e+01
3.618211999186129191e+01 1.417510081101043795e+01
3.035906408333777051e+01 1.157318616055949789e+01
2.439932540600561595e+01 8.915336528381859083e+00
1.856530770877620995e+01 6.316873912981351147e+00
1.324513571583105254e+01 3.952507329639086908e+00
9.340779852444835996e+00 2.231041825694525471e+00
9.170026671681807073e+00 2.204183527884870930e+00
8.843676790361399753e+00 2.106160084537573418e+00
6.605390385867400127e+00 1.139455711643236002e+00
6.439023457429323472e+00 1.110537666989203975e+00
6.252718244443743245e+00 1.081922408318342521e+00
6.097577280198789751e+00 1.072411567206776661e+00
5.948588291657587845e+00 1.061988742229640348e+00
5.809622356342170058e+00 1.043813059692221712e+00
5.666095518520685381e+00 1.032226078370753530e+00
5.526602277095865823e+00 1.016280828618841836e+00
5.388556665425983105e+00 1.004636276803458905e+00
5.251438596266149617e+00 9.919479474223166227e-01
5.118377808496619608e+00 9.812042559508046269e-01
4.982158116580333029e+00 9.713620413512267238e-01
4.854531439054080799e+00 9.572711692932370786e-01
4.715028048617645240e+00 9.391453332854309277e-01
4.579656523709761728e+00 9.294758201207958814e-01
4.442812240267501878e+00 9.187857807591808257e-01
4.312367470983111239e+00 9.049206471389471540e-01
4.166399146322071090e+00 8.925736548013107896e-01
4.033935771249350211e+00 8.828523586347214458e-01
3.905590299413652211e+00 8.690903281984880824e-01
3.765312041897970641e+00 8.577018398797009446e-01
3.632855995503344815e+00 8.425096550059786304e-01
3.494783536058567730e+00 8.317415636115639277e-01
3.355141112616974119e+00 8.204433171369116540e-01
3.230481891418566232e+00 8.090019286857511593e-01
3.081273973368889418e+00 7.965442931118819070e-01
2.954040515168390169e+00 7.839057496837283923e-01
2.815563997802127183e+00 7.726231884525445182e-01
2.668618989488244608e+00 7.613453623174994966e-01
2.539681097232712848e+00 7.478075494555375125e-01
2.401357150907533988e+00 7.368505206024029697e-01
2.273818400889484170e+00 7.234568509344718734e-01
2.135792268580826381e+00 7.139513436667527246e-01
2.009936001997506771e+00 7.005446088597843124e-01
1.870030536437758295e+00 6.889172123912494783e-01
1.747730177083061553e+00 6.763324545290269052e-01
1.607608714984139153e+00 6.561837522285616231e-01
1.478836489710591229e+00 6.438842279809359193e-01
1.550711184506222029e+00 5.331587982528647185e-01
1.554460419235637936e+00 4.299735022480739577e-01
1.475414459959693225e+00 4.046112182192199702e-01
1.395722607460176734e+00 3.874866695960592633e-01
1.312995076712434095e+00 3.775435278577405906e-01
1.243879640861276670e+00 3.666831358260493889e-01
1.168482449556492941e+00 3.573486335879648701e-01
1.095535833784827995e+00 3.480635966570334583e-01
1.026095025341603684e+00 3.383219199090791163e-01
9.622306971071161730e-01 3.282439578282935200e-01
8.993257363945796889e-01 3.192193232218876742e-01
8.395140675470986746e-01 3.098398387640146634e-01
7.818036417433210650e-01 2.993785248883168992e-01
7.232045106275921675e-01 2.907030732990872890e-01
6.704130419575784483e-01 2.809710614270364837e-01
6.225110307486648731e-01 2.702962592376638717e-01
5.753193554226370132e-01 2.588681149667931281e-01
5.259434032848721019e-01 2.499273965588359181e-01
4.862499299293542299e-01 2.352870907842197212e-01
4.456335748009004338e-01 2.228445476320194130e-01
4.056614061044633290e-01 2.135145027466901768e-01
3.757846593386645617e-01 1.948030534847116912e-01
3.295421485310808807e-01 1.841994726205352095e-01
2.860126904331790065e-01 1.764553533629189541e-01
2.622862502387297012e-01 1.543096548100706955e-01
2.266510043592571688e-01 1.443944492008439884e-01
1.873839421488259771e-01 1.418160069025540537e-01
1.695769833811125726e-01 1.144107270556209699e-01
1.502861261732269527e-01 8.693553057602772249e-02
1.233519504291104157e-01 6.770743570312806603e-02
2.508464271691856345e-02 1.529110622010850483e-02
-7.415547004946444060e-03 1.443626979715021373e-02
-6.676504465661846528e-03 6.729194578486493925e-03
7.941267697613881314e-11 -5.916068554855100029e-16
