-4.629362372009551052e+01 -1.530087440404438448e+00
-9.258557789730630816e+01 -1.080632403203501291e+00
-1.006625464445005775e+02 -6.314037275824386786e-01
-9.416817015459224649e+01 -1.828529418432485176e-01
-8.217465663453583602e+01 2.638929247827386249e-01
-6.825498112190085465e+01 7.059055049145256389e-01
-5.405585976759488887e+01 1.135527912573236708e+00
-4.094446480453693482e+01 1.532719031600143555e+00
-3.137559619029415359e+01 1.845013542184458677e+00
-3.134648118154844454e+01 1.935057586125031204e+00
-3.130988410783141518e+01 2.026229763278617479e+00
-3.127317424634302157e+01 2.117186482241339096e+00
-2.257282237293990690e+01 2.391914189028998994e+00
-1.170495036049663540e+01 2.708294518686074515e+00
-2.998091198288613146e+00 2.965867898445704309e+00
-2.941756270897664116e+00 3.005371008780064912e+00
-2.847286370143583767e+00 3.016030530691123257e+00
-2.749811949223123886e+00 3.025895687785334687e+00
-2.648966390230072854e+00 3.035315695056084007e+00
-2.544859959122874660e+00 3.045679565328258676e+00
-2.438474089818263746e+00 3.056124707339856972e+00
-2.337640372148114931e+00 3.065396490356167902e+00
-2.250718906010872544e+00 3.069810563110908497e+00
-2.189208766247199289e+00 3.049324267047296644e+00
-2.140483028463509907e+00 2.996626232924632927e+00
-2.099816686504290875e+00 2.935448163522953902e+00
-2.061743878176521161e+00 2.867623116075637135e+00
-2.027455832834090366e+00 2.797775468272070132e+00
-1.998451771879211414e+00 2.718261074641021846e+00
-1.971462502038155984e+00 2.631561620959412373e+00
-1.944340478950763673e+00 2.544924924920194176e+00
-1.915857844628306772e+00 2.466731933912207353e+00
-1.892786847791780858e+00 2.389002251477999383e+00
-1.869757241293260819e+00 2.311937817641225745e+00
-1.848738098424466569e+00 2.244478836473049910e+00
-1.827995368238624962e+00 2.190160526827118925e+00
-1.795454899426899065e+00 2.148304640490992234e+00
-1.769069549936023167e+00 2.105591822396965629e+00
-1.750089268694163147e+00 2.047850002428778460e+00
-1.732633228672573633e+00 1.990204961204995682e+00
-1.715913376275244984e+00 1.940356120894771941e+00
-1.699292523845063574e+00 1.891024127982780856e+00
-1.683828160912955507e+00 1.843089700232562800e+00
-1.666151133009186269e+00 1.799392409382651659e+00
-1.651606299167729608e+00 1.748472234441483142e+00
-1.636266884212159489e+00 1.704403184310044672e+00
-1.604388521887752939e+00 1.661966273430229624e+00
-1.583917516781219614e+00 1.617154603503275112e+00
-1.571984876284756361e+00 1.567284127226792112e+00
-1.558171032978825643e+00 1.521890887010731941e+00
-1.542727888927503788e+00 1.476907670937068540e+00
-1.529444893918539661e+00 1.434368574431307275e+00
-1.482967281190058273e+00 1.394141033673685248e+00
-1.459060385059996579e+00 1.353658052623715413e+00
-1.448471825907545307e+00 1.309718547104528730e+00
-1.437438561130531367e+00 1.266748790740134467e+00
-1.395041158167658724e+00 1.226885746465658178e+00
-1.383365051160401427e+00 1.186322315874157374e+00
-1.336642723394434240e+00 1.147644033599861668e+00
-1.306651880670853805e+00 1.109429713664897177e+00
-1.279553850969928686e+00 1.073241087082192902e+00
-1.230080202851459026e+00 1.037283440803319357e+00
-1.206601248561768536e+00 1.000086976212245515e+00
-1.058973796517677757e+00 9.656100952500348278e-01
-1.040891151722493024e+00 9.302371362406690602e-01
-9.120425790906245833e-01 8.966380964879077098e-01
-8.898445728989365922e-01 8.625068853037154426e-01
-8.824934060172081596e-01 8.243331209187885200e-01
-8.010691822386183381e-01 7.893191699400021744e-01
-7.677614836320892922e-01 7.573468261000022572e-01
-7.479971668499364457e-01 7.265382680793907033e-01
-7.424465174260320710e-01 6.882871975608492177e-01
-6.995422524648412521e-01 6.516611303716899339e-01
-6.744980970184988323e-01 6.216357645528977072e-01
-6.698667759867611426e-01 5.811675933328764865e-01
-6.661376908923943851e-01 5.449819410772002160e-01
-6.319935274387696866e-01 5.124321099736367513e-01
-5.687896131734430094e-01 4.808417828390322279e-01
-5.398220543455857223e-01 4.539727392640435788e-01
-5.361916689062592445e-01 4.217239076078057591e-01
-4.704060033346538772e-01 3.947572736729824117e-01
-4.404422333163315328e-01 3.698971931172789218e-01
-4.185432058685000234e-01 3.478679983076893856e-01
-3.958327995005206934e-01 3.278344642808819764e-01
-3.667360012409067171e-01 3.094363827515029808e-01
-3.489326385347000792e-01 2.901159146474218131e-01
-3.466683718090268207e-01 2.565707441034084102e-01
-3.373944704543314632e-01 2.213284994886821622e-01
-3.167019354231033756e-01 2.009660054222975056e-01
-2.617267561522456654e-01 1.803553696109955473e-01
-2.571474856841705625e-01 1.520781423409358624e-01
-2.259542883969301030e-01 1.311008889476793504e-01
-2.073467026867051310e-01 8.714087124798314266e-02
-4.061206211394973592e-02 6.125147021663106262e-02
-1.238496859603361103e-02 5.030939943403330700e-02
1.084269431877218394e-02 4.468189800342244750e-02
3.206833821846818977e-02 3.412032790346880562e-02
2.051544707328885678e-02 2.037303025792380762e-02
1.122640129761524365e-02 7.339839837831562720e-03
-2.198191511895633826e-08 -8.008329744457742364e-10
