-4.813509547938618027e+01 -1.889534883720928038e+00
-9.626891652757224449e+01 4.356710311626879606e-02
-9.622319627452299073e+01 1.481184007824564407e-02
-9.617519379901669652e+01 -1.370582315690101367e-02
-9.245261249776342538e+01 -3.602618849848820276e-02
-9.010263329643393604e+01 -3.715097951764551737e-02
-8.996461294408680942e+01 -4.093023978826716008e-02
-8.985269323538180686e+01 -4.596285664242819036e-02
-8.944013753844015469e+01 -5.032913719567459060e-02
-8.868826458418170944e+01 -5.409531087126064064e-02
-8.734073127940015979e+01 -5.931315866719272245e-02
-8.644500397122780555e+01 -6.245833744652338343e-02
-8.579248965160776663e+01 -6.489880351425801608e-02
-8.445267833545949543e+01 -6.811854546489511109e-02
-8.380516707913812979e+01 -7.152713077273929743e-02
-8.316261710136832619e+01 -7.322429780176421821e-02
-8.266349021999361923e+01 -7.575374787756000705e-02
-8.159024061313886023e+01 -7.752614251023864922e-02
-8.083293371207354028e+01 -7.984731921008832167e-02
-7.994005156446870330e+01 -8.066175008064686847e-02
-7.929530059397406205e+01 -8.237152450038132123e-02
-7.873363727657479672e+01 -8.253643535659643815e-02
-7.798262687532920268e+01 -8.303987081977523554e-02
-7.722823375807038815e+01 -8.427437471401313940e-02
-7.633401527529278496e+01 -8.383873487282264558e-02
-7.543902057140736872e+01 -8.319896191752419734e-02
-7.479480099855271646e+01 -8.336991542931578014e-02
-7.423040712037554556e+01 -8.300953043432486578e-02
-7.315543415067114097e+01 -8.234911084166811335e-02
-7.250666636306034718e+01 -8.167350548205841443e-02
-7.161805177521497967e+01 -8.039568335657885922e-02
-7.105214458184124737e+01 -7.954901326990451715e-02
-6.997590557357339947e+01 -7.792226477416153152e-02
-6.922178263744969229e+01 -7.776999886424179609e-02
-6.857486326995578452e+01 -7.589316026757299272e-02
-6.768218479760150785e+01 -7.535802532183769054e-02
-6.678777034541667490e+01 -7.276856148351756870e-02
-6.603642540767097557e+01 -7.151761973407162742e-02
-6.539204313815925218e+01 -6.953796334611427044e-02
-6.464130458096468601e+01 -6.804214489613598371e-02
-6.375405119264161158e+01 -6.629202986831037037e-02
-6.325801218599773534e+01 -6.419630476911585004e-02
-6.219039365944816922e+01 -6.244030944147277440e-02
-6.154442819630380512e+01 -6.051866347020665171e-02
-6.047081203700587793e+01 -5.721886045754413092e-02
-5.991244349260265523e+01 -5.535899220370726209e-02
-5.902695160262837248e+01 -5.328513487974966684e-02
-5.795126702274512809e+01 -5.053170234266611549e-02
-5.739673853878602472e+01 -4.815842206899306061e-02
-5.675312759686968178e+01 -4.618072171490482380e-02
-5.504746499023894302e+01 -4.326970607080025261e-02
-5.448960373952228764e+01 -4.082350126412008506e-02
-5.342398372796579054e+01 -3.881177898278261734e-02
-5.268242541375287402e+01 -3.705707420681948056e-02
-5.204544697548498533e+01 -3.491845680157523724e-02
-5.097856023622276922e+01 -3.299073330584940261e-02
-5.033995982464983143e+01 -3.176249814569195862e-02
-4.901558230473868605e+01 -2.992156576158926801e-02
-4.838296084618420423e+01 -2.808821960595640765e-02
-4.764498454328420962e+01 -2.691208415029811354e-02
-4.676501978477716648e+01 -2.576778936026818609e-02
-4.569471581774459423e+01 -2.433383378815576550e-02
-4.481321013852294044e+01 -2.230643260086830060e-02
-4.393005199873842770e+01 -2.108114504741243067e-02
-4.259665317719714039e+01 -1.969307331871390787e-02
-4.170725400219055956e+01 -1.849157312917394311e-02
-3.999376987311574538e+01 -1.659281074458017480e-02
-3.924657245030355313e+01 -1.577013389219979189e-02
-3.754068554064399876e+01 -1.393097379242177504e-02
-3.679971153692342511e+01 -1.203464267777272674e-02
-3.573385069673610559e+01 -1.102050752947535822e-02
-3.466029655579400526e+01 -9.729770557911679094e-03
-3.332243068227263905e+01 -8.216215175208946980e-03
-3.198701572672912974e+01 -6.711160517920387869e-03
-3.124948706330880555e+01 -5.983341384520082969e-03
-3.037144172502028638e+01 -3.885886779554707966e-03
-2.903831289942858973e+01 -2.375302658966630537e-03
-2.770382703751092990e+01 -8.823449847160600703e-04
-2.682156188263531860e+01 -7.824570883698537182e-05
-2.549258611239990913e+01 1.391707626439787036e-03
-2.441687277922187604e+01 2.637805440713297464e-03
-2.268686282343409744e+01 4.372053517009121155e-03
-2.036260027983765397e+01 6.498630870021474167e-03
-1.901887989238128540e+01 7.797564251363842819e-03
-1.767774681600339903e+01 9.125206434396886807e-03
-1.594329069447987557e+01 1.072162969743580690e-02
-1.359906321795513762e+01 1.279511660014515280e-02
-1.027899099825057583e+01 1.541351167614652545e-02
-8.542449211370819029e+00 1.689100496255778808e-02
-7.205673363004534870e+00 1.797776040697503935e-02
-6.128318152623383419e+00 1.783300849290650469e-02
-3.837762199408575547e+00 1.921084796727624139e-02
-3.780087950619079873e+00 1.973080941228185989e-02
-3.740068233699934019e+00 1.895002842996535222e-02
-3.640614069155112098e+00 1.653172946378576522e-02
-1.422986302147496884e+00 1.771499074954606401e-02
-1.384868442855806459e+00 1.273788747575271829e-02
-2.097812986105344057e-01 1.139042228849357005e-02
-1.643781580325240355e-01 4.952966989944413388e-03
-3.922406989573249762e-08 -1.293146215403440859e-19
