-4.548197654215582730e+01 2.353426919900909464e+00
-9.096236896568419183e+01 2.320755850277976595e+00
-1.067934973533286751e+02 2.288084780655042838e+00
-1.112996146495996328e+02 2.255413711032110857e+00
-1.114799626616953958e+02 2.222742641409178876e+00
-1.100080138642015442e+02 2.190071571786246452e+00
-1.079049438738979916e+02 2.157400502163315803e+00
-1.055608070672964232e+02 2.124729432540385154e+00
-1.031245909581129467e+02 2.092058362917456726e+00
-1.006532037120240517e+02 2.059387293294527854e+00
-9.816838231341154142e+01 2.026716223671597206e+00
-9.567842955082549850e+01 1.994045154048668556e+00
-9.318651680661893977e+01 1.961374084425739239e+00
-9.069385544038729563e+01 1.928703014802812143e+00
-8.820090814965138293e+01 1.896031945179883271e+00
-8.570785166846542324e+01 1.863360875556953733e+00
-8.321475350255899173e+01 1.830689805934021974e+00
-8.072163943615413473e+01 1.798018736311091326e+00
-7.822851931727512920e+01 1.765347666688161343e+00
-7.573539690686041581e+01 1.732676597065230917e+00
-7.324227364078858216e+01 1.700005527442301601e+00
-7.074915006684480545e+01 1.667334457819375393e+00
-6.825602639359381385e+01 1.634663388196461620e+00
-6.576290270003219973e+01 1.601992318573575824e+00
-6.326977901567269669e+01 1.569321248950766412e+00
-6.077665535114474693e+01 1.536650179328154842e+00
-5.828353170991159971e+01 1.503979109706066408e+00
-5.579040809282139435e+01 1.471308040085349100e+00
-5.329728450004302687e+01 1.438636970468218923e+00
-5.080416093232301478e+01 1.405965900860485229e+00
-4.831103739281939369e+01 1.373294831277346306e+00
-4.581791389134790649e+01 1.340623761758602983e+00
-4.332479045528536687e+01 1.307952692408446360e+00
-4.083166715803434954e+01 1.275281623499659123e+00
-3.833854419351348497e+01 1.242610555746392231e+00
-3.584542207116403745e+01 1.209939491018317215e+00
-3.335230212647882553e+01 1.177268434210297698e+00
-3.085918785758305205e+01 1.144597398137254807e+00
-2.836608842444715251e+01 1.111926416349086066e+00
-2.587302780994516382e+01 1.079255576680562934e+00
-2.338006880381657382e+01 1.046585109086104692e+00
-2.088737579349358597e+01 1.013915615594195296e+00
-1.839537915262118162e+01 9.812486723358708751e-01
-1.590520561578983560e+01 9.485884056757500904e-01
-1.341980501421340044e+01 9.159456185766575720e-01
-1.094690010802987068e+01 8.833485935624448837e-01
-8.506709347524701315e+00 8.508713752418477494e-01
-6.152165324497489429e+00 8.187078149172155594e-01
-4.021847365132066976e+00 7.873654218868645360e-01
-2.478560857222721125e+00 7.581728727433909576e-01
-2.472142638867790954e+00 7.346086879662714342e-01
-2.465137979335552121e+00 7.040779867940709646e-01
-2.455848278932625028e+00 6.208381812450094461e-01
-2.426922083849634149e+00 5.337696198741783693e-01
-2.396165365746005360e+00 4.439570585844428430e-01
-2.365413938832384044e+00 3.514663343953298158e-01
-2.334698680727753661e+00 2.562620775919918770e-01
-2.304022602570062528e+00 1.583618867746535708e-01
-2.273719677832183539e+00 5.781840761354339192e-02
-2.261516080099998049e+00 -4.727837499334189980e-02
-2.255896943390164111e+00 -1.850856610575871974e-01
-2.248453546701204786e+00 -3.240741343868792645e-01
-2.225048485605686466e+00 -4.646840734339388046e-01
-2.201031276282229943e+00 -6.048575801829235710e-01
-1.359107868018118337e+00 -7.033666123825718097e-01
-1.350477956802295765e+00 -8.260491325424604847e-01
-1.328601752637585065e+00 -9.309315812492269249e-01
-1.280274279328825981e+00 -9.912947866649222117e-01
-1.226372718002444184e+00 -1.009018283686401896e+00
-1.173225368058427920e+00 -1.025556318127223143e+00
-1.179695827495993221e+00 -1.033973179189121572e+00
-1.183620666296143042e+00 -1.042865069926252941e+00
-1.102033665166108456e+00 -9.233981595672886566e-01
-1.023318993103617514e+00 -7.771228631317447233e-01
-9.519047188961818895e-01 -6.443201552625070772e-01
-8.862942918459639774e-01 -5.550021217798859485e-01
-8.299953071111179081e-01 -5.312469311937165761e-01
-7.979753897771406645e-01 -6.265432736881513254e-01
-7.618887724650003079e-01 -7.432147403968690780e-01
-6.919276474430596791e-01 -8.330287735196504340e-01
-6.046123198979042046e-01 -8.897199840838170282e-01
-4.969568068130185701e-01 -8.902187797724917528e-01
-3.956110859217207842e-01 -8.333014748555747087e-01
-3.142860881958419172e-01 -7.231511560918465475e-01
-2.567572190390586262e-01 -5.935089849225446690e-01
-2.210776131930731192e-01 -4.810519237997885611e-01
-2.043573435346480449e-01 -4.003581432383967464e-01
-1.890913823648611436e-01 -3.264521151249646924e-01
-1.807047569139181575e-01 -2.816684286517069924e-01
-1.742375837984811715e-01 -2.454998418199602905e-01
-1.668059392424900145e-01 -2.060681240601558717e-01
-1.574667328319165061e-01 -1.664668304617289152e-01
-1.480433582507330037e-01 -1.359602873314877947e-01
-1.350353099761445741e-01 -1.079225477928585919e-01
-1.206767013282487172e-01 -7.868985292049149316e-02
-1.183057562334733914e-01 -5.233290775431787695e-02
-9.983979466470142838e-02 -2.561121985734838083e-02
7.939720221123306235e-03 -6.446935703774476188e-03
1.216219029158818223e-02 -6.705824336145739702e-03
-1.628267522208611080e-10 -1.929498478512021938e-15
