-4.002304311818863169e+01 4.241339811937302784e+01
-8.004642505360764915e+01 3.481586329248880674e+01
-7.931858025637325227e+01 2.725070517470937759e+01
-6.331723327185183336e+01 1.978267718424427102e+01
-4.224660644345546245e+01 1.257366286661730825e+01
-2.124164225895903257e+01 6.044559440190500510e+00
-5.502945842712817281e+00 1.296175014525974056e+00
-5.497390084088290330e+00 1.210036699948141337e+00
-5.490603921621489469e+00 1.124724767058243646e+00
-5.504733077691919441e+00 1.053940642102106917e+00
-5.393939688604941551e+00 1.044716351125830833e+00
-5.329091221015989532e+00 1.018125849040469877e+00
-5.199100273182652998e+00 1.028049498975806220e+00
-5.061749329674070097e+00 1.037554181069021197e+00
-4.924741495228047050e+00 1.046883998335739197e+00
-4.791400118403765340e+00 1.055243394032844728e+00
-4.659733314523608172e+00 1.064263463900930073e+00
-4.525811776559526933e+00 1.073233368530131626e+00
-4.392847601354030296e+00 1.082082651150559682e+00
-4.261858798203554954e+00 1.090408652928901656e+00
-4.235617666247354585e+00 1.058471674434864340e+00
-4.110419923703584111e+00 1.066624340158881523e+00
-3.985380348747704637e+00 1.073754420226860740e+00
-3.968170516813189330e+00 1.041667257666248902e+00
-3.933452170021630945e+00 1.014014876875699800e+00
-3.952080104566894736e+00 9.650481811726236980e-01
-3.963055313096605303e+00 9.201245989720461260e-01
-3.846324468360907023e+00 9.254531498648570498e-01
-3.800823446604395972e+00 9.029536184726868475e-01
-3.680007393362467738e+00 9.096773966439412051e-01
-3.559088351520475868e+00 9.165798509248246351e-01
-3.607942660204036756e+00 8.530565184366135645e-01
-3.549961451324445960e+00 8.337777008381004329e-01
-3.429216272988078185e+00 8.386243768460142078e-01
-3.369706470178829516e+00 8.210982331056453365e-01
-3.256114140327221129e+00 8.256598372977803635e-01
-3.273871137460778957e+00 7.724883137302962499e-01
-3.272627920917085209e+00 7.289417024988771310e-01
-3.162816008105207022e+00 7.318294508396813169e-01
-3.200113690933811927e+00 6.689053023186618541e-01
-3.088699392540598776e+00 6.696443256857952386e-01
-2.977935843779955682e+00 6.740463138201022719e-01
-2.862934293843009126e+00 6.765341411173055874e-01
-2.893088125376697572e+00 6.153683926032995632e-01
-2.874246470740295489e+00 5.763569820635395802e-01
-2.814962058652809240e+00 5.543969333968259416e-01
-2.711086085414351476e+00 5.548300353908108828e-01
-2.690743332548763078e+00 5.170685980898227507e-01
-2.669576816502342798e+00 4.771675000537137779e-01
-2.678739001559338639e+00 4.209834827222866394e-01
-2.664828142973960201e+00 3.752789583412755592e-01
-2.565084010174894402e+00 3.750556580351410152e-01
-2.577794426331889710e+00 3.149065185037690506e-01
-2.483381664903793862e+00 3.123346351239496554e-01
-2.469162166014611248e+00 2.599153528087583265e-01
-2.374744695005827300e+00 2.553582188312759071e-01
-2.353046210061560561e+00 1.995404730295466111e-01
-2.260299916037662449e+00 1.961927856117887115e-01
-2.250110556849110655e+00 1.291714755385752478e-01
-2.218479013996541127e+00 7.843596223718703186e-02
-2.207959486663185977e+00 3.802738863841497591e-02
-2.135937010439061812e+00 2.937198906911690430e-02
-2.043877571647757296e+00 3.012224805909964609e-02
-1.949171349898917383e+00 3.028370142984914207e-02
-1.857651167584099205e+00 3.031961512566697103e-02
-1.769460037205541569e+00 3.145733586467009540e-02
-1.686653871690906525e+00 3.179919781328764683e-02
-1.604480903479262865e+00 3.308172691909769259e-02
-1.525354415649716522e+00 3.156930167718387248e-02
-1.446767597412383699e+00 3.240300667216094999e-02
-1.372380798465442586e+00 3.217913521008058247e-02
-1.297465600873863201e+00 3.297732537930155028e-02
-1.219162933889630152e+00 3.260263770943636757e-02
-1.149535833644911742e+00 3.166740852465425859e-02
-1.081147261552599659e+00 3.066554105345735415e-02
-1.009938706291411359e+00 2.995857679962167855e-02
-9.464217258461139481e-01 2.817856954384113238e-02
-8.829174446331229387e-01 2.762906507627046690e-02
-8.204245857467495906e-01 2.605520425972029236e-02
-7.649989331001776360e-01 2.462181673116427272e-02
-7.052504958176922800e-01 2.271644382915255500e-02
-6.458741472258611171e-01 2.104488392922024623e-02
-5.925176223214886351e-01 1.964828572571448995e-02
-5.370877434635921155e-01 1.911416385748970076e-02
-4.908757169825730404e-01 1.713529517451954642e-02
-4.469004312527130041e-01 1.552358852465489554e-02
-3.848774940314442228e-01 1.345358306233209941e-02
-3.446314065886988409e-01 1.190856402967531771e-02
-3.052843049092076044e-01 1.012693862037872608e-02
-2.543289030615427104e-01 9.338581047574137650e-03
-2.203500452039015012e-01 7.928169556838341597e-03
-1.865840422107064023e-01 6.619426454229779093e-03
-1.587098103864083287e-01 5.460775545189627128e-03
-1.216255196463621041e-01 4.301038542591609747e-03
-9.829255329500247162e-02 3.219289736834626044e-03
-7.656762923359919371e-02 2.565284353495569762e-03
-5.514125223743618354e-02 2.030632111697502039e-03
-3.365343667935717653e-02 1.097663626982655271e-03
-1.977087684740772705e-02 3.375976090736058683e-04
-1.070380202752638978e-10 3.278502635272932658e-18
