-4.565658216856148499e+01 -1.083394680888519757e+00
-7.309042226422924671e+01 -4.519544797268471581e-01
-8.840800641451046715e+01 1.796270842338061335e-01
-9.600476961157849587e+01 8.115206048860361676e-01
-9.868565776971408354e+01 1.443961182253860942e+00
-9.823854004863957812e+01 2.077297035088685018e+00
-9.580408752983204579e+01 2.712061502375981981e+00
-9.211176629410454098e+01 3.349083321144571190e+00
-8.763076232007654198e+01 3.989657982290414129e+00
-8.266705930349509401e+01 4.635815595238027775e+00
-7.742675202161846926e+01 5.290740647611096747e+00
-7.205869342298380786e+01 5.959430454056112048e+00
-6.668529856690462054e+01 6.649728443541429002e+00
-6.142787861480108091e+01 7.373945942541597631e+00
-5.643174653907190930e+01 8.151407799564196921e+00
-5.189588109090838941e+01 9.012449176016392727e+00
-4.810881839659978709e+01 1.000559858308507977e+01
-4.515579797369164083e+01 1.128058342924340174e+01
-4.291340418304096715e+01 1.285582961143267866e+01
-4.120392034916989843e+01 1.458989762976067617e+01
-3.987699744228822851e+01 1.636489745980926713e+01
-3.881721045932827252e+01 1.810767588477020240e+01
-3.794090854721550699e+01 1.978040149630472300e+01
-3.718954170341346810e+01 2.136612792141760764e+01
-3.652285081182809279e+01 2.286187163948608969e+01
-3.591437117379118860e+01 2.426966772725217680e+01
-3.534441884003403089e+01 2.559447736785120497e+01
-3.479983018841627995e+01 2.684185771085237704e+01
-3.427104198115480926e+01 2.801673735472488502e+01
-3.375095787764480093e+01 2.912391816060068095e+01
-3.323460437633521281e+01 3.016834801371095054e+01
-3.271835525688987190e+01 3.115444994771473830e+01
-3.219999225792619768e+01 3.208467489128178585e+01
-3.167666873153473261e+01 3.295944850088027067e+01
-3.114484658421084617e+01 3.377855862695698619e+01
-3.060128473776546443e+01 3.453994996871301737e+01
-3.004192395342752420e+01 3.524129982462447686e+01
-2.946382498117541004e+01 3.588181074300588591e+01
-2.886809447347273405e+01 3.646057275343024173e+01
-2.825663926426632244e+01 3.697633210015924021e+01
-2.763089340441869268e+01 3.742867224791589109e+01
-2.699422484567452329e+01 3.781875308911446609e+01
-2.634952161360370582e+01 3.814803936511567883e+01
-2.569971703369972715e+01 3.841582288363119346e+01
-2.504498411847901096e+01 3.861476286185526163e+01
-2.438995711230553454e+01 3.872595035692206267e+01
-2.374477017090423914e+01 3.873260997632692693e+01
-2.312370821785706454e+01 3.861965241580267616e+01
-2.254020115793714041e+01 3.837603626664195389e+01
-2.200322041327509837e+01 3.800969271448632725e+01
-2.151286932561616183e+01 3.754416443486261556e+01
-2.106175848107798387e+01 3.700528680230460310e+01
-2.063922562270506234e+01 3.641390981259362292e+01
-2.023485882472898467e+01 3.578543204579062120e+01
-1.984007274605759008e+01 3.513060157113569915e+01
-1.944911506345484042e+01 3.445583791866796730e+01
-1.905771302904457087e+01 3.376507720003809254e+01
-1.866169638098269346e+01 3.305948108315531897e+01
-1.825830292141980493e+01 3.234161019494972322e+01
-1.784565419771722716e+01 3.161261326813215433e+01
-1.742264265528695688e+01 3.087364872050334696e+01
-1.698791453362785830e+01 3.012555462452483113e+01
-1.653999712118019971e+01 2.936929100752473332e+01
-1.607742541669160374e+01 2.860550561289363358e+01
-1.559951241876793659e+01 2.783507652755076833e+01
-1.510524379761081448e+01 2.705735748396731921e+01
-1.459543037762473894e+01 2.627286360513196684e+01
-1.407171407775102345e+01 2.548088819102889246e+01
-1.353734061162893099e+01 2.468126906124451381e+01
-1.299415838673906798e+01 2.387353921291508740e+01
-1.244371554499690902e+01 2.305694825652682667e+01
-1.188722929148915419e+01 2.223130139980744957e+01
-1.132474710436377130e+01 2.139764600309067077e+01
-1.075740547548648074e+01 2.055684299674546267e+01
-1.018756656670600158e+01 1.971012740678806807e+01
-9.618409686529794556e+00 1.885885344184893953e+01
-9.052299361867296668e+00 1.800390506526374068e+01
-8.490390909818676946e+00 1.714525510537702857e+01
-7.934860008174766222e+00 1.628219444780252090e+01
-7.387632601617471373e+00 1.541273579211861922e+01
-6.852355425503531272e+00 1.453684462837060387e+01
-6.331317383031063173e+00 1.365414171079312844e+01
-5.826645334041801405e+00 1.276602728401265985e+01
-5.338435526406065001e+00 1.187463621458435270e+01
-4.867371274933657510e+00 1.098340321877449455e+01
-4.413075301032112208e+00 1.009561371857756740e+01
-3.975040698608811152e+00 9.213242260215761092e+00
-3.552995760773220990e+00 8.340099085617000085e+00
-3.147146758903015318e+00 7.478209929941647793e+00
-2.757811535825460236e+00 6.628992276241327808e+00
-2.385593005711903025e+00 5.794658461921367021e+00
-2.033157985606520057e+00 4.981245181847678616e+00
-1.702592945613910169e+00 4.194175226531211109e+00
-1.392829331906306756e+00 3.431851697433109472e+00
-1.106503768586636127e+00 2.700609015688412384e+00
-8.460809415122027000e-01 2.008333435342888773e+00
-6.109923018697595021e-01 1.364078609662771946e+00
-3.970863963706913746e-01 7.851276182491132571e-01
-1.964125446914593565e-01 3.059538467426406450e-01
-7.333618976407180051e-09 3.457167784176094316e-05
