-1.061909382782076960e+01 -4.271233078380728188e+00
-1.590091230285617563e+01 -4.105044513740208956e+00
-1.923295026820711939e+01 -3.987916712356550430e+00
-2.158554951333622540e+01 -3.902024986425741027e+00
-2.338102949610613379e+01 -3.841279037651181838e+00
-2.484457271339723761e+01 -3.800909299544668052e+00
-2.610365264993661327e+01 -3.775519408545337186e+00
-2.723348712505277547e+01 -3.759167409819727634e+00
-2.827844323804902160e+01 -3.747329960570900731e+00
-2.926623251628073064e+01 -3.737138948059798960e+00
-3.021298398145174247e+01 -3.725707066682619750e+00
-3.112945520723267734e+01 -3.710178959315249880e+00
-3.202167546764119521e+01 -3.687706310863481107e+00
-3.289389986452535197e+01 -3.655359667912827515e+00
-3.374842103693210049e+01 -3.610158808341054293e+00
-3.458609436987110541e+01 -3.550022816433892281e+00
-3.540764133169032846e+01 -3.472534158643270086e+00
-3.621253568303888670e+01 -3.375956605294951007e+00
-3.699998382794556306e+01 -3.257400168939239116e+00
-3.776859459332970914e+01 -3.114262500571078895e+00
-3.851644912587374847e+01 -2.944057047450646003e+00
-3.924196750247777743e+01 -2.743889193407115901e+00
-3.994273980678313052e+01 -2.511776991590926489e+00
-4.061601503630112120e+01 -2.245752694381369263e+00
-4.125779372546204371e+01 -1.943925192032696536e+00
-4.186285575831724515e+01 -1.602782480726862691e+00
-4.242318893180394923e+01 -1.218693578666217414e+00
-4.292917337318466053e+01 -7.877894405881203932e-01
-4.337083045215450738e+01 -3.078787435224113467e-01
-4.373989245784943591e+01 2.185186912717036190e-01
-4.403066539095541998e+01 7.855710207532756728e-01
-4.424010315782749103e+01 1.385708566262615182e+00
-4.436776976643254500e+01 2.009731822941460244e+00
-4.441531978289008720e+01 2.648905702307285281e+00
-4.438633281113683182e+01 3.294985739815762038e+00
-4.428688543726454441e+01 3.940537604402214900e+00
-4.412261686581170750e+01 4.580016524071094608e+00
-4.390031940572980318e+01 5.208742258825246552e+00
-4.362543991139680344e+01 5.822682749257229951e+00
-4.330229387576785172e+01 6.418777132047743805e+00
-4.293447383348775759e+01 6.994349794605791537e+00
-4.252459432447407295e+01 7.547073455305752354e+00
-4.207598938574373193e+01 8.074996970811634256e+00
-4.159065095621874519e+01 8.576747978275527373e+00
-4.107049832269094480e+01 9.051036149641753070e+00
-4.051811054307540871e+01 9.497446690164720096e+00
-3.993606139447091863e+01 9.915461111211909540e+00
-3.932635313013399525e+01 1.030518694041331962e+01
-3.869053173606820195e+01 1.066657543862545943e+01
-3.803028107883331899e+01 1.099943238816745072e+01
-3.734634220319660614e+01 1.130424680155653938e+01
-3.664065602917650466e+01 1.158148431684773527e+01
-3.591433889678585700e+01 1.183185792335696718e+01
-3.516819018520916984e+01 1.205545571050991782e+01
-3.440359156316168310e+01 1.225283702589210399e+01
-3.362116742655149437e+01 1.242463566411769982e+01
-3.282238981062009486e+01 1.257125844253048896e+01
-3.200789391157746167e+01 1.269283233826239510e+01
-3.117908576751268157e+01 1.278941685585955845e+01
-3.033652240187631222e+01 1.286097542421124196e+01
-2.948077502109307346e+01 1.290766022311953343e+01
-2.861244532529137530e+01 1.293000277991181690e+01
-2.773291738071052492e+01 1.292936358007704278e+01
-2.684353073220509955e+01 1.290674242353527745e+01
-2.594539670530976139e+01 1.286290529422128515e+01
-2.503976354680714067e+01 1.279845178140376305e+01
-2.412753435801979762e+01 1.271373938950955917e+01
-2.320966048852630692e+01 1.260923690004759301e+01
-2.228741285901881142e+01 1.248509205984121628e+01
-2.136149722549614083e+01 1.234155091363720480e+01
-2.043285332537854160e+01 1.217857386080900639e+01
-1.950282655890599059e+01 1.199615819122167260e+01
-1.857242166894779700e+01 1.179359028692345746e+01
-1.764311663197839408e+01 1.157085443159916593e+01
-1.671612336364554707e+01 1.132777773406416522e+01
-1.579291676099981423e+01 1.106377493542413504e+01
-1.487527367857431138e+01 1.077774021070954191e+01
-1.396512566821438561e+01 1.046874533304844057e+01
-1.306474631344596204e+01 1.013550899256115301e+01
-1.217658616005743966e+01 9.777176623818254697e+00
-1.130247892671159882e+01 9.392757441393143836e+00
-1.044413666800331519e+01 8.982860999619331821e+00
-9.604925310188475507e+00 8.548824904292674276e+00
-8.786761429841456916e+00 8.091816448027950415e+00
-7.992643183048028455e+00 7.613853950810478999e+00
-7.224404141829113613e+00 7.116736021758598874e+00
-6.484682138577275268e+00 6.602736235844453461e+00
-5.774335281765655026e+00 6.072501243460835418e+00
-5.094042321743826207e+00 5.527400530605895312e+00
-4.444426977380603994e+00 4.969244980462577566e+00
-3.827014982138911670e+00 4.401289675919475286e+00
-3.244292670588838412e+00 3.827129858294191056e+00
-2.697362997927153838e+00 3.250245723199349790e+00
-2.186072524746180079e+00 2.674124806567875545e+00
-1.712031375704144986e+00 2.106463535085648431e+00
-1.276758321261210138e+00 1.556093895682304939e+00
-8.838256906372046195e-01 1.038627502624422938e+00
-5.367024462813930752e-01 5.768370998991352305e-01
-2.403989215252465006e-01 2.092978512174928640e-01
2.029193781839531231e-07 6.599834488591233722e-05
