1.107422994240091496e+00 3.896266437023479767e+01
1.759247718063876142e+00 3.779143165098152224e+01
2.075908945876885348e+00 3.674617055723444992e+01
2.158963346589047205e+00 3.596004761573441044e+01
2.096647911290886235e+00 3.558102994219476756e+01
1.965092880606339687e+00 3.573563478668392435e+01
1.831179454844185095e+00 3.629943693184674913e+01
1.677310656897826213e+00 3.713655749864924616e+01
1.482742084637816760e+00 3.812704509917043794e+01
1.218296743005096605e+00 3.916107539308249841e+01
8.499901995357147522e-01 4.012727659726280649e+01
3.378308321441647610e-01 4.091067685026433765e+01
-4.028229700116350842e-01 4.144271800700873598e+01
-1.310394916742683602e+00 4.175305292913689925e+01
-2.369042192800537183e+00 4.187847404150053876e+01
-3.543746141083847778e+00 4.186163796083077671e+01
-4.801353244411515675e+00 4.175477699125853093e+01
-6.114020454521151393e+00 4.160533796788239869e+01
-7.465952125152490737e+00 4.145446933719968996e+01
-8.845349339092436480e+00 4.132992506546218436e+01
-1.024222901936937191e+01 4.123919512692908285e+01
-1.164677045619252027e+01 4.117896177324620055e+01
-1.305157991142065121e+01 4.113903876041779029e+01
-1.445281246929114438e+01 4.110690878272220772e+01
-1.584486066321669995e+01 4.106900278738130794e+01
-1.722697478999607767e+01 4.101092012870211789e+01
-1.859607924549841229e+01 4.092034336136265438e+01
-1.994988084589309096e+01 4.078763195038035150e+01
-2.128588527107215000e+01 4.060604081932440579e+01
-2.260119835842667513e+01 4.037176024001860952e+01
-2.389361475764405895e+01 4.008360318257224009e+01
-2.516041416262753216e+01 3.974214862211110244e+01
-2.639852985746750491e+01 3.934987434344766655e+01
-2.760637707231342119e+01 3.890996513888996589e+01
-2.878011013054918976e+01 3.842418482428699633e+01
-2.991571869316567245e+01 3.789289397593674380e+01
-3.101189389146884423e+01 3.731483354227248839e+01
-3.206481599549663741e+01 3.668810849658933648e+01
-3.307134974332246458e+01 3.601145541320725130e+01
-3.403092433245132042e+01 3.528412399783810827e+01
-3.494258860426136692e+01 3.450727844487502693e+01
-3.580436566003640309e+01 3.368075784864844024e+01
-3.661451799166724186e+01 3.280524999202359737e+01
-3.737223860737010028e+01 3.188299438172552058e+01
-3.807673961095135695e+01 3.091621005982369752e+01
-3.872894950794599822e+01 2.991039901821718416e+01
-3.933007781980749940e+01 2.886910277359691079e+01
-3.988064345539151390e+01 2.779657995705824192e+01
-4.038242354033033621e+01 2.669678186874125814e+01
-4.083595512274034434e+01 2.557377621178394378e+01
-4.124348819469564376e+01 2.443188316734768151e+01
-4.160848733793819321e+01 2.327507867828245836e+01
-4.193358768330329411e+01 2.210595073886734596e+01
-4.222096226372440242e+01 2.092776111914150405e+01
-4.247412383641452038e+01 1.974334531670033144e+01
-4.269478717714655858e+01 1.855677771677046550e+01
-4.288341233185801116e+01 1.737038723607494362e+01
-4.303630052502894188e+01 1.618483736716812160e+01
-4.314503006696575227e+01 1.500166057578493373e+01
-4.319664401224184047e+01 1.382244050321981454e+01
-4.317462499740883430e+01 1.265151487691189303e+01
-4.306476360920790114e+01 1.149502640184001478e+01
-4.285369904978647781e+01 1.036269887618117735e+01
-4.253342953312056096e+01 9.265211243902765403e+00
-4.210179841268679013e+01 8.213015055840072520e+00
-4.156031413438282840e+01 7.215319343456295442e+00
-4.091138797947142791e+01 6.277384954772664116e+00
-4.016293137651218359e+01 5.402545240061951581e+00
-3.932605255623769125e+01 4.592155229013049400e+00
-3.841286572729530491e+01 3.844321337412496042e+00
-3.743555293188862265e+01 3.156620676682345472e+00
-3.640534386255630750e+01 2.528311611910367240e+00
-3.532689994159686364e+01 1.960082160159783093e+00
-3.420430673621320494e+01 1.449170908668389046e+00
-3.304389109111686906e+01 9.946044543331269416e-01
-3.184814413809092670e+01 5.949938501504917765e-01
-3.061932129204728881e+01 2.494926459310527200e-01
-2.935656532811894337e+01 -4.379884099588984836e-02
-2.805701321901534939e+01 -2.859145042290519578e-01
-2.671904305035679172e+01 -4.788081705175566971e-01
-2.534595890176611732e+01 -6.242076944494753254e-01
-2.394270877623680960e+01 -7.264756914134365973e-01
-2.251710655961531771e+01 -7.904416224993262574e-01
-2.107403302966043768e+01 -8.212468394770695568e-01
-1.961873339227519963e+01 -8.236761701384164303e-01
-1.815761650146126982e+01 -8.021728545548530986e-01
-1.669496092025221046e+01 -7.607903979904604430e-01
-1.523551731246096708e+01 -7.031342182680880848e-01
-1.378183797846747893e+01 -6.333234566679534217e-01
-1.233372590972432725e+01 -5.558174664174080348e-01
-1.089290446976775684e+01 -4.742038322609265499e-01
-9.466434855735824883e+00 -3.905685986599547466e-01
-8.066844367495026091e+00 -3.066950200952252570e-01
-6.704967206480364261e+00 -2.247653605530768317e-01
-5.392606979818894253e+00 -1.488374979846619761e-01
-4.134985514598708889e+00 -8.395986302575764171e-02
-2.947254900565249081e+00 -3.521813391909493079e-02
-1.852920123376012640e+00 -5.968744372403743913e-03
-8.762569615480564345e-01 4.026136127902429571e-03
-9.563926537119754414e-07 8.080706474828711587e-06
