-1.067312610989718280e+01 3.711147065409769130e+00
-1.599799881078982366e+01 3.677773147088098771e+00
-1.924393595819102032e+01 3.596385265093049899e+00
-2.137920460079040907e+01 3.466323861795790329e+00
-2.285918806793338476e+01 3.294745751504736031e+00
-2.393617394405985266e+01 3.089794168402796082e+00
-2.476056758117365320e+01 2.857680811793664954e+00
-2.542463876662221267e+01 2.603135921706560385e+00
-2.598533657727158896e+01 2.329482172825805275e+00
-2.647774788050087835e+01 2.038666336874356944e+00
-2.692380392623791252e+01 1.731444230450685851e+00
-2.733641751976886880e+01 1.408094418263173164e+00
-2.772298033959924268e+01 1.068020330571558318e+00
-2.808724175233602338e+01 7.101239374499217494e-01
-2.843038670571985804e+01 3.334010617604009075e-01
-2.875157763041310588e+01 -6.290608217555543336e-02
-2.904895125399002609e+01 -4.798717164012892833e-01
-2.931923187397749686e+01 -9.180764447956638596e-01
-2.955831181661845264e+01 -1.378659846780765363e+00
-2.976136719639713135e+01 -1.862218291945964666e+00
-2.992310738729625896e+01 -2.367940725135743385e+00
-3.003774981917207754e+01 -2.895312598189986986e+00
-3.010020456233347730e+01 -3.442582686026030458e+00
-3.010687628992671705e+01 -4.006306256444537972e+00
-3.005444098237382278e+01 -4.582702579937832255e+00
-2.994022088389382930e+01 -5.167505939956228644e+00
-2.976300734545097271e+01 -5.756804627712203803e+00
-2.952421509475723838e+01 -6.346294031373083122e+00
-2.922592318884460738e+01 -6.931989890080560102e+00
-2.887036262782066132e+01 -7.511022903640395931e+00
-2.846173352451597083e+01 -8.080831110691919505e+00
-2.800399825712915103e+01 -8.639476273987087396e+00
-2.750029960125903372e+01 -9.185268106296661017e+00
-2.695357072196594572e+01 -9.716306548774754859e+00
-2.636593513626577590e+01 -1.023041273558048658e+01
-2.573823747479879742e+01 -1.072583599121493947e+01
-2.507221776157258830e+01 -1.120056728615123554e+01
-2.436877911395055918e+01 -1.165294244426157633e+01
-2.362923804592214339e+01 -1.208130241848204278e+01
-2.285444685715997792e+01 -1.248456158609736733e+01
-2.204610432970270040e+01 -1.286231843759783899e+01
-2.120601919278470149e+01 -1.321468634952865351e+01
-2.033601858335244117e+01 -1.354265513956053368e+01
-1.943881626695358733e+01 -1.384763981168724989e+01
-1.851668735901950669e+01 -1.413077476561888268e+01
-1.757110932546779480e+01 -1.439350907170833871e+01
-1.660363664830920527e+01 -1.463716455735537103e+01
-1.561558302945711851e+01 -1.486317638493932769e+01
-1.460751125553971441e+01 -1.507354817885025433e+01
-1.358114355071474577e+01 -1.526963494626814999e+01
-1.253753683108233652e+01 -1.545248314307444915e+01
-1.147625319917157327e+01 -1.562333561707169061e+01
-1.039916032048348882e+01 -1.578282884102744887e+01
-9.306647696519643631e+00 -1.593156217057988044e+01
-8.200308630227837625e+00 -1.606943447895959309e+01
-7.081551766180978369e+00 -1.619551849743247374e+01
-5.952541845699471423e+00 -1.630809900993665451e+01
-4.813760128060589061e+00 -1.640480779074059825e+01
-3.667077864490622119e+00 -1.648267456344229487e+01
-2.514583015184463477e+00 -1.653838482018247191e+01
-1.357703594210128761e+00 -1.656726686607280996e+01
-1.996050142324258814e-01 -1.656424996557096563e+01
9.577620620031511711e-01 -1.652411483443729523e+01
2.110247090838641704e+00 -1.644153837280446240e+01
3.253645780733569470e+00 -1.631171307898056355e+01
4.383283461707010886e+00 -1.612978683522754153e+01
5.494097739418884352e+00 -1.589117383831698227e+01
6.579782983681019104e+00 -1.559271163980157304e+01
7.634236482018907921e+00 -1.523170690684757744e+01
8.650272144926605122e+00 -1.480657886882297802e+01
9.619459987521311817e+00 -1.431775622404060755e+01
1.053289530098521709e+01 -1.376573592393231316e+01
1.137904914689666924e+01 -1.315142782601407312e+01
1.214676706325739985e+01 -1.247592285548983959e+01
1.282257923823919477e+01 -1.174379922924225639e+01
1.339197120504637617e+01 -1.096197658916873152e+01
1.384012482894462970e+01 -1.013973228120323178e+01
1.415358747146864182e+01 -9.288482900998618064e+00
1.432193782060950760e+01 -8.421780720803127451e+00
1.434160261337606457e+01 -7.553674284924762006e+00
1.421778577427429191e+01 -6.699955560237283336e+00
1.396099695202037694e+01 -5.874046586666747061e+00
1.358523327838296169e+01 -5.088914332097309590e+00
1.310574111100476991e+01 -4.357434111121306408e+00
1.253582545519694946e+01 -3.689782118006591283e+00
1.188641753120851519e+01 -3.092372350957421911e+00
1.116858356992173640e+01 -2.567987050291682838e+00
1.039192984714303059e+01 -2.114821057182438846e+00
9.565704378028744514e+00 -1.727838852182149720e+00
8.697952837648800894e+00 -1.399342108869084722e+00
7.797901066780975832e+00 -1.121263383955872106e+00
6.874090507397220939e+00 -8.860636335898297578e-01
5.935942066283845797e+00 -6.873412015636605199e-01
4.994329434628840936e+00 -5.196917715898794476e-01
4.061148221597477459e+00 -3.787054413052383106e-01
3.149364891598442906e+00 -2.608447312272533236e-01
2.274424650418191529e+00 -1.637936839553003898e-01
1.453818062656464738e+00 -8.691125967025040144e-02
7.025917483856568557e-01 -3.156701248006208577e-02
9.658291787345201807e-07 -6.764913023524641764e-06
