1.002867335778256397e+01 1.793447509572932574e+01
1.466173097410499260e+01 1.813764465822753280e+01
1.582433063086806513e+01 1.832928577706570294e+01
1.487642659200019324e+01 1.849563384222143370e+01
1.276945009195055825e+01 1.861801771791261473e+01
1.021425768091931019e+01 1.867009652946655862e+01
7.731965688883405186e+00 1.861363731179656966e+01
5.205736774237426090e+00 1.842654143977252801e+01
2.687063803217089486e+00 1.817678790991777049e+01
2.262101443621692964e-01 1.789053689687379745e+01
-2.142027266540857511e+00 1.757596893987535580e+01
-4.395617879173322251e+00 1.722688032693096716e+01
-6.524235654757398528e+00 1.682908118404153441e+01
-8.528285458737878244e+00 1.636972070677735047e+01
-1.040833399427602224e+01 1.584079535025347596e+01
-1.216874085120341675e+01 1.523142884587457857e+01
-1.380482449335983475e+01 1.453290416241972949e+01
-1.530824265351178681e+01 1.373642953604806216e+01
-1.666901834930459003e+01 1.283514510003934816e+01
-1.787967596865895104e+01 1.182981044706704488e+01
-1.893876645552154514e+01 1.072499688161047793e+01
-1.985204281482794642e+01 9.536639088318910495e+00
-2.062844895729735128e+01 8.285529522244408085e+00
-2.128097605516887469e+01 6.986494143012321523e+00
-2.182454869606846870e+01 5.658098731192307440e+00
-2.227495033274278313e+01 4.316934023575719870e+00
-2.264395608260082682e+01 2.977510655140839901e+00
-2.294239009543888841e+01 1.645923119022585812e+00
-2.317744194992411622e+01 3.285936506992465089e-01
-2.335164602995777017e+01 -9.745682287766214147e-01
-2.346180126718055803e+01 -2.261746042625072395e+00
-2.350142400218626548e+01 -3.530494276608473481e+00
-2.346562514978045755e+01 -4.778783004624649777e+00
-2.335136045473955235e+01 -6.002854913748453036e+00
-2.315829587742190654e+01 -7.200888945950886466e+00
-2.288889832039169647e+01 -8.369273720764535796e+00
-2.255015191588893231e+01 -9.506380212716784683e+00
-2.214810091873250641e+01 -1.061167141874037512e+01
-2.168686339423240739e+01 -1.168459356417190342e+01
-2.117081022489116293e+01 -1.272484940141914755e+01
-2.060020593924885546e+01 -1.373247956292538241e+01
-1.997537589913413214e+01 -1.470590894303392560e+01
-1.929462833760318929e+01 -1.563939510898289420e+01
-1.855654151110293171e+01 -1.652712664733954995e+01
-1.775978148626244391e+01 -1.736170521620224960e+01
-1.690252404222941607e+01 -1.813504161253093727e+01
-1.598412515593722283e+01 -1.884141368978696462e+01
-1.500874444354403536e+01 -1.947683076207514219e+01
-1.398052446367849022e+01 -2.004014965824967121e+01
-1.290526389927051198e+01 -2.053182379248574918e+01
-1.178867315574069252e+01 -2.095569433172840590e+01
-1.063749236068491655e+01 -2.131582765986111738e+01
-9.457248430940548900e+00 -2.161630502571532020e+01
-8.252082067852260394e+00 -2.186195254844254876e+01
-7.025728167921835521e+00 -2.205695315276051360e+01
-5.780633621545374190e+00 -2.220478791757398085e+01
-4.521018357473947091e+00 -2.230824330427728697e+01
-3.247943010271349795e+00 -2.236861324975540199e+01
-1.963368400079719578e+00 -2.238719845278180287e+01
-6.699365093415948769e-01 -2.236327546658298715e+01
6.305451446385235137e-01 -2.229484006165797538e+01
1.937942404857167622e+00 -2.217903681458277276e+01
3.247352993853386494e+00 -2.201294118580910464e+01
4.554159420532661429e+00 -2.179276745255677383e+01
5.856063366936601788e+00 -2.151157427368183050e+01
7.148022509769407229e+00 -2.116250752691126991e+01
8.422480325333497220e+00 -2.073760045948997188e+01
9.674126664465447334e+00 -2.022672006028891545e+01
1.089625456772145817e+01 -1.962035018249676810e+01
1.207796327590750529e+01 -1.891452558887060675e+01
1.320948843729869182e+01 -1.810678006375411897e+01
1.427968489775151895e+01 -1.720023926050238572e+01
1.527931649577303475e+01 -1.620069096110179530e+01
1.619994615408322503e+01 -1.511551658445482538e+01
1.703242404627538065e+01 -1.395685124677724964e+01
1.776906698538528673e+01 -1.273282533111555992e+01
1.840599105721744522e+01 -1.145294966392698477e+01
1.894004341393924662e+01 -1.013212477092807084e+01
1.936280168549459901e+01 -8.786745981905902170e+00
1.966197970949425056e+01 -7.434238115853684548e+00
1.981368480373757990e+01 -6.096871144902574535e+00
1.978281034560394502e+01 -4.800562944019046263e+00
1.953075418130128682e+01 -3.582780185949501650e+00
1.903881931187431675e+01 -2.485981045389041189e+00
1.830921257786549816e+01 -1.552597885916045195e+00
1.736210154493130275e+01 -8.115524798207935930e-01
1.624356010164964204e+01 -2.619912414942659473e-01
1.502096150104621763e+01 1.369039978955745862e-01
1.373525047814928257e+01 4.516352450115266315e-01
1.241220157104593902e+01 6.995453752151117310e-01
1.106503186229067559e+01 8.805087252717569424e-01
9.712135496196800943e+00 9.889405597041044382e-01
8.362780030294620914e+00 1.025321222241407426e+00
7.034275016764511612e+00 9.924125367338322290e-01
5.730489483961716424e+00 8.954789111968450843e-01
4.457440896569178079e+00 7.442795170648585090e-01
3.233145738585487372e+00 5.531248951230457456e-01
2.075614088770146193e+00 3.425132041200089072e-01
1.004915858506120641e+00 1.434271273955601556e-01
1.821344563209686617e-06 4.334401830778531812e-05
