-3.233432244042468540e+01 2.066083988449224407e+01
-4.929731100170789659e+01 2.081438231765990565e+01
-5.664961297192778744e+01 2.096820444903374536e+01
-5.813854985853937052e+01 2.112265344535468614e+01
-5.609842029615673198e+01 2.127822768474402082e+01
-5.201213274092305028e+01 2.143569697380931061e+01
-4.686895257288121286e+01 2.159628823719833690e+01
-4.140316373247993909e+01 2.176198147098411440e+01
-3.627113829118891886e+01 2.193598724068753114e+01
-3.217704531522809219e+01 2.212450844837261954e+01
-2.886984326570352266e+01 2.238492804464555519e+01
-2.598930890043123298e+01 2.273486007377075779e+01
-2.339106724455669095e+01 2.309037308143660283e+01
-2.101051184400627747e+01 2.338886346319380394e+01
-1.880850638461171087e+01 2.360012152998349677e+01
-1.676267437551155481e+01 2.371395625704811039e+01
-1.485665979281922056e+01 2.373265791378916845e+01
-1.307158205822314123e+01 2.366001208112153265e+01
-1.140100409369162726e+01 2.349938781618526562e+01
-9.845348187649841876e+00 2.325341202499320303e+01
-8.407766353442147178e+00 2.292276147662837360e+01
-7.102475999253086592e+00 2.250892689723832518e+01
-5.951019112718780590e+00 2.201341531048684885e+01
-4.984764202103831643e+00 2.144005867656798969e+01
-4.245984357413204791e+00 2.079902916730365448e+01
-3.787468724032052148e+00 2.011597941142770196e+01
-3.664608483247361104e+00 1.942043433821881493e+01
-3.914877915905516925e+00 1.876416229235172040e+01
-4.539760779376418753e+00 1.818075665853224265e+01
-5.406834881294168227e+00 1.765847095346920526e+01
-6.426848010563293023e+00 1.718086676652337275e+01
-7.544490983639519754e+00 1.673337525330639153e+01
-8.725765998545702118e+00 1.630216162680566683e+01
-9.950227143378279848e+00 1.587519247885145646e+01
-1.120300217296771272e+01 1.544242905308372471e+01
-1.247527807020217772e+01 1.499523597220152737e+01
-1.376171053202617678e+01 1.452598846933910082e+01
-1.505564113722731712e+01 1.402937501087438399e+01
-1.635401773736150588e+01 1.349963655160974518e+01
-1.765011710290844249e+01 1.293385839034678675e+01
-1.894020458353219993e+01 1.232775500354773079e+01
-2.021661446075168911e+01 1.167866838935495366e+01
-2.147069233508578634e+01 1.098283093820697864e+01
-2.269606848760114914e+01 1.023224310283178973e+01
-2.388339517183192129e+01 9.419003218341869044e+00
-2.502385508592668373e+01 8.533558284875129019e+00
-2.610672358701179618e+01 7.569052534873680571e+00
-2.712213057648131098e+01 6.520649866409892859e+00
-2.806054782095297639e+01 5.389080468179946237e+00
-2.891149537712383832e+01 4.178641062739791856e+00
-2.966603407792167602e+01 2.893915085927546649e+00
-3.031635756741944121e+01 1.543099952315208911e+00
-3.085419742385313668e+01 1.345828062904109723e-01
-3.127195930980487759e+01 -1.320544839497736156e+00
-3.156207171215304541e+01 -2.809230411753570689e+00
-3.171776714395149099e+01 -4.317440440265960078e+00
-3.173192944967820850e+01 -5.832446960575929928e+00
-3.160020987329500741e+01 -7.338890581669171631e+00
-3.131858398395758414e+01 -8.815227651529962571e+00
-3.088091391077076509e+01 -1.024704882919018090e+01
-3.028723504526877619e+01 -1.161847434636535148e+01
-2.954305681452177623e+01 -1.291680833458896238e+01
-2.865912265066469544e+01 -1.413438265990237319e+01
-2.765259482141329883e+01 -1.526479203967274501e+01
-2.654008843666819217e+01 -1.630479581303374204e+01
-2.533857875816206473e+01 -1.725219907928490315e+01
-2.406434907777102694e+01 -1.810309170447902716e+01
-2.272978810527619586e+01 -1.885384322751922070e+01
-2.134244772877583429e+01 -1.950250406557340810e+01
-1.991140056573682315e+01 -2.005067176053833577e+01
-1.844825571740901893e+01 -2.049971153100298693e+01
-1.696014817737728464e+01 -2.085541067503375245e+01
-1.545691953785007122e+01 -2.112236792378863726e+01
-1.394768929061720719e+01 -2.130361415640735601e+01
-1.244409826395600938e+01 -2.140007082371207403e+01
-1.095346073759128203e+01 -2.140633761006341729e+01
-9.483994231995378499e+00 -2.131571364603357566e+01
-8.045349524817552833e+00 -2.111926527301716661e+01
-6.647174949101539276e+00 -2.080681851582841801e+01
-5.302482545491854715e+00 -2.037148159088473065e+01
-4.024212226741302523e+00 -1.980955169272762362e+01
-2.828208305398352884e+00 -1.912175050841884882e+01
-1.728262406814518704e+00 -1.830833039764407388e+01
-7.335551360734732240e-01 -1.737488289766080030e+01
1.534488101589582820e-01 -1.632734034467029716e+01
9.338574757920249381e-01 -1.518300599032627929e+01
1.608160184966584083e+00 -1.396428215287109253e+01
2.172296715866305128e+00 -1.269696511021173002e+01
2.620814203516042884e+00 -1.140383415789881028e+01
2.945657525250671149e+00 -1.010385857794679509e+01
3.140643455059757283e+00 -8.813275744619698315e+00
3.199056513714420458e+00 -7.551354705285226565e+00
3.116272098320538753e+00 -6.328585596940878411e+00
2.896419867622339162e+00 -5.158347132392614220e+00
2.549206140314786762e+00 -4.036493775245755700e+00
2.100856515831126092e+00 -2.973434521931185959e+00
1.586259865414235026e+00 -1.991560471819031619e+00
1.042426658323274857e+00 -1.125851536705821276e+00
5.075421984943528919e-01 -4.345779295587074431e-01
1.124291278760847234e-06 -1.157434904392670038e-04
