1.043190334216294701e+01 2.226658124094807079e+01
1.534766521267704853e+01 2.253036494330224571e+01
1.820845558578473344e+01 2.266618555772102184e+01
2.003448557338365532e+01 2.267593025638742787e+01
2.129083802823988592e+01 2.258326767068303198e+01
2.220680197450662874e+01 2.239601675786881785e+01
2.289363135234873781e+01 2.210898644198693219e+01
2.341276436565005170e+01 2.172274273375857234e+01
2.380281869951364371e+01 2.124450843016067125e+01
2.409354544014267674e+01 2.069212164006849974e+01
2.431038781258165216e+01 2.008449125153105541e+01
2.447803272310608236e+01 1.943583119146949656e+01
2.461441456072221001e+01 1.875499625024824368e+01
2.473112030408170625e+01 1.804772445188074315e+01
2.483466538040720195e+01 1.731736916356280531e+01
2.492891274760204823e+01 1.656534517472245582e+01
2.501530465750995091e+01 1.579259619611769239e+01
2.509519523292462750e+01 1.499994721255493069e+01
2.516786429267601122e+01 1.418782260259626327e+01
2.523309135383188462e+01 1.335641480957839278e+01
2.529147943713282487e+01 1.250582534609277197e+01
2.534318635314020085e+01 1.163649831870739071e+01
2.538833907700846737e+01 1.074972787385751616e+01
2.542741219916804596e+01 9.845197207559040820e+00
2.546147025248724560e+01 8.923285330113065683e+00
2.549146998277814902e+01 7.984366001080751118e+00
2.551851196855731274e+01 7.028399700931656113e+00
2.554473489770830952e+01 6.053936617584153801e+00
2.557196460157974727e+01 5.060710295037093687e+00
2.560041354376327760e+01 4.050918343532803334e+00
2.563176133471012363e+01 3.026949701741166621e+00
2.566769571948537632e+01 1.989467806661358251e+00
2.570941448175959465e+01 9.398698430158186623e-01
2.575790003022254737e+01 -1.154177922344998969e-01
2.581112669504211254e+01 -1.171828686513409101e+00
2.586361433806046861e+01 -2.226799167881693631e+00
2.590625044485306461e+01 -3.281662931247304460e+00
2.593111476279976202e+01 -4.336745630549709851e+00
2.593352408329779379e+01 -5.396786097144134153e+00
2.591279319343472309e+01 -6.468346397382205737e+00
2.586915925219718559e+01 -7.548582913013640372e+00
2.580358948899949567e+01 -8.630622794771776185e+00
2.571727758690931154e+01 -9.706840270061611875e+00
2.560785031089282526e+01 -1.077026568032127507e+01
2.547030764279634951e+01 -1.181356956604091657e+01
2.529535199028682868e+01 -1.282929474772296174e+01
2.506863454449513995e+01 -1.381109956415516216e+01
2.477534909998367496e+01 -1.474846905740106706e+01
2.440174625460040048e+01 -1.563117413728478233e+01
2.393917585792305758e+01 -1.644590984763575037e+01
2.338740219450531299e+01 -1.718166402578575358e+01
2.275297143112805998e+01 -1.783071224927881460e+01
2.204865069189114379e+01 -1.838967729906696391e+01
2.128792485262407652e+01 -1.886091538030421333e+01
2.048374737624777353e+01 -1.925157139280787177e+01
1.964616087691761948e+01 -1.956866935596181634e+01
1.878358573958255917e+01 -1.982135103600925419e+01
1.790457628420076119e+01 -2.002241087751728443e+01
1.701723088514839333e+01 -2.018569466506166066e+01
1.612665958321403181e+01 -2.032257564116347481e+01
1.523615249373992064e+01 -2.044166136930741828e+01
1.434846493138433843e+01 -2.054604848196448685e+01
1.346428725073885957e+01 -2.063653501507064547e+01
1.258379281153696461e+01 -2.071072780672158586e+01
1.170756731739848355e+01 -2.076489363713666592e+01
1.083490202792191504e+01 -2.079524382602033583e+01
9.967552863847215505e+00 -2.080052315391912998e+01
9.105030435217983609e+00 -2.077858797812340441e+01
8.248126064403978219e+00 -2.072872100115417737e+01
7.398748408210665595e+00 -2.064943465926351962e+01
6.559722987800831184e+00 -2.053566063042151058e+01
5.736154581609955727e+00 -2.038007049448886576e+01
4.935695167174214859e+00 -2.017233848242555183e+01
4.167964184160953600e+00 -1.989985298417803605e+01
3.445729732844096116e+00 -1.955241975697791545e+01
2.781977625596247172e+00 -1.911973917576153426e+01
2.186927147687046880e+00 -1.859851685139929245e+01
1.660905670294176906e+00 -1.799337228980540360e+01
1.194755169109407822e+00 -1.732118169800177654e+01
7.785497892896715566e-01 -1.659897079359812722e+01
4.050228431783440830e-01 -1.583795455956347453e+01
7.091231201869210854e-02 -1.504602494844072957e+01
-2.216804456941562085e-01 -1.422744486882074000e+01
-4.690094416656025444e-01 -1.338462846026706110e+01
-6.679360377530867421e-01 -1.251863078692261766e+01
-8.186227613493898270e-01 -1.163048096282060939e+01
-9.257074734456605114e-01 -1.072450407886917212e+01
-9.930932533759331271e-01 -9.804445400649104414e+00
-1.025974226877756079e+00 -8.874776838195783668e+00
-1.029218752523470837e+00 -7.939369749008642785e+00
-1.006503543046073146e+00 -7.001571289918378405e+00
-9.606563230092804995e-01 -6.064723568795958641e+00
-8.925736497339690212e-01 -5.132512431321886837e+00
-8.021916303957205008e-01 -4.208260379986534794e+00
-6.906312881281787552e-01 -3.302548330672668175e+00
-5.611442795678156514e-01 -2.431093106245560076e+00
-4.180132372787189743e-01 -1.613830349513450058e+00
-2.693184082763382392e-01 -8.891293627967097324e-01
-1.252986311992855539e-01 -3.172240264806521770e-01
-2.355003304046684193e-07 -4.054152031751148553e-05
