2.408222821984326600e+01 2.592267379233015134e+01
3.866243087326827776e+01 2.503655964883352780e+01
4.667424350677355704e+01 2.415009909484127348e+01
5.048828430651364840e+01 2.326287499004768478e+01
5.162621332965227339e+01 2.237431429289545903e+01
5.106226582462588937e+01 2.148357105696212699e+01
4.942252224115566150e+01 2.058935370460737602e+01
4.711297503367779171e+01 1.968966130876700404e+01
4.440258215029768962e+01 1.878137503302662026e+01
4.147829287118213415e+01 1.785962130264316983e+01
3.848330048754282018e+01 1.691677666477780662e+01
3.554634650170631716e+01 1.594091112544717603e+01
3.280754970398980674e+01 1.491334621920881354e+01
3.041578322322300210e+01 1.379451277360172767e+01
2.848430311195244968e+01 1.254228594675420894e+01
2.706562148531671141e+01 1.110250721329839507e+01
2.609573658456177725e+01 9.516006579933030451e+00
2.545949153110572283e+01 7.863010701534797420e+00
2.505680039627574018e+01 6.203416116162588700e+00
2.480980994614814605e+01 4.575446155875082965e+00
2.466029866841565266e+01 2.999645723863520352e+00
2.456612151687288303e+01 1.487221378775310798e+00
2.449814628073493239e+01 4.264523317419970788e-02
2.443788944028862531e+01 -1.333190887468581165e+00
2.437298306645779178e+01 -2.643436975855014914e+00
2.429581009896432064e+01 -3.893372150840204604e+00
2.420050039777748907e+01 -5.088662003609170981e+00
2.408329285541132236e+01 -6.233344284317023032e+00
2.394005961743217981e+01 -7.330857871907503487e+00
2.376684865093558940e+01 -8.384037590146157015e+00
2.355923121968650946e+01 -9.393848036691901271e+00
2.331321627081445058e+01 -1.036028236261597080e+01
2.302614409454305289e+01 -1.128290895737733379e+01
2.269685198465023390e+01 -1.216047920908670399e+01
2.232527458761071770e+01 -1.299078009553573843e+01
2.191193417202044103e+01 -1.377133855093207337e+01
2.145770717585113019e+01 -1.449955948433216513e+01
2.096464627127514291e+01 -1.517362607196055535e+01
2.043605681240069671e+01 -1.579350360070405834e+01
1.987676940515914481e+01 -1.636024782295341495e+01
1.929133904704477942e+01 -1.687548319748523085e+01
1.868418853632908139e+01 -1.734171156607581921e+01
1.805999096329739118e+01 -1.776161907223666603e+01
1.742240707379753673e+01 -1.813679201212937642e+01
1.677378769886436771e+01 -1.846844055685198427e+01
1.611650125177888526e+01 -1.875855776096087624e+01
1.545296021555321353e+01 -1.900983942785130409e+01
1.478497808888710630e+01 -1.922450798534348948e+01
1.411398498937972690e+01 -1.940460555071361171e+01
1.344111592356978591e+01 -1.955221573540938707e+01
1.276751027248501735e+01 -1.966962423978283780e+01
1.209442302214164044e+01 -1.975897554119266530e+01
1.142297686178978999e+01 -1.982193192831739381e+01
1.075434606669749371e+01 -1.985969661200906344e+01
1.008955595651463888e+01 -1.987287615421256248e+01
9.429671294485721944e+00 -1.986156834969165885e+01
8.775781271530858518e+00 -1.982546967271095184e+01
8.129071436639300430e+00 -1.976389255849240811e+01
7.490756453338441645e+00 -1.967578037386838830e+01
6.862214256998737660e+00 -1.955990739129265066e+01
6.244877969197437650e+00 -1.941504585136007321e+01
5.640494558631520050e+00 -1.923996857062236998e+01
5.050872357451721584e+00 -1.903366351793145839e+01
4.478290566740301237e+00 -1.879588037185989435e+01
3.925288838119111112e+00 -1.852604677820301049e+01
3.394724669941048489e+00 -1.822387528407194068e+01
2.889575563993227902e+00 -1.788904905207088802e+01
2.412744878014172478e+00 -1.752178309735408845e+01
1.966878453658766679e+00 -1.712255961049578445e+01
1.554229353283386184e+00 -1.669216922973905071e+01
1.176372447875301042e+00 -1.623174436233111351e+01
8.337579218580736251e-01 -1.574358182802200723e+01
5.259197042713380510e-01 -1.523040921528042446e+01
2.514704661773327077e-01 -1.469558100458248440e+01
8.490261357525310387e-03 -1.414238620147462910e+01
-2.056063953434978664e-01 -1.357426168548166778e+01
-3.932242192295277161e-01 -1.299436590468950747e+01
-5.560767894281910539e-01 -1.240493303449617990e+01
-6.958184568875664944e-01 -1.180805638078592601e+01
-8.135349200792617586e-01 -1.120532472480458885e+01
-9.100557089309289083e-01 -1.059794430281557531e+01
-9.861620841635384549e-01 -9.987075855947228575e+00
-1.042364904037597961e+00 -9.373733209531378563e+00
-1.079045599256477805e+00 -8.758545175341080125e+00
-1.096825402140876760e+00 -8.142264792831070963e+00
-1.096521448743540628e+00 -7.525437834210512378e+00
-1.079326137536397612e+00 -6.908784771850362993e+00
-1.046534488572768096e+00 -6.292986693375423712e+00
-9.996799787731422970e-01 -5.678718320607699432e+00
-9.404885258230646361e-01 -5.066747049173841333e+00
-8.708481345981832211e-01 -4.458183261547004506e+00
-7.925982435745965171e-01 -3.854312243236437396e+00
-7.075301115822004716e-01 -3.257516484153651692e+00
-6.170478978166957784e-01 -2.670755551621728952e+00
-5.222621754014571405e-01 -2.099007889559158180e+00
-4.240094255308695104e-01 -1.550898038657347211e+00
-3.225539364847641588e-01 -1.039612283275776594e+00
-2.178126031262997142e-01 -5.860343114294858102e-01
-1.098110948076820581e-01 -2.222465183093924046e-01
-3.826010670998336990e-10 -7.329342963240992268e-06
