-4.577527430559267430e+01 -2.351436863687267831e+01
-7.453567110397784745e+01 -2.391578929456500546e+01
-9.161681593951637126e+01 -2.431721180874413690e+01
-1.011354886472767731e+02 -2.471863839211054881e+01
-1.057574452582673814e+02 -2.512007203814065903e+01
-1.072088803414501115e+02 -2.552151709546059166e+01
-1.066076420182527471e+02 -2.592298010223948879e+01
-1.046777199980300281e+02 -2.632447104070169530e+01
-1.018881617041481888e+02 -2.672600525246764036e+01
-9.854307113760559389e+01 -2.712760638222965781e+01
-9.483995908482610560e+01 -2.752931091458096091e+01
-9.090764066420331346e+01 -2.793117517450266263e+01
-8.683095183467982281e+01 -2.833328613472827584e+01
-8.266702736711253863e+01 -2.873577810365049245e+01
-7.845626362794344288e+01 -2.913885849576487885e+01
-7.423006966879175650e+01 -2.954284762935849784e+01
-7.001689386933885828e+01 -2.994824018763099716e+01
-6.584768250157689806e+01 -3.035580013611044947e+01
-6.176181758345919803e+01 -3.076670730865791370e+01
-5.781467335485749004e+01 -3.118278378827286090e+01
-5.408824128448281243e+01 -3.160684351955199745e+01
-5.070686055814624638e+01 -3.204323223525669562e+01
-4.782652510135054058e+01 -3.250224149648472149e+01
-4.544476685265637883e+01 -3.299839931116003555e+01
-4.354396820076775043e+01 -3.349409183504076992e+01
-4.197772326440381363e+01 -3.399140417643792489e+01
-4.062627427605312391e+01 -3.440061006896586804e+01
-3.942464542632804836e+01 -3.467648921256726169e+01
-3.833949951104846576e+01 -3.480493536736936022e+01
-3.735142146308524502e+01 -3.479067169757075817e+01
-3.644802729969701005e+01 -3.464849232703593174e+01
-3.561886121063065502e+01 -3.439625458883617881e+01
-3.485456138263559467e+01 -3.405445645448586589e+01
-3.414669283922545162e+01 -3.364218383201099272e+01
-3.348717273385972959e+01 -3.317590968669357920e+01
-3.286891848196469823e+01 -3.266914420855329126e+01
-3.228546190637246127e+01 -3.213268138814447639e+01
-3.173068992110186670e+01 -3.157502054717879147e+01
-3.119903435840792483e+01 -3.100280869627792768e+01
-3.068549327082675049e+01 -3.042130226434640150e+01
-3.018565865294202410e+01 -2.983456652264218789e+01
-2.969533242525943706e+01 -2.924624890784231113e+01
-2.921109512134573194e+01 -2.865908224186475195e+01
-2.873010177051098779e+01 -2.807529447379092602e+01
-2.824929039803573616e+01 -2.749703084579145695e+01
-2.776581085224313483e+01 -2.692627629050329574e+01
-2.727722878916978644e+01 -2.636495640106602067e+01
-2.678142834366867930e+01 -2.581486074803990505e+01
-2.627691824478257487e+01 -2.527784253605980780e+01
-2.576198771016004940e+01 -2.475608968421473932e+01
-2.523494403464777136e+01 -2.425201606471905791e+01
-2.469450963663731713e+01 -2.376810310854413189e+01
-2.413927143353705418e+01 -2.330689535594740391e+01
-2.356857198655028895e+01 -2.287053908453394513e+01
-2.298228216181691508e+01 -2.246129625385768946e+01
-2.238040957444427193e+01 -2.208126164293619809e+01
-2.176302537098959533e+01 -2.173252624548883460e+01
-2.112995468745452143e+01 -2.141673256161408290e+01
-2.048165900480880808e+01 -2.113438219697865961e+01
-1.981897023686734016e+01 -2.088510329993966153e+01
-1.914265834713431502e+01 -2.066753623528583361e+01
-1.845375448488275438e+01 -2.047890896480461720e+01
-1.775336139457829887e+01 -2.031538175739354202e+01
-1.704321276135127761e+01 -2.017143196028993657e+01
-1.632523089039434794e+01 -2.004089762849321232e+01
-1.560060943932240818e+01 -1.991747961933598887e+01
-1.487137425832052173e+01 -1.979485846331029819e+01
-1.413927465004976014e+01 -1.966641581887733992e+01
-1.340639502207066158e+01 -1.952540783966004767e+01
-1.267542623325852524e+01 -1.936454481100043168e+01
-1.194866485328375560e+01 -1.917582065723857809e+01
-1.122858041079198088e+01 -1.895163653881889587e+01
-1.051873726658062402e+01 -1.868570799107333613e+01
-9.822648136392931661e+00 -1.837224567491922400e+01
-9.144738675135041461e+00 -1.800793240383100269e+01
-8.488996425688455361e+00 -1.759067410760432892e+01
-7.858349378365789839e+00 -1.711978634688452061e+01
-7.254025245070218730e+00 -1.659604366641566742e+01
-6.675834443005193464e+00 -1.602265992578501397e+01
-6.123074809666175788e+00 -1.540375617898009786e+01
-5.595602865758988465e+00 -1.474332358989546066e+01
-5.092859007353908396e+00 -1.404525913760731015e+01
-4.614583917560467263e+00 -1.331433227680910036e+01
-4.160227988195495996e+00 -1.255455283461971661e+01
-3.728936631125888912e+00 -1.176899183376035829e+01
-3.320027106281257190e+00 -1.096059945465192165e+01
-2.932355237259333780e+00 -1.013172604534875454e+01
-2.565183768149840837e+00 -9.284944533723574978e+00
-2.218488250570070264e+00 -8.423327558874824206e+00
-1.892610115908124113e+00 -7.549650651271611501e+00
-1.588143865636475249e+00 -6.666849512972753189e+00
-1.306090936479653131e+00 -5.779180789690970599e+00
-1.047851091424660375e+00 -4.890722817747160001e+00
-8.148288799932752458e-01 -4.008110759687971481e+00
-6.089680923285200054e-01 -3.142849659021369924e+00
-4.318073115666311579e-01 -2.310285537280470258e+00
-2.838165024076166332e-01 -1.532364349788105873e+00
-1.640340717821694438e-01 -8.432485728833656324e-01
-7.023107320430359291e-02 -3.007537929348227945e-01
-4.870398861056627893e-14 -2.673465668089659158e-07
