-2.671860534625754724e+01 -2.239185292698338436e+00
-4.292858146277810505e+01 -1.809739385347231000e+00
-5.209692138811884377e+01 -1.379965495120522245e+00
-5.675198335055465293e+01 -9.494697964016328706e-01
-5.851609992025200313e+01 -5.177135601259079678e-01
-5.843124263853066935e+01 -8.390500362736484641e-02
-5.716819915618916070e+01 3.531596601628988474e-01
-5.516123472611511147e+01 7.953378836266611351e-01
-5.269527151979347224e+01 1.245513669036236282e+00
-4.996308712930787266e+01 1.708176533581967860e+00
-4.710401492959844205e+01 2.190322782394269030e+00
-4.423191545101610700e+01 2.702860020610436731e+00
-4.145803405486288540e+01 3.262796861048893771e+00
-3.891333362522231454e+01 3.896657412499506368e+00
-3.677478330132491635e+01 4.645806009487042587e+00
-3.510997882362566003e+01 5.629001949599095056e+00
-3.378662824598074366e+01 6.844650234663824051e+00
-3.265914715859658912e+01 8.153557136950425388e+00
-3.162058440224010525e+01 9.450052138533909130e+00
-3.060150506886483868e+01 1.067002885265935141e+01
-2.956400471358292847e+01 1.178586918309362019e+01
-2.849957509056699223e+01 1.279720140671557260e+01
-2.741799831742906335e+01 1.371950327124739566e+01
-2.633540512968167491e+01 1.457503974352839471e+01
-2.527001045841560511e+01 1.538797523820999658e+01
-2.423822131514599221e+01 1.618127919954858029e+01
-2.325344821800053552e+01 1.697516436103007109e+01
-2.232623747068057796e+01 1.778491649912384531e+01
-2.146122378248742280e+01 1.862103490425625552e+01
-2.065725920666838888e+01 1.948609306987005851e+01
-1.990833702469966582e+01 2.037652529683709091e+01
-1.920519998445999121e+01 2.128509159686963770e+01
-1.853644519325201401e+01 2.220306499131827849e+01
-1.789060140404901134e+01 2.312129521211047134e+01
-1.725605457079475258e+01 2.403182022314760502e+01
-1.662166861027363041e+01 2.492730521528010357e+01
-1.597799049218351541e+01 2.580010875094433231e+01
-1.531664188613767941e+01 2.664303212657916120e+01
-1.463141371908060329e+01 2.744827683928460260e+01
-1.391803302165580369e+01 2.820687418889168896e+01
-1.317122697559613265e+01 2.890979119122118135e+01
-1.238926605009547899e+01 2.954724834853104909e+01
-1.157058037756127078e+01 3.010975952390035104e+01
-1.071503277556761269e+01 3.058955296564512949e+01
-9.826491584021582071e+00 3.098103776465584502e+01
-8.909286311852138596e+00 3.128131843562008285e+01
-7.970405215031064472e+00 3.149108991268906976e+01
-7.017286557238040068e+00 3.161384773485958632e+01
-6.058855528911728960e+00 3.165508265059582982e+01
-5.104177904820825340e+00 3.161927582000653558e+01
-4.162704968713703657e+00 3.150923831515119744e+01
-3.245019756853524395e+00 3.132554873365868531e+01
-2.364236865246126307e+00 3.106682695557159590e+01
-1.535682843400942854e+00 3.072861663305142699e+01
-7.774575122442350938e-01 3.030469573288709384e+01
-1.080304912184379268e-01 2.978841555047702272e+01
4.570071267502944790e-01 2.917835703338926834e+01
9.099903469566088532e-01 2.848085984426131390e+01
1.255179404531186149e+00 2.770931242432544650e+01
1.507128220259212670e+00 2.688290118295488895e+01
1.683777562658256066e+00 2.601766614839095837e+01
1.804834461389224876e+00 2.512691808944473593e+01
1.889863794111655837e+00 2.422183227778999282e+01
1.957579262990710722e+00 2.331068138182240901e+01
2.026063765283069085e+00 2.240005711622912088e+01
2.112967399229707333e+00 2.149613743531559251e+01
2.235423950308560670e+00 2.060505270121949906e+01
2.410051420262568467e+00 1.973275390957194020e+01
2.651477788290468762e+00 1.888502577516740288e+01
2.969893755521451517e+00 1.806736754031684455e+01
3.368892147081641752e+00 1.728380770153198043e+01
3.843557005528564829e+00 1.653686843891111380e+01
4.385372317109817786e+00 1.582575012309827933e+01
4.981693914348990226e+00 1.514746063799827347e+01
5.619866223051074527e+00 1.449745105330918626e+01
6.287877382966508222e+00 1.386979050962736615e+01
6.973173175101529786e+00 1.325743184238227990e+01
7.663211719078243611e+00 1.265184906272932963e+01
8.343160864433421864e+00 1.204456975400655949e+01
8.995903580643179964e+00 1.142690588127771001e+01
9.601005745653193202e+00 1.079031348129163348e+01
1.013323668002851363e+01 1.012754058598381590e+01
1.056162016885068766e+01 9.434050296081675668e+00
1.085107362341483039e+01 8.708257971658813545e+00
1.096845880232252668e+01 7.950939199106588084e+00
1.089572036761735063e+01 7.175277021955626999e+00
1.063633380792177796e+01 6.403181638718628221e+00
1.021037454616481277e+01 5.655536782825130615e+00
9.645256122805877297e+00 4.946923426518193168e+00
8.967622327554087391e+00 4.284728294514981606e+00
8.201868619786333525e+00 3.670629099731915534e+00
7.369215587747832252e+00 3.102860378982394085e+00
6.487882049015323283e+00 2.577334148970106931e+00
5.573681711842800368e+00 2.089252030947504224e+00
4.640819248948115039e+00 1.634264466653891912e+00
3.701126455076537702e+00 1.210142805092605967e+00
2.763223085089556719e+00 8.181656410296948012e-01
1.833951873777669217e+00 4.679343817234524194e-01
9.167589051266399336e-01 1.819078150256552284e-01
-4.303142981392541646e-15 1.138612957838879523e-07
