2.699756838265744108e+01 4.497645275563998268e+01
4.128647720824272938e+01 4.455864057070258610e+01
4.774083308119814717e+01 4.414365888235288793e+01
4.945052159201307518e+01 4.373503876726729089e+01
4.833167512729603033e+01 4.333788586412680388e+01
4.560028116827390221e+01 4.296014407885376585e+01
4.207317219868615155e+01 4.261456179734042138e+01
3.837021647094547205e+01 4.232184727157095949e+01
3.506768151963766655e+01 4.211579410032913273e+01
3.227973080729782396e+01 4.201978310802249439e+01
2.964087655084055584e+01 4.214064132722891998e+01
2.735828290454979239e+01 4.246960718254732114e+01
2.510631306179593736e+01 4.296222503974578188e+01
2.316631882777308604e+01 4.326295325518570678e+01
2.151903039073737745e+01 4.304296899452698710e+01
2.041477727462372727e+01 4.241808207461259883e+01
2.001771240911262240e+01 4.129692551463094929e+01
2.016029125367172270e+01 3.997325245034232921e+01
2.071187835291078727e+01 3.860792147965113230e+01
2.146797485806807870e+01 3.728051620288572110e+01
2.217895231811589341e+01 3.601110054323959986e+01
2.261378193734099185e+01 3.482067256152482315e+01
2.260041866977697111e+01 3.366729742890684918e+01
2.223110420771208950e+01 3.261066032866197162e+01
2.160652454275307122e+01 3.171757577254484417e+01
2.079201714374913834e+01 3.105072218440598775e+01
1.982526834708435715e+01 3.065432594931677812e+01
1.875394207227218146e+01 3.049882343880591762e+01
1.770061651896084598e+01 3.039255611947572433e+01
1.676958772727954994e+01 3.016992243891305847e+01
1.604961992005051741e+01 2.969404257225355437e+01
1.556938760549481593e+01 2.899907895461281626e+01
1.531183204546758247e+01 2.816910978507301877e+01
1.523547569602047069e+01 2.727822882560621309e+01
1.526893817812600318e+01 2.637713301439293545e+01
1.529089485075980903e+01 2.551203645867673231e+01
1.516736781277155188e+01 2.470436443685443351e+01
1.487857812025397664e+01 2.397220506473355783e+01
1.445951918748309417e+01 2.331546564324473891e+01
1.396526865537671824e+01 2.272287052575714483e+01
1.344143023883010635e+01 2.217014292485580640e+01
1.291490057008542713e+01 2.163856306867874224e+01
1.239976188618195785e+01 2.112089315916570698e+01
1.190620572687000589e+01 2.060904279744332612e+01
1.144493426358635446e+01 2.009432040040067946e+01
1.103176400116598188e+01 1.956649043380286557e+01
1.067535309625976936e+01 1.901836487689935495e+01
1.037027470677033492e+01 1.845007664790643176e+01
1.009438723171077967e+01 1.787810965201025581e+01
9.824855662116780408e+00 1.731359324977800185e+01
9.556483724082491804e+00 1.675927873571499305e+01
9.291931951591202221e+00 1.621423153033093101e+01
9.027411300128921567e+00 1.567919309066009959e+01
8.759599587425595857e+00 1.515723138899110722e+01
8.479081523481626803e+00 1.465484476200747466e+01
8.177845624943348213e+00 1.417947566943728788e+01
7.852479087452139517e+00 1.373382236377332610e+01
7.511887548429398542e+00 1.331093705715625042e+01
7.178335326786653425e+00 1.289655426339981403e+01
6.873704366925345255e+00 1.247482626995589783e+01
6.608419415227045235e+00 1.204071045181378175e+01
6.383137727213411772e+00 1.159625851322694068e+01
6.190807623232347012e+00 1.114692652425420860e+01
6.017854691635351472e+00 1.070188776221097271e+01
5.845957245774077826e+00 1.027038922424902267e+01
5.662028216128370595e+00 9.860062258266534485e+00
5.460468341610364540e+00 9.471294016492773693e+00
5.244735361772967508e+00 9.101027899559442247e+00
5.022917194260622331e+00 8.744557779233927519e+00
4.803529387572428533e+00 8.397280737519311700e+00
4.590858375139053038e+00 8.056602964092000718e+00
4.386787807883455237e+00 7.720547956896568920e+00
4.191358694371114524e+00 7.389773513113127024e+00
4.003337735876272951e+00 7.064196619648375197e+00
3.820653701521054213e+00 6.743805778186176880e+00
3.640923375811108365e+00 6.428751464489986134e+00
3.461361975141564074e+00 6.119349590745274625e+00
3.280818126064141804e+00 5.815483796787082937e+00
3.098820410317031371e+00 5.517724049420182908e+00
2.916029854839468083e+00 5.225737615574706396e+00
2.733973288061020579e+00 4.938740541307434562e+00
2.554215758753929588e+00 4.655668234979495779e+00
2.379000856808690223e+00 4.375012849069237042e+00
2.209267329824986081e+00 4.094012504185179147e+00
2.043957447723603327e+00 3.812028015117929325e+00
1.882044770415701951e+00 3.529590603888516309e+00
1.722633493458937126e+00 3.247219231477884716e+00
1.565612137815495242e+00 2.967115859511174847e+00
1.409836105087136415e+00 2.688936749184589026e+00
1.255400117176827202e+00 2.412584345561453514e+00
1.102706841516303271e+00 2.136396506433998255e+00
9.519343805378451817e-01 1.857421827762961053e+00
8.032216779346698088e-01 1.573969428200768128e+00
6.571380064449370284e-01 1.286591923199952747e+00
5.152473321529810191e-01 1.000104307821919614e+00
3.793830620881437632e-01 7.220371196438104544e-01
2.518237312380536275e-01 4.621274150351041277e-01
1.359155094577905454e-01 2.328008940305799357e-01
4.261326384109453969e-02 5.995852026110311261e-02
2.666232583340818400e-05 -1.701219673327880285e-04
