-3.121504297455573251e+01 4.410934385723449935e+01
-5.090227100917621783e+01 4.363521521072418352e+01
-6.255812026755729249e+01 4.316105608794758552e+01
-6.900683024883834094e+01 4.268683020081166291e+01
-7.207966475120068139e+01 4.221248852925403838e+01
-7.296410461093311994e+01 4.173795997311265182e+01
-7.243030153214566269e+01 4.126313779331849929e+01
-7.097794681742401224e+01 4.078785925674548452e+01
-6.893156301902725147e+01 4.031187460298862391e+01
-6.650239072762190062e+01 3.983479941503227195e+01
-6.382867237361341495e+01 3.935604131089063884e+01
-6.100201520406926647e+01 3.887468697630954750e+01
-5.808486088266398895e+01 3.838932799565588994e+01
-5.512239318402892252e+01 3.789779226692928660e+01
-5.215115459299097012e+01 3.739672978171466866e+01
-4.920601500436080045e+01 3.688097377827544676e+01
-4.632682146345919705e+01 3.634255543962420631e+01
-4.356599706273551220e+01 3.576918423940449543e+01
-4.099853670536637651e+01 3.514190413549846426e+01
-3.870958065350716737e+01 3.442597473136245867e+01
-3.678716467456359140e+01 3.359601637111348538e+01
-3.526717475016791070e+01 3.261374028474255482e+01
-3.412954339981790497e+01 3.147167082586875964e+01
-3.329140520489841037e+01 3.022931945165857925e+01
-3.267420321083637447e+01 2.893923562544249961e+01
-3.221663623945535448e+01 2.763735940999493579e+01
-3.187478549655464377e+01 2.634582840405666460e+01
-3.161793084290324174e+01 2.507817347484768078e+01
-3.142583106420003247e+01 2.384107628761052666e+01
-3.128447455261193610e+01 2.263732171810073268e+01
-3.118439401944483436e+01 2.146770221323190952e+01
-3.111812111067120057e+01 2.033189209081271187e+01
-3.108064788297559389e+01 1.922870290217256795e+01
-3.106782341318605845e+01 1.815615021256244788e+01
-3.107602219415838363e+01 1.711277362655927092e+01
-3.110203719196351102e+01 1.609697719577492592e+01
-3.114335040311695479e+01 1.510694219930528170e+01
-3.119734560916144162e+01 1.414138504627272397e+01
-3.126184245272543549e+01 1.319880289333340251e+01
-3.133439358665679819e+01 1.227723847760429976e+01
-3.141335927561690511e+01 1.137458361987279076e+01
-3.149811252856468258e+01 1.048972649755578601e+01
-3.158827393851553822e+01 9.620807653244245472e+00
-3.168307618126848269e+01 8.767052480375888024e+00
-3.178189944287429824e+01 7.927387058031116318e+00
-3.188335037300518238e+01 7.101014896701490997e+00
-3.198530850732575814e+01 6.287446096893464897e+00
-3.208478627564779373e+01 5.486319101917237262e+00
-3.217754485950931098e+01 4.697708432064256812e+00
-3.225832400178056503e+01 3.922316534144585809e+00
-3.232053490395570350e+01 3.160961311565723353e+00
-3.235606623553945127e+01 2.415646742546685211e+00
-3.235488243901288996e+01 1.689696057097718862e+00
-3.230410823779834573e+01 9.884669913693933108e-01
-3.218842909455971579e+01 3.206646980735864405e-01
-3.198967650394764561e+01 -3.031452832607151593e-01
-3.169549542606023707e+01 -8.718588301734592205e-01
-3.130662037685421595e+01 -1.377168710139583085e+00
-3.083358921616275694e+01 -1.815741876773070862e+00
-3.029061050101358887e+01 -2.188580976191832672e+00
-2.969156312460732750e+01 -2.499939033433354663e+00
-2.904910773761984188e+01 -2.755945241424011538e+00
-2.837346367612535047e+01 -2.962937679160536408e+00
-2.767226971332493690e+01 -3.126850086061052192e+00
-2.695152248565834086e+01 -3.253021284405535063e+00
-2.621596930145581084e+01 -3.346195373758522162e+00
-2.546893285851446365e+01 -3.410034460635255282e+00
-2.471266984195604621e+01 -3.447760253857668378e+00
-2.394898690481383596e+01 -3.462464801308590356e+00
-2.317937349403246472e+01 -3.457086095821365834e+00
-2.240499597548565092e+01 -3.434161111379498976e+00
-2.162665247439839433e+01 -3.396062826989576511e+00
-2.084515161009408857e+01 -3.344938950669829048e+00
-2.006077869017883941e+01 -3.282496202202872304e+00
-1.927401246554891046e+01 -3.210294970749207444e+00
-1.848470471195837916e+01 -3.129439363733022894e+00
-1.769279331853715931e+01 -3.040915567987689805e+00
-1.689819548918563896e+01 -2.945723719427559395e+00
-1.610111708195650237e+01 -2.844732021165223834e+00
-1.530140458826737770e+01 -2.738619141459520456e+00
-1.449935550392882000e+01 -2.628055191098471521e+00
-1.369551663529712116e+01 -2.513645490577752994e+00
-1.289006968732894620e+01 -2.395728996280347189e+00
-1.208396822507289947e+01 -2.274509343949349116e+00
-1.127771153854342501e+01 -2.149888766474233215e+00
-1.047211056019310149e+01 -2.021620210001918050e+00
-9.668186148151285408e+00 -1.889356080021693307e+00
-8.866944626701517507e+00 -1.752699807866833215e+00
-8.069695934353347866e+00 -1.611226742948570267e+00
-7.278024908516115943e+00 -1.464539495010078074e+00
-6.492733849699196647e+00 -1.312287984509329375e+00
-5.715383649104099462e+00 -1.154519370384308186e+00
-4.947615552354609925e+00 -9.916674739825727114e-01
-4.190837200475431956e+00 -8.244093006589819916e-01
-3.446415953620350248e+00 -6.544773430289783089e-01
-2.717999576762018421e+00 -4.858983563088890012e-01
-2.007385268194029848e+00 -3.249890872450387214e-01
-1.317979076643024161e+00 -1.814389302443714103e-01
-6.534570892487383542e-01 -6.824484002946647199e-02
1.740368469556848508e-14 -5.723806881383996068e-09
