-4.509373328570110573e+01 -4.398935982101813380e+01
-7.207986605467444008e+01 -4.287478272004587865e+01
-8.697874534057456231e+01 -4.175987010383076381e+01
-9.416900851114054660e+01 -4.064421735927698620e+01
-9.644849899294101192e+01 -3.952726744800134639e+01
-9.560301333356296993e+01 -3.840819618933458912e+01
-9.277430446315146639e+01 -3.728574252946065570e+01
-8.869537453101089852e+01 -3.615794884283801736e+01
-8.384153882064006780e+01 -3.502175778390763128e+01
-7.852838805204022776e+01 -3.387238266444469303e+01
-7.297683529614744202e+01 -3.270232169033290148e+01
-6.735865169209731107e+01 -3.149981304499698709e+01
-6.183187492698047549e+01 -3.024641264923154438e+01
-5.657338774399731562e+01 -2.891319574180741370e+01
-5.181488202285113687e+01 -2.745479759688396371e+01
-4.784344873637751760e+01 -2.578808308671290916e+01
-4.473866111832149528e+01 -2.371759817327178865e+01
-4.237457244702842729e+01 -2.130959813618428100e+01
-4.056939758987050482e+01 -1.873305922972689430e+01
-3.916525115176154515e+01 -1.611656208521413092e+01
-3.803729241525117288e+01 -1.355144214636085032e+01
-3.708741719243971602e+01 -1.109283258503508307e+01
-3.624278866260235077e+01 -8.786142379885593101e+00
-3.544300594006323735e+01 -6.665432918388771277e+00
-3.464165679806357190e+01 -4.765723968696151225e+00
-3.380311322919134653e+01 -3.129121682378791736e+00
-3.290548604701481139e+01 -1.813300896796584016e+00
-3.194609147939518579e+01 -8.849293568216992645e-01
-3.095362244081350411e+01 -3.986116922412889507e-01
-2.997718307658097814e+01 -3.658871828776563695e-01
-2.906662010114763461e+01 -7.274046538723422106e-01
-2.824644120316145290e+01 -1.381783452090912023e+00
-2.752412967593929594e+01 -2.245735996407272506e+00
-2.689548832462345018e+01 -3.256196370703973386e+00
-2.634983152896565883e+01 -4.365732644389897388e+00
-2.587353785228346936e+01 -5.541574507608677536e+00
-2.545350151599741295e+01 -6.759946610823625690e+00
-2.507830811732222287e+01 -8.005525429822260008e+00
-2.473899061023008983e+01 -9.267608050557829102e+00
-2.442829608770582439e+01 -1.053911688314802397e+01
-2.414061746308183132e+01 -1.181509783719586082e+01
-2.387115524368055830e+01 -1.309253867002246530e+01
-2.361614953098350611e+01 -1.436931492510856323e+01
-2.337223462417468767e+01 -1.564387688571453516e+01
-2.313690945074546335e+01 -1.691514009837302623e+01
-2.290792333757515920e+01 -1.818299303199540162e+01
-2.268350582868771426e+01 -1.944634656696998931e+01
-2.246196301427512054e+01 -2.070530786326427020e+01
-2.224211215924461271e+01 -2.195936939347226868e+01
-2.202309064098523805e+01 -2.320876699978380486e+01
-2.180421317852056973e+01 -2.445298703572418120e+01
-2.158448002584394132e+01 -2.569146819611202304e+01
-2.136289413828269801e+01 -2.692365085303488570e+01
-2.113796448768219349e+01 -2.814840506065662495e+01
-2.090786559622283036e+01 -2.936327471232715070e+01
-2.066973671480612040e+01 -3.056595311220112166e+01
-2.041923868721637803e+01 -3.175181442393883557e+01
-2.015039645341036945e+01 -3.291416968774376528e+01
-1.985470449562361850e+01 -3.404365431288662336e+01
-1.952131899655416802e+01 -3.512515387102881448e+01
-1.913496088466085254e+01 -3.613879585950201800e+01
-1.867749606291207343e+01 -3.705616713595382095e+01
-1.812844055101553664e+01 -3.784200520780429855e+01
-1.747292008057715407e+01 -3.846012741416006264e+01
-1.671498908048907239e+01 -3.888135877043026056e+01
-1.588025141081237379e+01 -3.908901788878288386e+01
-1.500140828663219850e+01 -3.907760059997735880e+01
-1.411194870146892200e+01 -3.885471543557967067e+01
-1.324174767525719965e+01 -3.843982497311910862e+01
-1.241220760339534479e+01 -3.785575819184327884e+01
-1.163756427061594145e+01 -3.712752195748636552e+01
-1.092461640212709639e+01 -3.627715994293965451e+01
-1.027444579233334565e+01 -3.532621143549002340e+01
-9.684077381812983276e+00 -3.429358410078465624e+01
-9.148631616802381572e+00 -3.319520634231952982e+01
-8.662023726197935147e+00 -3.204181102056196551e+01
-8.217137113420772465e+00 -3.084283365930166454e+01
-7.806078072370731924e+00 -2.960533952769952037e+01
-7.420391721103131388e+00 -2.833470367256474631e+01
-7.052646703499057423e+00 -2.703554728110828975e+01
-6.695162756287541761e+00 -2.570943198497178273e+01
-6.342378571459504677e+00 -2.435977313042939230e+01
-5.989128414484757634e+00 -2.298783309304668165e+01
-5.631818032103524274e+00 -2.159443261651878743e+01
-5.267953049499364049e+00 -2.018062853146367530e+01
-4.896248233324096866e+00 -1.874700622021733309e+01
-4.516683007674736849e+00 -1.729392405811283595e+01
-4.129840365826313864e+00 -1.582219824610030834e+01
-3.737540781005360468e+00 -1.433255350316245469e+01
-3.342072121344962454e+00 -1.282833011816131297e+01
-2.946063808078375423e+00 -1.131414827432185355e+01
-2.553743153438297941e+00 -9.796716132840080249e+00
-2.169495677824761604e+00 -8.285532808348197165e+00
-1.798032932508693005e+00 -6.791463522099493666e+00
-1.442604090554021168e+00 -5.329643692239170782e+00
-1.104737400606169651e+00 -3.920572688198860956e+00
-7.863733922190628833e-01 -2.600946694247852076e+00
-4.910163003637241785e-01 -1.431916124538967772e+00
-2.248880005342234201e-01 -5.118425999577358443e-01
-3.988084311806554336e-07 -9.197098518784696747e-05
