-2.079085634132593441e+01 -1.854748967463529752e+01
-3.278120763725703313e+01 -1.741586143384405361e+01
-3.889954992564133818e+01 -1.628308055229010876e+01
-4.130321747761313844e+01 -1.514775201751883138e+01
-4.136845401227386532e+01 -1.400794510895151568e+01
-3.997978767148720181e+01 -1.286078741535520109e+01
-3.771602594262492403e+01 -1.170186083818300737e+01
-3.497196491265436435e+01 -1.052427257530601423e+01
-3.204140537412421708e+01 -9.317205736115443671e+00
-2.917893138391004371e+01 -8.063644817482138905e+00
-2.663631263980870401e+01 -6.730093300195212791e+00
-2.462038625586159313e+01 -5.247598503609508747e+00
-2.318329202917867704e+01 -3.495241938559321859e+00
-2.220115021551390200e+01 -1.562406861375250422e+00
-2.152966375971437785e+01 4.479945690763955657e-01
-2.105117834569987068e+01 2.465210577374428169e+00
-2.067833801049700426e+01 4.442872808217113167e+00
-2.034942018624133198e+01 6.353801170397642473e+00
-2.002203250923239608e+01 8.182620601899987633e+00
-1.966923370208937172e+01 9.924389626641122675e+00
-1.927621401319205319e+01 1.157596079892894458e+01
-1.883444517013118613e+01 1.313951106638510780e+01
-1.833978692899481544e+01 1.461720660337386413e+01
-1.779116540595553175e+01 1.601199401292351254e+01
-1.719029623712377486e+01 1.732499233979312692e+01
-1.653860517636974237e+01 1.855553366845122198e+01
-1.583643352527198900e+01 1.970168794919303323e+01
-1.508471216722201724e+01 2.076059369543085253e+01
-1.428538450345827648e+01 2.172876316154141918e+01
-1.343978038023888111e+01 2.260328948954059314e+01
-1.254868382593073584e+01 2.338171408393654715e+01
-1.161392193912634951e+01 2.406472504859256389e+01
-1.063903113710051151e+01 2.465565458932680798e+01
-9.629097962150501289e+00 2.516144059587807646e+01
-8.591714489933179877e+00 2.559123985450920458e+01
-7.534722537392077868e+00 2.595423893914191993e+01
-6.464446462002938709e+00 2.625918713700114182e+01
-5.385929345096288401e+00 2.651350480304553159e+01
-4.303739254952405169e+00 2.672354230185845481e+01
-3.220865679609546284e+00 2.689346423037533995e+01
-2.139689345208202198e+00 2.702641464954003325e+01
-1.061316824582979601e+00 2.712432239558531322e+01
1.294419380679921738e-02 2.718839142297665035e+01
1.081627857709014817e+00 2.721936620211042879e+01
2.143210919969185113e+00 2.721725061621670250e+01
3.196345835242088818e+00 2.718164538246428563e+01
4.239329647596483674e+00 2.711140729532616334e+01
5.270585753119044981e+00 2.700493744451456379e+01
6.288168566234991985e+00 2.686115432420897164e+01
7.289958720250059976e+00 2.667906623492903861e+01
8.273207340333829762e+00 2.645797731894309024e+01
9.234283270129013843e+00 2.619727065830602442e+01
1.016891756713845396e+01 2.589553272288593888e+01
1.107191082504344593e+01 2.555032245734603080e+01
1.193761283029519049e+01 2.515844006665862409e+01
1.276033892021650296e+01 2.471607844900785977e+01
1.353372764586004884e+01 2.422052964622625737e+01
1.425289853265789830e+01 2.366983113395155414e+01
1.491321643152530818e+01 2.306588996095850774e+01
1.551084991310556838e+01 2.241262397437032305e+01
1.604255080061797401e+01 2.171525010011166046e+01
1.650591081742945576e+01 2.097733293197637749e+01
1.689986085531250026e+01 2.020516736546259295e+01
1.722437698882854562e+01 1.940530801524500859e+01
1.747974496142266787e+01 1.858351383347331520e+01
1.766657969466751510e+01 1.774555141050153750e+01
1.778609336411882680e+01 1.689781647111658458e+01
1.783910922083554240e+01 1.604562444598366255e+01
1.782696462206816435e+01 1.519362117926726974e+01
1.775217093713823502e+01 1.434665918906610393e+01
1.761689925946330959e+01 1.350912721898328783e+01
1.742334215515281670e+01 1.268464203903653775e+01
1.717456689026376182e+01 1.187746809377058810e+01
1.687234551848357356e+01 1.109103112852593931e+01
1.651903542617062826e+01 1.032837756754600100e+01
1.611729462361734377e+01 9.591933434157239091e+00
1.567048576827972894e+01 8.883977119292502778e+00
1.518188082561484187e+01 8.206290431536018559e+00
1.465468721576487354e+01 7.560771299326294326e+00
1.409114120738495224e+01 6.949158435470310202e+00
1.349342260614014677e+01 6.372169541531359727e+00
1.286503622213127507e+01 5.829680008417101433e+00
1.220924061027787033e+01 5.320818235608559377e+00
1.152980556361445608e+01 4.843794578209390522e+00
1.083073048993991705e+01 4.396733293965207068e+00
1.011496365533400343e+01 3.978000966208738109e+00
9.384626495549831304e+00 3.585368364134544628e+00
8.642597570220443615e+00 3.216431072597648821e+00
7.891574536947906005e+00 2.868656534115171741e+00
7.133928355742555460e+00 2.539370925025650205e+00
6.371985460131142531e+00 2.225609299065959945e+00
5.608546597008667867e+00 1.924657157455087919e+00
4.847066162642515330e+00 1.634248620401417940e+00
4.091357508818309618e+00 1.352590262998088155e+00
3.345810904417336307e+00 1.078685171763346995e+00
2.615753467136767707e+00 8.128392106664261707e-01
1.908118079485194407e+00 5.584563960950117423e-01
1.230672828665764440e+00 3.237495477747974193e-01
5.918923287878624651e-01 1.261116442582957686e-01
-8.646777579319829832e-16 1.567178743298806345e-08
