4.016363757595319584e+01 4.767050422773291984e+01
6.492017535603685019e+01 4.737074582963561653e+01
7.936707344326548252e+01 4.707097649873677625e+01
8.716855984453708572e+01 4.677118315992193232e+01
9.068670051911769292e+01 4.647134803365862865e+01
9.144422484820506725e+01 4.617144515204764588e+01
9.042290978369737786e+01 4.587143527034074708e+01
8.825596247635301950e+01 4.557125817682316438e+01
8.535209943227702922e+01 4.527082089416055055e+01
8.197563594251585073e+01 4.496997946023135739e+01
7.829827958972879287e+01 4.466851071834873466e+01
7.443277695089133772e+01 4.436606858908648832e+01
7.045500668535792954e+01 4.406211625505255824e+01
6.641884822654260745e+01 4.375582097002699555e+01
6.236673964993905628e+01 4.344589088002268795e+01
5.833799356954296655e+01 4.313032188090139130e+01
5.437650059305559580e+01 4.280600490859050922e+01
5.053932985701030844e+01 4.246811670932561356e+01
4.690791195009675363e+01 4.210917470965246423e+01
4.360399390305066447e+01 4.171757078523592810e+01
4.080107815586733722e+01 4.127413780886388395e+01
3.855571395750006047e+01 4.073159699744918072e+01
3.675920108106507200e+01 4.007874361963137488e+01
3.530122303182977817e+01 3.941161957124062099e+01
3.407974693204983652e+01 3.882238884355157182e+01
3.300981367676008915e+01 3.837853189866091697e+01
3.203292823711823445e+01 3.811853077113330812e+01
3.112174518318803251e+01 3.804771284121800079e+01
3.026598852259331096e+01 3.814202045464821822e+01
2.945831740769534690e+01 3.836302939900072317e+01
2.869053636261118001e+01 3.867254799008833288e+01
2.795409734116244493e+01 3.904012560309362811e+01
2.724090752627660095e+01 3.944361753793393888e+01
2.654347887639745096e+01 3.986733089916202033e+01
2.585669909986532744e+01 4.029925424336232709e+01
2.517516463652108527e+01 4.073197017511758844e+01
2.449566841496529079e+01 4.116030825212062894e+01
2.381482049378905330e+01 4.158003686641180252e+01
2.313005519054692627e+01 4.198747700741050437e+01
2.243818447116988324e+01 4.237903692980610515e+01
2.173611035548158199e+01 4.275192723568758879e+01
2.102139442082311049e+01 4.310412670627923148e+01
2.029346822048002252e+01 4.343416712927913892e+01
1.955208951043135102e+01 4.374018590626081249e+01
1.879733536625813883e+01 4.401950742797964011e+01
1.802958309604257181e+01 4.426919851810490059e+01
1.724917572064655147e+01 4.448553133264123005e+01
1.645754873098702120e+01 4.466400570912452395e+01
1.565446611171196878e+01 4.479825623414542690e+01
1.483889499800887002e+01 4.488286080697132263e+01
1.401350703697678490e+01 4.491186283345547281e+01
1.318175531932040556e+01 4.488012134833756051e+01
1.234864934692538263e+01 4.478260511813185474e+01
1.152103203330967673e+01 4.461521264413487842e+01
1.070544162013285039e+01 4.437432477414422749e+01
9.910265186082662936e+00 4.405611070576766508e+01
9.144821525359972725e+00 4.365602681284684650e+01
8.415037823807539397e+00 4.316788031080172772e+01
7.724667100436615641e+00 4.258638611664684248e+01
7.076347736792248710e+00 4.191905828987533056e+01
6.472198605858802800e+00 4.117630196390457797e+01
5.913623381201116302e+00 4.036646008380396466e+01
5.402062183862890166e+00 3.949774409532493280e+01
4.937571954789675033e+00 3.857636531747267128e+01
4.519496559168004524e+00 3.760864589748211273e+01
4.145753723978400807e+00 3.659828332187208844e+01
3.814031482616894397e+00 3.555064406860879700e+01
3.520948150903688401e+00 3.446700682285376161e+01
3.262678519930435783e+00 3.335096737292725066e+01
3.034864608738869318e+00 3.220614202913576918e+01
2.833415103540120050e+00 3.103730548851102711e+01
2.654036651168340644e+00 2.984863548180976522e+01
2.491903389593856488e+00 2.864485079365848108e+01
2.342810418996212452e+00 2.743013578193972890e+01
2.203247995668801362e+00 2.620858177131443156e+01
2.070018718576946526e+00 2.498391419807255431e+01
1.941371801164867961e+00 2.375982032968136082e+01
1.816187866728688816e+00 2.253768971677360256e+01
1.693905590012598772e+00 2.131925635616061854e+01
1.573908815266291672e+00 2.010461074497116485e+01
1.455365199066306348e+00 1.889426560844585623e+01
1.337040488313268494e+00 1.769018294411591441e+01
1.218347800034263351e+00 1.649585128686455349e+01
1.099589828912043599e+00 1.531242945989990289e+01
9.831120909032949884e-01 1.414163811067274246e+01
8.718809582584940987e-01 1.298427683522554510e+01
7.682442443915705743e-01 1.183975785855050233e+01
6.724118683171851352e-01 1.070700982034125204e+01
5.826498332449808748e-01 9.587523325434499810e+00
4.964382542480862970e-01 8.483576379503222853e+00
4.119558485517599289e-01 7.398266896823747274e+00
3.288809355832906234e-01 6.336713302266050896e+00
2.477859842013992175e-01 5.303194975469232908e+00
1.705483968291004182e-01 4.304832145185359948e+00
1.007190609185963925e-01 3.350674539158499776e+00
4.259839199341209498e-02 2.452677432969694316e+00
1.026215087583582991e-03 1.632025036290372322e+00
-1.985437389893766544e-02 9.173000866044033197e-01
-1.800125336672123502e-02 3.449430702497593426e-01
3.545998136843934632e-16 1.347689465822773792e-05
