3.035775215860883591e+01 4.595689844377215394e+01
4.719226301428182069e+01 4.556126462975132796e+01
5.537612897547251833e+01 4.516555066412114883e+01
5.820188109523631681e+01 4.476965780084637458e+01
5.772167145423358647e+01 4.437344579174585846e+01
5.522051003731650098e+01 4.397670035166162705e+01
5.151443726384930244e+01 4.357908344955904312e+01
4.713988321037461304e+01 4.318005489480557202e+01
4.247814899711512737e+01 4.277874702926688144e+01
3.784389342385956922e+01 4.237376345774482900e+01
3.355795084738928580e+01 4.196285539776161500e+01
2.991865067760097574e+01 4.153344584186957178e+01
2.694775343984929705e+01 4.101302554805787537e+01
2.453588996286182322e+01 4.034558227783681161e+01
2.256554584640250027e+01 3.955177487415473081e+01
2.095452827512815475e+01 3.869092142465375161e+01
1.964209873167356335e+01 3.780219714352304550e+01
1.858938072707912070e+01 3.691019831764694459e+01
1.776656048243512842e+01 3.602232301479244825e+01
1.715789807958051583e+01 3.515589785565526881e+01
1.674446913878346521e+01 3.432385866649562445e+01
1.648822352728598162e+01 3.353401487794977953e+01
1.634809702063017411e+01 3.279184412363014189e+01
1.630440409946131908e+01 3.209590445160566929e+01
1.634085943014454401e+01 3.144352809627497081e+01
1.644486807681666107e+01 3.083661536027488381e+01
1.661589922674299302e+01 3.028250036780510257e+01
1.685470035860998905e+01 2.979022577512870384e+01
1.715802357633105046e+01 2.936821622118232256e+01
1.752005344705885648e+01 2.902478773731144912e+01
1.793433730078944777e+01 2.876599730265369459e+01
1.838882138047129189e+01 2.858832253920890309e+01
1.886949119156140142e+01 2.848020193826739188e+01
1.936527396858547689e+01 2.842853674415781029e+01
1.986807007898221045e+01 2.841990021000028932e+01
2.037245880861873459e+01 2.844182905179557963e+01
2.087566082548847390e+01 2.848103873355074356e+01
2.137649264777566671e+01 2.852566826198644989e+01
2.187448859600320006e+01 2.856701199101512145e+01
2.236928756363634463e+01 2.859784375576186477e+01
2.285947631516213363e+01 2.861087048700675695e+01
2.334338630122476133e+01 2.859992712048169849e+01
2.381797930861840840e+01 2.856043575927766298e+01
2.427947323326900175e+01 2.848709836924750860e+01
2.472210968269226683e+01 2.837494733653603518e+01
2.513919635328858604e+01 2.821773790978813068e+01
2.552306557094507511e+01 2.801118932837549735e+01
2.586628880198361458e+01 2.775549736515719346e+01
2.616257268638612032e+01 2.745445584802068595e+01
2.640505495354141630e+01 2.711498591006231962e+01
2.658498965744882270e+01 2.674193985233129922e+01
2.669427418432162824e+01 2.633729630258959986e+01
2.673151748501296865e+01 2.591035384723859636e+01
2.669913374959726227e+01 2.546983895533880471e+01
2.660331333161416367e+01 2.502403727346558071e+01
2.645074873714370156e+01 2.457844422409753449e+01
2.625144501344826509e+01 2.413703904837147718e+01
2.601783700465596638e+01 2.370332705654007199e+01
2.575163021222026671e+01 2.326368504347376387e+01
2.545793457478844246e+01 2.281737186720081567e+01
2.513904153269577790e+01 2.236830773610147105e+01
2.479322889357643689e+01 2.192218616165033751e+01
2.442049231416888588e+01 2.148253572882821416e+01
2.402066911273051630e+01 2.105135085709597931e+01
2.359507411417753531e+01 2.062889288452376491e+01
2.314560527265313183e+01 2.021439563073862544e+01
2.267426112423034112e+01 1.980586706195193614e+01
2.218327207935363887e+01 1.940080890816489756e+01
2.167514129300245074e+01 1.899609765404952455e+01
2.115264002748106620e+01 1.858952416600121538e+01
2.061655096045412705e+01 1.817767519658748654e+01
2.006799892291339660e+01 1.775811364527679359e+01
1.950696398922197261e+01 1.732811435666135935e+01
1.893298939536094494e+01 1.688505481945913900e+01
1.834556623332905900e+01 1.642684771459375526e+01
1.774333050607086548e+01 1.595218064378189027e+01
1.712512868038583491e+01 1.546008762809596959e+01
1.649060720665965363e+01 1.495072291109422480e+01
1.583880112183202193e+01 1.442268885185147553e+01
1.516973201230234558e+01 1.387465427228099024e+01
1.448343776698534668e+01 1.330426992922767582e+01
1.377900182364611048e+01 1.270896928423628225e+01
1.305540722524050423e+01 1.208637034495257900e+01
1.231099677411675586e+01 1.143557544056600150e+01
1.154447630902571120e+01 1.075727139203023519e+01
1.075557827128365673e+01 1.005459356385061120e+01
9.942063204278884569e+00 9.328916033547002939e+00
9.105656383660761577e+00 8.584189854734596281e+00
8.249551437146438460e+00 7.824281635477860597e+00
7.376897908711976370e+00 7.050803661003585354e+00
6.494783028626092580e+00 6.267055781661567515e+00
5.609771904659054620e+00 5.475208731661287409e+00
4.730483712189390566e+00 4.678169902819508508e+00
3.866614226808676058e+00 3.878317420636187229e+00
3.029985850004403680e+00 3.079915111515660886e+00
2.242550350909643608e+00 2.297891097878342670e+00
1.523275922151306361e+00 1.549362402547703743e+00
8.926030476315388595e-01 8.666291753479594684e-01
3.741702649600710529e-01 3.107136061971597085e-01
3.982398180210362268e-06 1.960141324602639461e-04
