1.276627478632617940e+00 4.393456169196281991e+01
1.872520927514002009e+00 4.337710109778632273e+01
1.935289761871299197e+00 4.285241456874511101e+01
1.591533776807208866e+00 4.240195197748955991e+01
9.445764755938278467e-01 4.207141895039917756e+01
8.039928450370603663e-02 4.191340500638385436e+01
-9.623467493627232416e-01 4.198363828088199057e+01
-2.131221071968471659e+00 4.223312858598692543e+01
-3.386589599740684964e+00 4.259971358895434435e+01
-4.702688026618470296e+00 4.302328163297710262e+01
-6.065191177929583510e+00 4.345171064651159298e+01
-7.465016269129189475e+00 4.384612783936033509e+01
-8.890756156810164512e+00 4.418491230620313814e+01
-1.033051017152761730e+01 4.445873531501004550e+01
-1.177354097491475393e+01 4.466610190810065717e+01
-1.321152393766803002e+01 4.481035830092125849e+01
-1.463757769641121342e+01 4.489831047248003415e+01
-1.604681132129316978e+01 4.494243731693956789e+01
-1.743348449378393283e+01 4.496032395845810470e+01
-1.879103258114191988e+01 4.496976226725578840e+01
-2.011274150568352326e+01 4.498668719965154139e+01
-2.139392072322486982e+01 4.502262262362974354e+01
-2.262911959651027161e+01 4.508287517760966523e+01
-2.381444298486506383e+01 4.516544840273773076e+01
-2.494683900176615410e+01 4.525871954690151711e+01
-2.602316955039210811e+01 4.533683929131366597e+01
-2.703695163051222039e+01 4.536475714954639216e+01
-2.798020725938762254e+01 4.531006091086879195e+01
-2.884047670531392882e+01 4.514675675279614353e+01
-2.960176224523916488e+01 4.485800041381425274e+01
-3.024898652025545687e+01 4.443592818152455948e+01
-3.077200073393418123e+01 4.388449628740796271e+01
-3.116997064875808476e+01 4.321687905940713392e+01
-3.145486956718162830e+01 4.245399925259864915e+01
-3.165111453733910452e+01 4.161930828959084039e+01
-3.179086174594581493e+01 4.073481063911982858e+01
-3.190800407399110483e+01 3.981990167389792390e+01
-3.204142650228457967e+01 3.888103791914218021e+01
-3.219462531593860177e+01 3.791752278809601506e+01
-3.235732192875465074e+01 3.692762953591836350e+01
-3.251948137891024970e+01 3.591105721053543931e+01
-3.267410377630729101e+01 3.486722847527940417e+01
-3.281714965979368515e+01 3.379691636591311976e+01
-3.294726814086860145e+01 3.270087687614834238e+01
-3.306425239057012533e+01 3.158122489070298045e+01
-3.316876915518002988e+01 3.043901525208465131e+01
-3.326193556619662672e+01 2.927650429634494600e+01
-3.334469479719498963e+01 2.809566868916623861e+01
-3.341765079904314462e+01 2.689830324179113674e+01
-3.348133478899033832e+01 2.568651635864917537e+01
-3.353623757361626190e+01 2.446187637269167681e+01
-3.358339836445011883e+01 2.322722916976365681e+01
-3.362431106139954551e+01 2.198487451994242647e+01
-3.366076213368539527e+01 2.073800209641642311e+01
-3.369452256583119976e+01 1.948988471471519190e+01
-3.372785721701982453e+01 1.824378014553424521e+01
-3.376305465067004263e+01 1.700259717332009402e+01
-3.380148385455375148e+01 1.577010872112497708e+01
-3.384394611862850155e+01 1.454945621693119584e+01
-3.389105871742685849e+01 1.334376319873778627e+01
-3.394127987339700070e+01 1.215654331818478617e+01
-3.399208453783460726e+01 1.099136333845063263e+01
-3.403925393877270267e+01 9.852373103420539735e+00
-3.407550063649009076e+01 8.743276500199709034e+00
-3.409088030666192282e+01 7.670053612657532938e+00
-3.407235224884905023e+01 6.638677984226887041e+00
-3.400293957361977704e+01 5.655447514889186955e+00
-3.386485601285838243e+01 4.728616710360936892e+00
-3.364171522505558443e+01 3.868487225825483655e+00
-3.331956104907838068e+01 3.084832431655882168e+00
-3.288950551314604809e+01 2.386639256915276786e+00
-3.234768960380294089e+01 1.781128671621012849e+00
-3.169555125831234577e+01 1.270099875615768870e+00
-3.094025855029076055e+01 8.507096173105350712e-01
-3.009329509444521378e+01 5.158817295877674569e-01
-2.916813355810418429e+01 2.552890001696589417e-01
-2.817774993768917469e+01 5.781488302594408463e-02
-2.713258611424427613e+01 -8.699688265674271337e-02
-2.604105347635314516e+01 -1.885915480664249744e-01
-2.491032231217680248e+01 -2.552365991449188076e-01
-2.374531067627239267e+01 -2.942857900185399944e-01
-2.255001276988970105e+01 -3.118742481494855001e-01
-2.132789305270765468e+01 -3.131871753881744214e-01
-2.008139897603717117e+01 -3.024881095512866880e-01
-1.881318292029312289e+01 -2.831824678330031597e-01
-1.752712806537431689e+01 -2.579399144620583839e-01
-1.622494993694403220e+01 -2.289150193612204398e-01
-1.491037306480262536e+01 -1.976757468992562938e-01
-1.358658421778657477e+01 -1.653246978213946117e-01
-1.225874885572657469e+01 -1.329220542620823398e-01
-1.093120707878963849e+01 -1.015752963040692791e-01
-9.609661029509227959e+00 -7.245079960598217739e-02
-8.300136961689686288e+00 -4.688307119111570498e-02
-7.008937876041580139e+00 -2.576399213743071903e-02
-5.743173993676017552e+00 -9.640692760533657937e-03
-4.513323675805891000e+00 1.387256744878967440e-03
-3.327264081513091831e+00 7.447996545175793529e-03
-2.186425674541379482e+00 8.640067254880886768e-03
-1.084519620355723690e+00 5.401028031061515765e-03
-8.136994107295851233e-08 1.815145587313175057e-06
