-4.645829394412292146e+01 1.442073266292558609e+00
-7.443825844093271371e+01 1.995849895118416928e+00
-9.012581351692490728e+01 2.549696433786723393e+00
-9.797875927202147750e+01 3.103697208543234165e+00
-1.008393136740167648e+02 3.657968351307628208e+00
-1.005201893523720855e+02 4.212681747726194637e+00
-9.817840190016610791e+01 4.768100482435537302e+00
-9.455386369668320867e+01 5.324633090854496764e+00
-9.012196484521631135e+01 5.882917804995011046e+00
-8.519160568486668694e+01 6.443954165975722681e+00
-7.996889663871127141e+01 7.009309143609526060e+00
-7.459966125524482550e+01 7.581440267854120840e+00
-6.919950720376830589e+01 8.164202406424109881e+00
-6.387766631245149540e+01 8.763642693312306164e+00
-5.875951982303663357e+01 9.389247533781581723e+00
-5.401245391031035581e+01 1.005589883598330481e+01
-4.988037461095098024e+01 1.078694287232907634e+01
-4.662816980610121931e+01 1.163462341966173419e+01
-4.407677810807909680e+01 1.274542582776525634e+01
-4.202565223876468536e+01 1.390766953183054255e+01
-4.032213026410533985e+01 1.490646691158211290e+01
-3.885880709445142145e+01 1.559378681752531293e+01
-3.757713829161158969e+01 1.590456029675537231e+01
-3.646016670590545772e+01 1.585164141991406161e+01
-3.550075680619462304e+01 1.549691044343275514e+01
-3.468611645112953568e+01 1.492201430908287385e+01
-3.399806872040316108e+01 1.419865344329185497e+01
-3.341726895280095277e+01 1.337993477938698561e+01
-3.292470168252646801e+01 1.250119002332046136e+01
-3.250261360474723915e+01 1.158628133688936046e+01
-3.213555549463067251e+01 1.065107604010679232e+01
-3.181078165730284724e+01 9.705779859043536462e+00
-3.151820333257310480e+01 8.758093907285745772e+00
-3.125006871628167815e+01 7.812905182426179707e+00
-3.099995746736486169e+01 6.873250136752885986e+00
-3.076278434093485359e+01 5.941581317058044931e+00
-3.053379954851262923e+01 5.019300098307041047e+00
-3.030833622338369082e+01 4.108502817696826348e+00
-3.008161949304427196e+01 3.211101928042986664e+00
-2.984874640193640971e+01 2.329242129997743938e+00
-2.960406363673886787e+01 1.465626920669529376e+00
-2.934178168455458291e+01 6.241863460605056035e-01
-2.905563551406853762e+01 -1.900491164665670807e-01
-2.873846565979447476e+01 -9.705823314802864976e-01
-2.838195286577056109e+01 -1.709397326194261435e+00
-2.797857790730083494e+01 -2.397457125684499868e+00
-2.752327071203713871e+01 -3.024603198270723325e+00
-2.701262440410406285e+01 -3.580569666044814969e+00
-2.644765369340758454e+01 -4.055973123823271465e+00
-2.583346016960942393e+01 -4.442659055507017563e+00
-2.517669636246973397e+01 -4.734291255877375981e+00
-2.448758088488865781e+01 -4.927935668948352443e+00
-2.377634397241179443e+01 -5.022655481210000161e+00
-2.305386815145370960e+01 -5.020944218734671338e+00
-2.233118512742889905e+01 -4.927858818376622985e+00
-2.161697632030488592e+01 -4.748395134089988368e+00
-2.091844084468412746e+01 -4.489986103162489250e+00
-2.024081650309502223e+01 -4.160212011404215815e+00
-1.958755015384578613e+01 -3.766930722808637721e+00
-1.896021574486001171e+01 -3.317283781990459257e+00
-1.835873313820976094e+01 -2.819002295594558394e+00
-1.778173689739911012e+01 -2.279723922127256053e+00
-1.722706504322458443e+01 -1.706283689801540326e+00
-1.669158376404656607e+01 -1.104567056322717011e+00
-1.617235371915536035e+01 -4.804341226217732630e-01
-1.566636896403399071e+01 1.616185822497668845e-01
-1.517083522668217377e+01 8.179323478110841483e-01
-1.468265576041244103e+01 1.485443419950579269e+00
-1.419932672446445210e+01 2.160908874069547014e+00
-1.371769134896957709e+01 2.842104918542817771e+00
-1.323505936103236280e+01 3.526550160476220608e+00
-1.274870337899684358e+01 4.211724036461310661e+00
-1.225581591157260952e+01 4.894655298511450425e+00
-1.175305665911391273e+01 5.571965523771627460e+00
-1.123704797562660751e+01 6.239077447096931017e+00
-1.070395981707038757e+01 6.890557610814100897e+00
-1.014966620740159264e+01 7.520290727001074593e+00
-9.570702039628654845e+00 8.121298351493519974e+00
-8.964423032560935312e+00 8.686292344444689562e+00
-8.329214252532105789e+00 9.206790588024034605e+00
-7.666013385469151231e+00 9.671014083352783786e+00
-6.975144089183748619e+00 1.006363410509515610e+01
-6.260072986825478303e+00 1.036442824160523912e+01
-5.529264472040266831e+00 1.054698254636767274e+01
-4.795279333059855986e+00 1.058239693431197459e+01
-4.081214518074284925e+00 1.045081013578999141e+01
-3.414000116200123447e+00 1.014521132401734071e+01
-2.817066561468042352e+00 9.674950026770781975e+00
-2.303368637075536629e+00 9.058587561395516019e+00
-1.872963915570034388e+00 8.320200318804591433e+00
-1.516248849040261470e+00 7.490649411801476809e+00
-1.220898794433091572e+00 6.597986168901303294e+00
-9.752053657920007890e-01 5.663805552752007699e+00
-7.687295074971851605e-01 4.707699897038953196e+00
-5.939187423340047678e-01 3.747613099554645277e+00
-4.448664034967069747e-01 2.805414757824138405e+00
-3.166059699659473647e-01 1.908611864540850078e+00
-2.038708570942706355e-01 1.094230485810597564e+00
-1.003480606126003344e-01 4.230506739555192630e-01
1.336910699210096701e-16 2.392134882290736907e-07
