3.542686677137206885e+01 2.592403243092505249e+01
5.315006694776545970e+01 2.572559340211138945e+01
6.002445675713059359e+01 2.552637875429400793e+01
6.044181510448284200e+01 2.532541088479750968e+01
5.711397268575844066e+01 2.512125562448514415e+01
5.177730610173271231e+01 2.491164875902553177e+01
4.564498043304844543e+01 2.469290639476831117e+01
3.972285897625459228e+01 2.445896578890511819e+01
3.502905431578044215e+01 2.419826126153903090e+01
3.134470198789608375e+01 2.381299484109811004e+01
2.821954306319472394e+01 2.314122931139156591e+01
2.556357052518639961e+01 2.220553450197128598e+01
2.335586374703725454e+01 2.105325486067474472e+01
2.160017240760681290e+01 1.974276749883922122e+01
2.029479674316458926e+01 1.832947471776166992e+01
1.943445056939523852e+01 1.687541545954583100e+01
1.901444425570499419e+01 1.545650243956093561e+01
1.902043561929047755e+01 1.414633534475651899e+01
1.942105676852657581e+01 1.299721454447371549e+01
2.014846206565336928e+01 1.204366096249138529e+01
2.111826163931307576e+01 1.129302244134965960e+01
2.224940996318829534e+01 1.073025694174318900e+01
2.348181182970807512e+01 1.032968136988835539e+01
2.477348280462561192e+01 1.005939362521190006e+01
2.609341127321102505e+01 9.888315124143304047e+00
2.742169009741534680e+01 9.789659575037857664e+00
2.874864397230726354e+01 9.740052015114793349e+00
3.006797577056401138e+01 9.719011910909408414e+00
3.137738735015355473e+01 9.709047851876148272e+00
3.267527330672253782e+01 9.695211248822086958e+00
3.396064881445006733e+01 9.664330445825040528e+00
3.523351523446735456e+01 9.604761867402649145e+00
3.648951461622310433e+01 9.506101838172931195e+00
3.772295625859923263e+01 9.357981273848123394e+00
3.892420112109862629e+01 9.152134820369802526e+00
4.008351350533244783e+01 8.878084510597455292e+00
4.118616592606417726e+01 8.526036847808240893e+00
4.221155605936150579e+01 8.085210696282649323e+00
4.313451298834460346e+01 7.544424525314648911e+00
4.392550908513278074e+01 6.898348519161954684e+00
4.455373228468799596e+01 6.145964071024257791e+00
4.499182392368761185e+01 5.295946526634008222e+00
4.522802939968170932e+01 4.364302219365304936e+00
4.527017009316701746e+01 3.381324715213556598e+00
4.513519607315117099e+01 2.377053676983972963e+00
4.484220860164710132e+01 1.377622086890130992e+00
4.440551181021393745e+01 4.004388206630452585e-01
4.384227923516792913e+01 -5.386654940981249196e-01
4.316688228274279737e+01 -1.431740365714731178e+00
4.239695861900066376e+01 -2.272431580471660606e+00
4.154794266576719508e+01 -3.056814548777880614e+00
4.063120477781613715e+01 -3.784300621640531936e+00
3.965883246894439651e+01 -4.453843192117221683e+00
3.863972284169301474e+01 -5.064640527629909350e+00
3.757717718569742260e+01 -5.616445498982152174e+00
3.647821278853742655e+01 -6.107383207371981371e+00
3.534726561587677907e+01 -6.534972008894515128e+00
3.418870906339277127e+01 -6.896330938568073776e+00
3.300537339114153923e+01 -7.187680086780122934e+00
3.180086703158038119e+01 -7.407508434885379245e+00
3.057784140207391133e+01 -7.555122202923993946e+00
2.934087834750420498e+01 -7.631551109368491126e+00
2.809579435343712106e+01 -7.638306030419110826e+00
2.685104987040732993e+01 -7.575614442254977376e+00
2.561434228370874422e+01 -7.442251441250455457e+00
2.439069878549970483e+01 -7.235043428322907033e+00
2.318717316311455434e+01 -6.948949125706767482e+00
2.201352913270419265e+01 -6.580360130396107898e+00
2.087543583919932288e+01 -6.123515852769998880e+00
1.977936045191406222e+01 -5.578716793449115308e+00
1.872894241008644656e+01 -4.948771852908748770e+00
1.772892349046419369e+01 -4.243554081219379270e+00
1.677736730973233037e+01 -3.473011640438316672e+00
1.586941810813742748e+01 -2.650716661997797985e+00
1.499934450752757087e+01 -1.792374560565835218e+00
1.416052317512212433e+01 -9.145372320492546336e-01
1.334317499861966105e+01 -2.984991113320311154e-02
1.253833496135023751e+01 8.460410618392770754e-01
1.173680011348019647e+01 1.698507823141818029e+00
1.092484388403418549e+01 2.514090746296356649e+00
1.009596665941609039e+01 3.275005460804369939e+00
9.243022406771315147e+00 3.965435055695619049e+00
8.362332657291560167e+00 4.568317848196146613e+00
7.454046411133630201e+00 5.069671034788626685e+00
6.524663212102148613e+00 5.457661503332258413e+00
5.579607105954370816e+00 5.726275707523981850e+00
4.631666301523371665e+00 5.876364899050432022e+00
3.696891689521102808e+00 5.912078007648370104e+00
2.794955284480002522e+00 5.836163592249929088e+00
1.947683604879983932e+00 5.646905933022237534e+00
1.178941813470421929e+00 5.337836509495602400e+00
5.183825100407326580e-01 4.904545476405734128e+00
-6.632972918784719313e-03 4.347882497050022721e+00
-3.787828904121731122e-01 3.692902341167908276e+00
-5.956693023572305901e-01 2.977007338387509083e+00
-6.683420427758430815e-01 2.242786215030740493e+00
-6.167166224849559564e-01 1.530494864708402680e+00
-4.681620195302073073e-01 8.803966032232141137e-01
-2.528427451780041468e-01 3.444995315485854248e-01
-5.064454462493253222e-08 3.459139958877049367e-05
