3.578371977707342211e+01 4.483968441299328589e+01
5.141179970222597007e+01 4.510023763286059051e+01
5.525348799847743919e+01 4.534983706490534416e+01
5.258714830410021079e+01 4.557440792492693049e+01
4.683764622930415555e+01 4.575274418166936385e+01
4.055133731982735412e+01 4.585046620199604916e+01
3.589423350253257894e+01 4.581331819663217431e+01
3.192886734340687838e+01 4.555690187748032116e+01
2.817229681112367246e+01 4.529725959048711559e+01
2.455750136524179439e+01 4.508132015412174809e+01
2.110987371009793634e+01 4.487890355181331614e+01
1.786908972907064097e+01 4.464837906250619426e+01
1.484556196163960351e+01 4.434660305775699385e+01
1.204797572001693950e+01 4.394622372913723751e+01
9.460606293980514891e+00 4.342856708220054429e+01
7.086247321295868318e+00 4.278866363504072723e+01
4.923801378817199925e+00 4.201877531899850027e+01
2.976991246827787485e+00 4.111834856113014069e+01
1.245740486258636981e+00 4.009151368869243015e+01
-2.625673638320223380e-01 3.895477984023894891e+01
-1.546775937514306420e+00 3.772458472994624401e+01
-2.595670784855372837e+00 3.642799772939896030e+01
-3.395767599748194865e+00 3.508970972532329569e+01
-3.932246159812568642e+00 3.372861801101758061e+01
-4.194099050112402693e+00 3.236247404153645846e+01
-4.177901606138123114e+00 3.102569899466200809e+01
-3.899400713774942240e+00 2.975143849029095477e+01
-3.385553855636530773e+00 2.856185596766572488e+01
-2.672491683573646970e+00 2.747176561422865504e+01
-1.796325191535600663e+00 2.649059706482264076e+01
-7.840595851012102102e-01 2.562038537842988362e+01
3.390597340673600635e-01 2.486166206416386260e+01
1.553206489618973452e+00 2.421183674564344557e+01
2.838573807209105127e+00 2.366314249170777373e+01
4.181530961323249862e+00 2.320595749472417069e+01
5.570222941370702507e+00 2.282925740331276288e+01
6.992499764997407219e+00 2.252296455163022770e+01
8.441033956169411212e+00 2.227642860283616955e+01
9.911503340340747314e+00 2.207748852998810563e+01
1.139157898700825733e+01 2.191610706272377485e+01
1.287787185670216417e+01 2.178394539359674908e+01
1.436726011399499470e+01 2.167399663109373620e+01
1.585236070025775312e+01 2.157962000576678108e+01
1.733432295497178899e+01 2.149439780344549078e+01
1.880941097242916626e+01 2.141237769288064641e+01
2.027845908786811435e+01 2.132608314685311868e+01
2.173893539300985367e+01 2.122886488836702412e+01
2.318911617125286995e+01 2.111386551303066739e+01
2.462429834343943824e+01 2.097464378860408019e+01
2.603944107215007975e+01 2.080529852561213389e+01
2.742807442516454941e+01 2.060091213039049052e+01
2.878590474841879399e+01 2.035534595996445972e+01
3.010818056093330597e+01 2.006402206470724536e+01
3.138958753143009162e+01 1.972282593367194536e+01
3.262100617750657250e+01 1.932712516052922425e+01
3.379615422077575460e+01 1.887250716269509354e+01
3.490711776458687154e+01 1.835900110479779102e+01
3.594012455533577111e+01 1.778610468693582547e+01
3.688225862413397493e+01 1.714856036711863752e+01
3.771890391568391721e+01 1.644576572545912185e+01
3.842482654155364941e+01 1.567952816042903486e+01
3.897218363886389625e+01 1.484093966768225492e+01
3.933847544898043225e+01 1.393716172483370741e+01
3.951750740736649448e+01 1.300489970092575120e+01
3.950785348905115058e+01 1.206391517904708444e+01
3.932543666216441380e+01 1.113010367606372242e+01
3.900761670565631078e+01 1.021336220269644635e+01
3.857317648711818947e+01 9.316762618594189860e+00
3.803138251038972584e+01 8.458502179474669092e+00
3.738481157777692232e+01 7.650249493219464902e+00
3.663589233149318858e+01 6.902686659391897628e+00
3.579601832624866375e+01 6.221780268393757751e+00
3.487468611331807722e+01 5.605856863263706025e+00
3.388007094576562395e+01 5.053426285793293005e+00
3.281849666407272537e+01 4.561861246178939844e+00
3.169720643029979357e+01 4.126721791496756886e+00
3.052506917318200053e+01 3.745019048541438078e+00
2.930516222854296515e+01 3.412128697596378490e+00
2.804444598328286276e+01 3.123733259625289360e+00
2.674744649116428619e+01 2.872220560779750631e+00
2.542284584745375042e+01 2.651831807711246380e+00
2.407202946137759270e+01 2.455489224857731134e+00
2.269615329041497631e+01 2.277752192417207500e+00
2.130146108721551812e+01 2.115998578879099590e+00
1.988934981693169846e+01 1.969775682335661138e+00
1.845642988668298656e+01 1.837931240277971945e+00
1.701158994823097714e+01 1.718546206699754331e+00
1.555781209631224016e+01 1.608054387541266284e+00
1.409933096514019546e+01 1.502266573233193458e+00
1.264678682476503901e+01 1.397319070832272025e+00
1.121043099481963701e+01 1.288515586880573771e+00
9.791464680593000125e+00 1.174361012599859366e+00
8.387454687652097007e+00 1.053939457061897400e+00
6.997819287114358744e+00 9.248809628723272391e-01
5.621236977447026106e+00 7.844296474477134851e-01
4.276213875571824197e+00 6.312272390831699109e-01
2.996513717965532120e+00 4.652009583789992186e-01
1.822344744177946563e+00 2.898242906038838163e-01
8.092038694527998732e-01 1.216425068706245283e-01
6.764277702246160037e-06 4.960797440238487075e-05
