-4.628068077520811130e+01 -1.529731963135008366e+00
-7.515204143237075129e+01 -1.137582351794827140e+00
-9.225907086839600879e+01 -7.454207521710158879e-01
-1.017551703424578875e+02 -3.532328608222318200e-01
-1.063304118036277117e+02 3.900070301368711162e-02
-1.077242123211847371e+02 4.313081398916064901e-01
-1.070613457331995164e+02 8.237319154992689407e-01
-1.050692281089477689e+02 1.216336960176850557e+00
-1.022184462519721393e+02 1.609223205642183352e+00
-9.881367336914341593e+01 2.002544879279709367e+00
-9.505253342379816672e+01 2.396540280956841684e+00
-9.106378490949899174e+01 2.791577791084121962e+00
-8.693220018772238689e+01 3.188226992255708048e+00
-8.271494662928746777e+01 3.587368635301164677e+00
-7.845263423634195021e+01 3.990364680056363245e+00
-7.417716414351384913e+01 4.399321239573294129e+00
-6.991789440980197412e+01 4.817495193203248149e+00
-6.570731445411271920e+01 5.249922972158020507e+00
-6.158732457248274983e+01 5.704392916363365984e+00
-5.761733387196493084e+01 6.192948935679774891e+00
-5.388574124509251817e+01 6.734215789261908114e+00
-5.052665041584791794e+01 7.356995586561652090e+00
-4.773456293555303631e+01 8.107590229758763201e+00
-4.552314937138101669e+01 9.107584164239034052e+00
-4.382506351530663835e+01 1.035169547539395651e+01
-4.252388022951399194e+01 1.174337297972093275e+01
-4.150615216281264708e+01 1.318171280651781885e+01
-4.067841551655805432e+01 1.458901014622667880e+01
-3.997025610707914467e+01 1.591645725981926063e+01
-3.933206894078890770e+01 1.713999238414307769e+01
-3.872396818943150976e+01 1.825662420145467379e+01
-3.811800457953230392e+01 1.926808855471841397e+01
-3.749224356340692310e+01 2.017332543542979906e+01
-3.683108205598927753e+01 2.096737146278108455e+01
-3.612422991919386561e+01 2.164670326612516504e+01
-3.536918818526300612e+01 2.220636923862508283e+01
-3.456968001721216410e+01 2.264265127443067982e+01
-3.373046950220965101e+01 2.295774903179506055e+01
-3.285930336038597943e+01 2.316681565639134277e+01
-3.196783496261975088e+01 2.329758559256700323e+01
-3.106585525877384768e+01 2.337795173645902125e+01
-3.015991324046905575e+01 2.343148453627431493e+01
-2.925461678623116413e+01 2.347573015559693488e+01
-2.835247821947819347e+01 2.352075534289722469e+01
-2.745472060510087076e+01 2.357335709842410409e+01
-2.656113251987151003e+01 2.363399833313056675e+01
-2.567208615784470638e+01 2.370087666309420626e+01
-2.478764635638358271e+01 2.376973066897427245e+01
-2.390814092691741166e+01 2.383653694656454647e+01
-2.303350431076391303e+01 2.389731517542125516e+01
-2.216415837649336851e+01 2.394916300911201290e+01
-2.130004276813854958e+01 2.399120758844302159e+01
-2.044204271136551299e+01 2.402646640136142508e+01
-1.958949629466335907e+01 2.405990032776066201e+01
-1.874142423975438021e+01 2.409725113353983517e+01
-1.789640616483373847e+01 2.414268129803808449e+01
-1.705525217075565791e+01 2.419671573537999620e+01
-1.621982993786683025e+01 2.425977196991888363e+01
-1.539200051932297875e+01 2.433072750968640818e+01
-1.457373041184504814e+01 2.440894426629134983e+01
-1.376734859601855554e+01 2.448988852880160749e+01
-1.297312399424323459e+01 2.456048066052274592e+01
-1.219468109132307454e+01 2.459288216488844725e+01
-1.144270714437711334e+01 2.454905688747344428e+01
-1.073256950020176248e+01 2.439595937566205563e+01
-1.007831408644605276e+01 2.410554141458899124e+01
-9.488906257487139229e+00 2.368119595454042781e+01
-8.964493466471457950e+00 2.314706404786851479e+01
-8.496036809844619953e+00 2.253225708947948647e+01
-8.067703977571405005e+00 2.186464920110356047e+01
-7.662138693590586414e+00 2.116270097058292166e+01
-7.270966126695165954e+00 2.043756209860641349e+01
-6.889388924387644941e+00 1.969461920789146703e+01
-6.516689606697426917e+00 1.893832555474800472e+01
-6.152299510559743112e+00 1.817141928720575805e+01
-5.796826410967244492e+00 1.739679824915892326e+01
-5.451597188551820850e+00 1.661545385681494835e+01
-5.117381857428794589e+00 1.582709322438737232e+01
-4.794481963164060723e+00 1.503221581690550401e+01
-4.482967623174745952e+00 1.423230215382956843e+01
-4.182305062848389987e+00 1.342794861229794279e+01
-3.892675188844395340e+00 1.262014979892967226e+01
-3.613344473292942283e+00 1.181052021588122258e+01
-3.343273628972466494e+00 1.100083095096242936e+01
-3.081445696226936981e+00 1.019325047982704469e+01
-2.826609591506021868e+00 9.388805944711377194e+00
-2.577332718475318085e+00 8.587892046624837405e+00
-2.332631037226583270e+00 7.791816837759033554e+00
-2.092126621124861696e+00 7.001861223067990636e+00
-1.855744239269827345e+00 6.219792584968507398e+00
-1.623720901994639920e+00 5.448363119038523550e+00
-1.396870438222373112e+00 4.690521127714046834e+00
-1.176894637849530190e+00 3.950095819536233233e+00
-9.663740370301477922e-01 3.230908204120377381e+00
-7.682310423629725715e-01 2.537551603235588260e+00
-5.852792175261763985e-01 1.877049335911560091e+00
-4.188911913596901071e-01 1.261316714945256656e+00
-2.683522034549858937e-01 7.136768684603663759e-01
-1.302016053091170078e-01 2.710643153743090839e-01
-2.189397071368549938e-09 2.257101287517077940e-05
