-4.829569389836502324e+01 -1.889534945125018295e+00
-7.427408109127898683e+01 -1.868938766957677799e+00
-8.644318596363766005e+01 -1.848342023406708057e+00
-9.017519283389304974e+01 -1.827744011130573387e+00
-8.878453816003980137e+01 -1.807143717226149082e+00
-8.433609040698095782e+01 -1.786539572129189457e+00
-7.814883014698818897e+01 -1.765929066759226007e+00
-7.111758778125789604e+01 -1.745308140543641917e+00
-6.393131935883653227e+01 -1.724670191078092385e+00
-5.724116387325759803e+01 -1.704004463896899191e+00
-5.181924155069332016e+01 -1.683293434735029903e+00
-4.862539925673286945e+01 -1.662262737015300917e+00
-4.673396636139599991e+01 -1.634107226987719486e+00
-4.511768136953405417e+01 -1.514126128136052962e+00
-4.368087269325850031e+01 -1.321718676026536476e+00
-4.240887904297767363e+01 -1.071090073834097378e+00
-4.128310771834919990e+01 -7.606424568350161897e-01
-4.029598177237433987e+01 -3.941333684752091893e-01
-3.943654545783187615e+01 2.119380686333581162e-02
-3.869115900178705658e+01 4.792776656298109450e-01
-3.805323701106385670e+01 9.754457084189931404e-01
-3.751150246889111628e+01 1.505530945344843108e+00
-3.705303179749353149e+01 2.060198143996379905e+00
-3.665937540536832984e+01 2.628074605187713964e+00
-3.630963113303131706e+01 3.198217506752430772e+00
-3.598713887128247535e+01 3.761096493934863894e+00
-3.567817213562190659e+01 4.313189584915770425e+00
-3.537457705967997867e+01 4.853962501560937781e+00
-3.507377327541190226e+01 5.384765652227184063e+00
-3.477387780323313393e+01 5.907032772116041386e+00
-3.447380980131208617e+01 6.423720995068131323e+00
-3.417137175436142371e+01 6.931887948506521901e+00
-3.386332630115960285e+01 7.431517315622140352e+00
-3.354791439271201625e+01 7.921322141810080097e+00
-3.322330735011750136e+01 8.398040410146158763e+00
-3.288693851147755254e+01 8.859094401144146147e+00
-3.253828471116128895e+01 9.301425635143321102e+00
-3.217377712271999712e+01 9.722343400364620081e+00
-3.179163639763020299e+01 1.012058884897882294e+01
-3.139240053683903398e+01 1.049487068115832145e+01
-3.097588242041697271e+01 1.084401388374904585e+01
-3.054387294824785570e+01 1.116814790394046675e+01
-3.009773921595466106e+01 1.146818495012005812e+01
-2.963896959673472153e+01 1.174275169922490925e+01
-2.916768374629318572e+01 1.199088679499357646e+01
-2.868437949156626843e+01 1.221093961473414424e+01
-2.818977697367710533e+01 1.240172797531255533e+01
-2.768398188485757316e+01 1.256327405024736343e+01
-2.716983955247575011e+01 1.269544939500758218e+01
-2.664865107269172384e+01 1.279934781550795186e+01
-2.612288292725312999e+01 1.287434960800876205e+01
-2.559332036069013228e+01 1.291937987738845628e+01
-2.506140653624992254e+01 1.293318428028097422e+01
-2.452869880755064713e+01 1.291337708867373912e+01
-2.399341243482846409e+01 1.285991004579203256e+01
-2.345760387076290243e+01 1.277449639732762421e+01
-2.292352728019458397e+01 1.266011006828129837e+01
-2.239403897114108588e+01 1.251781760061664706e+01
-2.187055536580990278e+01 1.234642651678758440e+01
-2.135816919319932339e+01 1.214728873640871321e+01
-2.086046520266371829e+01 1.191893244453229350e+01
-2.038328661633399008e+01 1.166054031572403105e+01
-1.992881168901849520e+01 1.137008292349430505e+01
-1.950234996453561109e+01 1.104813222566859210e+01
-1.910606896374535779e+01 1.069288278434175865e+01
-1.873986316227780691e+01 1.030198458743547896e+01
-1.840199192757245683e+01 9.877834243180668494e+00
-1.809002008761541447e+01 9.423897705386638179e+00
-1.780426853887552952e+01 8.944096384877422423e+00
-1.754451420546267570e+01 8.442357741008489569e+00
-1.730896036204698518e+01 7.922418176194451434e+00
-1.709441074977257813e+01 7.388458015147780777e+00
-1.689578870656397669e+01 6.841052743627701105e+00
-1.670752774504587990e+01 6.283069688682518361e+00
-1.652240198259231008e+01 5.717880210786435491e+00
-1.633292576465084167e+01 5.152768207396024813e+00
-1.612927016078913312e+01 4.589377617563386025e+00
-1.590083089195837651e+01 4.032690693164084905e+00
-1.563611744603137232e+01 3.491243830373635060e+00
-1.532223547171422240e+01 2.973072761401214237e+00
-1.494867224732916888e+01 2.486763035849357983e+00
-1.450609054223743932e+01 2.041504097991206024e+00
-1.399250387696376485e+01 1.644902849609536144e+00
-1.340577069124676868e+01 1.303560198801896108e+00
-1.274768666987100829e+01 1.013714099698531435e+00
-1.202920637216056399e+01 7.696407732391761236e-01
-1.126366331665147591e+01 5.669498936537187284e-01
-1.046105457534470240e+01 4.023265033476632335e-01
-9.626199740223649215e+00 2.731579102819950422e-01
-8.767837275173494760e+00 1.788057786453766118e-01
-7.874381437700838759e+00 1.152355113212078924e-01
-6.951561971404815132e+00 7.895973191355294685e-02
-6.002790420714640085e+00 6.337939692669651570e-02
-5.042792289163648078e+00 6.319167630485839071e-02
-4.084954563900089042e+00 7.086908778080260041e-02
-3.149909155237907488e+00 7.745453736091981178e-02
-2.247700047519919142e+00 7.583941868644163142e-02
-1.391687819460579956e+00 6.124356610124224304e-02
-6.218759851479738199e-01 3.294060514260272604e-02
-1.715677324237069288e-05 3.994440426286065699e-05
