-4.534344450990494835e+01 2.352278356799409664e+00
-7.247058142861774854e+01 1.462530911101067366e+00
-8.738125706305510221e+01 5.725760367942622775e-01
-9.453333437627185276e+01 -3.178372387211035877e-01
-9.676476171749412458e+01 -1.209056116521435520e+00
-9.587951479183868742e+01 -2.101596910410201247e+00
-9.302663434670915876e+01 -2.996253430588361688e+00
-8.894166504528121209e+01 -3.894263618594053344e+00
-8.410121771213302111e+01 -4.797569413879708478e+00
-7.882312711266746419e+01 -5.709224404501979322e+00
-7.333324848451665900e+01 -6.634034839108202242e+00
-6.781292758209443150e+01 -7.579568568131463735e+00
-6.243711890386210683e+01 -8.557743724093842985e+00
-5.741116221981746293e+01 -9.587330660414387751e+00
-5.301311004832914620e+01 -1.069789628728181974e+01
-4.959415308947986034e+01 -1.194863830265737548e+01
-4.710077631358046801e+01 -1.356234412723714300e+01
-4.529599065161500704e+01 -1.539750406887536549e+01
-4.391184484305143343e+01 -1.717893399324515968e+01
-4.273484545639340126e+01 -1.867310284599740555e+01
-4.160697412813773610e+01 -1.972764252444367017e+01
-4.048414065905311077e+01 -2.030353962665355283e+01
-3.942076811691647720e+01 -2.045402062470422422e+01
-3.842689694603313200e+01 -2.023418023639350594e+01
-3.751557889569006221e+01 -1.973482526853068109e+01
-3.668577773323038116e+01 -1.904029572690170369e+01
-3.592949374645773730e+01 -1.821313582257640462e+01
-3.523634896346197110e+01 -1.729778632549018269e+01
-3.459584332851532906e+01 -1.632569717838900303e+01
-3.399878608030491023e+01 -1.531788394497202432e+01
-3.343650779857952671e+01 -1.428839175924657567e+01
-3.290073426579057525e+01 -1.324747578024466854e+01
-3.238336522029842968e+01 -1.220329327808316400e+01
-3.187566367994994820e+01 -1.116192242113976185e+01
-3.136893526153252765e+01 -1.013028335610703401e+01
-3.085694611520001729e+01 -9.114738862818443366e+00
-3.033508904429104902e+01 -8.121155743452129983e+00
-2.980030510018910661e+01 -7.156845693246304485e+00
-2.925017273335298640e+01 -6.231802439694315687e+00
-2.868221921375204175e+01 -5.359626590605889973e+00
-2.809561560487213683e+01 -4.559912615098546951e+00
-2.749111939142103722e+01 -3.861035072546775027e+00
-2.687344474298062735e+01 -3.303850974803852925e+00
-2.625092323284579265e+01 -2.944050474886022783e+00
-2.563706970917460737e+01 -2.845218429742489175e+00
-2.505144160745625115e+01 -3.041707215650630847e+00
-2.451400700968311597e+01 -3.476643976479008025e+00
-2.402777639229631035e+01 -4.076241608724229692e+00
-2.359133734350384515e+01 -4.784087598293260690e+00
-2.320397928334784154e+01 -5.559619254001129107e+00
-2.286264790098464772e+01 -6.386720231833039385e+00
-2.255881706923818797e+01 -7.252761967044462743e+00
-2.228085307562758643e+01 -8.145025182072242131e+00
-2.201670164361709681e+01 -9.053064245061564819e+00
-2.175561712025717398e+01 -9.968784634308855530e+00
-2.148808273383957612e+01 -1.088595261691621907e+01
-2.120613635954026677e+01 -1.180157709732553073e+01
-2.090656873368995861e+01 -1.271318962858029522e+01
-2.058867718297528526e+01 -1.361768674018810898e+01
-2.024984137833526532e+01 -1.451165921018506211e+01
-1.988666451188645112e+01 -1.539072693445610795e+01
-1.949372262942903689e+01 -1.624965980398233611e+01
-1.906546117749565994e+01 -1.708150405873833932e+01
-1.859583104491323979e+01 -1.787739683708432636e+01
-1.807828998755119443e+01 -1.862632683900839936e+01
-1.750651813812040558e+01 -1.931551152870085630e+01
-1.687697058838838160e+01 -1.993084087760566092e+01
-1.619006233660426730e+01 -2.045814493704946457e+01
-1.544973087769331066e+01 -2.088350507768048914e+01
-1.466324135153941910e+01 -2.119422005583430391e+01
-1.384292844746359030e+01 -2.138103849190801498e+01
-1.300261185023009247e+01 -2.143721628589281991e+01
-1.215815457038214120e+01 -2.136019931548755935e+01
-1.132421678950072241e+01 -2.114985969421735845e+01
-1.051369807841594195e+01 -2.081146072411727133e+01
-9.735916842592367004e+00 -2.035621321248791205e+01
-8.996454622436361959e+00 -1.980107542182297564e+01
-8.297523132220192110e+00 -1.916233628924480925e+01
-7.638814876437830748e+00 -1.845455342972396906e+01
-7.018386884034709006e+00 -1.769107247676209838e+01
-6.433898056399149468e+00 -1.688242976676302476e+01
-5.882896554150473634e+00 -1.603762358400478760e+01
-5.363107535907398749e+00 -1.516301493768103015e+01
-4.872432941169825504e+00 -1.426372276660770311e+01
-4.408941315210848977e+00 -1.334344373452972832e+01
-3.970667614931547185e+00 -1.240538894625072430e+01
-3.556179771037955906e+00 -1.145222864068474244e+01
-3.164380485075609428e+00 -1.048613129355391038e+01
-2.794658594009855168e+00 -9.509305059559448381e+00
-2.446053794006206594e+00 -8.523108644872657180e+00
-2.118175508622889502e+00 -7.530664521372777642e+00
-1.810283843103818180e+00 -6.535119863165339993e+00
-1.521469681009478991e+00 -5.540719848931093594e+00
-1.251154140130870340e+00 -4.555028510254909513e+00
-9.992029610840428289e-01 -3.588480036975734588e+00
-7.655010097455438034e-01 -2.656500232905594228e+00
-5.495537852127856393e-01 -1.781576423179473290e+00
-3.508718312369643044e-01 -1.001751264359411531e+00
-1.681684530953907464e-01 -3.752663841696208813e-01
-1.362473392150712684e-08 -2.798430072407224976e-05
