-4.013709391874388643e+01 4.241339747671111127e+01
-5.330263367943251041e+01 4.272440304122008570e+01
-5.230709768352038225e+01 4.299596584623554207e+01
-4.546242982176890024e+01 4.317524557683203312e+01
-3.888769975499623399e+01 4.318337189681387400e+01
-3.359314454557589613e+01 4.304769561497639074e+01
-2.863513111802100042e+01 4.293259415148418867e+01
-2.388843952267263404e+01 4.287065031037724339e+01
-1.953385957384304206e+01 4.289285171771572891e+01
-1.566402227735726882e+01 4.299319787663428372e+01
-1.226310175371740208e+01 4.313974500874901707e+01
-9.169249931041528967e+00 4.322012933877602592e+01
-6.613862933058815230e+00 4.300778970178475191e+01
-4.745971327843960808e+00 4.241255418052013226e+01
-3.603035480406554303e+00 4.151608764150920194e+01
-3.097673812211000577e+00 4.034785456002764903e+01
-3.060705653128537485e+00 3.922260640832088541e+01
-3.406345057885310723e+00 3.829856104500360203e+01
-4.052015150104972818e+00 3.751585565726190197e+01
-4.832683780426670239e+00 3.681449537020522200e+01
-5.638658153843699061e+00 3.612966561668404353e+01
-6.428666092238366048e+00 3.540583731627905451e+01
-7.212725161571390764e+00 3.466650670087412323e+01
-8.006502144787178921e+00 3.394289161173198011e+01
-8.815255362165135722e+00 3.324672134159569481e+01
-9.637585154440492019e+00 3.257919914753842505e+01
-1.047238799673741205e+01 3.193623871066181508e+01
-1.131923430612035908e+01 3.131099224839114470e+01
-1.217424356951002018e+01 3.070035554541967571e+01
-1.303722044671333613e+01 3.009788545691751338e+01
-1.390635595180718198e+01 2.950068457794781907e+01
-1.478124023395026043e+01 2.890297094267438283e+01
-1.566059255410627848e+01 2.830368721759032624e+01
-1.654518308167687479e+01 2.770134705938086128e+01
-1.743672534431429000e+01 2.709591374549766840e+01
-1.833503725824084896e+01 2.648912793878806227e+01
-1.924134819362161153e+01 2.587808616148495489e+01
-2.015711335467711862e+01 2.526189067421126566e+01
-2.107888394129279774e+01 2.464164687594917780e+01
-2.200539937902536280e+01 2.401352877116028495e+01
-2.293346974862075882e+01 2.337600954473069237e+01
-2.386203448554866924e+01 2.272503459804835657e+01
-2.478762115024619561e+01 2.206126380629310191e+01
-2.570924618402372275e+01 2.138208624854247475e+01
-2.662368072985440648e+01 2.069049436733934044e+01
-2.753310981722541229e+01 1.998634867356369327e+01
-2.843612785165710122e+01 1.927397162666058605e+01
-2.933265320201937953e+01 1.855575438699682067e+01
-3.022616092967518497e+01 1.782888839956431681e+01
-3.111382617549505980e+01 1.709686884011919616e+01
-3.199454813380351936e+01 1.636112957605012497e+01
-3.286898584665880207e+01 1.562026029396191973e+01
-3.373761968286287072e+01 1.488104568661879767e+01
-3.460376760409811681e+01 1.414740458237438858e+01
-3.547591808980050843e+01 1.342710576870848449e+01
-3.635316676057662022e+01 1.272458075251178222e+01
-3.723212202816964833e+01 1.203361056513654859e+01
-3.809769953977059487e+01 1.133269125915545139e+01
-3.890775343732631342e+01 1.058818196686010893e+01
-3.961361111914810351e+01 9.768789752053846698e+00
-4.018244687690444295e+01 8.878393137372864174e+00
-4.059677245381107014e+01 7.947739086229900884e+00
-4.083445980627096361e+01 7.012747429556737799e+00
-4.086176246795704259e+01 6.116093806111347675e+00
-4.063672986451724256e+01 5.295589803288793362e+00
-4.015144667069597517e+01 4.578806669262068141e+00
-3.947468538344376299e+01 3.970558700907309557e+00
-3.870198089931746921e+01 3.448293155517157871e+00
-3.797346248975222238e+01 2.959014901960015820e+00
-3.733506183311320115e+01 2.331209489866236328e+00
-3.667702359873648277e+01 1.689484551610395346e+00
-3.594556341687369638e+01 1.102648569260558542e+00
-3.513009652326387311e+01 5.955466116407044375e-01
-3.424108527213650888e+01 1.694171345341473067e-01
-3.329850441882964418e+01 -1.822081954112190483e-01
-3.231449528917396208e+01 -4.681308201574524430e-01
-3.129054808846336400e+01 -6.991470301001827536e-01
-3.022421168633729494e+01 -8.837094069881951119e-01
-2.911597678304145020e+01 -1.027492205227419575e+00
-2.796952167781381249e+01 -1.133637065984585801e+00
-2.678126953661437426e+01 -1.205787887395712410e+00
-2.555590339022098689e+01 -1.247770296175472415e+00
-2.429475943828685658e+01 -1.262476001513876733e+00
-2.299677341611628023e+01 -1.252292941313744468e+00
-2.166257581652239850e+01 -1.220027471281656783e+00
-2.029228351369818029e+01 -1.167559984840522036e+00
-1.888336881480488216e+01 -1.097634266033099104e+00
-1.744408265577113681e+01 -1.012359706904286671e+00
-1.596850485117782448e+01 -9.137145629603676822e-01
-1.446472118599320211e+01 -8.054942375192327697e-01
-1.293686279263819472e+01 -6.906917933445625435e-01
-1.139459707885481698e+01 -5.725665744117734990e-01
-9.846488976329851539e+00 -4.550402686035400768e-01
-8.298070599543427406e+00 -3.423554124684019540e-01
-6.759800696519175922e+00 -2.396534028218302859e-01
-5.248196258438365902e+00 -1.524552212459012734e-01
-3.781893947853472771e+00 -8.470048464449957126e-02
-2.396366468880058775e+00 -3.730469171193306205e-02
-1.153308834568799623e+00 -1.031636535507655938e-02
-8.431074314646685351e-06 -9.726574823539974626e-07
