-4.558890046190166601e+01 -1.105350566373840104e+00
-6.608849965681872618e+01 -9.635514188908836930e-01
-7.207617055987081756e+01 -8.011797825269931783e-01
-6.989239898328311540e+01 -5.916568449078064562e-01
-6.349194863683451473e+01 -2.946375464093649588e-01
-5.559848588473534647e+01 1.557685235206952290e-01
-4.849977785007162367e+01 8.702343591963176417e-01
-4.471562662279841760e+01 2.036527560900102340e+00
-4.318112144261039020e+01 3.721145311671099520e+00
-4.305732555333270994e+01 6.030157296290258984e+00
-4.261281480953989842e+01 8.455307790448522098e+00
-4.173797429180761043e+01 1.082360921847316781e+01
-4.078376969363206683e+01 1.316531924730329806e+01
-3.986591262935046132e+01 1.544175621765190876e+01
-3.904360668383613842e+01 1.760127676161078014e+01
-3.824239609129179485e+01 1.957223188839903116e+01
-3.747302835073635663e+01 2.134190578593801391e+01
-3.674636189142454157e+01 2.292436502679136012e+01
-3.608807157626660000e+01 2.435279569095942520e+01
-3.543665108918622764e+01 2.562452916934979896e+01
-3.483628916034722067e+01 2.678286021242170989e+01
-3.445906830178305569e+01 2.791889035323320556e+01
-3.438210774515009405e+01 2.905546292821007626e+01
-3.428984463514503744e+01 3.013257961868623624e+01
-3.392855210919055509e+01 3.104843754985521898e+01
-3.326619948534120397e+01 3.167637955330548749e+01
-3.235018187720869065e+01 3.188126005858375933e+01
-3.149601855281602880e+01 3.202529448763073106e+01
-3.108824056180852580e+01 3.254524824043165410e+01
-3.129114970352218705e+01 3.333802721702883076e+01
-3.161831496485348936e+01 3.426459002776911689e+01
-3.157067312452839758e+01 3.524907843972122379e+01
-3.123032032963730842e+01 3.621360748508512017e+01
-3.078744379594921554e+01 3.713658455940588965e+01
-3.026746307408327397e+01 3.792966697373613982e+01
-2.968802424538709417e+01 3.845501823627147786e+01
-2.907063022893164828e+01 3.850644424779374475e+01
-2.846611465922142870e+01 3.784112301796855604e+01
-2.784106323745447753e+01 3.679919089853476777e+01
-2.705490104637022242e+01 3.589179210575948531e+01
-2.592320348842931566e+01 3.569574193134074136e+01
-2.496894625158600434e+01 3.602390271508654962e+01
-2.505011471553694236e+01 3.697647004498728762e+01
-2.555997389890022120e+01 3.820733869928643855e+01
-2.608336356169201053e+01 3.945082066003119081e+01
-2.619868759711991402e+01 4.043985721589032778e+01
-2.545482264275682738e+01 4.085726048228349327e+01
-2.430025405822715356e+01 4.089095552234240216e+01
-2.303751198314185089e+01 4.080658195332752314e+01
-2.180718601789307698e+01 4.055870058049313798e+01
-2.070211685976450156e+01 4.001043116019955193e+01
-1.978114054602265171e+01 3.919861951358257102e+01
-1.913623261672171338e+01 3.823307948058285177e+01
-1.901787033841602437e+01 3.720300249042743701e+01
-1.970870233455066867e+01 3.627435950381357088e+01
-2.072951911731059482e+01 3.541161187159653423e+01
-2.158710499117822934e+01 3.448684837137823678e+01
-2.174058754080616040e+01 3.335405169493161281e+01
-2.109913482715382571e+01 3.257411150479115491e+01
-1.981940335093241146e+01 3.275564389390062559e+01
-1.831598071434025954e+01 3.315901648557104409e+01
-1.690696185792434036e+01 3.325153689723949668e+01
-1.602673521910884702e+01 3.249413277818532464e+01
-1.590843009342020231e+01 3.120163589789245506e+01
-1.672302074857778464e+01 2.974283253705976904e+01
-1.767776032824033194e+01 2.823197780287796732e+01
-1.775590773479793327e+01 2.706169341367118264e+01
-1.636555563687184645e+01 2.687491903061721743e+01
-1.441378285808602477e+01 2.702404144026017008e+01
-1.274391154418823646e+01 2.632208880089796921e+01
-1.197332728387609890e+01 2.489542621457226446e+01
-1.269492996254420270e+01 2.331491896159725741e+01
-1.336903229984086749e+01 2.183996501083966280e+01
-1.245199521458691194e+01 2.083301792742070546e+01
-1.078633156688837857e+01 2.055000372765396577e+01
-9.258730989573534131e+00 2.017578030904747877e+01
-8.841402188342197377e+00 1.877677033247482186e+01
-9.281748404710665312e+00 1.708899982511568538e+01
-8.751389009864688262e+00 1.575334933762255218e+01
-7.254024943361468303e+00 1.553376795421705125e+01
-5.882096775568449232e+00 1.511558886816805192e+01
-5.501580543793067157e+00 1.381070416428294578e+01
-5.731734978858037621e+00 1.227160826149073181e+01
-5.088184798872281256e+00 1.097574511880829284e+01
-4.242365399528215342e+00 9.867572857118615204e+00
-3.636178259830968873e+00 8.750489846083702616e+00
-3.160176000554146380e+00 7.690693721820327511e+00
-2.698193516223793331e+00 6.734021409023316806e+00
-2.288211320163877627e+00 5.825597487511058326e+00
-1.952226139789568382e+00 4.945183929153849078e+00
-1.633454938511979204e+00 4.131958745721279413e+00
-1.305927021951377665e+00 3.404127350175175870e+00
-1.003828428081199986e+00 2.741486913193707853e+00
-7.552786612065206517e-01 2.138131708945214537e+00
-5.593506301301378603e-01 1.603706514153277363e+00
-3.961812105086436331e-01 1.145732981065787248e+00
-2.665154672059644181e-01 7.562592960115942509e-01
-1.639347579402777866e-01 4.280193320533179357e-01
-7.815654742726539650e-02 1.664782279881120430e-01
-2.418010861717871591e-16 1.358652106143820605e-07
