1.107345507590699718e+00 3.896266308277621704e+01
2.148587844051388807e+00 3.940051290901637060e+01
2.786644900731479968e+00 3.982912383812070090e+01
3.089568372890069803e+00 4.023890265283990431e+01
3.112610831855022742e+00 4.061953390671876463e+01
2.900290750904376047e+00 4.095958431591176208e+01
2.488099912774720757e+00 4.124606427954806520e+01
1.903879611989323095e+00 4.146392967180950961e+01
1.223901400037180398e+00 4.162728321325925407e+01
4.252187761461682092e-01 4.171922824137057972e+01
-4.721264444449326247e-01 4.174986543286474472e+01
-1.449442765914279896e+00 4.172973402508058882e+01
-2.457402905138776905e+00 4.169040622342129865e+01
-3.511952575466048110e+00 4.162575275244665107e+01
-4.605047685806266777e+00 4.154752635472639355e+01
-5.730396696391861333e+00 4.146668924795027777e+01
-6.881620471066240974e+00 4.139296757130649951e+01
-8.054190292100122051e+00 4.133025802630142920e+01
-9.243895107448551585e+00 4.127902667822092297e+01
-1.044699401584945342e+01 4.123696840631065896e+01
-1.166015174082826711e+01 4.119981502903734594e+01
-1.288026981296857798e+01 4.116251848670040658e+01
-1.410466461429313689e+01 4.111933550400075177e+01
-1.533087041975902132e+01 4.106451353633816126e+01
-1.655659888309983785e+01 4.099261945524869333e+01
-1.777965117473515022e+01 4.089753281053936007e+01
-1.899796330334196881e+01 4.077436798795417161e+01
-2.020953356209373197e+01 4.061896920475436445e+01
-2.141226369506145488e+01 4.042738471233604969e+01
-2.260416870529585154e+01 4.019682309154402589e+01
-2.378295863931266041e+01 3.992432867827091769e+01
-2.494664601571433593e+01 3.960855058546325580e+01
-2.609310404173227482e+01 3.924813970229719473e+01
-2.721976105704973392e+01 3.884125600694234492e+01
-2.832444038999049951e+01 3.838742104200841254e+01
-2.940443254052232902e+01 3.788516201106992298e+01
-3.045686115684806339e+01 3.733308974077986875e+01
-3.147888286161026627e+01 3.673000209858610532e+01
-3.246807742486228676e+01 3.607566883300340521e+01
-3.342201870787754103e+01 3.537013861174919072e+01
-3.433841510515633644e+01 3.461380840664434544e+01
-3.521521973310576215e+01 3.380769910812868062e+01
-3.605097114767545463e+01 3.295370116499007196e+01
-3.684344141529895467e+01 3.205283907816055944e+01
-3.759206288472331892e+01 3.110820498448249793e+01
-3.829485993230156282e+01 3.012140648985941027e+01
-3.895157202411535735e+01 2.909565168661910661e+01
-3.956205892659509971e+01 2.803406359682818305e+01
-4.012598160373135414e+01 2.693971189417327494e+01
-4.064324840292540841e+01 2.581606363065585086e+01
-4.111314801691427334e+01 2.466614457078346589e+01
-4.153639299780836325e+01 2.349396066504800018e+01
-4.191221773832990038e+01 2.230296253610657686e+01
-4.223976121072938383e+01 2.109675416223038980e+01
-4.251778245009158042e+01 1.987917579562716597e+01
-4.274331948766536726e+01 1.865402411365567303e+01
-4.291358159592460453e+01 1.742535237836855799e+01
-4.302460990756205916e+01 1.619718072965423517e+01
-4.307111666840950903e+01 1.497417421869945642e+01
-4.304525553598099208e+01 1.376159382264997610e+01
-4.294059445728862556e+01 1.256506992046389826e+01
-4.274901447931483034e+01 1.139141607958129043e+01
-4.246380070390767969e+01 1.024831385398659300e+01
-4.208294456008422912e+01 9.142808986188189380e+00
-4.160325098099380625e+01 8.082867901506871178e+00
-4.102646345182733967e+01 7.074678985763988237e+00
-4.035719336807534319e+01 6.122682585066417715e+00
-3.959807481179266375e+01 5.232486627893665698e+00
-3.875612197474141141e+01 4.406651357385805490e+00
-3.783758381549040450e+01 3.647703578683370917e+00
-3.685115226504959907e+01 2.955615845153407584e+00
-3.580489948281205415e+01 2.330320929391277218e+00
-3.470692564424771831e+01 1.769927420134975282e+00
-3.356387220935958027e+01 1.273295962442730689e+00
-3.238248055394211633e+01 8.378993631417210874e-01
-3.116913258646675544e+01 4.607940033065025531e-01
-2.992934864840368192e+01 1.392492141783432669e-01
-2.866799248732521832e+01 -1.301461730343095591e-01
-2.738923416513093301e+01 -3.507062454494024872e-01
-2.609608741281086708e+01 -5.244762062945854675e-01
-2.479160102446265057e+01 -6.543919061187192243e-01
-2.347876661687231348e+01 -7.450091020141849096e-01
-2.216022550689281800e+01 -8.012718074627520615e-01
-2.083809185145093679e+01 -8.274347681839748780e-01
-1.951420390464896570e+01 -8.280774293885121429e-01
-1.819012049905341399e+01 -8.069509594664858732e-01
-1.686716797226430131e+01 -7.678215744421328370e-01
-1.554639151716416734e+01 -7.139404056153704214e-01
-1.422862775328167828e+01 -6.485626250840907936e-01
-1.291427391088216936e+01 -5.751324345326318532e-01
-1.160366795089585956e+01 -4.965574586249167921e-01
-1.029701359156038443e+01 -4.153773688049045010e-01
-8.994694623684578616e+00 -3.339824961151178218e-01
-7.697049844434827648e+00 -2.549368092078214687e-01
-6.404276822447541484e+00 -1.813486482888003182e-01
-5.116195120512158745e+00 -1.165659455826107554e-01
-3.832124571240143940e+00 -6.379591290522938773e-02
-2.551878943650793818e+00 -2.678093800641653116e-02
-1.274850415730395259e+00 -6.930187358764156383e-03
-5.738532986293440563e-08 -5.350717451335835180e-06
