-1.070153065187576757e+01 3.722965124802469994e+00
-1.518747110357267793e+01 3.799036068671784783e+00
-1.793950396628721222e+01 3.763993010508593251e+00
-1.985119075652285048e+01 3.690878099960696712e+00
-2.125790358904093225e+01 3.590347887843343688e+00
-2.233506960499139993e+01 3.470401235702063047e+00
-2.319485585455338139e+01 3.339303445145018312e+00
-2.391068573269144437e+01 3.196901309419776016e+00
-2.453037155430196137e+01 3.044632734348385217e+00
-2.508388775229350642e+01 2.873569545687478577e+00
-2.559599460262906945e+01 2.691123980139161986e+00
-2.608117260860238673e+01 2.496222579658514462e+00
-2.654936938273066005e+01 2.288703948126994625e+00
-2.700554533100335775e+01 2.064444145279495046e+00
-2.745210240037630456e+01 1.819209344685209118e+00
-2.788809392490267314e+01 1.547174594557449989e+00
-2.831416514899830972e+01 1.249697439526183285e+00
-2.872969237205132842e+01 9.267162944787629142e-01
-2.913042888997616231e+01 5.743523075257376265e-01
-2.950408101173778519e+01 1.835414363939433524e-01
-2.983857711516275657e+01 -2.516461524106561876e-01
-3.012685499951117052e+01 -7.312204854436705759e-01
-3.036649814949630155e+01 -1.251582352713378921e+00
-3.056533746148714314e+01 -1.804690375036034133e+00
-3.073426104615165144e+01 -2.383308575037509591e+00
-3.089959087346224464e+01 -2.975550511817894872e+00
-3.109492139818264889e+01 -3.564759892244401929e+00
-3.129599748424505989e+01 -4.146294496419493214e+00
-3.140981309300575930e+01 -4.727227584517916803e+00
-3.137114469617372947e+01 -5.299017511062876551e+00
-3.116086921447030278e+01 -5.842867332414289905e+00
-3.081179430484107229e+01 -6.353403618801308994e+00
-3.038361591222200175e+01 -6.848503352875739303e+00
-2.994086263185747399e+01 -7.362047523312306829e+00
-2.950651568211617004e+01 -7.901774790167550577e+00
-2.907592310822067105e+01 -8.459092863011294483e+00
-2.864086372269830960e+01 -9.025683343548552173e+00
-2.818391309527060784e+01 -9.585279940882584171e+00
-2.769996722823101010e+01 -1.013345293789945067e+01
-2.718469559648855949e+01 -1.066727653551062183e+01
-2.663086378557628464e+01 -1.117959308862774215e+01
-2.603196721894424570e+01 -1.166292806516200109e+01
-2.538698203721543933e+01 -1.211796758427723120e+01
-2.468988681460812984e+01 -1.254248658128192062e+01
-2.393574708055879796e+01 -1.293844573352783378e+01
-2.311630999297290856e+01 -1.330523236182791713e+01
-2.222513493428526843e+01 -1.364529967219863948e+01
-2.125670789816370743e+01 -1.396100111357669959e+01
-2.020394106349434438e+01 -1.425733972675236849e+01
-1.905712360208812584e+01 -1.453919668780472030e+01
-1.780447051089962329e+01 -1.480441601729979340e+01
-1.643399002661549702e+01 -1.505786740224653464e+01
-1.493496709756238872e+01 -1.530029422045394760e+01
-1.330956580277305612e+01 -1.553711705188721837e+01
-1.157006181693209257e+01 -1.577202366475813200e+01
-9.740151154907932707e+00 -1.600602680886946416e+01
-7.847840554121178869e+00 -1.624250407711896571e+01
-5.926818753477570034e+00 -1.647590273827731977e+01
-4.012983705304479898e+00 -1.667836528619340086e+01
-2.151981462464645389e+00 -1.683961962376409360e+01
-3.815851956840923265e-01 -1.693632668087577642e+01
1.280837266335030256e+00 -1.695821440693284998e+01
2.831603271281847967e+00 -1.691233258566500908e+01
4.271344661000288312e+00 -1.678902431317690969e+01
5.599367300918205004e+00 -1.658082370036182240e+01
6.822203896943049628e+00 -1.628455889830502912e+01
7.955381158250609097e+00 -1.591038266190035699e+01
9.013553548543896454e+00 -1.548047202356107732e+01
1.000677784719746199e+01 -1.500809309312925954e+01
1.093539495203911471e+01 -1.448863808022776034e+01
1.179876040580546714e+01 -1.391741245011370331e+01
1.260204930546530377e+01 -1.329626436334705808e+01
1.333554134018678283e+01 -1.261655748896443541e+01
1.399897619135145987e+01 -1.188983644834823394e+01
1.456678773413895911e+01 -1.111296521522473668e+01
1.501153230688626117e+01 -1.029348505361825339e+01
1.529689633741244847e+01 -9.443265344001728678e+00
1.539316910500815894e+01 -8.582474448567797509e+00
1.529190928030208063e+01 -7.732868906253012042e+00
1.506491654409436087e+01 -6.910606014819702381e+00
1.478845667543927611e+01 -6.122384531119895890e+00
1.447660795747397344e+01 -5.381058407148313627e+00
1.411967958760607544e+01 -4.699054272420874589e+00
1.371598767724958989e+01 -4.084467124584736375e+00
1.326594881247365620e+01 -3.540723883241187586e+00
1.277317115130374248e+01 -3.063720247816246633e+00
1.224104997344742607e+01 -2.646591671162321191e+00
1.167180391564933473e+01 -2.279471701680388485e+00
1.106220399208803329e+01 -1.953205351669295320e+00
1.040464985430431000e+01 -1.660736036746815358e+00
9.688364343085915209e+00 -1.396211038889828338e+00
8.899477309472628050e+00 -1.153338336577385048e+00
8.026921774343829696e+00 -9.288078991969113130e-01
7.062510456245705726e+00 -7.225678377382714901e-01
6.002116163369939805e+00 -5.393620650544449502e-01
4.855338752883141318e+00 -3.817043475042463108e-01
3.641287376474592552e+00 -2.506269324776451146e-01
2.396508105467807237e+00 -1.424056988531749446e-01
1.169563555791732101e+00 -5.533169873521671944e-02
9.840537706470855669e-03 -9.544212290109133166e-04
