-3.219445199227430265e+01 2.062284329861548571e+01
-4.318207613049914784e+01 2.082207136402560010e+01
-4.283568050852488085e+01 2.103249051063757946e+01
-3.728368846174428342e+01 2.126898898745270117e+01
-3.093476733919438715e+01 2.155507074811889012e+01
-2.793430472490409500e+01 2.193062042159558089e+01
-2.574981687204534708e+01 2.268254347758047018e+01
-2.383015160375899555e+01 2.325502303846195673e+01
-2.200787900927082319e+01 2.362282367728598231e+01
-2.025953228714871557e+01 2.388372844184328514e+01
-1.857845886340169628e+01 2.403566633641581518e+01
-1.696254542920391373e+01 2.410110770464591567e+01
-1.542747162886325540e+01 2.410225426233141377e+01
-1.397170519811507461e+01 2.408460207439410894e+01
-1.259843121281084066e+01 2.403278103162976720e+01
-1.130939826030057205e+01 2.392116279690306158e+01
-1.008437024864291232e+01 2.376758119027511285e+01
-8.915595858383099426e+00 2.356174399580169521e+01
-7.810739502794561417e+00 2.330233589913388670e+01
-6.767919087513471155e+00 2.301115715913917725e+01
-5.788343633525040666e+00 2.267671149976333211e+01
-4.904693813986336970e+00 2.224480842868677755e+01
-4.169217449694698985e+00 2.168184379408900497e+01
-3.585658350861621546e+00 2.103023673264774729e+01
-2.890464931832098294e+00 2.058493513925268203e+01
-2.577590585749054863e+00 1.988608857076089365e+01
-2.522013127100876329e+00 1.910199496541095598e+01
-2.373510882248441423e+00 1.839399861886831644e+01
-2.377498195492860678e+00 1.788282157880934520e+01
-2.871000150400222495e+00 1.778937721938889638e+01
-3.621926788403489361e+00 1.783033933991449160e+01
-4.502729643184957276e+00 1.769617354003329979e+01
-5.454968859598692710e+00 1.736970872069845484e+01
-6.520581750734088189e+00 1.697692353175070323e+01
-7.730414072824022931e+00 1.658422999880120585e+01
-9.080315242180436286e+00 1.618393747628642387e+01
-1.056066069259509277e+01 1.575827768855746314e+01
-1.214764193433619610e+01 1.529532136143902932e+01
-1.379264428339965143e+01 1.477176301951836912e+01
-1.545723158209072956e+01 1.417811964170765471e+01
-1.712734273021015952e+01 1.351459510697100619e+01
-1.880394830338573797e+01 1.278085986701925236e+01
-2.048316807111670101e+01 1.197437474836088889e+01
-2.214726515620833425e+01 1.110794723827333819e+01
-2.373399004828584324e+01 1.019571680957026949e+01
-2.518234251242163069e+01 9.242669360391102984e+00
-2.647814402357656149e+01 8.235249232217295656e+00
-2.763537911483390985e+01 7.158726448789163754e+00
-2.864112725410070937e+01 5.987264867653169453e+00
-2.954292998071175091e+01 4.759257737453211234e+00
-3.034473556453986376e+01 3.442672631240869752e+00
-3.102459835410419586e+01 1.999774914992289654e+00
-3.161044553571638005e+01 4.483265230968974668e-01
-3.222250402201613184e+01 -1.158352291859389815e+00
-3.287646342455867909e+01 -2.774490840700309491e+00
-3.300537415591219315e+01 -4.468306175555130544e+00
-3.216448772065430006e+01 -6.090873323090304048e+00
-3.174116843912263519e+01 -7.825122750636531954e+00
-3.261314439866703196e+01 -9.425672670356624039e+00
-3.276488006727070967e+01 -1.106415727995550036e+01
-3.183522621926451635e+01 -1.239131398130429851e+01
-3.031975261130656918e+01 -1.328565545729215636e+01
-2.918481750798016705e+01 -1.458143321507642831e+01
-2.821071317099192299e+01 -1.599143573556898978e+01
-2.699406115072611101e+01 -1.714760300895822098e+01
-2.557870464691103507e+01 -1.805206437880912773e+01
-2.415847275667751148e+01 -1.893930029224494405e+01
-2.275362430008917869e+01 -1.981150715086996428e+01
-2.127959519823010837e+01 -2.045521785608222487e+01
-1.976056781480108171e+01 -2.086553603281274150e+01
-1.825924989237078933e+01 -2.120568993344654984e+01
-1.676918208154623713e+01 -2.142134889285194177e+01
-1.529474622060751976e+01 -2.158022380740511537e+01
-1.384312089471722729e+01 -2.171766943630313662e+01
-1.241048515095642024e+01 -2.179409855293086551e+01
-1.099575852199536996e+01 -2.193341394594856553e+01
-9.582058988560000046e+00 -2.196224484511405350e+01
-8.187054619897438101e+00 -2.186462714449831424e+01
-6.827713444223376449e+00 -2.167073531783103846e+01
-5.521027282557066762e+00 -2.129048055183348254e+01
-4.314491820132731803e+00 -2.056625748351869376e+01
-3.062175748579317069e+00 -1.983579963972713855e+01
-1.645014976642252380e+00 -1.948431253831883225e+01
-5.394939512639387313e-01 -1.854120709544956824e+01
2.311971048023039876e-01 -1.719313510436062487e+01
1.104199565804125260e+00 -1.583894248311153952e+01
1.915016052802553270e+00 -1.443004186472238892e+01
2.582954264528360966e+00 -1.295812082478815519e+01
3.114174059371243697e+00 -1.145155110697953660e+01
3.482464845514714913e+00 -9.957109414395661773e+00
3.683308670723280276e+00 -8.525809110491294973e+00
3.715740341166005045e+00 -7.161527516744947697e+00
3.559211589230006467e+00 -5.876061300052745295e+00
3.211706272951349472e+00 -4.702711333530293913e+00
2.728490466771862355e+00 -3.640680043608476968e+00
2.193151491714962820e+00 -2.662199538596982773e+00
1.618229879039536412e+00 -1.787352815744340573e+00
1.003616547479058596e+00 -1.061432969321430164e+00
4.048524440418953541e-01 -4.950928029523762874e-01
-3.149640813316978752e-04 -1.889573824555807391e-03
