1.040935370305759555e+01 2.226897263653105341e+01
1.509783773399375306e+01 2.296627447279842826e+01
1.772953128792720534e+01 2.337325149414283842e+01
1.929764336053026952e+01 2.350825977067515993e+01
2.019730395102212839e+01 2.327628490692444529e+01
2.062279468746774569e+01 2.269058800783906094e+01
2.080870163150602181e+01 2.197953258570122870e+01
2.094825839191168626e+01 2.135689984352536186e+01
2.122295231159102613e+01 2.105487263171562162e+01
2.161760000579777596e+01 2.124847100681466117e+01
2.209022014409728740e+01 2.168878474764537501e+01
2.261563202874178913e+01 2.218006029359431963e+01
2.317938097648142914e+01 2.253941684094039033e+01
2.375687147313126601e+01 2.261907496530759687e+01
2.428046531553988530e+01 2.241292913440085499e+01
2.469746178688795268e+01 2.196759725030959487e+01
2.498550342887392617e+01 2.134690006396386153e+01
2.514074003779033362e+01 2.060488776236858044e+01
2.517372802039531976e+01 1.978200456250313977e+01
2.510749590224667926e+01 1.890455504987793489e+01
2.500030199799345709e+01 1.798388519619001613e+01
2.496378585393336280e+01 1.701599653490598030e+01
2.503006419930371962e+01 1.599499569986092951e+01
2.515665719424016089e+01 1.491070673630306942e+01
2.529534287505941137e+01 1.375093205850087941e+01
2.540606577104033903e+01 1.250336020233618051e+01
2.547719812062824829e+01 1.116133572896385040e+01
2.551130676671644792e+01 9.720394225791569198e+00
2.552294622656937406e+01 8.176201141486869162e+00
2.552518011320318081e+01 6.529234755498035447e+00
2.554693154286477963e+01 4.794818495736804742e+00
2.557515374710718348e+01 3.005389020242579701e+00
2.561521959624894507e+01 1.197324906207796413e+00
2.572002069713066419e+01 -5.768384312514992507e-01
2.588978999686736415e+01 -2.261389777415359514e+00
2.603821988315454306e+01 -3.829913589278166164e+00
2.613064977051309867e+01 -5.272673398960612268e+00
2.613078661408376036e+01 -6.597700748268669813e+00
2.601367417193136333e+01 -7.816369839222866212e+00
2.577591513268841439e+01 -8.936281412088305842e+00
2.546388686101072807e+01 -9.966200952820253534e+00
2.519105674878759515e+01 -1.092856516048140492e+01
2.512292536125299947e+01 -1.185393552359704472e+01
2.534596034363394423e+01 -1.274592803935087737e+01
2.562886536486259459e+01 -1.363419294245805879e+01
2.579796666624807600e+01 -1.453666267518560673e+01
2.575962760435622911e+01 -1.544262514737507175e+01
2.549260071456131271e+01 -1.632783498743232187e+01
2.501133269500720857e+01 -1.717138691941478257e+01
2.435580557597360496e+01 -1.796907283583920645e+01
2.357172240770623617e+01 -1.872847628587686586e+01
2.271125210443927500e+01 -1.946200105366630950e+01
2.180901774091088541e+01 -2.014410978623328319e+01
2.087282603736101549e+01 -2.067069722545778276e+01
1.991508518242231318e+01 -2.085763580584914578e+01
1.900365268443304956e+01 -2.055271897656570701e+01
1.822542310421373557e+01 -1.976406052791408641e+01
1.745738730880887957e+01 -1.891134538648950070e+01
1.665372670483949591e+01 -1.834320975123536002e+01
1.579222341284296327e+01 -1.847521541927018873e+01
1.503228409493794260e+01 -1.922659034776093634e+01
1.438133192027163787e+01 -2.032559612977927443e+01
1.367169827313925978e+01 -2.140007353325167117e+01
1.272487664644654437e+01 -2.209510816337517269e+01
1.163942030262673555e+01 -2.229136276115415427e+01
1.058442159659306192e+01 -2.198072647849019745e+01
9.712674257614740014e+00 -2.121599769202883579e+01
8.985402022231967933e+00 -2.028016151556424873e+01
8.250124193827234720e+00 -1.954765164333988992e+01
7.390003100500107003e+00 -1.941158239586508216e+01
6.522100443912967727e+00 -1.985735173227557837e+01
5.657546492534640592e+00 -2.053988070315481451e+01
4.751225541878817182e+00 -2.110962599802108741e+01
3.793430063229931370e+00 -2.130112392001455746e+01
2.875045693240332323e+00 -2.112862271061445441e+01
2.082800081662453451e+00 -2.066033380425109556e+01
1.490415599275347391e+00 -1.996622696696046617e+01
1.150805114746210167e+00 -1.911621034420436871e+01
1.045270826850941415e+00 -1.819662502897099188e+01
1.086987378894267442e+00 -1.728516532765394231e+01
1.057091934580446146e+00 -1.644293168433847896e+01
7.543928627980308610e-01 -1.573517327974053082e+01
2.291451262050114013e-01 -1.515522000991937368e+01
-3.647679868471420672e-01 -1.461651496045376852e+01
-8.502681772304421237e-01 -1.399371491726591543e+01
-1.148786871734066350e+00 -1.325913841580799613e+01
-1.268919521921085591e+00 -1.243537261105822367e+01
-1.275914983310474371e+00 -1.154946001432092650e+01
-1.238966322569513778e+00 -1.061804622097966977e+01
-1.196684957216646472e+00 -9.649405882784339639e+00
-1.161096557709262456e+00 -8.647665418274879556e+00
-1.131078418343653302e+00 -7.616550269722485389e+00
-1.096960218881119165e+00 -6.560972634322138397e+00
-1.045053454981778929e+00 -5.486573850902426663e+00
-9.591765331249318960e-01 -4.401198496496896873e+00
-8.284431208110374367e-01 -3.322085214423124544e+00
-6.542997551206934936e-01 -2.277816059702422624e+00
-4.485680813115895393e-01 -1.314735807373017096e+00
-2.268848324762846314e-01 -5.115602814824409261e-01
-1.295068693912569192e-04 -4.814686097328918133e-04
