2.403916688571551674e+01 2.585005576434159025e+01
3.104961984693605004e+01 2.570392820304887138e+01
3.266235575805905000e+01 2.487074295486760889e+01
3.140833243703773903e+01 2.362840507236357368e+01
2.885332318564151421e+01 2.211706551289245581e+01
2.612508354572149472e+01 2.038630737793072711e+01
2.367971414992682000e+01 1.880505509408825304e+01
2.333365511435562567e+01 1.628961411802113801e+01
2.441118416391024226e+01 1.361925958661357150e+01
2.538037402752919292e+01 1.100158084352687382e+01
2.554086252394599299e+01 8.491471320431308811e+00
2.489762317230482225e+01 6.259516355681768118e+00
2.408193192699056340e+01 4.301854640328806489e+00
2.401113834617582654e+01 2.485267809383254090e+00
2.479457048058667823e+01 9.159825214372798730e-01
2.577324006286055180e+01 -4.998868103009976860e-01
2.616383164638305558e+01 -1.926245156228692856e+00
2.573130751836797003e+01 -3.171235807967304865e+00
2.451763218034488290e+01 -4.000165987255074107e+00
2.321916173632855163e+01 -4.782349197468887425e+00
2.247197333682308695e+01 -5.923919735113942764e+00
2.233951457277060015e+01 -7.182225561993919705e+00
2.285763137187286986e+01 -8.272407602775567526e+00
2.399485744101277973e+01 -8.942488645622056254e+00
2.511364813904631177e+01 -9.608554509101571384e+00
2.569269304249432651e+01 -1.057689579082178710e+01
2.578350216670167327e+01 -1.170301901741879291e+01
2.552714447850096846e+01 -1.285877101861341920e+01
2.505498437390097877e+01 -1.396920384645947699e+01
2.445903302284601821e+01 -1.497908975231266382e+01
2.374873641840968830e+01 -1.579332734226686519e+01
2.292196849650663637e+01 -1.627645729123594265e+01
2.200236783957364040e+01 -1.625633412734273264e+01
2.110456085872603538e+01 -1.577810698659079058e+01
2.028433039105499702e+01 -1.541195928446304819e+01
1.962058353610279227e+01 -1.578779988521558231e+01
1.915033812254944934e+01 -1.659678310612616059e+01
1.884142623989568222e+01 -1.757777675363721315e+01
1.858353216968085775e+01 -1.851865401779003761e+01
1.818642209195512294e+01 -1.926011642590871276e+01
1.759846219570897929e+01 -1.972160739203150115e+01
1.689007511880134160e+01 -1.993276636767733478e+01
1.614163751031320615e+01 -1.999843699393418461e+01
1.540614346052720052e+01 -2.004902612927153527e+01
1.470385016344224915e+01 -2.014122089936924809e+01
1.403468620568684244e+01 -2.027215586581129969e+01
1.338975489622056081e+01 -2.041718787758769338e+01
1.275862145869955455e+01 -2.054793679330346023e+01
1.213447588357129092e+01 -2.065068539449427831e+01
1.151430032927237690e+01 -2.072026997689180661e+01
1.089810888947448753e+01 -2.076136576466591421e+01
1.028632545268292375e+01 -2.077701467028428084e+01
9.679728815295367994e+00 -2.077107137711529816e+01
9.078516103373756252e+00 -2.074842565800535610e+01
8.483019125417115447e+00 -2.070813996185768247e+01
7.893591956260757492e+00 -2.065365654765507131e+01
7.310654689020153363e+00 -2.058797534882405245e+01
6.735147119577939101e+00 -2.051016719054765147e+01
6.168808550732714835e+00 -2.041633103689387241e+01
5.613755918465220596e+00 -2.030604467115718492e+01
5.071320535083471803e+00 -2.017839530653234448e+01
4.542462595311273610e+00 -2.002839074245596507e+01
4.029517345355637659e+00 -1.985089772083288651e+01
3.536246957874975116e+00 -1.964048587707905824e+01
3.068018376582168916e+00 -1.938939603433305336e+01
2.625807911175654485e+00 -1.909941077344707594e+01
2.206327701372915673e+00 -1.877694047871555583e+01
1.803122883602120474e+00 -1.843000866823455297e+01
1.410387591264681051e+00 -1.806515330764361948e+01
1.026088592754057505e+00 -1.768423651194139978e+01
6.508433676069516061e-01 -1.728458223822617867e+01
2.924439943799646002e-01 -1.685740094184079041e+01
-3.892885327541822232e-02 -1.639663168072487309e+01
-3.311433789552102880e-01 -1.589767221630698657e+01
-5.809171396188329561e-01 -1.536073253375811554e+01
-7.899068470281793708e-01 -1.478955838005425250e+01
-9.724827584785479262e-01 -1.419275420164326995e+01
-1.138508016198389816e+00 -1.357652398960418694e+01
-1.286263941698867486e+00 -1.294411831910867150e+01
-1.417914947996129937e+00 -1.229887605300297082e+01
-1.533009759605807654e+00 -1.164368980095519035e+01
-1.627763305964538887e+00 -1.098092795289767842e+01
-1.698485518955645590e+00 -1.031369061086770600e+01
-1.743529488721152543e+00 -9.646028830559263412e+00
-1.757774701462432754e+00 -8.981047477465910589e+00
-1.742285252331583489e+00 -8.320686937102859559e+00
-1.697340776971343113e+00 -7.665918247530217222e+00
-1.624820803613979736e+00 -7.017819423589591210e+00
-1.526573978568242618e+00 -6.376503864540191024e+00
-1.407038438344964559e+00 -5.740010149419562779e+00
-1.270319341721942719e+00 -5.105874033904087561e+00
-1.122708816286906108e+00 -4.472275912195431857e+00
-9.726316853852170485e-01 -3.838015088266032215e+00
-8.273468578944640495e-01 -3.202946097397285641e+00
-6.939151831915669755e-01 -2.568502493208337789e+00
-5.764342405088707100e-01 -1.940205607471778837e+00
-4.687939928004021262e-01 -1.331800202100151376e+00
-3.516947533928632685e-01 -7.691154995097480018e-01
-1.947497750742362976e-01 -2.998687063141408649e-01
-7.178687719865181027e-16 -9.272509498038918095e-13
