-4.621206832995827085e+01 -2.349325035987477861e+01
-7.037325251775476431e+01 -2.356477685996949134e+01
-8.098989717357241602e+01 -2.364060705448306621e+01
-8.339074632574207158e+01 -2.372611183730178297e+01
-8.086725204594240779e+01 -2.382906113776426693e+01
-7.548976264103367839e+01 -2.396155065235861414e+01
-6.862091295580832195e+01 -2.414300124932556102e+01
-6.125352091263606269e+01 -2.440497481714248806e+01
-5.425677947917319699e+01 -2.479900075667081438e+01
-4.859179234589318241e+01 -2.540935385713206784e+01
-4.553649102869194820e+01 -2.637214523254626997e+01
-4.297342051220427805e+01 -2.646337425606634142e+01
-4.168969656220721731e+01 -2.820293793051637365e+01
-4.165217645280306158e+01 -3.020591949160590417e+01
-4.319618994277069390e+01 -3.134934994990133816e+01
-4.521277912256230991e+01 -3.196938280026857981e+01
-4.572641221416772339e+01 -3.337528644245836773e+01
-4.525325813803666364e+01 -3.499516062908381286e+01
-4.425889738689129160e+01 -3.641751166643625481e+01
-4.304693334194255527e+01 -3.735536534584768020e+01
-4.187485341054888011e+01 -3.751851850437630276e+01
-4.108899590214616637e+01 -3.667326032777531708e+01
-4.054262917777347042e+01 -3.533341029586208748e+01
-3.961509231379955054e+01 -3.437629441791737150e+01
-3.850135569443342831e+01 -3.429251333273986546e+01
-3.752828749242613782e+01 -3.483485605852701639e+01
-3.704191114236417093e+01 -3.579866630464677968e+01
-3.659918938770973540e+01 -3.666082702693528006e+01
-3.594002881322993659e+01 -3.682838683822225789e+01
-3.526881366046875144e+01 -3.643117776692940168e+01
-3.470784390904793781e+01 -3.570661374512335584e+01
-3.425397422725933438e+01 -3.489557956361289826e+01
-3.380218201393297761e+01 -3.418055654617013772e+01
-3.322579200903857100e+01 -3.369919116646372004e+01
-3.254083209095013274e+01 -3.344608773507374622e+01
-3.191119898414974543e+01 -3.314686668282340776e+01
-3.141874766436247057e+01 -3.271096850120447641e+01
-3.111231342017656587e+01 -3.213431081007393431e+01
-3.099880447072626311e+01 -3.145352156877096661e+01
-3.093432854762678730e+01 -3.074362750299175318e+01
-3.060409008306286083e+01 -3.011584698119289172e+01
-3.005170933152700741e+01 -2.956731797435718789e+01
-2.946477623360188502e+01 -2.897822243340013060e+01
-2.894773559108623573e+01 -2.828628422996636260e+01
-2.849035408074598053e+01 -2.751717387723976671e+01
-2.800790591082524017e+01 -2.673889071402983575e+01
-2.747676407845784396e+01 -2.597942432884387287e+01
-2.690974778935505540e+01 -2.524006408801797363e+01
-2.631308272060979192e+01 -2.452832387416584936e+01
-2.571846540501126199e+01 -2.383491389819718975e+01
-2.516883633286152389e+01 -2.313353714505458214e+01
-2.468369330231198333e+01 -2.241960549400773672e+01
-2.416983535585604059e+01 -2.180496892972754708e+01
-2.354697788124577329e+01 -2.145798335302074378e+01
-2.284268602239852441e+01 -2.147837831034024703e+01
-2.215770571670483235e+01 -2.170903481579096450e+01
-2.156947025752959846e+01 -2.165036274978175612e+01
-2.122653172488802298e+01 -2.112820917474709503e+01
-2.099252887671226020e+01 -2.037546161688605650e+01
-2.051737792522329684e+01 -1.973520219181483526e+01
-1.983721735377854500e+01 -1.932870521020683086e+01
-1.906730343248763049e+01 -1.925197973634888982e+01
-1.834814263981482085e+01 -1.963257382431154241e+01
-1.779358413212574774e+01 -2.043319124273285325e+01
-1.721594651091916717e+01 -2.107987924313495398e+01
-1.643394373846050271e+01 -2.090679226451399586e+01
-1.586732944078510954e+01 -2.001696483685167038e+01
-1.521405905794880375e+01 -1.916737379286994525e+01
-1.427943636354292778e+01 -1.898539164081646291e+01
-1.338244107243682102e+01 -1.943326315573847651e+01
-1.267563134484708165e+01 -2.019809826311048440e+01
-1.187537692259861366e+01 -2.033794602235935045e+01
-1.116025916631893899e+01 -1.991927623491015709e+01
-1.055098968742650101e+01 -1.933764460288885800e+01
-9.886036833758797826e+00 -1.902522113343997745e+01
-9.221169591981833946e+00 -1.891302900780748786e+01
-8.627792477088609857e+00 -1.878147697366204838e+01
-8.148974109128033660e+00 -1.849413079781957236e+01
-7.762897338078710519e+00 -1.807013114855510594e+01
-7.386063948382382449e+00 -1.758861911575949222e+01
-6.957682218115225581e+00 -1.708857408746641582e+01
-6.456658880631203523e+00 -1.657032054850878922e+01
-5.903733725057796811e+00 -1.599634480365157785e+01
-5.334104297294104846e+00 -1.531416855079385897e+01
-4.762175383848784804e+00 -1.450228775370414702e+01
-4.198095420755440621e+00 -1.356028684735711209e+01
-3.647825280932334824e+00 -1.250344415800921105e+01
-3.114574327877253523e+00 -1.135354982587283068e+01
-2.592354298371570831e+00 -1.014365420921203942e+01
-2.091464418894970478e+00 -8.904139981871061593e+00
-1.643880295119758417e+00 -7.678621778211014437e+00
-1.239730218317376398e+00 -6.495236754206842988e+00
-8.802032078321166964e-01 -5.363348403714425672e+00
-5.697294013336950957e-01 -4.284758438090613630e+00
-3.190719184776871775e-01 -3.269821235025400341e+00
-1.254481865345139502e-01 -2.328956419531730937e+00
4.167107742418049710e-02 -1.478578905729030391e+00
1.941816391956032173e-01 -7.474817858889764022e-01
2.570687847369257373e-01 -2.011339097424109656e-01
9.620198446951420046e-04 2.748526869422850388e-03
