-2.691333115782314422e+01 -2.209002907008819960e+00
-3.031088670733900159e+01 -1.483292234031866386e+00
-3.125359909366391520e+01 -5.055430239010906268e-01
-3.160148967951230148e+01 5.497796851545311281e-01
-3.215527077908063092e+01 1.485399440720560849e+00
-3.278739914664479471e+01 2.364888641675829906e+00
-3.328842004166891400e+01 3.293851846013766682e+00
-3.359538312339530819e+01 4.281151090395788117e+00
-3.376577066752486189e+01 5.292348693965248430e+00
-3.382161081929793767e+01 6.310141898670704741e+00
-3.377318023115755352e+01 7.311767287676607552e+00
-3.358937096126589239e+01 8.267806793419273603e+00
-3.325064427008726398e+01 9.150656464837368276e+00
-3.277031431472243383e+01 9.956272626684960159e+00
-3.236119554935834230e+01 1.079134266521624141e+01
-3.209557338422344230e+01 1.167443260149523532e+01
-3.154294902795268385e+01 1.239537480023413707e+01
-3.064634660863825033e+01 1.284760838837763863e+01
-2.961466528968233902e+01 1.331114816138531509e+01
-2.851578372070106582e+01 1.391368082695225006e+01
-2.728477100610831840e+01 1.448055002226286092e+01
-2.596592791204632533e+01 1.498034184401583069e+01
-2.465268393611528452e+01 1.547920048078396249e+01
-2.341621831564918921e+01 1.600054863264614369e+01
-2.234574056519928575e+01 1.660634351559261646e+01
-2.150142438304832737e+01 1.733028526484758913e+01
-2.068878930449305642e+01 1.789117532917175524e+01
-1.985400814918145329e+01 1.814934492935685029e+01
-1.933325485637570296e+01 1.862747232501022054e+01
-1.931044663942110517e+01 1.935708924656655228e+01
-1.947699059154972190e+01 2.018505438557746956e+01
-1.913860163239919743e+01 2.103980831118141381e+01
-1.844981655434614254e+01 2.186127826414255537e+01
-1.790651603050650209e+01 2.288691785798199163e+01
-1.744984806389602383e+01 2.402316949057742335e+01
-1.692790527375868592e+01 2.516466662872540994e+01
-1.632846025719614502e+01 2.626473928771935817e+01
-1.567099233153241400e+01 2.728615989987514823e+01
-1.499950538713071069e+01 2.824031483484690952e+01
-1.431536027400267663e+01 2.911952543277496730e+01
-1.361138089910457616e+01 2.992125948868684659e+01
-1.284690496737327692e+01 3.063012252080675424e+01
-1.201142611680809935e+01 3.124942730364196208e+01
-1.110542399193648322e+01 3.178808413194527915e+01
-1.011708716128913110e+01 3.222831086596056593e+01
-9.041025850512783180e+00 3.252950915345854810e+01
-7.887315351184602363e+00 3.267735173464618725e+01
-6.666557167651746774e+00 3.268525714771714519e+01
-5.408062397883269590e+00 3.261831351416695668e+01
-4.150570354285474828e+00 3.248269340668913685e+01
-2.919355351958502265e+00 3.231522695992542538e+01
-1.738781829212377783e+00 3.210432519050117861e+01
-6.369963656113666328e-01 3.181222481182263451e+01
3.605880835898594983e-01 3.142513932033693180e+01
1.213221440770293924e+00 3.091620296284310143e+01
1.861616264956546196e+00 3.025767811885719638e+01
2.214867255703482307e+00 2.942941403108359566e+01
2.350800777546735887e+00 2.851106930392247207e+01
2.428720193094275448e+00 2.754927406777818533e+01
2.438528346319660312e+00 2.654624046073057286e+01
2.351069562421208126e+00 2.550709263759722134e+01
2.180484228023259252e+00 2.444911433386646493e+01
1.950395594478616879e+00 2.340044497189112604e+01
1.707377150324963733e+00 2.237930142331205374e+01
1.489196539911584072e+00 2.139309810498558306e+01
1.339365314463458745e+00 2.045125021793835174e+01
1.282023465087780867e+00 1.956686007698046836e+01
1.319881552067611485e+00 1.873778302571487231e+01
1.456860795234358630e+00 1.795950629234096141e+01
1.709280848344030268e+00 1.723287560981301425e+01
2.098065812467556412e+00 1.655708699936399242e+01
2.617520612824291604e+00 1.591706191402925441e+01
3.266917352291092147e+00 1.530741953011322387e+01
4.026769981671663778e+00 1.471544138139491409e+01
4.874508136550638859e+00 1.414558304776417685e+01
5.777621834481132090e+00 1.361136717784515859e+01
6.700475171527251028e+00 1.312564670817067380e+01
7.613358692238351821e+00 1.268667509221725531e+01
8.478776576395295805e+00 1.225418111898043350e+01
9.285518431340813450e+00 1.183048723560451343e+01
1.001582966710608247e+01 1.142126217163289681e+01
1.066035101888911996e+01 1.101174972541451780e+01
1.122220629254283075e+01 1.058627805826167645e+01
1.170258752564629390e+01 1.012900063851863486e+01
1.208265400486003394e+01 9.607331448695656917e+00
1.233693624590620708e+01 9.000653496803492359e+00
1.247623365524581374e+01 8.309756767160498825e+00
1.254768632176386944e+01 7.540360644550262670e+00
1.261363504241023925e+01 6.707745061926967622e+00
1.240628165658022297e+01 5.833900409280431631e+00
1.176009182378875728e+01 5.015289093090066430e+00
1.079876920368778315e+01 4.222317979063777038e+00
9.585901263108304704e+00 3.450060551483741467e+00
8.152575351766078171e+00 2.746598331412893224e+00
6.558008028901753939e+00 2.146894917758981780e+00
4.919097653280989135e+00 1.659776318780839421e+00
3.408165421800593897e+00 1.222041036274814640e+00
2.086458068375435460e+00 7.977360993682341972e-01
9.621648011173239423e-01 3.691603084992453043e-01
2.588056350564701192e-07 1.613411002342368236e-05
