2.697011469982765419e+01 4.497882184097981906e+01
4.044994099276820521e+01 4.457966148383835048e+01
4.591914809899586203e+01 4.418054735923997356e+01
4.666659261754801236e+01 4.378153801486303820e+01
4.469172193171208818e+01 4.338271993244951830e+01
4.124939286081186651e+01 4.298423064589543685e+01
3.719311680521239794e+01 4.258629557848455249e+01
3.320813277335813751e+01 4.218930857096083997e+01
2.999892395029018743e+01 4.179392051981704981e+01
2.727232960598179545e+01 4.237885996800444133e+01
2.489656774051785249e+01 4.365175213384128483e+01
2.286288633150429561e+01 4.498455466442737105e+01
2.100514221704849405e+01 4.570522572391236338e+01
1.920530213324135360e+01 4.497433715266271292e+01
1.883928076177701527e+01 4.332233001848818077e+01
2.003267048736372757e+01 4.139797246434019939e+01
2.205765083965231099e+01 3.942447138152483888e+01
2.424468092303712297e+01 3.744352673517363428e+01
2.537761074114870397e+01 3.565045034182347905e+01
2.415486900377723600e+01 3.456310603628697464e+01
2.163087637015218334e+01 3.461111041984412395e+01
1.889735920177998096e+01 3.500999407351795867e+01
1.708890827576171034e+01 3.487236151718865784e+01
1.755509703502060859e+01 3.357568430581682861e+01
1.907594003179584874e+01 3.187971657100622025e+01
2.047823624219602578e+01 3.017076949862885371e+01
2.065747218162168508e+01 2.878894230163498591e+01
1.951455002992799947e+01 2.828408813853538462e+01
1.769847440854278986e+01 2.849009152258770072e+01
1.569583713792762047e+01 2.891838611747584054e+01
1.394453196775815584e+01 2.897672147468059833e+01
1.298632913219480400e+01 2.818955093171658888e+01
1.307662973013250785e+01 2.701051402684546687e+01
1.409396974493854948e+01 2.592207187902770471e+01
1.544607396528307142e+01 2.497165887342837109e+01
1.643688331275499337e+01 2.406043122619390218e+01
1.659067452989169311e+01 2.320190691511558612e+01
1.621663413814933108e+01 2.245107872960355166e+01
1.561838393236473976e+01 2.176824020197302900e+01
1.497778293548642026e+01 2.111446805956135009e+01
1.426870827406772868e+01 2.060121171866082435e+01
1.337321481716865534e+01 2.044111864077498808e+01
1.223867606687229248e+01 2.084433226342100198e+01
1.103050386586405729e+01 2.143400640373374699e+01
9.963444764403025289e+00 2.167439327407468852e+01
9.413218388081343591e+00 2.107412598054861164e+01
9.885399315087598282e+00 1.999081975698151936e+01
1.076357043508406974e+01 1.876317686978191901e+01
1.137108167678661097e+01 1.761068456321068965e+01
1.095852242168314739e+01 1.677961181614710284e+01
9.792042394319537379e+00 1.659073396823255919e+01
8.541391303683569802e+00 1.655896299346848366e+01
7.885447894446166117e+00 1.613360465315542314e+01
8.311048036549539830e+00 1.527012037768921182e+01
8.935059863225109922e+00 1.426801433991620094e+01
8.952435960454716124e+00 1.334246095326012416e+01
8.329363704308546446e+00 1.279135268087304134e+01
7.334480522007980952e+00 1.276509046426024874e+01
6.291044346736391901e+00 1.289091955695705138e+01
5.500552964080416274e+00 1.277591109819328707e+01
5.273560008141763511e+00 1.221301443777747231e+01
5.618716206019387371e+00 1.152134913374032799e+01
6.199587768888846107e+00 1.082658575013396707e+01
6.642868139251677739e+00 1.014513899670903285e+01
6.638536699688295961e+00 9.504729682229138277e+00
6.271785945389046546e+00 9.013639376872744080e+00
5.688469250722044457e+00 8.741875532788931480e+00
5.022517246099201138e+00 8.698602365685532689e+00
4.404112092927841005e+00 8.705982913344806562e+00
3.951686379576941022e+00 8.556492527562088668e+00
3.749846176187141555e+00 8.215296894297244634e+00
3.790116125338421238e+00 7.789481252568863034e+00
4.012343294877591227e+00 7.366062886248440300e+00
4.228045607298294151e+00 6.957550463500030702e+00
4.271279525821246814e+00 6.576329889377698912e+00
4.124857782928581962e+00 6.255573612042657494e+00
3.845257092794784892e+00 6.013448617867265256e+00
3.497773134111521465e+00 5.839110974622759187e+00
3.155964455492318965e+00 5.676504530905007506e+00
2.890530259915188971e+00 5.448278777472390644e+00
2.698232520686863367e+00 5.168502159232438942e+00
2.547063754268109381e+00 4.870195960435372839e+00
2.411461562619789056e+00 4.572862191911079677e+00
2.278871275975113964e+00 4.281822216212984422e+00
2.143849383070138614e+00 3.995969414170352341e+00
2.000780561067741825e+00 3.715531129949740663e+00
1.850075470410349254e+00 3.439246583918136313e+00
1.695876277404785970e+00 3.164295401901699556e+00
1.537274882518316010e+00 2.891100112429068947e+00
1.373245477678683546e+00 2.620454776967653387e+00
1.209272991977784928e+00 2.347168066727441715e+00
1.047700869309337035e+00 2.067857643524162903e+00
8.911958961804929968e-01 1.782150739484831048e+00
7.401119115900818279e-01 1.491310427001745653e+00
5.976896697289835192e-01 1.196014509457664188e+00
4.639609939770634184e-01 9.008381672900553916e-01
3.391176914352294069e-01 6.124170980908076878e-01
2.229982917593769376e-01 3.421836559189169735e-01
1.125272968766890813e-01 1.133592398934020751e-01
2.156002873018524838e-03 -2.878674970529558619e-02
