-2.093954818411281948e+01 -1.853038861690484040e+01
-2.620352245982294903e+01 -1.675203317711763518e+01
-2.483490290401138623e+01 -1.466052888298598234e+01
-2.168266032854346648e+01 -1.228678062968541340e+01
-2.053173575676973783e+01 -9.041393217306353591e+00
-2.074421511893678982e+01 -5.702347731794128016e+00
-2.115247950723517789e+01 -2.666544411719836027e+00
-2.135181873343368153e+01 -2.514020287294558079e-02
-2.134592257228552015e+01 2.232455126799696821e+00
-2.125158865556587173e+01 4.163268026484796991e+00
-2.114314131229449600e+01 5.843485164076700045e+00
-2.099978490545585785e+01 7.339426064359486190e+00
-2.078915443822865683e+01 8.694216382605601368e+00
-2.050659985751256542e+01 9.936395646624349709e+00
-2.019887467093303002e+01 1.109622792219326115e+01
-1.989483188910491762e+01 1.219680765178433290e+01
-1.959838282694323652e+01 1.325248467694767740e+01
-1.929475349416438235e+01 1.426765937068042511e+01
-1.896733476413547947e+01 1.524211371987847308e+01
-1.860260623769386612e+01 1.617746859278001637e+01
-1.821051889523075573e+01 1.708292872424238951e+01
-1.779969265035004611e+01 1.796740414190132284e+01
-1.736052837381773273e+01 1.882931824028091938e+01
-1.689053720127833458e+01 1.966965795480866319e+01
-1.637255065199427406e+01 2.048489934047976391e+01
-1.581288401569231716e+01 2.128593049670053006e+01
-1.521300898663363732e+01 2.207386798161267194e+01
-1.458173340946592411e+01 2.285288555494512863e+01
-1.390951826734440999e+01 2.361330107640099030e+01
-1.317784496684096140e+01 2.433206806254625931e+01
-1.236419075105062326e+01 2.497815595605433714e+01
-1.146432688370749453e+01 2.553532996527514953e+01
-1.047923829043478072e+01 2.599054087719953188e+01
-9.418041015480236311e+00 2.634288854442818462e+01
-8.302114476993869729e+00 2.662460562261145114e+01
-7.151315571202953691e+00 2.686868565754941329e+01
-5.977920434357123725e+00 2.707593523046333672e+01
-4.796488638570142626e+00 2.726721476409393929e+01
-3.612427718106299146e+00 2.744361982139420064e+01
-2.425703358136341414e+00 2.759776305270274577e+01
-1.236484853002209672e+00 2.771903368795975098e+01
-4.839825096365613089e-02 2.780764388228177353e+01
1.134900069474306328e+00 2.787065373053035344e+01
2.310161458012150781e+00 2.790919450676199887e+01
3.473416527999666492e+00 2.791486918647345306e+01
4.623985739901691261e+00 2.787720983277270648e+01
5.758467207984024228e+00 2.777331462904773218e+01
6.869879345741315646e+00 2.759663077010248244e+01
7.952448223792353055e+00 2.735095673087027990e+01
9.000436969518903041e+00 2.704178008378956122e+01
1.001349471114284206e+01 2.668420753319436756e+01
1.099912428813416732e+01 2.630657100539797710e+01
1.197275985500442808e+01 2.596223401742071246e+01
1.293797650152949608e+01 2.567570445950967084e+01
1.386472941125639124e+01 2.537514805825945530e+01
1.468728313520844964e+01 2.493911969083096736e+01
1.534041861421986574e+01 2.430738525573374176e+01
1.584396779767629937e+01 2.353381077789435949e+01
1.632622054670608236e+01 2.273817104637245734e+01
1.686972832164185476e+01 2.199141169504413540e+01
1.743367831418671798e+01 2.127244643562734794e+01
1.791248632234676563e+01 2.051217789368990907e+01
1.825119720029784176e+01 1.968579761253650773e+01
1.849340421259502065e+01 1.882157290981961495e+01
1.868106207511297256e+01 1.794262728371726112e+01
1.883215726175322047e+01 1.706247382023800796e+01
1.892702044325421085e+01 1.618366915939155604e+01
1.894965356716809168e+01 1.530757344689988031e+01
1.889871249881888104e+01 1.443667663450674610e+01
1.877574782498921735e+01 1.357579679264481420e+01
1.859773268074846442e+01 1.272987667153680746e+01
1.837699398981727228e+01 1.190119439195035156e+01
1.811392269063732741e+01 1.109304103396162589e+01
1.778844974279121516e+01 1.031644049030766652e+01
1.740449555761520273e+01 9.574635007554427091e+00
1.696642619893855652e+01 8.867502160769015873e+00
1.648626457228355235e+01 8.188175559201566145e+00
1.597692278879262417e+01 7.528794754449589455e+00
1.543702711062351440e+01 6.893149620176579617e+00
1.485732320109054250e+01 6.292077565068964873e+00
1.423388214969633481e+01 5.731320655773880723e+00
1.356422246079200278e+01 5.216362050916756310e+00
1.285481614082818602e+01 4.741191699480917343e+00
1.211139513236409471e+01 4.297148454717606647e+00
1.134022615139311085e+01 3.877443714410427678e+00
1.054193706049838752e+01 3.483342743656054452e+00
9.715581405798021208e+00 3.114655525106972966e+00
8.862904772255680186e+00 2.772611250830068652e+00
7.987979124245851104e+00 2.463656351751738249e+00
7.102174544363072606e+00 2.183891614405669479e+00
6.214505482776224277e+00 1.928268475063579901e+00
5.333051568286077071e+00 1.691828244792091152e+00
4.467707980736555839e+00 1.477724511955874842e+00
3.627828815633435067e+00 1.289092686827494116e+00
2.822413045939865750e+00 1.117925655810490193e+00
2.063890015151044643e+00 9.541904201710421640e-01
1.371257400467650545e+00 7.803869283600566309e-01
7.714863392005708587e-01 5.712735932527440719e-01
3.046541919395278630e-01 2.978470977417049803e-01
-6.939659211470591385e-12 5.821147900812595508e-07
