1.276681461282514363e+00 4.393456536198470985e+01
2.196324638250193306e+00 4.345264926693191398e+01
2.521061826879130052e+00 4.296896117793925640e+01
2.340095180575811007e+00 4.252937312721250152e+01
1.768386814820667841e+00 4.218239364617837595e+01
8.989559888613818384e-01 4.198175124848953033e+01
-1.843677721693047777e-01 4.198223499758577049e+01
-1.408748649195652236e+00 4.219189018060443885e+01
-2.743753218868516530e+00 4.256732212903351353e+01
-4.161466229993468602e+00 4.303272709828599574e+01
-5.643844195330989244e+00 4.351467481612608879e+01
-7.177549519287762081e+00 4.395489946351799659e+01
-8.747805617337235162e+00 4.432202288902265508e+01
-1.033852766697533632e+01 4.460247985350872568e+01
-1.193399115394806387e+01 4.479469180809262951e+01
-1.352015686440495301e+01 4.490560026677404437e+01
-1.508574680117509637e+01 4.494774043972623190e+01
-1.662147161320132938e+01 4.494062186166492268e+01
-1.811961650414741598e+01 4.491208358054926464e+01
-1.957289592001491840e+01 4.488889749519084660e+01
-2.097442623332190337e+01 4.489525852809700268e+01
-2.231837689529352176e+01 4.494850409466704377e+01
-2.359893955072932314e+01 4.505673670970484324e+01
-2.481110119805588354e+01 4.520950348039036015e+01
-2.595161963525522708e+01 4.537458300647110576e+01
-2.701710417802334518e+01 4.550957557608721515e+01
-2.800161178708478005e+01 4.557224616989270061e+01
-2.889540185306887565e+01 4.552740182485695897e+01
-2.968503818170023223e+01 4.535198320487765500e+01
-3.035528335044005388e+01 4.503466769642799505e+01
-3.089326016789949136e+01 4.457625948627342183e+01
-3.129236539820227492e+01 4.398808269305241225e+01
-3.155673279324329883e+01 4.328835580257577220e+01
-3.170756129935887913e+01 4.249962434428452696e+01
-3.177810598917073648e+01 4.164384804422839892e+01
-3.181081249125536914e+01 4.074008865394449685e+01
-3.185193741713060334e+01 3.980390545976637640e+01
-3.194566266005004707e+01 3.884866309389668970e+01
-3.209213643383437642e+01 3.787753040385441494e+01
-3.226870941368586188e+01 3.688851322860708137e+01
-3.245404288970832596e+01 3.587954425203250963e+01
-3.263339744006702858e+01 3.484873268274866831e+01
-3.279877685203402393e+01 3.379479224740330778e+01
-3.294611027429992589e+01 3.271713142444342992e+01
-3.307515877939560056e+01 3.161576252121395925e+01
-3.318727491635455351e+01 3.049135187059427921e+01
-3.328456272099806768e+01 2.934462416462679357e+01
-3.336884027954792487e+01 2.817601224639528468e+01
-3.344124202721095429e+01 2.698618690751108673e+01
-3.350246817573667357e+01 2.577653233816889866e+01
-3.355378279820180865e+01 2.454882168816534005e+01
-3.359610685830056553e+01 2.330520508695333959e+01
-3.363053367428489793e+01 2.204837548229779642e+01
-3.365905460630222024e+01 2.078134717171771939e+01
-3.368462925656097440e+01 1.950751675402921137e+01
-3.371024983195641767e+01 1.823044964566980397e+01
-3.373902622097707393e+01 1.695410925150402193e+01
-3.377311945540350990e+01 1.568303751202197560e+01
-3.381463225285286001e+01 1.442197545223946697e+01
-3.386395634357952389e+01 1.317581650390769532e+01
-3.392062756612442342e+01 1.194974678103991828e+01
-3.398242632582259404e+01 1.074902812875714098e+01
-3.404575221770345905e+01 9.579115665356427556e+00
-3.410278625528527385e+01 8.446069984968440636e+00
-3.414138735215669129e+01 7.356191500411513928e+00
-3.414593226838996998e+01 6.315856979625024792e+00
-3.409731360958860336e+01 5.332028844947608093e+00
-3.397573681582987604e+01 4.412835226655472454e+00
-3.376510200407716411e+01 3.566888456640708860e+00
-3.345472797996484360e+01 2.802824089712520728e+00
-3.303978073865673082e+01 2.128377867755530950e+00
-3.252186630982503601e+01 1.548526407251962889e+00
-3.190760443473963903e+01 1.064170349570365603e+00
-3.120694647124485499e+01 6.713715229893933989e-01
-3.043031475397956243e+01 3.626580125743287253e-01
-2.958720977295155308e+01 1.276455096076498652e-01
-2.868726435291938159e+01 -4.632680955564597025e-02
-2.773800039710397414e+01 -1.705685929478137908e-01
-2.674494390219843609e+01 -2.549697672882153543e-01
-2.571200233866057516e+01 -3.078376501278572430e-01
-2.464206615991129823e+01 -3.362932319530517189e-01
-2.353708967157682963e+01 -3.461970643570029815e-01
-2.239858370560740397e+01 -3.423089013564770688e-01
-2.122800230757670192e+01 -3.282777612273323209e-01
-2.002679334887413987e+01 -3.072222843822709493e-01
-1.879622769586799791e+01 -2.813603661238563980e-01
-1.753816509781385591e+01 -2.522986008264482827e-01
-1.625444728311843789e+01 -2.211233863575653991e-01
-1.494750472013891773e+01 -1.884820258191864106e-01
-1.362012918266152894e+01 -1.551049791675211120e-01
-1.227580902900143123e+01 -1.217823227483700310e-01
-1.091830857663966015e+01 -8.943975830476659505e-02
-9.551368218579394664e+00 -5.968850953975231993e-02
-8.178862146743375305e+00 -3.405473129913827446e-02
-6.804397706108826327e+00 -1.388706280287366895e-02
-5.431418156401893960e+00 1.360784097916855370e-04
-4.063321170422762307e+00 7.900945071727602520e-03
-2.702372717195116181e+00 9.581600503117761874e-03
-1.348527366707927833e+00 6.087098804681900094e-03
-2.590110496278860236e-07 1.064061042082864675e-05
