-4.673274046319527031e+01 1.428740447658516821e+00
-6.601124391722787266e+01 1.535025377637467381e+00
-6.988173300000467236e+01 1.694752347825089878e+00
-6.557203174739132123e+01 1.978075809324006507e+00
-5.775185449506412994e+01 2.493801345187999008e+00
-4.999311798127661177e+01 3.423411368699622148e+00
-4.588695201129558399e+01 5.077818368288839146e+00
-4.464826935451148415e+01 7.614005196371855355e+00
-4.399364712266549304e+01 9.902982840850803825e+00
-4.349433812245053588e+01 1.177901008433671137e+01
-4.301703240572270204e+01 1.320916844113446409e+01
-4.194858998120464832e+01 1.379827872084491425e+01
-4.096763849813696368e+01 1.423292637162995611e+01
-4.084280552032805645e+01 1.522108412845138936e+01
-4.120495552219719571e+01 1.650472485171274073e+01
-4.064598105415267781e+01 1.765098132766787842e+01
-3.950158855028874427e+01 1.826827507181208077e+01
-3.830753052211981924e+01 1.812168664998143086e+01
-3.771307548250124597e+01 1.703273658771169252e+01
-3.725500861572573541e+01 1.617475588627537064e+01
-3.648214346022733423e+01 1.686309522187259802e+01
-3.559742817429092554e+01 1.746505686911850219e+01
-3.478377932538595729e+01 1.719207056465365113e+01
-3.427097373468152597e+01 1.646393341470666982e+01
-3.408477776193983289e+01 1.558687397530350438e+01
-3.369217653484876962e+01 1.488220781405098769e+01
-3.320006344813628374e+01 1.424612817330330827e+01
-3.277560924315128688e+01 1.353531169067175455e+01
-3.243238359769006252e+01 1.273526665421640658e+01
-3.213080452374553175e+01 1.184614618084268223e+01
-3.184326951036625530e+01 1.086327933871533702e+01
-3.155462241989907213e+01 9.790393841943780373e+00
-3.125639469652490021e+01 8.632837786522202350e+00
-3.096353087015404881e+01 7.403894766324937926e+00
-3.069019323474058325e+01 6.117923517189839622e+00
-3.044728979914834355e+01 4.780740683910489786e+00
-3.021762197164311914e+01 3.438205147090830138e+00
-2.997023685586166764e+01 2.142217757423162894e+00
-2.974557315083606213e+01 9.054100482093394575e-01
-2.953414017129291125e+01 -2.632446687767758808e-01
-2.934278147488015875e+01 -1.354092755240213997e+00
-2.913593790127524485e+01 -2.346436937656837696e+00
-2.878082309771387770e+01 -3.197013375802361335e+00
-2.828591804141698063e+01 -3.887686303174131996e+00
-2.774891368179793361e+01 -4.461741823779178162e+00
-2.721462870542217516e+01 -4.954269648355199784e+00
-2.668214277395154355e+01 -5.362187699502166005e+00
-2.615416276381505867e+01 -5.696527984128648470e+00
-2.562517139521976262e+01 -5.965699009359501481e+00
-2.509450661645655245e+01 -6.171585623026951239e+00
-2.456205962599774395e+01 -6.309639340400088336e+00
-2.402800781393387197e+01 -6.382608529602840974e+00
-2.349579786722542707e+01 -6.408351679697861236e+00
-2.296752848424362270e+01 -6.392595082666030493e+00
-2.244352004789076105e+01 -6.327821714263846431e+00
-2.192358303001703490e+01 -6.224714524579352037e+00
-2.140540176248922677e+01 -6.082208226453805544e+00
-2.088707739841434474e+01 -5.901248166085027336e+00
-2.037067413236613689e+01 -5.678497488810853255e+00
-1.985037127960573855e+01 -5.419373988868487757e+00
-1.933146129366011223e+01 -5.105759628264715744e+00
-1.882002721092679209e+01 -4.720976359696120284e+00
-1.832666945813848258e+01 -4.248204954391807675e+00
-1.784146055628957228e+01 -3.695043368695756669e+00
-1.735875985524160825e+01 -3.060198183815232120e+00
-1.687194082946890816e+01 -2.340581638032865452e+00
-1.636627938391353965e+01 -1.541954683104519441e+00
-1.582190431106342565e+01 -6.783016345323267249e-01
-1.524898636552349096e+01 2.457422438624293493e-01
-1.465634665975578521e+01 1.223445561639001644e+00
-1.405177050924299387e+01 2.228011841169748042e+00
-1.345848959747173090e+01 3.220836170911866692e+00
-1.288023875350675596e+01 4.179204436767199660e+00
-1.232776915471474233e+01 5.099637710534585366e+00
-1.178830519906688856e+01 5.963519029798578508e+00
-1.123627273516404124e+01 6.767692664134731473e+00
-1.065733880176747128e+01 7.533636821216000534e+00
-1.009210047723690273e+01 8.305501673874111646e+00
-9.674503982406607250e+00 9.153972449506744269e+00
-9.092207971941551392e+00 9.790786446071852112e+00
-8.290288687913381693e+00 9.917567531357756039e+00
-7.431003717579087287e+00 9.459161015153261687e+00
-6.742378474893238050e+00 9.535026162081891243e+00
-6.655349786784526600e+00 1.066859609123301667e+01
-6.443497221568120104e+00 1.179674489156617589e+01
-5.521928841735740612e+00 1.222847390284465696e+01
-4.386637921744763524e+00 1.197568688603718989e+01
-3.318298892600100025e+00 1.141753946470517533e+01
-2.344552643714225670e+00 1.077556748708782131e+01
-1.554588158203936921e+00 9.970158817830649056e+00
-1.090894760546147424e+00 8.944934267511424508e+00
-1.066349512749766637e+00 7.803947375151917498e+00
-1.416020382256243826e+00 6.690703143065524827e+00
-8.613725187880211243e-01 5.685324182326707998e+00
-5.423941934341978133e-01 4.581331865383307722e+00
-3.959442996103647583e-01 3.474820414269467417e+00
-2.696301354245827508e-01 2.426592969262749477e+00
-1.654051925954363733e-01 1.461320082029629708e+00
-9.215340097047793055e-02 6.118553714720844638e-01
-1.977400399306961706e-15 8.385738170817187476e-08
