3.526565157591545585e+01 2.594942298835877637e+01
4.422555518784464823e+01 2.560725968917785522e+01
4.054048449390383269e+01 2.524178589286449537e+01
3.310195294903186181e+01 2.482089919362651287e+01
2.938579444206723323e+01 2.429159730574886567e+01
2.633072158998977841e+01 2.328016715777116730e+01
2.374478768263654871e+01 2.225669872065218513e+01
2.178484693990011678e+01 2.108187666513148883e+01
2.032501722819351997e+01 1.989767032652675738e+01
1.928503892837694522e+01 1.871362685822503735e+01
1.855513139669522005e+01 1.756534374830918210e+01
1.806404193317829154e+01 1.646500981228033567e+01
1.778097697733752014e+01 1.542313030873045854e+01
1.767710662512592634e+01 1.445374384389141298e+01
1.775648300250292166e+01 1.355472201726585446e+01
1.795031110898968763e+01 1.274093177759210782e+01
1.836462780659143590e+01 1.207567704853160251e+01
1.887566567361996306e+01 1.150649999012276048e+01
1.942126371685203168e+01 1.098191832868382001e+01
2.002768308571544154e+01 1.051949936083243919e+01
2.071493809753987136e+01 1.011922542970574135e+01
2.152592595933437636e+01 9.822235994190108954e+00
2.247683732770051179e+01 9.628755288254710720e+00
2.357670148888063721e+01 9.516674916836885600e+00
2.482612487431445558e+01 9.455732282072865758e+00
2.622782366710943336e+01 9.454318660730491430e+00
2.777116294707483135e+01 9.507907020449167135e+00
2.941553176895884647e+01 9.622000329345782532e+00
3.110200679250061384e+01 9.765112362576065408e+00
3.276882250569198618e+01 9.878881801497982451e+00
3.437829952673915557e+01 9.943835572657290456e+00
3.592401921641211970e+01 9.955675687868845714e+00
3.738075674782811575e+01 9.887171218778457060e+00
3.874193294077323202e+01 9.774974029743152215e+00
4.002614098313989643e+01 9.578742123107259587e+00
4.125793294758187812e+01 9.325413084242327955e+00
4.243105664336209770e+01 8.937944629079481729e+00
4.346219235501190781e+01 8.277919283760843072e+00
4.439324058036476828e+01 7.480340717127754502e+00
4.560665057364705888e+01 7.203329366430480718e+00
4.642667031451783544e+01 6.468767105305455622e+00
4.639679229281362183e+01 5.405008772534118933e+00
4.574548145632835627e+01 4.431580108394906681e+00
4.586338026665504231e+01 3.318212854834202030e+00
4.591949542708527332e+01 2.236883216273254149e+00
4.564802829503529580e+01 1.254830145177329159e+00
4.524646497046648363e+01 3.663297367919001180e-01
4.477297593610261117e+01 -4.487963447729293454e-01
4.422480531106296553e+01 -1.198865049213856393e+00
4.359239796944963530e+01 -1.916683906320178155e+00
4.285419470761027583e+01 -2.630740682967726229e+00
4.202021082006603336e+01 -3.358142482591228273e+00
4.107851738662650121e+01 -4.075163034336551249e+00
4.001460076299923685e+01 -4.770767182165822184e+00
3.883655438781710956e+01 -5.455477457786315654e+00
3.756428949338640422e+01 -6.105200086528198788e+00
3.623067793861007857e+01 -6.677136056428982336e+00
3.489979701484460151e+01 -7.172504944930136794e+00
3.357552614973386085e+01 -7.553611625172425015e+00
3.226631790071634498e+01 -7.844312908471026802e+00
3.095378737428163518e+01 -8.003044438504186786e+00
2.961989141087507704e+01 -8.074661026038246092e+00
2.826829495825269944e+01 -8.050245759605264340e+00
2.693868564469829607e+01 -7.970720838198503522e+00
2.564972338720174605e+01 -7.879359010474527025e+00
2.440984581560897837e+01 -7.774465174648796939e+00
2.325577534425711690e+01 -7.510371645214247494e+00
2.218064646264603823e+01 -7.167556985524634605e+00
2.111532029729476534e+01 -6.918275752730435713e+00
2.007121287196900639e+01 -6.598339256280885579e+00
1.907710430847196648e+01 -6.048279363984236490e+00
1.811635947187005513e+01 -5.256686638385850152e+00
1.707175333634124925e+01 -4.335753411247065259e+00
1.596733769498388611e+01 -3.241842399977611144e+00
1.484311447992135768e+01 -1.969912853124422991e+00
1.373172670451677746e+01 -5.968208415254750987e-01
1.264000881381357111e+01 7.869929730966401804e-01
1.163458055272368874e+01 2.130709812933897052e+00
1.061620437719676957e+01 3.293099127990074759e+00
9.622369652871249457e+00 4.259887524934661940e+00
8.741678904021961571e+00 5.106972129229701451e+00
7.879137424694505398e+00 5.752554478152993589e+00
6.954303657595306554e+00 6.079817241070474054e+00
6.040397786041395101e+00 6.261442030052442931e+00
5.157493500582632784e+00 6.386927706698231511e+00
4.272558452267398721e+00 6.426656422038468541e+00
3.353502354637235783e+00 6.415061997197766708e+00
2.404916922670781165e+00 6.313214830944547273e+00
1.488240586097524742e+00 6.005728640913749139e+00
6.822774926879352497e-01 5.488349784348105054e+00
-2.612229468520085862e-01 5.879409129821220326e+00
-1.142749425979157518e+00 5.500017100278943971e+00
-1.431388090796976487e+00 4.567198037057691451e+00
-9.433101644123219609e-01 3.611780224734502109e+00
-1.214433528842977950e+00 2.733288265139204309e+00
-1.234541498805877602e+00 1.927033641473765879e+00
-9.527773071162807250e-01 1.259713874014530610e+00
-6.516431999799382480e-01 6.966809694266538067e-01
-3.367535934106936635e-01 2.642609798968617585e-01
-1.636967132295572451e-12 1.545364673426161797e-08
