-4.627920832064537393e+01 -1.537337441214937872e+00
-7.141291026729282976e+01 -1.286226056561947884e+00
-8.357428613169653886e+01 -1.035735708226293239e+00
-8.778525705436010185e+01 -7.866381875564547599e-01
-8.714095379426281340e+01 -5.400433924503083016e-01
-8.355695039170709038e+01 -2.976687565522164181e-01
-7.823463562273812499e+01 -6.225616391782274467e-02
-7.195308653413478339e+01 1.617624364018796779e-01
-6.525835025844233428e+01 3.671891207699353732e-01
-5.859611863679405275e+01 5.423125760866143175e-01
-5.242002961041256981e+01 6.680649327286799499e-01
-4.730099757665036719e+01 7.133695404037571075e-01
-4.406663985187746135e+01 6.276160351576973717e-01
-4.264246629532918575e+01 1.216015824272870471e+00
-4.322233366114186737e+01 2.965561980072203951e+00
-4.463968794130890672e+01 4.872366618274950767e+00
-4.433907300466733403e+01 6.907573088073015732e+00
-4.297908477655936110e+01 8.540857313971450537e+00
-4.224436931015193153e+01 1.022099977089929190e+01
-4.274022717259981619e+01 1.206723114935951102e+01
-4.275952479878272072e+01 1.379683295911858032e+01
-4.192916802718649905e+01 1.488909341730938962e+01
-4.014444996037105540e+01 1.475149477855618763e+01
-3.807454605529728298e+01 1.462047945397070592e+01
-3.637348190928317848e+01 1.588594582409897171e+01
-3.558064421628674978e+01 1.736059053848476452e+01
-3.691706446964744259e+01 1.804840376728649431e+01
-3.898992393308977000e+01 1.839556212618028752e+01
-4.058524564061594475e+01 1.876551534842877089e+01
-4.073436640681276089e+01 1.960349634305291033e+01
-4.007682229644393601e+01 2.055768960111315380e+01
-3.913462020771085292e+01 2.141872293479506340e+01
-3.820653953141555803e+01 2.212393379788992931e+01
-3.736822245409054943e+01 2.274187026476007034e+01
-3.659200442674951859e+01 2.339531604730465730e+01
-3.578729514906728326e+01 2.415283133059173792e+01
-3.482222164614992010e+01 2.497472888142465663e+01
-3.350049140077570087e+01 2.551796459272250672e+01
-3.199931967953905598e+01 2.540531602707805803e+01
-3.088299277460152226e+01 2.418415106179344320e+01
-3.049104374609595780e+01 2.204465016056460058e+01
-2.997379773498305866e+01 2.012567823551028567e+01
-2.844599791772083464e+01 1.962481265015512477e+01
-2.697878237287074299e+01 2.028884913597871886e+01
-2.663534004537210720e+01 2.197300483352821132e+01
-2.661096338453119614e+01 2.395811637517612169e+01
-2.617315915427623452e+01 2.559543959335911367e+01
-2.473707015429787859e+01 2.629907135207277946e+01
-2.304592775698014151e+01 2.631624346649213919e+01
-2.166692428689466965e+01 2.561784600448635629e+01
-2.112575533449305709e+01 2.403125019515755767e+01
-2.091915682229999973e+01 2.224744727994147198e+01
-2.054880125776031008e+01 2.106678382470308719e+01
-1.947659330229303265e+01 2.143607677220152041e+01
-1.877145106611239456e+01 2.316176637957933337e+01
-1.812246484592005658e+01 2.508689164305868502e+01
-1.723236223687455038e+01 2.610292383307535502e+01
-1.629930027363202072e+01 2.510352245401779214e+01
-1.551615619690152137e+01 2.320328718184217109e+01
-1.468007267822307327e+01 2.149616596372592525e+01
-1.357533622480086777e+01 2.112300384139631504e+01
-1.322953305592456630e+01 2.246129869149016400e+01
-1.319344922708918943e+01 2.443886194185654404e+01
-1.286482647837694060e+01 2.618068573073828276e+01
-1.172809324849065149e+01 2.691678415054237661e+01
-1.019230336188789821e+01 2.674102782300685277e+01
-8.695709654905298791e+00 2.590376009216850406e+01
-7.488422577807129166e+00 2.462857851343907711e+01
-7.056850461504160954e+00 2.305916506074611760e+01
-7.932077971881255074e+00 2.159734976642331361e+01
-9.002870137799575900e+00 2.028305264950411768e+01
-9.104119226268981180e+00 1.916813616616701665e+01
-7.877498983961322310e+00 1.933618025285977282e+01
-6.293369518321105360e+00 1.972234922198459373e+01
-5.187743280210461272e+00 1.919049154355252540e+01
-4.681207086827581243e+00 1.799469639052400183e+01
-4.741428592389309138e+00 1.662765180117275321e+01
-5.221019327011295452e+00 1.543337890947747759e+01
-4.935191363149944443e+00 1.452741942598888336e+01
-4.152266031072983310e+00 1.386849139995379332e+01
-3.643673142363141881e+00 1.301268057317494353e+01
-3.410220057446323061e+00 1.204305910147964198e+01
-3.237393105346785926e+00 1.107085551993176864e+01
-3.023035277193395487e+00 1.013161202217482426e+01
-2.764979560443221018e+00 9.215106295751795074e+00
-2.485116668995470679e+00 8.306980343158869573e+00
-2.209933039124394760e+00 7.400283545691753950e+00
-1.945067171274663886e+00 6.494581584025969967e+00
-1.694401656109408405e+00 5.599936344998519999e+00
-1.433940264262362652e+00 4.749189559732211130e+00
-1.167258565359261757e+00 3.962962678109011261e+00
-9.088096753494981916e-01 3.250485241705844519e+00
-6.762706362893174949e-01 2.610905489317288275e+00
-4.855364391472195007e-01 2.035703596008928695e+00
-3.318553351915495830e-01 1.521369532987206341e+00
-1.859458825416455963e-01 1.073121169810842934e+00
-1.503692338578708348e-02 7.021633772022332076e-01
1.326983328363389725e-01 3.970571053180539378e-01
1.329944323861413369e-01 1.464462730747710106e-01
-2.367873166414138553e-05 4.120043422754191562e-04
