-4.823981484807303133e+01 -1.887917504199300156e+00
-6.431525442211852805e+01 -1.925298489311862982e+00
-6.364730709280132004e+01 -1.947706885385665609e+00
-5.567808827661179549e+01 -1.934823562408446662e+00
-4.724251277026270657e+01 -1.853727115973772932e+00
-4.500896430323341235e+01 -1.647138010502581240e+00
-4.353693812966233878e+01 -1.271774688039910783e+00
-4.230508958106691608e+01 -1.175486993726857943e+00
-4.120924456845525441e+01 -1.541935887127318328e+00
-4.038165457270432768e+01 -1.379597497580658416e+00
-4.031888917425336416e+01 -5.437419989209135718e-01
-4.049470437639543974e+01 4.310402310820455329e-01
-4.002941338401438287e+01 1.054441886728172184e+00
-3.933042761445074120e+01 1.061664201085207093e+00
-3.862305272640627152e+01 4.765832745426159534e-01
-3.784060592178663285e+01 -2.575804482301527476e-01
-3.692884724124630225e+01 -4.241993820455416953e-01
-3.600289639791805030e+01 2.078863765284556450e-02
-3.518288817204030039e+01 8.190499205725972898e-01
-3.459423225041332017e+01 1.723897389779674549e+00
-3.448756422434225755e+01 2.461420144743358573e+00
-3.531015200947999233e+01 2.618765411373915608e+00
-3.647337776281223398e+01 2.558878578569202755e+00
-3.751026158686363488e+01 2.567133922351887421e+00
-3.795850845133774953e+01 3.095326701648854595e+00
-3.758716760326219486e+01 3.940529013693720550e+00
-3.679245618541474983e+01 4.839151915571167528e+00
-3.572791862552183062e+01 5.581306419432615407e+00
-3.426303261709844605e+01 5.505789188154082581e+00
-3.330314910242359616e+01 5.471258546130381539e+00
-3.393394967263844109e+01 6.351008662779794811e+00
-3.458092247932940211e+01 7.460652753886352073e+00
-3.388692805441577605e+01 8.234943513487142042e+00
-3.280316409790660259e+01 8.381870912499925552e+00
-3.272461168478791649e+01 9.074766742281603626e+00
-3.279817627205611075e+01 9.910922407790069499e+00
-3.237904901598395924e+01 1.058642975175332168e+01
-3.170028824132874590e+01 1.082971511991456914e+01
-3.099823792083361695e+01 1.036869071382535701e+01
-3.044468015467392519e+01 9.979299368995956598e+00
-3.026925037042661870e+01 1.047963352514635282e+01
-3.039089684666380720e+01 1.125750986329382997e+01
-3.024811066417069227e+01 1.182844323788642882e+01
-2.988118520944133394e+01 1.217245674463892335e+01
-2.950599638514291456e+01 1.250332375100135884e+01
-2.904143045125191946e+01 1.269038252025336355e+01
-2.852856553557359831e+01 1.262797208641793034e+01
-2.805639974661104219e+01 1.227307651652630760e+01
-2.756792457856456480e+01 1.225049761187710295e+01
-2.716331661821152466e+01 1.267683773879296538e+01
-2.668727647373374978e+01 1.300967275079149843e+01
-2.610350155122446125e+01 1.306865272122421473e+01
-2.549922507179311637e+01 1.309486861088354104e+01
-2.490215415743613292e+01 1.314568173870912027e+01
-2.431649023116665731e+01 1.305441466942515483e+01
-2.373867005038019329e+01 1.287064997447617465e+01
-2.313775904044765852e+01 1.277018870561092179e+01
-2.254752608367183342e+01 1.265742722126195119e+01
-2.198156296179990576e+01 1.249486892145033501e+01
-2.143770543834153486e+01 1.229574553385338298e+01
-2.091323625941647535e+01 1.208804861468247793e+01
-2.042822215755087356e+01 1.184951709271795650e+01
-1.997924275332844246e+01 1.157878037032015861e+01
-1.954634920715374591e+01 1.128367426862870815e+01
-1.912588712826710591e+01 1.096494849390680315e+01
-1.877200787707344531e+01 1.056836783285870673e+01
-1.845663469614459373e+01 1.011819048563853940e+01
-1.813375126269999171e+01 9.655204216467804912e+00
-1.781793034386948094e+01 9.183000320502662461e+00
-1.754215018234701517e+01 8.689834570589482610e+00
-1.731081621492811351e+01 8.176239721102733782e+00
-1.710126255369764792e+01 7.659280701360699162e+00
-1.692938192003666842e+01 7.136180350959695495e+00
-1.677801393696755383e+01 6.592468231819115232e+00
-1.662004533438572551e+01 6.012227931773630019e+00
-1.642358100339358629e+01 5.395950536622941662e+00
-1.615091005465708207e+01 4.747763934727656121e+00
-1.592115544154967921e+01 4.035314091815120463e+00
-1.597581188402279118e+01 3.275631614159644212e+00
-1.565601640000907224e+01 2.733860675068774171e+00
-1.490515211734821222e+01 2.703871852697329992e+00
-1.445058735212261070e+01 2.276713215725506334e+00
-1.450159820895599161e+01 1.680944914926844280e+00
-1.466490247403711855e+01 1.111224991061844580e+00
-1.442855142085929465e+01 7.958296629544052703e-01
-1.401459156996093647e+01 9.232973843242601175e-01
-1.355066841473093575e+01 1.235638551456197831e+00
-1.307505854465496498e+01 1.416286564160154082e+00
-1.264197996821649461e+01 1.352323398863868542e+00
-1.232343634635072682e+01 1.052121116315815508e+00
-1.210329010609864397e+01 6.386556583890267147e-01
-1.182038117291501678e+01 3.107140078406027128e-01
-1.134927022603386959e+01 2.644015728626055717e-01
-1.075309220721541692e+01 3.480972763591625441e-01
-9.999589626182313395e+00 2.792084995680803594e-01
-8.977806885595633446e+00 1.266494592197002778e-01
-7.513967935242511942e+00 4.398848646469141060e-02
-5.468063480605395377e+00 4.418522648668876673e-02
-2.912792218558792445e+00 9.941359546056151297e-02
-2.615041323865415213e-01 7.008295123522588488e-02
