-4.379310344827596424e+01 -3.103448275862064509e+00
-7.708603996738862918e+01 -3.071225114458635552e+00
-9.945673199644673446e+01 -3.039001953055205263e+00
-1.143273990706667576e+02 -3.006778791651776750e+00
-1.240479915082666622e+02 -2.974555630248347793e+00
-1.302321598776174767e+02 -2.942332468844919724e+00
-1.339879566071547572e+02 -2.910109307441492987e+00
-1.360762528595870435e+02 -2.877886146038067139e+00
-1.370195193333984207e+02 -2.845662984634643511e+00
-1.371765232472103264e+02 -2.813439823231222547e+00
-1.367936208417285684e+02 -2.781216661827806025e+00
-1.360399786243277163e+02 -2.748993500424395720e+00
-1.350317588936990205e+02 -2.716770339020993408e+00
-1.338487273188666222e+02 -2.684547177617602642e+00
-1.325456569374388778e+02 -2.652324016214228752e+00
-1.311601589885057990e+02 -2.620100854810880175e+00
-1.297180601445991783e+02 -2.587877693407567570e+00
-1.282370949188647273e+02 -2.555654532004307367e+00
-1.267294411462956134e+02 -2.523431370601122214e+00
-1.252034610336183817e+02 -2.491208209198047641e+00
-1.236648966935631790e+02 -2.458985047795133383e+00
-1.221176910875614396e+02 -2.426761886392451828e+00
-1.205645517460258844e+02 -2.394538724990108225e+00
-1.190073378605979997e+02 -2.362315563588258005e+00
-1.174473260904589580e+02 -2.330092402187124989e+00
-1.158853930847011355e+02 -2.297869240787036027e+00
-1.143221408157557875e+02 -2.265646079388467182e+00
-1.127579826426410960e+02 -2.233422917992112566e+00
-1.111932024083855453e+02 -2.201199756598981150e+00
-1.096279950207119498e+02 -2.168976595210543312e+00
-1.080624943177514865e+02 -2.136753433828940452e+00
-1.064967922027144311e+02 -2.104530272457291407e+00
-1.049309517831776333e+02 -2.072307111100136101e+00
-1.033650163934959920e+02 -2.040083949764088800e+00
-1.017990157902612367e+02 -2.007860788458780466e+00
-1.002329704065647036e+02 -1.975637627198235879e+00
-9.866689427329096418e+01 -1.943414466002879815e+00
-9.710079702509581523e+01 -1.911191304902456922e+00
-9.553468527786114350e+01 -1.878968143940284996e+00
-9.396856357455915543e+01 -1.846744983179446020e+00
-9.240243503475555542e+01 -1.814521822711806287e+00
-9.083630180060998782e+01 -1.782298662671150113e+00
-8.927016534313777640e+01 -1.750075503252307874e+00
-8.770402667251933337e+01 -1.717852344739008608e+00
-8.613788648252429425e+01 -1.685629187544446017e+00
-8.457174524969887841e+01 -1.653406032270351433e+00
-8.300560330149720301e+01 -1.621182879793022780e+00
-8.143946086309689747e+01 -1.588959731388609020e+00
-7.987331808959250168e+01 -1.556736588915556663e+00
-7.830717508816915995e+01 -1.524513455080313218e+00
-7.674103193342669726e+01 -1.492290333824259907e+00
-7.517488867804512154e+01 -1.460067230887212242e+00
-7.360874536031619186e+01 -1.427844154628027828e+00
-7.204260200961792293e+01 -1.395621117219667084e+00
-7.047645865061477366e+01 -1.363398136389542659e+00
-6.891031530678384343e+01 -1.331175237953987400e+00
-6.734417200377137647e+01 -1.298952459509182589e+00
-6.577802877305938978e+01 -1.266729855806237204e+00
-6.421188565646660606e+01 -1.234507506578885527e+00
-6.264574271212724454e+01 -1.202285527942920318e+00
-6.107960002280236012e+01 -1.170064088997121443e+00
-5.951345770771210653e+01 -1.137843435999100095e+00
-5.794731593958052684e+01 -1.105623927572439769e+00
-5.638117496932959938e+01 -1.073406085978664715e+00
-5.481503516195337511e+01 -1.041190671784317789e+00
-5.324889704870060569e+01 -1.008978792598211438e+00
-5.168276140302678812e+01 -9.767720614248780464e-01
-5.011662935117406903e+01 -9.445728272738177500e-01
-4.855050253318874098e+01 -9.123845109944564991e-01
-4.698438333739656514e+01 -8.802120943507245610e-01
-4.541827524185878673e+01 -8.480628322576334588e-01
-4.385218331162619876e+01 -8.159472900074422608e-01
-4.228606883071270062e+01 -7.837563825628066638e-01
-4.071989513846791908e+01 -7.514395411453254070e-01
-3.915370810753241670e+01 -7.191146131399481778e-01
-3.758751553518650468e+01 -6.867833001390414305e-01
-3.602133382496398895e+01 -6.544511332812418258e-01
-3.445517187151227034e+01 -6.221556311817071361e-01
-3.288903074421710926e+01 -5.898688088228469795e-01
-3.132292519099869565e+01 -5.575629969186621793e-01
-2.975678859188920100e+01 -5.252888032386782147e-01
-2.819062617958010364e+01 -4.930735024928271648e-01
-2.662444054109703373e+01 -4.608943208178294393e-01
-2.505827155408855589e+01 -4.287511726806920165e-01
-2.349212968661251111e+01 -3.966711811580889147e-01
-2.192597633973556270e+01 -3.646815580099798115e-01
-2.035981806433611752e+01 -3.328189423618491682e-01
-1.879366662421919187e+01 -3.010693174086176427e-01
-1.722755618835861569e+01 -2.694624398139217614e-01
-1.566144776173162967e+01 -2.380960290301925852e-01
-1.409529653519363457e+01 -2.071021404103778607e-01
-1.252911628187118076e+01 -1.766304143310156727e-01
-1.096294479579290382e+01 -1.468131873571857926e-01
-9.396764509603990234e+00 -1.179910985739127116e-01
-7.830605337066450566e+00 -9.061907365233964895e-02
-6.264467025999690186e+00 -6.512272651305804627e-02
-4.698300445524310476e+00 -4.241379275209374716e-02
-3.132136089311739813e+00 -2.352826597260054137e-02
-1.566037018470086251e+00 -9.455409010369534781e-03
-1.975595942366217474e-13 -2.728491246332229903e-13
