-1.090922778168734375e+01 -2.020227366979100658e+00
-1.959057311892863140e+01 -1.999303160422016168e+00
-2.556155774919408330e+01 -1.978380789224941649e+00
-2.960930915403618258e+01 -1.957462384387661070e+00
-3.231348841953212769e+01 -1.936554490030547138e+00
-3.407311361938706540e+01 -1.915653620041312788e+00
-3.516542211379837823e+01 -1.894767906120573331e+00
-3.578694025440302084e+01 -1.873902781507286175e+00
-3.607462922577130371e+01 -1.853068395432253102e+00
-3.612164852056673681e+01 -1.832280081557246421e+00
-3.609355250202876420e+01 -1.811106279849441725e+00
-3.596571989101955324e+01 -1.790074919785435315e+00
-3.575062943728811860e+01 -1.769078741816565881e+00
-3.547431435540023159e+01 -1.748100786935784079e+00
-3.515537586438701112e+01 -1.727135141626358950e+00
-3.480679590188948680e+01 -1.706178164002569275e+00
-3.443762510804832999e+01 -1.685227029807168320e+00
-3.405413409513997891e+01 -1.664281171142107052e+00
-3.366066418520816939e+01 -1.643338037129787876e+00
-3.326026654686108941e+01 -1.622396864057544574e+00
-3.285507113180693750e+01 -1.601456221411114544e+00
-3.244652370378386053e+01 -1.580515975350896385e+00
-3.203564076738318533e+01 -1.559576014182524339e+00
-3.162313313877496412e+01 -1.538635919793177154e+00
-3.120949939442676779e+01 -1.517695746999130790e+00
-3.079508505508245264e+01 -1.496756173179272675e+00
-3.038012736917032441e+01 -1.475817006369540607e+00
-2.996479104298147789e+01 -1.454877848319225508e+00
-2.954919093733193236e+01 -1.433938336600609320e+00
-2.913340765034697810e+01 -1.412998126803631349e+00
-2.871749688419396307e+01 -1.392057928020428603e+00
-2.830149569319188529e+01 -1.371118637184700839e+00
-2.788543134159505854e+01 -1.350179904864314384e+00
-2.746932300623662826e+01 -1.329241149359575713e+00
-2.705318267513224129e+01 -1.308303689665057279e+00
-2.663702199658346359e+01 -1.287366317825218376e+00
-2.622084738660150549e+01 -1.266429237509627104e+00
-2.580466326911271935e+01 -1.245491684324670612e+00
-2.538847264615724697e+01 -1.224553562124767181e+00
-2.497227760379574590e+01 -1.203615333247607389e+00
-2.455607941544085193e+01 -1.182676630932162132e+00
-2.413988083885062963e+01 -1.161738111155805830e+00
-2.372368123559733988e+01 -1.140799741185042793e+00
-2.330748077138554208e+01 -1.119861553878268801e+00
-2.289128003852028570e+01 -1.098923736538592433e+00
-2.247507785490271814e+01 -1.077985472648176568e+00
-2.205887431538497268e+01 -1.057047087427042564e+00
-2.164267031103126371e+01 -1.036108656191035537e+00
-2.122646515404785461e+01 -1.015170212496390167e+00
-2.081025828365640962e+01 -9.942317704965941694e-01
-2.039405075149479529e+01 -9.732935073747643884e-01
-1.997784312048746713e+01 -9.523554119158379461e-01
-1.956163530201477485e+01 -9.314170601166090746e-01
-1.914542709723639646e+01 -9.104785579000735929e-01
-1.872921818392348214e+01 -8.895398710068531667e-01
-1.831300798697339260e+01 -8.686011890874193453e-01
-1.789679839590174382e+01 -8.476625569903922797e-01
-1.748058869672921745e+01 -8.267240520457950215e-01
-1.706437866925031344e+01 -8.057856510916311388e-01
-1.664816957765344085e+01 -7.848477565834676151e-01
-1.623195917244161279e+01 -7.639098827321552099e-01
-1.581575102598980465e+01 -7.429717912950671854e-01
-1.539954368950761143e+01 -7.220339054226622144e-01
-1.498333818141235696e+01 -7.010963267992694758e-01
-1.456713390212300574e+01 -6.801591814193458374e-01
-1.415093045654404946e+01 -6.592215322154811874e-01
-1.373472850679939228e+01 -6.382831781646088887e-01
-1.331852881831930269e+01 -6.173443920760001147e-01
-1.290232963584788806e+01 -5.964056780260585944e-01
-1.248613085550539381e+01 -5.754666395435222848e-01
-1.206993159927875858e+01 -5.545278817299515994e-01
-1.165373045461148038e+01 -5.335892328780298399e-01
-1.123752804267423500e+01 -5.126510109689551564e-01
-1.082132446924799218e+01 -4.917130752396862703e-01
-1.040512005244385563e+01 -4.707760750370125202e-01
-9.988915172400135489e+00 -4.498403574559830531e-01
-9.572710078593331673e+00 -4.289061853958848203e-01
-9.156504475932447207e+00 -4.079735198880360958e-01
-8.740298459773475415e+00 -3.870432405493023920e-01
-8.324092159750859921e+00 -3.661167496136006339e-01
-7.907885695610816335e+00 -3.451956405725105093e-01
-7.491678942500939797e+00 -3.242816626991604223e-01
-7.075472038548729081e+00 -3.033779800210725797e-01
-6.659264883754219433e+00 -2.824892533433295827e-01
-6.243058106748387459e+00 -2.616218058214849762e-01
-5.826850708885596752e+00 -2.407849301517933360e-01
-5.410643741159520737e+00 -2.199913204781026033e-01
-4.994437913463267265e+00 -1.992598269939555300e-01
-4.578232968439287731e+00 -1.786185671205318959e-01
-4.162029127529352834e+00 -1.581076921398456014e-01
-3.745825976630599463e+00 -1.377840595087802822e-01
-3.329622782029518113e+00 -1.177304712681399579e-01
-2.913418068082937129e+00 -9.806446716158709331e-02
-2.497211830661612897e+00 -7.895494059779882556e-02
-2.081004062752914052e+00 -6.064423679559754338e-02
-1.664795697464398261e+00 -4.347826496961976900e-02
-1.248586862418838539e+00 -2.796079869108424390e-02
-8.323806636542132598e-01 -1.480106334290451700e-02
-4.161819501674975386e-01 -5.011598176738904682e-03
-3.011776071536262240e-14 -2.385512090415085358e-14
