2.798518349249628834e+00 3.030429190086755042e+01
5.596727748624522825e+00 2.998613327452589061e+01
7.614778565628541607e+00 2.966797464818058216e+01
9.059813727285874307e+00 2.934981602182797999e+01
1.008397973916491708e+01 2.903165739546440705e+01
1.079902532963074258e+01 2.871349876908618626e+01
1.128702782431991025e+01 2.839534014268966544e+01
1.160827146518388275e+01 2.807718151627115333e+01
1.180703388671672549e+01 2.775902288982695509e+01
1.191583617322328337e+01 2.744086426335342210e+01
1.195856444543940000e+01 2.712270563684685953e+01
1.195276260681881908e+01 2.680454701030362941e+01
1.191131632228258219e+01 2.648638838372009374e+01
1.184368986873424667e+01 2.616822975709260035e+01
1.175683457835034140e+01 2.585007113041755389e+01
1.165585607298030268e+01 2.553191250369136256e+01
1.154450433518211483e+01 2.521375387691050562e+01
1.142553365612039329e+01 2.489559525007149787e+01
1.130096701048321961e+01 2.457743662317097488e+01
1.117229023485334416e+01 2.425927799620562197e+01
1.104059464804554658e+01 2.394111936917234473e+01
1.090668180304422741e+01 2.362296074206820506e+01
1.077114042531819749e+01 2.330480211489057396e+01
1.063440292255615560e+01 2.298664348763719190e+01
1.049678688999742526e+01 2.266848486030636778e+01
1.035852559531144124e+01 2.235032623289707487e+01
1.021979036916452799e+01 2.203216760540930252e+01
1.008070705066715433e+01 2.171400897784435813e+01
9.941368066243580159e+00 2.139585035020535031e+01
9.801841301332833822e+00 2.107769172249787815e+01
9.662176616485080416e+00 2.075953309473089803e+01
9.522410633311016781e+00 2.044137446691791382e+01
9.382570249671031704e+00 2.012321583907868217e+01
9.242675221515115780e+00 1.980505721124142227e+01
9.102740059195332023e+00 1.948689858344589965e+01
8.962775420271428928e+00 1.916873995574758283e+01
8.822789132500192366e+00 1.885058132822336319e+01
8.682786945201726780e+00 1.853242270097922884e+01
8.542773081123762324e+00 1.821426407416084814e+01
8.402750641775552864e+00 1.789610544796785874e+01
8.262721905137931699e+00 1.757794682267342168e+01
8.122688544325695759e+00 1.725978819865080283e+01
7.982651788191008180e+00 1.694162957640950751e+01
7.842612539283537743e+00 1.662347095664460639e+01
7.702571460489963329e+00 1.630531234030373255e+01
7.562529038669031145e+00 1.598715372867847151e+01
7.422485631390306260e+00 1.566899512352863511e+01
7.282441501262907124e+00 1.535083652725156966e+01
7.142396841149289521e+00 1.503267794311260097e+01
7.002351792684321730e+00 1.471451937555880640e+01
6.862306459877167697e+00 1.439636083064626249e+01
6.722260919101631593e+00 1.407820231662168453e+01
6.582215226433870470e+00 1.376004384471432473e+01
6.442169423041800513e+00 1.344188543021420479e+01
6.302123539143518194e+00 1.312372709394006876e+01
6.162077596914684818e+00 1.280556886423808294e+01
6.022031612623947261e+00 1.248741077970299429e+01
5.881985598201366017e+00 1.216925289288302814e+01
5.741939562390375507e+00 1.185109527532415186e+01
5.601893511593922348e+00 1.153293802443781502e+01
5.461847450495879386e+00 1.121478127285143067e+01
5.321801382517515222e+00 1.089662520113908073e+01
5.181755310152729166e+00 1.057847005515441552e+01
5.041709235214290707e+00 1.026031616962949045e+01
4.901663159014697513e+00 9.942164000304666516e+00
4.761617082498996290e+00 9.624014167673552222e+00
4.621571006342366061e+00 9.305867516541974638e+00
4.481524931021769298e+00 8.987725197117727660e+00
4.341478856868587144e+00 8.669588775414553083e+00
4.201432784107290708e+00 8.351460383567671286e+00
4.061386712883828132e+00 8.033342924488861669e+00
3.921340643286492345e+00 7.715240350505245814e+00
3.781294575361254129e+00 7.397158042727030924e+00
3.641248509123018451e+00 7.079103327558203596e+00
3.501202444563916938e+00 6.761086179927842110e+00
3.361156381659403447e+00 6.443120180742337055e+00
3.221110320372752245e+00 6.125223820460285573e+00
3.081064260658386011e+00 5.807422273914863098e+00
2.941018202464351194e+00 5.489749816741405830e+00
2.800972145734185403e+00 5.172253115353033337e+00
2.660926090408359368e+00 4.854995706255319732e+00
2.520880036425404036e+00 4.538064094650763991e+00
2.380833983722872027e+00 4.221576057712628227e+00
2.240787932238192948e+00 3.905691949524753070e+00
2.100741881909518494e+00 3.590630092801326168e+00
1.960695832676641714e+00 3.276687734773552130e+00
1.820649784482070821e+00 2.964269578711294262e+00
1.680603737272355902e+00 2.653926629701338413e+00
1.540557690999815987e+00 2.346409083326363554e+00
1.400511645624808121e+00 2.042738333808071793e+00
1.260465601118770040e+00 1.744305013375476499e+00
1.120419557468326222e+00 1.453002473247919868e+00
9.803735146808466583e-01 1.171408518514962749e+00
8.403274727919963771e-01 9.030328408852815736e-01
7.002814318759930101e-01 6.526538993407379197e-01
5.602353920595626313e-01 4.267775844625256720e-01
4.201893535409274572e-01 2.342616917022026790e-01
2.801433166156562793e-01 8.716614417829374184e-02
1.400972817118660008e-01 1.910574332879757782e-03
5.124944029650050221e-05 8.500972317615462228e-04
