-1.059435587051173577e+01 2.757435089585233090e+00
-1.862122755765754789e+01 2.728675863511878852e+00
-2.430495519186213826e+01 2.699893993427978423e+00
-2.811773450040005073e+01 2.671111996958419166e+00
-3.063225303507515562e+01 2.642331352175597559e+00
-3.224946574788407361e+01 2.613551642903320094e+00
-3.324649663830687985e+01 2.584772582068715074e+00
-3.381488271426731984e+01 2.555993972085297550e+00
-3.408700668604318906e+01 2.527215677585426423e+00
-3.415436618586893758e+01 2.498437606739157602e+00
-3.408020072150772251e+01 2.469659698581428309e+00
-3.390821892207120669e+01 2.440881914598693303e+00
-3.366863046274824001e+01 2.412104233413936871e+00
-3.338231509253508023e+01 2.383326647836578882e+00
-3.306370410356667833e+01 2.354549163870153894e+00
-3.272277189364486105e+01 2.325771801540815531e+00
-3.236641246369376290e+01 2.296994597661008441e+00
-3.199939081100873750e+01 2.268217610909698312e+00
-3.162500051348169805e+01 2.239440929930248902e+00
-3.124551825344086708e+01 2.210664685563476173e+00
-3.086251800678718382e+01 2.181889068904084183e+00
-3.047708825649086961e+01 2.153114357672318402e+00
-3.008998220657612777e+01 2.124340954540210991e+00
-2.970172172658409337e+01 2.095569442701553875e+00
-2.931266937116838989e+01 2.066800666354430049e+00
-2.892307841374806898e+01 2.038035847203133688e+00
-2.853312779901541774e+01 2.009276753057108955e+00
-2.814285186462311117e+01 1.980512515434566856e+00
-2.775233937474573409e+01 1.951739863233351580e+00
-2.736169777278330528e+01 1.922958967163855615e+00
-2.697097233772952052e+01 1.894174573306972142e+00
-2.658019290358668485e+01 1.865387158301936799e+00
-2.618937760691299133e+01 1.836600321790790469e+00
-2.579853640512220636e+01 1.807812879219129698e+00
-2.540767817990972333e+01 1.779025488545012745e+00
-2.501680979173847774e+01 1.750239007146847436e+00
-2.462593335742597134e+01 1.721453508986313885e+00
-2.423504960968434219e+01 1.692668435363917201e+00
-2.384416521338271977e+01 1.663885453686884119e+00
-2.345328063584207712e+01 1.635104184099158697e+00
-2.306239470234089595e+01 1.606323519378940023e+00
-2.267150569694208073e+01 1.577544809114000746e+00
-2.228061592226221421e+01 1.548766248681396451e+00
-2.188972634291635799e+01 1.519987513159080983e+00
-2.149883591957907569e+01 1.491210146262081038e+00
-2.110794536527295406e+01 1.462432855636772056e+00
-2.071705515546637955e+01 1.433655844566755544e+00
-2.032616597131578118e+01 1.404878202288956990e+00
-1.993527721065433411e+01 1.376100969066658131e+00
-1.954438856185276663e+01 1.347323843162071766e+00
-1.915349992024368930e+01 1.318546725427783173e+00
-1.876261127487863334e+01 1.289769673965093011e+00
-1.837172294969127861e+01 1.260992224292455832e+00
-1.798083450302697628e+01 1.232214790613457289e+00
-1.758994602558026799e+01 1.203437402312532045e+00
-1.719905778700133325e+01 1.174659613619113641e+00
-1.680816964989876183e+01 1.145881742778931178e+00
-1.641728221872169868e+01 1.117103609622347893e+00
-1.602639495520615043e+01 1.088325493177411563e+00
-1.563550749999519773e+01 1.059546815180242518e+00
-1.524462011532918915e+01 1.030768967395838898e+00
-1.485373210437277613e+01 1.001991415153026477e+00
-1.446284295340420911e+01 9.732136040599510540e-01
-1.407195322160371198e+01 9.444362356106000833e-01
-1.368106340603443805e+01 9.156590117302223497e-01
-1.329017327020384620e+01 8.868823680406405785e-01
-1.289928409921803443e+01 8.581062403700345786e-01
-1.250839823011071239e+01 8.293304103746529377e-01
-1.211751193620442812e+01 8.005542309811315427e-01
-1.172662509121863472e+01 7.717778509632584605e-01
-1.133573794958395453e+01 7.430014783022127478e-01
-1.094485082636433582e+01 7.142252280828463862e-01
-1.055396343754915556e+01 6.854492271674493820e-01
-1.016307605150520743e+01 6.566736445591973004e-01
-9.772188709851596045e+00 6.278988315184548252e-01
-9.381301350521512816e+00 5.991252794896129164e-01
-8.990413881073557434e+00 5.703535214870149028e-01
-8.599526498457253254e+00 5.415845135746398809e-01
-8.208639126543152642e+00 5.128192905237489718e-01
-7.817751896114413235e+00 4.840594491819174006e-01
-7.426864572108223150e+00 4.553074113729620453e-01
-7.035977199239484392e+00 4.265667207507886083e-01
-6.645089853091248777e+00 3.978423105498046786e-01
-6.254202547286052294e+00 3.691415285523762524e-01
-5.863315316028200108e+00 3.404749452836089429e-01
-5.472427836733292139e+00 3.118579710002143957e-01
-5.081539935921068896e+00 2.833127562436193458e-01
-4.690652130770311068e+00 2.548715178141784943e-01
-4.299764313266380533e+00 2.265806187347555178e-01
-3.908876490479228583e+00 1.985073461041587384e-01
-3.517988594441005645e+00 1.707488359409622125e-01
-3.127100588119677838e+00 1.434456803681384007e-01
-2.736212428127428264e+00 1.168011657297725048e-01
-2.345324078778915133e+00 9.110932334198282301e-02
-1.954435812018647800e+00 6.679551393426925998e-02
-1.563547666803209113e+00 4.447528383569051419e-02
-1.172659459918760527e+00 2.503902000256317054e-02
-7.817717687311238617e-01 9.771740617722500868e-03
-3.908849131274391708e-01 5.293018144080553506e-04
-1.785399097825645831e-14 1.882960582051070408e-14
