1.189049020756202601e+01 1.410267443222471861e+01
2.273889402236715540e+01 1.395508759975241730e+01
3.024065420398645898e+01 1.380750076728011599e+01
3.538187342322119378e+01 1.365991393480781113e+01
3.885809503714144597e+01 1.351232710233551160e+01
4.115991761716288266e+01 1.336474026986321206e+01
4.263338279509547135e+01 1.321715343739091608e+01
4.352256957549106886e+01 1.306956660491861832e+01
4.399963805409140605e+01 1.292197977244632945e+01
4.418602062783787687e+01 1.277439293997404235e+01
4.416736912541587401e+01 1.262680610750176591e+01
4.400409770270088217e+01 1.247921927502949657e+01
4.373881922956583423e+01 1.233163244255724678e+01
4.340159051393086287e+01 1.218404561008501830e+01
4.301361199840970784e+01 1.203645877761282179e+01
4.258983732572494318e+01 1.188887194514066792e+01
4.214081398466011308e+01 1.174128511266857622e+01
4.167398160191372369e+01 1.159369828019657511e+01
4.119458768677914406e+01 1.144611144772470368e+01
4.070633354778970414e+01 1.129852461525300633e+01
4.021182988729829333e+01 1.115093778278156300e+01
3.971291815319126783e+01 1.100335095031047850e+01
3.921089720296359360e+01 1.085576411783990558e+01
3.870668318026768873e+01 1.070817728537005209e+01
3.820092228316233474e+01 1.056059045290122533e+01
3.769407030472122244e+01 1.041300362043385164e+01
3.718644873666539041e+01 1.026541678796853674e+01
3.667828434182372632e+01 1.011782995550613862e+01
3.616973706640092701e+01 9.970243123047882960e+00
3.566091972777795860e+01 9.822656290595492834e+00
3.515191190121910125e+01 9.675069458151421387e+00
3.464276971480227019e+01 9.527482625719144949e+00
3.413353275823183708e+01 9.379895793303587581e+00
3.362422895594089312e+01 9.232308960911737472e+00
3.311487800431349626e+01 9.084722128553494258e+00
3.260549379611538257e+01 8.937135296242900040e+00
3.209608613055637960e+01 8.789548463999857120e+00
3.158666191947654411e+01 8.641961631852586478e+00
3.107722603812545259e+01 8.494374799841095225e+00
3.056778192525738902e+01 8.346787968022107762e+00
3.005833200640808300e+01 8.199201136476037988e+00
2.954887799245422286e+01 8.051614305316896036e+00
2.903942109020549722e+01 7.904027474706320611e+00
2.852996215095100396e+01 7.756440644873468848e+00
2.802050177524450447e+01 7.608853816143235527e+00
2.751104038682668573e+01 7.461266988976229086e+00
2.700157828478345579e+01 7.313680164025480046e+00
2.649211568036048803e+01 7.166093342216819373e+00
2.598265272296544381e+01 7.018506524862833551e+00
2.547318951855861258e+01 6.870919713824437558e+00
2.496372614269557033e+01 6.723332911739934303e+00
2.445426264982730657e+01 6.575746122349765521e+00
2.394479908000265667e+01 6.428159350956912377e+00
2.343533546379785193e+01 6.280572605079654203e+00
2.292587182608019702e+01 6.132985895376988239e+00
2.241640818906897081e+01 5.985399236960643243e+00
2.190694457507041903e+01 5.837812651255191554e+00
2.139748100922340512e+01 5.690226168635200921e+00
2.088801752259379185e+01 5.542639832164039326e+00
2.037855415599829811e+01 5.395053702894555769e+00
1.986909096502867911e+01 5.247467867384081330e+00
1.935962802689448736e+01 5.099882448348785680e+00
1.885016544992684118e+01 4.952297619768825321e+00
1.834070338691287816e+01 4.804713628303584727e+00
1.783124205390238259e+01 4.657130823653017337e+00
1.732178175680135723e+01 4.509549701602256100e+00
1.681232292902604897e+01 4.361970965047878401e+00
1.630286618485220984e+01 4.214395610517541968e+00
1.579341239502637784e+01 4.066825050832711064e+00
1.528396279394621260e+01 3.919261289013046934e+00
1.477451913160264141e+01 3.771707164828375092e+00
1.426508388898650637e+01 3.624166704346345469e+00
1.375566058347406795e+01 3.476645615501658515e+00
1.324625420178132629e+01 3.329151990686533669e+00
1.273687181377959199e+01 3.181697302844391118e+00
1.222752344272692504e+01 3.034297817676043785e+00
1.171822329903235094e+01 2.886976595787062116e+00
1.120871637273863008e+01 2.739318485058512831e+00
1.069919133680325452e+01 2.591700660058873673e+00
1.018967239856773865e+01 2.444160816504692857e+00
9.680159186675471261e+00 2.296703938652386867e+00
9.170648177586484096e+00 2.149347516351298282e+00
8.661144909887832810e+00 2.002128490864755861e+00
8.151644693358143456e+00 1.855095503309325267e+00
7.642143276481910164e+00 1.708321364544396426e+00
7.132649988929816942e+00 1.561905088725485502e+00
6.623159227141777627e+00 1.415981651958990950e+00
6.113672112048353924e+00 1.270754936725761342e+00
5.604188047968977848e+00 1.126512785658845939e+00
5.094705365836900590e+00 9.836638552989552808e-01
4.585221308023424314e+00 8.427813552809721998e-01
4.075737620770639502e+00 7.046833282290856371e-01
3.566251448556334580e+00 5.705254416213835222e-01
3.056764827230468384e+00 4.419256345026304489e-01
2.547277016601118937e+00 3.211840531338744364e-01
2.037790516792401085e+00 2.114839623773070443e-01
1.528308319039870966e+00 1.172720596690853129e-01
1.018836294803329823e+00 4.472379285072087401e-02
5.093922244983849490e-01 2.100866343967204390e-03
1.271129576499421258e-14 1.970572839462866613e-14
