-3.130511640170972498e+01 1.807823564745779166e+01
-6.233887707362504216e+01 1.788739441869066482e+01
-8.377939683536332893e+01 1.769655318992317916e+01
-9.846190162560185399e+01 1.750571196115497941e+01
-1.083837051640684024e+02 1.731487073238570673e+01
-1.149518203051272991e+02 1.712402950361501297e+01
-1.191574209200489634e+02 1.693318827484253219e+01
-1.216987420247614722e+02 1.674234704606789492e+01
-1.230676570951948605e+02 1.655150581729075654e+01
-1.236106676827275948e+02 1.636066458851074401e+01
-1.235718677077352083e+02 1.616982335972750917e+01
-1.231232097681424449e+02 1.597898213094068609e+01
-1.223858263193481122e+02 1.578814090214991950e+01
-1.214450494349752461e+02 1.559729967335487011e+01
-1.203609915164616808e+02 1.540645844455517199e+01
-1.191759989014947649e+02 1.521561721575048942e+01
-1.179199025778886210e+02 1.502477598694046534e+01
-1.166137170626506077e+02 1.483393475812476581e+01
-1.152722460869734391e+02 1.464309352930305863e+01
-1.139059181778133905e+02 1.445225230047505605e+01
-1.125220797381129501e+02 1.426141107164044008e+01
-1.111259059605299484e+02 1.407056984279895318e+01
-1.097210425229866928e+02 1.387972861395038393e+01
-1.083100576327689168e+02 1.368888738509456005e+01
-1.068947604701690324e+02 1.349804615623141935e+01
-1.054764255169385905e+02 1.330720492736099558e+01
-1.040559505850513489e+02 1.311636369848350192e+01
-1.026339681404761563e+02 1.292552246959939666e+01
-1.012109237254989438e+02 1.273468124070946672e+01
-9.978713120353108934e+01 1.254384001181498753e+01
-9.836281167645933010e+01 1.235299878291792730e+01
-9.693812090007362769e+01 1.216215755402123477e+01
-9.551316859693788786e+01 1.197131632512923360e+01
-9.408803206139171493e+01 1.178047509624822098e+01
-9.266276574363057250e+01 1.158963386738729540e+01
-9.123740800123681538e+01 1.139879263855950420e+01
-8.981198585531515732e+01 1.120795140978353643e+01
-8.838651834096651783e+01 1.101711018108607476e+01
-8.696101886754142640e+01 1.082626895250512966e+01
-8.553549688133102791e+01 1.063542772409482673e+01
-8.410995903686061581e+01 1.044458649593215149e+01
-8.268441002201920753e+01 1.025374526812653464e+01
-8.125885313933720511e+01 1.006290404083346779e+01
-7.983329071548699574e+01 9.872062814273830256e+00
-7.840772438978275716e+01 9.681221588761317776e+00
-7.698215531745118767e+01 9.490380364741398012e+00
-7.555658431287861276e+01 9.299539142846569462e+00
-7.413101195059515192e+01 9.108697923974840904e+00
-7.270543863651846550e+01 8.917856709401137394e+00
-7.127986465829023643e+01 8.727015500935422665e+00
-6.985429022094720608e+01 8.536174301147140042e+00
-6.842871547234958030e+01 8.345333113683915727e+00
-6.700314052151986743e+01 8.154491943723829905e+00
-6.557756545216622612e+01 7.963650798617549320e+00
-6.415199033306643628e+01 7.772809688799810601e+00
-6.272641522660136104e+01 7.581968629083307931e+00
-6.130084019649448379e+01 7.391127640495431805e+00
-5.987526531571847954e+01 7.200286752885624253e+00
-5.844969067554823283e+01 7.009446008626558644e+00
-5.702411639688344280e+01 6.818605467868201764e+00
-5.559854264524435763e+01 6.627765215996104686e+00
-5.417296965130024944e+01 6.436925374218831486e+00
-5.274739773947614196e+01 6.246086114597201977e+00
-5.132182736818425184e+01 6.055247681378970626e+00
-4.989625918666929749e+01 5.864410421284296682e+00
-4.847069411551593276e+01 5.673574826497230994e+00
-4.704513346080026537e+01 5.482741595693975789e+00
-4.561957907604028861e+01 5.291911720675046560e+00
-4.419403359202541282e+01 5.101086609343325584e+00
-4.276850074302296179e+01 4.910268260276551722e+00
-4.134298582980894565e+01 4.719459510540375824e+00
-3.991749637693616393e+01 4.528664387469446773e+00
-3.849204306573664525e+01 4.337888608035521898e+00
-3.706664105874502013e+01 4.147140287721565066e+00
-3.564131187976305171e+01 3.956430946798493942e+00
-3.421608608268137175e+01 3.765776938777478211e+00
-3.279100703997594479e+01 3.575201478158329227e+00
-3.136613632062875823e+01 3.384737518903909947e+00
-2.994156132430158834e+01 3.194431840556129387e+00
-2.851740611842880213e+01 3.004350847385487633e+00
-2.709235971936474385e+01 2.813875022669082959e+00
-2.566637007064759857e+01 2.624012299628694755e+00
-2.424005006812303620e+01 2.434626063694032894e+00
-2.281365333884644642e+01 2.245789028159687728e+00
-2.138723065479765850e+01 2.057687752487587840e+00
-1.996085492185591903e+01 1.870613199318266417e+00
-1.853456194100423460e+01 1.684998636615466117e+00
-1.710833269895464781e+01 1.501407111476776635e+00
-1.568213302594112157e+01 1.320608208024040442e+00
-1.425591953752922514e+01 1.143617535351181491e+00
-1.282964899271213177e+01 9.719663866142396191e-01
-1.140330920810036197e+01 8.073895584876237264e-01
-9.977141136860817383e+00 6.502595399935862108e-01
-8.551023408130626891e+00 5.027554671309996115e-01
-7.124853645331698182e+00 3.678004886822397457e-01
-5.698739213785597890e+00 2.494167902754007848e-01
-4.273068570119677112e+00 1.513399512195291452e-01
-2.848244535517571396e+00 7.278426376505747752e-02
-1.424694024372591405e+00 8.264337837577221194e-03
-1.097786542420342700e-03 8.072429402880116310e-04
