8.659215154350039967e+00 2.212910539445002911e+01
1.463785889485736469e+01 2.189852866343697713e+01
1.897449654290262799e+01 2.166789717383072045e+01
2.216471078016088470e+01 2.143725125509654461e+01
2.434854744474477783e+01 2.120646358059259740e+01
2.574705875937271671e+01 2.097570179909635968e+01
2.660719087408325123e+01 2.074495776894670129e+01
2.709823753551366465e+01 2.051422590882418362e+01
2.733625794388487762e+01 2.028350239273696687e+01
2.740081639642624367e+01 2.005278459818395476e+01
2.734645813730762853e+01 1.982207072790190239e+01
2.721057661793576088e+01 1.959135955063952395e+01
2.701880689137518843e+01 1.936065022356961762e+01
2.678872304992033904e+01 1.912994217072503034e+01
2.653237300077864091e+01 1.889923499992477929e+01
2.625801617984319591e+01 1.866852844620837004e+01
2.597131484037542748e+01 1.843782233361956813e+01
2.567615074052660162e+01 1.820711654982760308e+01
2.537518502352989103e+01 1.797641102992525575e+01
2.507024204413333379e+01 1.774570574706708825e+01
2.476257250196536575e+01 1.751500070859739822e+01
2.445303383452198531e+01 1.728429595710954914e+01
2.414221388851649053e+01 1.705359157658932645e+01
2.383051570716348522e+01 1.682288770452854365e+01
2.351821566257752494e+01 1.659218455175597740e+01
2.320550331793522858e+01 1.636148243284597825e+01
2.289250708938710588e+01 1.613077774918755125e+01
2.257931486531136400e+01 1.590006892277546946e+01
2.226598856020178729e+01 1.566936176046065832e+01
2.195257109548941443e+01 1.543865648927209300e+01
2.163909164500666904e+01 1.520795156967450446e+01
2.132556962039938853e+01 1.497724525596597900e+01
2.101201826858942923e+01 1.474653810543048316e+01
2.069844662737332541e+01 1.451583181764560493e+01
2.038486088588329537e+01 1.428512548284560424e+01
2.007126606453972428e+01 1.405441730253755317e+01
1.975766585947273413e+01 1.382370730630271716e+01
1.944406294922772815e+01 1.359299735056380776e+01
1.913045825335905548e+01 1.336228979383793103e+01
1.881685156387342417e+01 1.313158370391671781e+01
1.850324374784985437e+01 1.290087877063773014e+01
1.818963441499788303e+01 1.267017616491096632e+01
1.787602175925459491e+01 1.243947858683090146e+01
1.756240623306506521e+01 1.220878070899063239e+01
1.724879061610820941e+01 1.197807921739818937e+01
1.693517540821455114e+01 1.174737384663960249e+01
1.662156048271475228e+01 1.151666665720450489e+01
1.630794575355076148e+01 1.128595985680188285e+01
1.599433116241723063e+01 1.105525347013223225e+01
1.568071667066939057e+01 1.082454739694566648e+01
1.536710225422646658e+01 1.059384215137579410e+01
1.505348789966573975e+01 1.036313778353173731e+01
1.473987360244598399e+01 1.013243405483589754e+01
1.442625936616380322e+01 9.901729699367171733e+00
1.411264520334558981e+01 9.671025051276263440e+00
1.379903113696956929e+01 9.440320192571462599e+00
1.348541720385563636e+01 9.209615267087890800e+00
1.317180346019752157e+01 8.978910682674520416e+00
1.285818998888484188e+01 8.748205392953376958e+00
1.254457691265921859e+01 8.517499975925227673e+00
1.223096440993328393e+01 8.286794227089087528e+00
1.191735273863904077e+01 8.056088094777903663e+00
1.160374137870868871e+01 7.825381833961595923e+00
1.129012979113016257e+01 7.594675999344199901e+00
1.097651659977095484e+01 7.363969506563854850e+00
1.066290238860272943e+01 7.133262559160553629e+00
1.034928778006730710e+01 6.902555860275657373e+00
1.003567265169850131e+01 6.671849729774802285e+00
9.722057290989987166e+00 6.441144329181130779e+00
9.408441820576651793e+00 6.210439986235126497e+00
9.094826219822314428e+00 5.979737470316740300e+00
8.781210474850489334e+00 5.749037633224628685e+00
8.467594619293368652e+00 5.518341265495613435e+00
8.153979245805677678e+00 5.287648659798340312e+00
7.840363995719914492e+00 5.056962076602596667e+00
7.526748813395877313e+00 4.826284232953040210e+00
7.213133533380844398e+00 4.595619479540158814e+00
6.899518395957663586e+00 4.364973098087190806e+00
6.585903172340662692e+00 4.134354602159069358e+00
6.272288212818561526e+00 3.903776622778070138e+00
5.958673570739724923e+00 3.673258949660723527e+00
5.645059063208826444e+00 3.442827201718166474e+00
5.331444577096266180e+00 3.212521189002017330e+00
5.017830044816362189e+00 2.982397019921836812e+00
4.704214994802207173e+00 2.752538810397306523e+00
4.390599406643993063e+00 2.523068648199045416e+00
4.076983953856119669e+00 2.294165208106974774e+00
3.763368966135325344e+00 2.066087301005413046e+00
3.449755585978390826e+00 1.839211628463181203e+00
3.136143075013236636e+00 1.614086057317977163e+00
2.822529621500111663e+00 1.391503352250757386e+00
2.508914615607083842e+00 1.172625591037620874e+00
2.195296351394342871e+00 9.591347177869263829e-01
1.881671107709302904e+00 7.534534997837766257e-01
1.568039486825134388e+00 5.591153543497882072e-01
1.254396739447462883e+00 3.810836853724435258e-01
9.407455169406503392e-01 2.264823436022302683e-01
6.270916265551009783e-01 1.044941093187589515e-01
3.134615025557586088e-01 2.652539936169262882e-02
9.849281907256222089e-15 4.627112641612954903e-14
