1.955075386184030961e+01 2.444444286240484132e+01
3.826497229836350300e+01 2.418823883841605493e+01
5.121968594768446081e+01 2.393203481442724367e+01
6.010867453595699317e+01 2.367583079043835781e+01
6.612761974567912659e+01 2.341962676644936536e+01
7.012056741060513332e+01 2.316342274246025212e+01
7.268333946196887041e+01 2.290721871847098257e+01
7.423653364388196962e+01 2.265101469448153182e+01
7.507705487543319123e+01 2.239481067049186791e+01
7.541449184838222664e+01 2.213860664650195886e+01
7.539679569749482368e+01 2.188240262251176915e+01
7.512840687748384028e+01 2.162619859852127036e+01
7.468305113971783271e+01 2.136999457453042339e+01
7.411277236343585173e+01 2.111379055053920339e+01
7.345430893807319706e+01 2.085758652654758905e+01
7.273359492691466244e+01 2.060138250255555548e+01
7.196893749172005528e+01 2.034517847856307782e+01
7.117325987432317902e+01 2.008897445457012765e+01
7.035568474385314630e+01 1.983277043057670852e+01
6.952265190025110542e+01 1.957656640658279557e+01
6.867870727439286327e+01 1.932036238258841010e+01
6.782705989260003321e+01 1.906415835859356278e+01
6.696997504447092808e+01 1.880795433459832111e+01
6.610905182469871022e+01 1.855175031060275614e+01
6.524541905312074164e+01 1.829554628660699578e+01
6.437987357699662994e+01 1.803934226261123541e+01
6.351297790022083944e+01 1.778313823861575926e+01
6.264512910093724685e+01 1.752693421462097589e+01
6.177660748129795820e+01 1.727073019062749637e+01
6.090761090990257998e+01 1.701452616663619821e+01
6.003827906453221175e+01 1.675832214264832487e+01
5.916871054538170682e+01 1.650211811866563494e+01
5.829897495549244724e+01 1.624591409469068282e+01
5.742912142847285395e+01 1.598971007072706385e+01
5.655918464831679415e+01 1.573350604677989573e+01
5.568918909886481572e+01 1.547730202285644907e+01
5.481915206354903347e+01 1.522109799896702498e+01
5.394908574294858994e+01 1.496489397512624642e+01
5.307899874959730369e+01 1.470868995135480795e+01
5.220889716318627194e+01 1.445248592768208162e+01
5.133878527544428039e+01 1.419628190414965019e+01
5.046866611595795860e+01 1.394007788081646027e+01
4.959854182335551798e+01 1.368387385776601839e+01
4.872841390733053402e+01 1.342766983511664058e+01
4.785828343360904569e+01 1.317146581303594921e+01
4.698815115452215707e+01 1.291526179176139522e+01
4.611801760118179772e+01 1.265905777162938506e+01
4.524788314855247506e+01 1.240285375311648508e+01
4.437774806139237427e+01 1.214664973689780680e+01
4.350761252669173018e+01 1.189044572392973897e+01
4.263747667658331153e+01 1.163424171556710895e+01
4.176734060453171082e+01 1.137803771372920814e+01
4.089720437678509057e+01 1.112183372113491941e+01
4.002706804049233114e+01 1.086562974163585338e+01
3.915693162948015527e+01 1.060942578068823750e+01
3.828679516839812891e+01 1.035322184602140716e+01
3.741665867573907178e+01 1.009701794858482593e+01
3.654652216610534055e+01 9.840814103889574227e+00
3.567638565199840883e+01 9.584610333908777591e+00
3.480624914535100345e+01 9.328406669769723436e+00
3.393611265898951501e+01 9.072203155567578392e+00
3.306597620820598848e+01 8.815999853767857886e+00
3.219583981263212280e+01 8.559796852859658856e+00
3.132570349864496251e+01 8.303594278197275358e+00
3.045556730259899325e+01 8.047392307358476771e+00
2.958543127528066208e+01 7.791191191901182478e+00
2.871529548813090216e+01 7.534991288184100355e+00
2.784516004199837624e+01 7.278793101027465795e+00
2.697502507949542050e+01 7.022597345563150739e+00
2.610489080247078419e+01 6.766405034851940670e+00
2.523475749673972501e+01 6.510217604002798808e+00
2.436462556710130656e+01 6.254037086001072332e+00
2.349449558694931639e+01 5.997866360771806349e+00
2.262436779564259837e+01 5.741709934803574278e+00
2.175424004649096688e+01 5.485538831510724300e+00
2.088411615241977159e+01 5.229429873721699096e+00
2.001400136796485540e+01 4.973429984838387163e+00
1.914392015493389110e+01 4.717407585994862096e+00
1.827382208978754363e+01 4.461387867363289850e+00
1.740369814114879077e+01 4.205503203367784160e+00
1.653358810877102059e+01 3.949730746836577655e+00
1.566344850382265541e+01 3.694090998739319787e+00
1.479328719143036608e+01 3.438688651921194772e+00
1.392313120436859286e+01 3.183636797243757144e+00
1.305298682340021621e+01 2.929097541606062283e+00
1.218283103437158488e+01 2.675266787504329447e+00
1.131267258931346475e+01 2.422437231335435648e+00
1.044251484770134297e+01 2.171009857926983422e+00
9.572359858500957941e+00 1.921543130635293251e+00
8.702211629376039426e+00 1.674834343741823384e+00
7.832056475551242514e+00 1.431974653258564434e+00
6.961892765176347808e+00 1.194557884774514855e+00
6.091720515643861411e+00 9.647599444081340625e-01
5.221549208266845987e+00 7.456187303131410760e-01
4.351379188788135899e+00 5.413625454261109526e-01
3.481211731137083820e+00 3.575727193825644079e-01
2.611039828032051702e+00 2.020745956820755029e-01
1.740856807943726547e+00 8.439718834990517227e-02
8.707371516345099316e-01 1.606595204557186019e-02
7.905539041615104647e-04 5.011086344853630126e-04
