-9.675827115319041383e+00 6.055679029476596087e-01
-1.934966527409316583e+01 5.992152048440008150e-01
-2.602531094815942225e+01 5.928625067403325843e-01
-3.059133758617341314e+01 5.865098086366443697e-01
-3.367297506050456946e+01 5.801571105329232925e-01
-3.571015325143201125e+01 5.738044124291518111e-01
-3.701241958796684628e+01 5.674517143253071660e-01
-3.779758062312234301e+01 5.610990162213567167e-01
-3.821889136753737404e+01 5.547463181172539448e-01
-3.838418649356527368e+01 5.483936200129351235e-01
-3.836934160559799523e+01 5.420409219083078822e-01
-3.822774498046934610e+01 5.356882238032429910e-01
-3.799696215884100070e+01 5.293355256975555978e-01
-3.770342534508596088e+01 5.229828275909836899e-01
-3.736573300511654594e+01 5.166301294831546764e-01
-3.699697155915903579e+01 5.102774313735388700e-01
-3.660634899215705218e+01 5.039247332613838726e-01
-3.620034430945278103e+01 4.975720351456200952e-01
-3.578351632715730091e+01 4.912193370247276980e-01
-3.535907276052328285e+01 4.848666388965463536e-01
-3.492927065103695838e+01 4.785139407580059623e-01
-3.449569811853928059e+01 4.721612426047434030e-01
-3.405947261019404237e+01 4.658085444305575251e-01
-3.362138039421490276e+01 4.594558462266357113e-01
-3.318197471170041268e+01 4.531031479804529249e-01
-3.274164483911436463e+01 4.467504496742092379e-01
-3.230066468265298596e+01 4.403977512826064977e-01
-3.185922697065453946e+01 4.340450527696917971e-01
-3.141746731237508783e+01 4.276923540843678984e-01
-3.097548112644688700e+01 4.213396551540155577e-01
-3.053333555224146778e+01 4.149869558754283871e-01
-3.009107783106201950e+01 4.086342561019284392e-01
-2.964874120341053398e+01 4.022815556250575741e-01
-2.920634905850003094e+01 3.959288541485536106e-01
-2.876391785400592838e+01 3.895761512513684632e-01
-2.832145917053618334e+01 3.832234463351070208e-01
-2.787898115728516402e+01 3.768707385493289541e-01
-2.743648954933547657e+01 3.705180266853850268e-01
-2.699398838360026431e+01 3.641653090255405067e-01
-2.655148050277880145e+01 3.578125831285452474e-01
-2.610896791023532515e+01 3.514598455248869602e-01
-2.566645202010170834e+01 3.451070912836853299e-01
-2.522393383382465970e+01 3.387543133971587239e-01
-2.478141406519649692e+01 3.324015019058274012e-01
-2.433889322947725375e+01 3.260486426552501316e-01
-2.389637170773353603e+01 3.196957155290930941e-01
-2.345384979442566475e+01 3.133426919379645459e-01
-2.301132773418349942e+01 3.069895312505374618e-01
-2.256880575236186104e+01 3.006361757214516262e-01
-2.212628408318973072e+01 2.942825432828332644e-01
-2.168376299902723758e+01 2.879285172995806885e-01
-2.124124284438260091e+01 2.815739320095478337e-01
-2.079872407893555319e+01 2.752185518310898971e-01
-2.035620733493769663e+01 2.688620419548871099e-01
-1.991369349615552053e+01 2.625039265489594875e-01
-1.947118380821042649e+01 2.561435293595108464e-01
-1.902868003408991981e+01 2.497798892926765546e-01
-1.858618467424262022e+01 2.434116404390571087e-01
-1.814370127873213079e+01 2.370368415642357118e-01
-1.770123489041645826e+01 2.306527337802057320e-01
-1.725879267447609422e+01 2.242553961472967261e-01
-1.681638481287594900e+01 2.178392562146296285e-01
-1.637402577541878657e+01 2.113963943987856586e-01
-1.593173612605827039e+01 2.049155553647449002e-01
-1.548954508995748647e+01 1.983807429975960046e-01
-1.504749420174420749e+01 1.917692235722396332e-01
-1.460564249038197815e+01 1.850486878523538159e-01
-1.416407384815033943e+01 1.781732178571784619e-01
-1.372197560042236475e+01 1.712720895328800341e-01
-1.327940474314980435e+01 1.644231838096022746e-01
-1.283657181900395727e+01 1.575824937283828164e-01
-1.239353615842492395e+01 1.508408956866076067e-01
-1.195038685260500344e+01 1.442134964130541153e-01
-1.150719859965936465e+01 1.378021527843056870e-01
-1.106410890688176174e+01 1.318033063515349768e-01
-1.062127746453917254e+01 1.264067732038092473e-01
-1.017857647161676304e+01 1.208654633497294878e-01
-9.735929043561812435e+00 1.150872989013318332e-01
-9.293319571120450817e+00 1.091440001616977157e-01
-8.850737182746655662e+00 1.030866733561962290e-01
-8.408174387486123891e+00 9.695219033529094144e-02
-7.965626139883059231e+00 9.076779136893964317e-02
-7.523089210163543150e+00 8.455448560956052573e-02
-7.080561781074121264e+00 7.832967371085572394e-02
-6.638043221048236298e+00 7.210931998978317714e-02
-6.195534005384367049e+00 6.590994528744552328e-02
-5.753035775596476498e+00 5.975068930211464152e-02
-5.310551544345551100e+00 5.365569983997230119e-02
-4.868086071534371229e+00 4.765714723900382060e-02
-4.425646458514205683e+00 4.179924026322764941e-02
-3.983243034579544428e+00 3.614374478019245079e-02
-3.540890646432421907e+00 3.077769413042305210e-02
-3.098641804621055318e+00 2.553340085814867141e-02
-2.656332557362666602e+00 2.036729034900708335e-02
-2.213923807560711943e+00 1.524836096117756536e-02
-1.771405477907411541e+00 1.049601453136359691e-02
-1.328681555954426052e+00 6.187731086890312787e-03
-8.859253225998708903e-01 2.815377881262213361e-03
-4.430774566369428680e-01 5.975335583140184165e-04
-1.337181070139402807e-04 6.634128974277976530e-14
