-2.560523843353711015e+01 -2.289597399936746935e+00
-4.418254549050918456e+01 -2.265725910526460218e+00
-5.652419315585185444e+01 -2.241854421116168616e+00
-6.462945116055082906e+01 -2.217982931705866356e+00
-6.985660353516969678e+01 -2.194111442295547221e+00
-7.312843718870811927e+01 -2.170239952885204993e+00
-7.507187230854775351e+01 -2.146368463474834787e+00
-7.611282404075355146e+01 -2.122496974064427278e+00
-7.654064933250930380e+01 -2.098625484653975359e+00
-7.655193063365625505e+01 -2.074753995243468374e+00
-7.628022153584164755e+01 -2.050882505832892555e+00
-7.581625527515303986e+01 -2.027011016422232359e+00
-7.522167392369695449e+01 -2.003139527011464249e+00
-7.453835568636640119e+01 -1.979268037600557806e+00
-7.379475165158463312e+01 -1.955396548189472172e+00
-7.301019083390895048e+01 -1.931525058778143844e+00
-7.219780492088655421e+01 -1.907653569366487112e+00
-7.136651527874788314e+01 -1.883782079954375854e+00
-7.052238287833846186e+01 -1.859910590541628661e+00
-6.966952540372405167e+01 -1.836039101127976858e+00
-6.881074031466680196e+01 -1.812167611713028759e+00
-6.794792814092949129e+01 -1.788296122296212598e+00
-6.708238005868240350e+01 -1.764424632876687715e+00
-6.621497326329469502e+01 -1.740553143453217322e+00
-6.534630370111240438e+01 -1.716681654023983317e+00
-6.447677624437389454e+01 -1.692810164586315391e+00
-6.360666595397374579e+01 -1.668938675136282246e+00
-6.273615969997685227e+01 -1.645067185668099397e+00
-6.186538443764156625e+01 -1.621195696173257206e+00
-6.099442641750495397e+01 -1.597324206639229027e+00
-6.012334423628155378e+01 -1.573452717047582272e+00
-5.925217770335635947e+01 -1.549581227371183756e+00
-5.838095386449550261e+01 -1.525709737570099644e+00
-5.750969109424494974e+01 -1.501838247585554065e+00
-5.663840187625388722e+01 -1.477966757331033110e+00
-5.576709469222390680e+01 -1.454095266679193754e+00
-5.489577530530819161e+01 -1.430223775442601264e+00
-5.402444763215697776e+01 -1.406352283345364773e+00
-5.315311433556137644e+01 -1.382480789981393565e+00
-5.228177722737102329e+01 -1.358609294752950669e+00
-5.141043754265260901e+01 -1.334737796780208541e+00
-5.053909612657313488e+01 -1.310866294768122220e+00
-4.966775356228583860e+01 -1.286994786810469416e+00
-4.879641025917006658e+01 -1.263123270101421669e+00
-4.792506651477639679e+01 -1.239251740510982858e+00
-4.705372255985088970e+01 -1.215380191960070633e+00
-4.618237859325054018e+01 -1.191508615500677548e+00
-4.531103481203361838e+01 -1.167636997961921219e+00
-4.443969144127774484e+01 -1.143765319957130711e+00
-4.356834876813763202e+01 -1.119893552950392612e+00
-4.269700718529571049e+01 -1.096021654938714063e+00
-4.182566725038061861e+01 -1.072149564096436913e+00
-4.095432977034381139e+01 -1.048277189420239397e+00
-4.008299592356209473e+01 -1.024404396959185171e+00
-3.921166743814126221e+01 -1.000530989546260185e+00
-3.834034685340047588e+01 -9.766566769645156354e-01
-3.746903790410355128e+01 -9.527810320335868832e-01
-3.659774608557567888e+01 -9.289034259719192166e-01
-3.572647948521505157e+01 -9.050229332541896987e-01
-3.485525000621727543e+01 -8.811381915676560483e-01
-3.398407516867744249e+01 -8.572471956770656432e-01
-3.311298076067295426e+01 -8.333469940073170434e-01
-3.224191751346241830e+01 -8.094474857362595754e-01
-3.137044285759946050e+01 -7.855900768737056339e-01
-3.049892061893765316e+01 -7.617365915039044921e-01
-2.962740298599966238e+01 -7.378954255546489316e-01
-2.875590955512876334e+01 -7.140599460562614409e-01
-2.788443062611789713e+01 -6.902238056026749335e-01
-2.701296066551351416e+01 -6.663861437608705751e-01
-2.614155045365442120e+01 -6.425082381231458362e-01
-2.527016265884103063e+01 -6.186296813557075058e-01
-2.439878208850863928e+01 -5.947572168089422240e-01
-2.352740589690174033e+01 -5.708897803366980161e-01
-2.265603092810778563e+01 -5.470261744630052769e-01
-2.178465655899025322e+01 -5.231677556389143779e-01
-2.091328524548202950e+01 -4.993152120185394560e-01
-2.004191659751936783e+01 -4.754672382513724371e-01
-1.917055265927761454e+01 -4.516207192336777476e-01
-1.829919524291295474e+01 -4.277691454176217323e-01
-1.742784723009113890e+01 -4.039118550146745812e-01
-1.655652097266916201e+01 -3.800322571533301108e-01
-1.568524193494580388e+01 -3.561068718723355286e-01
-1.481399775518920059e+01 -3.321932478284623236e-01
-1.394270925728693200e+01 -3.083374531404987628e-01
-1.307139584426179724e+01 -2.845235805788230987e-01
-1.220005674900864356e+01 -2.607552603107552436e-01
-1.132870103191792133e+01 -2.370422470155781336e-01
-1.045733929589664513e+01 -2.134080956603074120e-01
-9.585974374727431524e+00 -1.898846041809438279e-01
-8.714609431951654273e+00 -1.665242609391485995e-01
-7.843248765691680724e+00 -1.433987712081903343e-01
-6.971891549007311895e+00 -1.206183702607429714e-01
-6.100538271370267829e+00 -9.834665165486526639e-02
-5.229184935171112159e+00 -7.682335931534775564e-02
-4.357830146880232292e+00 -5.639974964324673962e-02
-3.486474269157695982e+00 -3.759341424006195503e-02
-2.615114974439958218e+00 -2.116401469972431504e-02
-1.743756911391527664e+00 -8.227407388034598326e-03
-8.724099560180365032e-01 -4.142319976434603412e-04
-1.090286351506647780e-03 -1.024658016753686831e-04
