2.728664185911044981e+01 4.258240441809412857e+01
5.423377617203251333e+01 4.213231598235630315e+01
7.287456019012162756e+01 4.168222754661746876e+01
8.565655474795747182e+01 4.123213911087657380e+01
9.430615665339780662e+01 4.078205067513257376e+01
1.000410491061003455e+02 4.033196223938440284e+01
1.037201032341081657e+02 3.988187380363105206e+01
1.059491084696292944e+02 3.943178536787146271e+01
1.071553475841585623e+02 3.898169693210459741e+01
1.076401968596112653e+02 3.853160849632941165e+01
1.076162266809954247e+02 3.808152006054484673e+01
1.072333697778099406e+02 3.763143162474985814e+01
1.065973785264248761e+02 3.718134318894342272e+01
1.057828434791362184e+02 3.673125475312448174e+01
1.048423757514482588e+02 3.628116631729203334e+01
1.038130836551706864e+02 3.583107788144500461e+01
1.027211408760572340e+02 3.538098944558241499e+01
1.015850085564229062e+02 3.493090100970329104e+01
1.004177079336466676e+02 3.448081257380664510e+01
9.922842330520163046e+01 3.403072413789156769e+01
9.802363265144603588e+01 3.358063570195714931e+01
9.680790510024068851e+01 3.313054726600257283e+01
9.558446340439139988e+01 3.268045883002713481e+01
9.435558067507862745e+01 3.223037039403023840e+01
9.312286021070487152e+01 3.178028195801149991e+01
9.188743286918015940e+01 3.133019352197083407e+01
9.065009628094216509e+01 3.088010508590852154e+01
8.941141304037655857e+01 3.043001664982542565e+01
8.817177996338324419e+01 2.997992821372319838e+01
8.693147693696532485e+01 2.952983977760463574e+01
8.569070137441480028e+01 2.907975134147410401e+01
8.444959251766337616e+01 2.862966290533830005e+01
8.320824857851162903e+01 2.817957446920710396e+01
8.196673882888933349e+01 2.772948603309498594e+01
8.072511212850481854e+01 2.727939759702285727e+01
7.948340293967018511e+01 2.682930916102085206e+01
7.824163556975101130e+01 2.637922072513206473e+01
7.699982716350250200e+01 2.592913228941810999e+01
7.575798981366024520e+01 2.547904385396673987e+01
7.451613204960779058e+01 2.502895541890278608e+01
7.327425988738160356e+01 2.457886698440371376e+01
7.203237757027316945e+01 2.412877855072154887e+01
7.079048809119942121e+01 2.367869011821404257e+01
6.954859356114698699e+01 2.322860168738884212e+01
6.830669546904748302e+01 2.277851325896611456e+01
6.706479486507541310e+01 2.232842483396731481e+01
6.582289248993329522e+01 2.187833641384111871e+01
6.458098886603961830e+01 2.142824800064181900e+01
6.333908436184517399e+01 2.097815959728239221e+01
6.209717923719544075e+01 2.052807120789323037e+01
6.085527367532303344e+01 2.007798283833070840e+01
5.961336780540897706e+01 1.962789449689827137e+01
5.837146171848991827e+01 1.917780619536878817e+01
5.712955547866977923e+01 1.872771795043393084e+01
5.588764913101574905e+01 1.827762978575914943e+01
5.464574270711075599e+01 1.782754173489713878e+01
5.340383622894604088e+01 1.737745384541841887e+01
5.216192971163297187e+01 1.692736618476764576e+01
5.092002316526785677e+01 1.647727884856648473e+01
4.967811659617940734e+01 1.602719197238520366e+01
4.843621000771240404e+01 1.557710574843211226e+01
4.719430340064409535e+01 1.512702044921546651e+01
4.595239677328434169e+01 1.467693646109057148e+01
4.471049012127225097e+01 1.422685433182203596e+01
4.346858343704375471e+01 1.377677483801627467e+01
4.222667670890520242e+01 1.332669908072544018e+01
4.098476991959832105e+01 1.287662862099213434e+01
3.974286304418019000e+01 1.242656567202109663e+01
3.850095604695733442e+01 1.197651337163498653e+01
3.725904887709626934e+01 1.152647616855495194e+01
3.601714146237022618e+01 1.107646037005879158e+01
3.477523370027252270e+01 1.062647491843599212e+01
3.353332544540199223e+01 1.017653249182485098e+01
3.229141649156824201e+01 9.726651064949704661e+00
3.104950654641348606e+01 9.276856121892326001e+00
2.980759519542671754e+01 8.827183793299667514e+00
2.856568185092057277e+01 8.377685304232777241e+00
2.732376567968943348e+01 7.928433280207385359e+00
2.608184550044335026e+01 7.479530687728841443e+00
2.483991963839157791e+01 7.031123509942269756e+00
2.359798571907432674e+01 6.583418717828657840e+00
2.235604037614852402e+01 6.136709735775708552e+00
2.111408370047600513e+01 5.691278759977124402e+00
1.987215860639291876e+01 5.247613601846900622e+00
1.863025813895619009e+01 4.806183537945782014e+00
1.738835043162125515e+01 4.367689992800249499e+00
1.614642228373983812e+01 3.933227625125320426e+00
1.490452025705174854e+01 3.504242137220203723e+00
1.366267852787852988e+01 3.081859402637628698e+00
1.242082807470834460e+01 2.667370028793617287e+00
1.117889088343843440e+01 2.264271444354727159e+00
9.936908869377104381e+00 1.878672872450366738e+00
8.694952640844007874e+00 1.516626542161864766e+00
7.453071888090740948e+00 1.182177008392295781e+00
6.211211047053460277e+00 8.754216111586926585e-01
4.969298443667831577e+00 6.050404828324433826e-01
3.727454311374327478e+00 3.796715052180871242e-01
2.485569987337776787e+00 2.030583009682579987e-01
1.243725784751633645e+00 8.346812482079460360e-02
1.863047032913817775e-03 4.346873358002121233e-03
