-2.987671455500354512e+01 4.335106278796617829e+01
-5.907551863853135643e+01 4.289983603106144017e+01
-7.928205839859856496e+01 4.244860927415665230e+01
-9.314323142154891855e+01 4.199738251725177918e+01
-1.025268494947045070e+02 4.154615576034678526e+01
-1.087509183806652970e+02 4.109492900344161370e+01
-1.127454778195683502e+02 4.064370224653624319e+01
-1.151668025731105587e+02 4.019247548963062400e+01
-1.164779874360828131e+02 3.974124873272471348e+01
-1.170058113757139040e+02 3.929002197581846900e+01
-1.169808632359420102e+02 3.883879521891184083e+01
-1.165658561049760067e+02 3.838756846200478634e+01
-1.158756071118999813e+02 3.793634170509727710e+01
-1.149911360029977203e+02 3.748511494818922785e+01
-1.139696136841829741e+02 3.703388819128062437e+01
-1.128513823267290235e+02 3.658266143437138851e+01
-1.116649090461393001e+02 3.613143467746149184e+01
-1.104302814241923301e+02 3.568020792055088464e+01
-1.091616740948232547e+02 3.522898116363951715e+01
-1.078690892698098622e+02 3.477775440672734675e+01
-1.065595849261575268e+02 3.432652764981429527e+01
-1.052381414662484076e+02 3.387530089290028457e+01
-1.039082732693224500e+02 3.342407413598524357e+01
-1.025724602276615371e+02 3.297284737906903729e+01
-1.012324522564855869e+02 3.252162062215156624e+01
-9.988948416881224546e+01 3.207039386523265989e+01
-9.854442730010252660e+01 3.161916710831208022e+01
-9.719789650092299382e+01 3.116794035138957497e+01
-9.585032563542205253e+01 3.071671359446472849e+01
-9.450202085619760339e+01 3.026548683753699365e+01
-9.315319819726181549e+01 2.981426008060563149e+01
-9.180401010120162653e+01 2.936303332366961882e+01
-9.045456413784771144e+01 2.891180656672748839e+01
-8.910493621294666866e+01 2.846057980977720803e+01
-8.775517988875023434e+01 2.800935305281588583e+01
-8.640533296101108363e+01 2.755812629583946816e+01
-8.505542209998569092e+01 2.710689953884223868e+01
-8.370546612531957464e+01 2.665567278181606525e+01
-8.235547831694351828e+01 2.620444602474946194e+01
-8.100546804573971826e+01 2.575321926762621771e+01
-7.965544192420938430e+01 2.530199251042330388e+01
-7.830540461843460776e+01 2.485076575310815983e+01
-7.695535942103605009e+01 2.439953899563462514e+01
-7.560530865548126656e+01 2.394831223793730857e+01
-7.425525396138944245e+01 2.349708547992355534e+01
-7.290519649586471473e+01 2.304585872146211045e+01
-7.155513707558135650e+01 2.259463196236694671e+01
-7.020507627706645337e+01 2.214340520237447407e+01
-6.885501450749507057e+01 2.169217844111114957e+01
-6.750495205468985205e+01 2.124095167804765438e+01
-6.615488912246566144e+01 2.078972491243386500e+01
-6.480482585565843578e+01 2.033849814320674554e+01
-6.345476235791198150e+01 1.988727136885986013e+01
-6.210469870440698514e+01 1.943604458725839379e+01
-6.075463495109455181e+01 1.898481779537699055e+01
-5.940457114156880891e+01 1.853359098892832435e+01
-5.805450731242216023e+01 1.808236416183662953e+01
-5.670444349774063397e+01 1.763113730549169844e+01
-5.535437973329149486e+01 1.717991040769161160e+01
-5.400431606091747483e+01 1.672868345114448019e+01
-5.265425253367675396e+01 1.627745641134522359e+01
-5.130418922236023604e+01 1.582622925356655941e+01
-4.995412622418609061e+01 1.537500192859489445e+01
-4.860406367473930800e+01 1.492377436668740209e+01
-4.725400176462244417e+01 1.447254646900835340e+01
-4.590394076286180081e+01 1.402131809549310404e+01
-4.455388104994310083e+01 1.357008904764968626e+01
-4.320382316453349603e+01 1.311885904418602955e+01
-4.185376786962633133e+01 1.266762768647026682e+01
-4.050371624623095812e+01 1.221639440958295353e+01
-3.915366982611151059e+01 1.176515841295083575e+01
-3.780363077987356490e+01 1.131391856204491475e+01
-3.645360218349386372e+01 1.086267324907217180e+01
-3.510358839602010050e+01 1.041142019555545417e+01
-3.375359559490847516e+01 9.960156172516118289e+00
-3.240363310501421523e+01 9.508885205515364092e+00
-3.105376470891204477e+01 9.057748278109587048e+00
-2.970384203776963261e+01 8.606738011572845792e+00
-2.835373059348739133e+01 8.155961654472132949e+00
-2.700358563297358572e+01 7.705349609477353923e+00
-2.565342500632071321e+01 7.254884661037042548e+00
-2.430325954205888905e+01 6.804658100764905626e+00
-2.295309116426626517e+01 6.354803570145056923e+00
-2.160292194168475177e+01 5.905505134275169432e+00
-2.025278113403256341e+01 5.456957653040777068e+00
-1.890267148220359061e+01 5.009440898110786300e+00
-1.755259151185714117e+01 4.563345996839797358e+00
-1.620254355229475962e+01 4.119253626017366443e+00
-1.485251102142080448e+01 3.677972558901267952e+00
-1.350246361432449227e+01 3.240568170527668990e+00
-1.215236190808392713e+01 2.808667985347526486e+00
-1.080221130391970874e+01 2.384619547312411214e+00
-9.452028947849305140e+00 1.971657283214381939e+00
-8.101839100774331115e+00 1.574338746187405436e+00
-6.751678180460039869e+00 1.198623354830581356e+00
-5.401578230513948142e+00 8.523240904684034058e-01
-4.051566234186665838e+00 5.454027456765196957e-01
-2.701572841302258166e+00 2.892173281824532705e-01
-1.351549480095513012e+00 1.030358703151973004e-01
-1.768782974569315649e-03 3.143167340229864669e-04
