-4.064658831209226264e+01 -4.482758523983216037e+01
-8.114685053481821342e+01 -4.435620723167797763e+01
-1.091257939463172733e+02 -4.388482922352334725e+01
-1.282847780404639195e+02 -4.341345121536786422e+01
-1.412310321309565495e+02 -4.294207320721110221e+01
-1.498010739621241214e+02 -4.247069519905266333e+01
-1.552885363598892354e+02 -4.199931719089210702e+01
-1.586046470503698060e+02 -4.152793918272902118e+01
-1.603912697464557198e+02 -4.105656117456296528e+01
-1.611005296568885683e+02 -4.058518316639349166e+01
-1.610509012494608214e+02 -4.011380515822019532e+01
-1.604667161576740568e+02 -3.964242715004262863e+01
-1.595059923291906330e+02 -3.917104914186036524e+01
-1.582800367223310332e+02 -3.869967113367297884e+01
-1.568672533358312080e+02 -3.822829312548002179e+01
-1.553228695077609416e+02 -3.775691511728112459e+01
-1.536857870660736580e+02 -3.728553710907584673e+01
-1.519834082407271865e+02 -3.681415910086381871e+01
-1.502350350091841733e+02 -3.634278109264464263e+01
-1.484542635763667136e+02 -3.587140308441797032e+01
-1.466506710329403234e+02 -3.540002507618343230e+01
-1.448310034279732861e+02 -3.492864706794075857e+01
-1.430000126406717698e+02 -3.445726905968967202e+01
-1.411610458681477098e+02 -3.398589105143000211e+01
-1.393164608573050600e+02 -3.351451304316169910e+01
-1.374679183918567844e+02 -3.304313503488481985e+01
-1.356165883185439043e+02 -3.257175702659964855e+01
-1.337632946708508825e+02 -3.210037901830678209e+01
-1.319086178933392830e+02 -3.162900101000725073e+01
-1.300529668478962719e+02 -3.115762300170269938e+01
-1.281966295345333151e+02 -3.068624499339561140e+01
-1.263398088188324948e+02 -3.021486698508971003e+01
-1.244826475981607388e+02 -2.974348897679047710e+01
-1.226252465286093809e+02 -2.927211096850586003e+01
-1.207676765117517874e+02 -2.880073296024731988e+01
-1.189099874902453422e+02 -2.832935495203131637e+01
-1.170522146434041844e+02 -2.785797694388141821e+01
-1.151943827513264864e+02 -2.738659893583121985e+01
-1.133365092689604410e+02 -2.691522092792859056e+01
-1.114786064914602264e+02 -2.644384292024172112e+01
-1.096206830794496057e+02 -2.597246491286756509e+01
-1.077627451334099220e+02 -2.550108690594394290e+01
-1.059047969504728144e+02 -2.502970889966669432e+01
-1.040468415575007555e+02 -2.455833089431405369e+01
-1.021888810865860648e+02 -2.408695289028117159e+01
-1.003309170395509824e+02 -2.361557488812918848e+01
-9.847295047425990333e+01 -2.314419688865496383e+01
-9.661498213585727513e+01 -2.267281889298991615e+01
-9.475701254921138172e+01 -2.220144090274047599e+01
-9.289904208403231678e+01 -2.173006292018735408e+01
-9.104107100074149628e+01 -2.125868494856862156e+01
-8.918309948278429999e+01 -2.078730699248141178e+01
-8.732512765939253541e+01 -2.031592905845225516e+01
-8.546715562162259516e+01 -1.984455115574677109e+01
-8.360918343365706562e+01 -1.937317329751919104e+01
-8.175121114077278150e+01 -1.890179550244420881e+01
-7.989323877496360637e+01 -1.843041779703371574e+01
-7.803526635891532237e+01 -1.795904021892576097e+01
-7.617729390882587381e+01 -1.748766282155371954e+01
-7.431932143642067956e+01 -1.701628568077498826e+01
-7.246134895041332413e+01 -1.654490890428143501e+01
-7.060337645759234704e+01 -1.607353264495898060e+01
-6.874540396366936079e+01 -1.560215711985379450e+01
-6.688743147399360112e+01 -1.513078263709771498e+01
-6.502945899422148557e+01 -1.465940963413320119e+01
-6.317148653102422884e+01 -1.418803873197978049e+01
-6.131351409292143728e+01 -1.371667081227393581e+01
-5.945554169134376821e+01 -1.324530712663944954e+01
-5.759756934205712753e+01 -1.277394945195609033e+01
-5.573959706712399509e+01 -1.230260031078833549e+01
-5.388162489764665253e+01 -1.183126328431899488e+01
-5.202365287763096546e+01 -1.135994345660850691e+01
-5.016568106945147321e+01 -1.088864804529178087e+01
-4.830770956159467033e+01 -1.041738729695303967e+01
-4.644973847964156022e+01 -9.946175758253209764e+00
-4.459176800185185385e+01 -9.475034080497982458e+00
-4.273379838128261810e+01 -9.003991581510030429e+00
-4.087582997722584821e+01 -8.533089882280917138e+00
-3.901791878418356418e+01 -8.062431482681152062e+00
-3.716017096252976160e+01 -7.592248372952379754e+00
-3.530262273053666178e+01 -7.122971857884064839e+00
-3.344502546720727310e+01 -6.654261718778066381e+00
-3.158717740864902623e+01 -6.186249373003810170e+00
-2.972894494702924817e+01 -5.719641488571106436e+00
-2.787036191135362273e+01 -5.254926123206001165e+00
-2.601167301567074475e+01 -4.792816239545502732e+00
-2.415314529093394214e+01 -4.334330242208153550e+00
-2.229524373386985303e+01 -3.876473805481002177e+00
-2.043749099907610045e+01 -3.420218788063736248e+00
-1.857966002933311600e+01 -2.973131122198088505e+00
-1.672176830340023912e+01 -2.538224112202663640e+00
-1.486402451201559849e+01 -2.114736017027163406e+00
-1.300631895079904510e+01 -1.703091897640058638e+00
-1.114840829296341518e+01 -1.310547678059392540e+00
-9.290387699834829149e+00 -9.459972627086846719e-01
-7.432335705585384922e+00 -6.212227306731348264e-01
-5.574285328675191664e+00 -3.481927681583426026e-01
-3.716232945839748059e+00 -1.471661015051863586e-01
-1.858213601975166274e+00 -3.217643291803601313e-02
-4.317232371589550853e-04 -3.107182954050040358e-04
