-1.724735600921367507e+01 -2.036146195532171888e+01
-3.219726748077979295e+01 -2.014854103593464174e+01
-4.249119351347976448e+01 -1.993562011654756816e+01
-4.951380257568607135e+01 -1.972269919716049102e+01
-5.423796915735791657e+01 -1.950977827777341744e+01
-5.734723938872954818e+01 -1.929685735838634031e+01
-5.932187595217204290e+01 -1.908393643899926673e+01
-6.049931363646727078e+01 -1.887101551961219315e+01
-6.111663568972048921e+01 -1.865809460022511956e+01
-6.134041790198297406e+01 -1.844517368083804598e+01
-6.128769719616249745e+01 -1.823225276145097595e+01
-6.104070425727932303e+01 -1.801933184206390948e+01
-6.065721474613273756e+01 -1.780641092267684655e+01
-6.017782211004676896e+01 -1.759349000328979074e+01
-5.963104749344196875e+01 -1.738056908390273847e+01
-5.903692998471028375e+01 -1.716764816451570042e+01
-5.840954914032590750e+01 -1.695472724512868012e+01
-5.775879732198885108e+01 -1.674180632574167760e+01
-5.709162494892451889e+01 -1.652888540635470704e+01
-5.641291541792667630e+01 -1.631596448696778268e+01
-5.572609982623886538e+01 -1.610304356758091870e+01
-5.503358887870273009e+01 -1.589012264819414533e+01
-5.433707634772435568e+01 -1.567720172880750340e+01
-5.363775228565437914e+01 -1.546428080942104266e+01
-5.293645282879555936e+01 -1.525135989003484305e+01
-5.223376545039342744e+01 -1.503843897064901292e+01
-5.153010291187585068e+01 -1.482551805126371214e+01
-5.082575522133706869e+01 -1.461259713187916276e+01
-5.012092613980959044e+01 -1.439967621249568452e+01
-4.941575883074025199e+01 -1.418675529311372863e+01
-4.871035388143107525e+01 -1.397383437373393988e+01
-4.800478196498722383e+01 -1.376091345435723312e+01
-4.729909273666044811e+01 -1.354799253498491574e+01
-4.659332108446121623e+01 -1.333507161561884757e+01
-4.588749152086782601e+01 -1.312215069626167185e+01
-4.518162126846173265e+01 -1.290922977691715090e+01
-4.447572242790919006e+01 -1.269630885759064221e+01
-4.376980350119536212e+01 -1.248338793828976812e+01
-4.306387046185573553e+01 -1.227046701902538217e+01
-4.235792750692588982e+01 -1.205754609981292447e+01
-4.165197758526509375e+01 -1.184462518067438097e+01
-4.094602276875926350e+01 -1.163170426164102977e+01
-4.024006451313030652e+01 -1.141878334275740592e+01
-3.953410384118269150e+01 -1.120586242408687738e+01
-3.882814147155426809e+01 -1.099294150571964757e+01
-3.812217790917848248e+01 -1.078002058778409022e+01
-3.741621350884555852e+01 -1.056709967046292498e+01
-3.671024851986349802e+01 -1.035417875401621046e+01
-3.600428311744105514e+01 -1.014125783881407727e+01
-3.529831742474302558e+01 -9.928336925383327127e+00
-3.459235152839425353e+01 -9.715416014473744255e+00
-3.388638548938402550e+01 -9.502495107152476805e+00
-3.318041935074332827e+01 -9.289574204938368496e+00
-3.247445314296167851e+01 -9.076653309993156782e+00
-3.176848688782511942e+01 -8.863732425393589409e+00
-3.106252060115863500e+01 -8.650811555518721718e+00
-3.035655429481822054e+01 -8.437890706601162805e+00
-2.965058797818331016e+01 -8.224969887511623057e+00
-2.894462165933747855e+01 -8.012049110875578251e+00
-2.823865534608597372e+01 -7.799128394662551145e+00
-2.753268904693826613e+01 -7.586207764448129609e+00
-2.682672277217921675e+01 -7.373287256633420661e+00
-2.612075653516372853e+01 -7.160366923027225994e+00
-2.541479035399786923e+01 -6.947446837367752259e+00
-2.470882425381807934e+01 -6.734527104604780767e+00
-2.400285826995532901e+01 -6.521607874110771697e+00
-2.329689245238260753e+01 -6.308689358483889897e+00
-2.259092687200551453e+01 -6.095771860309911361e+00
-2.188496162958788460e+01 -5.882855810251762740e+00
-2.117899686843595219e+01 -5.669941821261460291e+00
-2.047303279243775975e+01 -5.457030765738618783e+00
-1.976706969172861506e+01 -5.244123885348266789e+00
-1.906110797773206755e+01 -5.031222900711322055e+00
-1.835514761371402770e+01 -4.818323156531139517e+00
-1.764918185777283099e+01 -4.605437456300671251e+00
-1.694321170947379329e+01 -4.392560813709811995e+00
-1.623724110965103051e+01 -4.179695525422257418e+00
-1.553127802963213355e+01 -3.966855589048206454e+00
-1.482532420865219969e+01 -3.754061519034903149e+00
-1.411937220319783215e+01 -3.541334128877157816e+00
-1.341340979645663722e+01 -3.328683571696543719e+00
-1.270744366602406927e+01 -3.116142348065528367e+00
-1.200147609422751316e+01 -2.903767242419139638e+00
-1.129551043736218574e+01 -2.691625396113081603e+00
-1.058954793864730881e+01 -2.479816201266773934e+00
-9.883588154783774726e+00 -2.268473942242026808e+00
-9.177629100758702307e+00 -2.057784761687303732e+00
-8.471669680538411740e+00 -1.848032137157622046e+00
-7.765707205657080614e+00 -1.639613916358295009e+00
-7.059740893479854229e+00 -1.433092775579313249e+00
-6.353770884511979133e+00 -1.229267307588700175e+00
-5.647799690252509386e+00 -1.029276148149887993e+00
-4.941829445531611853e+00 -8.347295833787042874e-01
-4.235858866418276136e+00 -6.479167039212626600e-01
-3.529887904701196621e+00 -4.720943632043959060e-01
-2.823911709530289915e+00 -3.118151466612943956e-01
-2.117934862337668811e+00 -1.736130906694585974e-01
-1.411953838032820707e+00 -6.649284812056231730e-02
-7.059748260563204481e-01 -3.003032635822654606e-03
-1.487278486660426557e-14 -1.645716840094890051e-14
