4.130295605335623321e+01 4.607795120317832982e+01
8.260410617668431144e+01 4.558146205916383309e+01
1.111194104462530561e+02 4.508497291512099991e+01
1.306337586209487824e+02 4.458848377095074511e+01
1.438116357667779823e+02 4.409199462651820767e+01
1.525287795630386540e+02 4.359550548167057116e+01
1.581056672329463595e+02 4.309901633624610184e+01
1.614718851019189287e+02 4.260252719007880273e+01
1.632818410771883464e+02 4.210603804300063757e+01
1.639962236361952250e+02 4.160954889484270325e+01
1.639393471260159458e+02 4.111305974543570585e+01
1.633395215670046241e+02 4.061657059461032304e+01
1.623574720884281817e+02 4.012008144219722539e+01
1.611063455732559362e+02 3.962359228802723976e+01
1.596657948870241910e+02 3.912710313193127121e+01
1.580918938588222602e+02 3.863061397374038108e+01
1.564241172053524167e+02 3.813412481328585102e+01
1.546902542407952126e+02 3.763763565039904790e+01
1.529098680182586634e+02 3.714114648491153758e+01
1.510967304877125059e+02 3.664465731665502801e+01
1.492605367925124540e+02 3.614816814546145451e+01
1.474081120956722941e+02 3.565167897116286611e+01
1.455442611584697090e+02 3.515518979359157470e+01
1.436723664247141130e+02 3.465870061258010537e+01
1.417948090586455123e+02 3.416221142796121768e+01
1.399132653461639393e+02 3.366572223956805487e+01
1.380289153546417253e+02 3.316923304723412969e+01
1.361425898247469775e+02 3.267274385079345933e+01
1.342548735789899581e+02 3.217625465008072894e+01
1.323661783190187577e+02 3.167976544493149405e+01
1.304767938732803998e+02 3.118327623518256786e+01
1.285869242742247991e+02 3.068678702067241559e+01
1.266967131558456572e+02 3.019029780124179041e+01
1.248062616329794992e+02 2.969380857673474949e+01
1.229156408879309055e+02 2.919731934699987619e+01
1.210249010311737976e+02 2.870083011189218780e+01
1.191340773390863461e+02 2.820434087127581435e+01
1.172431946451765015e+02 2.770785162502774668e+01
1.153522704314058416e+02 2.721136237304324723e+01
1.134613170044124502e+02 2.671487311524338892e+01
1.115703430275229096e+02 2.621838385158597617e+01
1.096793545992540970e+02 2.572189458208088908e+01
1.077883560125545728e+02 2.522540530681196458e+01
1.058973502892932714e+02 2.472891602596800098e+01
1.040063395565276352e+02 2.423242673988692530e+01
1.021153253113876929e+02 2.373593744911840631e+01
1.002243086075487781e+02 2.323944815451289969e+01
9.833329018650387354e+01 2.274295885734801814e+01
9.644227056997655723e+01 2.224646955950819915e+01
9.455125012497735781e+01 2.174998026373978277e+01
9.266022910960202807e+01 2.125349097401340970e+01
9.076920770527223681e+01 2.075700169603884859e+01
8.887818603943222229e+01 2.026051243799621204e+01
8.698716420152649675e+01 1.976402321157478426e+01
8.509614225424714107e+01 1.926753403344854831e+01
8.320512024145141083e+01 1.877104492737227659e+01
8.131409819373457992e+01 1.827455592715898902e+01
7.942307613235213637e+01 1.777806708090949783e+01
7.753205407197917509e+01 1.728157845702043716e+01
7.564103202265094694e+01 1.678509015271870908e+01
7.375000999112560862e+01 1.628860230618482419e+01
7.185898798183912106e+01 1.579211511377400079e+01
6.996796599757125534e+01 1.529562885447896825e+01
6.807694403990515752e+01 1.479914392467946094e+01
6.618592210953818267e+01 1.430266088750404840e+01
6.429490020648239579e+01 1.380618054294894570e+01
6.240387833017967978e+01 1.330970402748215164e+01
6.051285647954595248e+01 1.281323295553164066e+01
5.862183465294997120e+01 1.231676962047019863e+01
5.673081284812395353e+01 1.182031728011546790e+01
5.483979106199490161e+01 1.132388056228431239e+01
5.294876929041585356e+01 1.082746604088512932e+01
5.105774752776335390e+01 1.033108305426011952e+01
4.916672576635100711e+01 9.834744867645053290e+00
4.727570399558656788e+01 9.338470324449815507e+00
4.538468220076703119e+01 8.842286191911645332e+00
4.349366036136210312e+01 8.346230493108469872e+00
4.160263844857233551e+01 7.850357240102471934e+00
3.971161642185792573e+01 7.354743157396685937e+00
3.782059422400605797e+01 6.859497232642396192e+00
3.592957177412291969e+01 6.364774283471938077e+00
3.403854895767783262e+01 5.870794229259806762e+00
3.214752561236051065e+01 5.377869466766032502e+00
3.025650150799071625e+01 4.886443757389008269e+00
2.836547631797961344e+01 4.397147466723174247e+00
2.647444957879062244e+01 3.910876032655869139e+00
2.458342063235317099e+01 3.428901429732013728e+00
2.269238854426133400e+01 2.953030504898680686e+00
2.080135198757490045e+01 2.485829894301949228e+00
1.891030907775820324e+01 2.030945518832897090e+00
1.701925713820948616e+01 1.593556429302445787e+00
1.512819236719277072e+01 1.181019495993294921e+00
1.323710936470826915e+01 8.037851936793941610e-01
1.134600046039859045e+01 4.766984792089031253e-01
9.454854758811251259e+00 2.208466951157000979e-01
7.563656783136124773e+00 6.618452656852100158e-02
5.672408401295855107e+00 5.080827272251821347e-02
3.781676801878267824e+00 3.663098790823506035e-02
1.890908494534480067e+00 2.307178432274642824e-02
1.704934599508384793e-04 1.071263359153361121e-02
