3.286070563791871280e+01 4.221697720700245782e+01
6.543778284925866728e+01 4.177365236671219861e+01
8.795885722923209471e+01 4.133032752642140650e+01
1.033915351979404704e+02 4.088700268612960542e+01
1.138276909474043208e+02 4.044367784583626246e+01
1.207418605062916299e+02 4.000035300554088735e+01
1.251734259307466459e+02 3.955702816524295429e+01
1.278550346686178898e+02 3.911370332494195878e+01
1.293031207678385499e+02 3.867037848463739635e+01
1.298817121473348948e+02 3.822705364432874831e+01
1.298474075465370561e+02 3.778372880401554568e+01
1.293810802161600009e+02 3.734040396369726977e+01
1.286102254544333618e+02 3.689707912337343032e+01
1.276247131066693754e+02 3.645375428304352283e+01
1.264878913057366390e+02 3.601042944270706414e+01
1.252444133602269289e+02 3.556710460236357108e+01
1.239257548302987431e+02 3.512377976201258178e+01
1.225541024456239256e+02 3.468045492165363441e+01
1.211450953551385652e+02 3.423713008128630975e+01
1.197097573997991731e+02 3.379380524091023830e+01
1.182558591475442427e+02 3.335048040052507190e+01
1.167888779747484307e+02 3.290715556013053344e+01
1.153126748156626320e+02 3.246383071972648082e+01
1.138299711946514066e+02 3.202050587931290693e+01
1.123426854802666668e+02 3.157718103888998584e+01
1.108521699065485393e+02 3.113385619845825047e+01
1.093593776463838054e+02 3.069053135801863519e+01
1.078649805794315171e+02 3.024720651757263568e+01
1.063694523052648009e+02 2.980388167712269620e+01
1.048731266582985739e+02 2.936055683667237659e+01
1.033762389542322069e+02 2.891723199622701301e+01
1.018789550641526915e+02 2.847390715579436460e+01
1.003813919085071689e+02 2.803058231538567568e+01
9.888363190304903583e+01 2.758725747501710401e+01
9.738573314160579741e+01 2.714393263471175999e+01
9.588773657378544613e+01 2.670060779450265542e+01
9.438967106445387856e+01 2.625728295443688509e+01
9.289155696009845542e+01 2.581395811458139988e+01
9.139340860271592248e+01 2.537063327503145871e+01
8.989523610182378377e+01 2.492730843592233825e+01
8.839704658353394962e+01 2.448398359744624386e+01
8.689884507101557176e+01 2.404065875987605239e+01
8.540063510513213885e+01 2.359733392359904158e+01
8.390241918193406434e+01 2.315400908916492995e+01
8.240419906106113501e+01 2.271068425735373353e+01
8.090597598315879679e+01 2.226735942927229317e+01
7.940775082317058775e+01 2.182403460649100424e+01
7.790952419844705901e+01 2.138070979123799731e+01
7.641129654502798019e+01 2.093738498667444148e+01
7.491306817152289454e+01 2.049406019728519368e+01
7.341483929724759605e+01 2.005073542943298293e+01
7.191661007932751204e+01 1.960741069214458321e+01
7.041838063211763199e+01 1.916408599822620573e+01
6.892015104133784575e+01 1.872076136584579942e+01
6.742192137467034740e+01 1.827743682077778331e+01
6.592369169012827967e+01 1.783411239958766714e+01
6.442546204322992764e+01 1.739078815414989165e+01
6.292723249386457951e+01 1.694746415805712303e+01
6.142900311369833588e+01 1.650414051571293328e+01
5.993077399503513902e+01 1.606081737523127728e+01
5.843254526222740708e+01 1.561749494673647121e+01
5.693431708704667216e+01 1.517417352832485200e+01
5.543608970991258644e+01 1.473085354289550075e+01
5.393786346960389011e+01 1.428753559040092291e+01
5.243963884512165663e+01 1.384422052197309938e+01
5.094141651487749556e+01 1.340090954508364973e+01
4.944319744051932730e+01 1.295760437273085941e+01
4.794498298575174999e+01 1.251430743508612764e+01
4.644677508483145090e+01 1.207102217974950520e+01
4.494857648155575447e+01 1.162775349771168187e+01
4.345039106827184128e+01 1.118450832765157266e+01
4.195222436679215861e+01 1.074129651323227819e+01
4.045408421063420690e+01 1.029813201931712641e+01
3.895598171287715417e+01 9.855034657373099805e+00
3.745793263921631677e+01 9.412032533240818566e+00
3.595995935585968795e+01 8.969165519700805334e+00
3.446209359293390406e+01 8.526490182882660918e+00
3.296438036482528133e+01 8.084086771190746035e+00
3.146688353196946863e+01 7.642069128703472991e+00
2.996842485711301052e+01 7.199844150283057687e+00
2.846967697649246531e+01 6.757928554800672671e+00
2.697076041586869977e+01 6.316287466321508504e+00
2.547186372563965406e+01 5.875212454396359085e+00
2.397307461413549490e+01 5.434832499812175755e+00
2.247456709216406523e+01 4.995192021638556135e+00
2.097647216190533115e+01 4.556795325974229094e+00
1.947835871406346442e+01 4.120651579995824321e+00
1.798017671563219722e+01 3.687424521767334262e+00
1.648195906901790408e+01 3.258220692834556509e+00
1.498375284188920276e+01 2.834545435838316418e+00
1.348556092979971943e+01 2.418275534179499697e+00
1.198730644590055228e+01 2.012132012904666034e+00
1.048899840587863963e+01 1.620408469816982500e+00
8.990679245858624213e+00 1.248862216670908465e+00
7.492419098430078250e+00 9.046958201089216889e-01
5.994176633193159631e+00 5.962541298107372212e-01
4.495918682875426953e+00 3.368953191512624734e-01
2.997621293636417938e+00 1.434185532076509284e-01
1.499404857190483886e+00 3.831045464442930232e-02
1.585282494142063346e-03 1.255463262548611823e-03
