-2.519195153041349222e-01 4.134068649493907088e+01
-4.742567296094615803e-01 4.088752961582117962e+01
-6.709621773832012970e-01 4.043439401269044708e+01
-8.429376227648522901e-01 3.998126498768112214e+01
-9.933652216319267536e-01 3.952815812266489814e+01
-1.126750140399046751e+00 3.907508878080928127e+01
-1.245109276554961841e+00 3.862199226214006842e+01
-1.348776291914339787e+00 3.816888861029521962e+01
-1.439779407001495315e+00 3.771579678481331399e+01
-1.520523209230493000e+00 3.726269802280594945e+01
-1.591109742470972366e+00 3.680944726740250417e+01
-1.651299556327675333e+00 3.635612117246307662e+01
-1.702018530666199458e+00 3.590278134982614944e+01
-1.744242033397407798e+00 3.544943923062868407e+01
-1.778914020763356918e+00 3.499611689599883135e+01
-1.806851633256991940e+00 3.454281433853264360e+01
-1.828779679891370247e+00 3.408951383877257513e+01
-1.845369693259601096e+00 3.363621228308974764e+01
-1.857178798103113593e+00 3.318291557037920825e+01
-1.864725478410519388e+00 3.272962781015140621e+01
-1.868480800924380514e+00 3.227634526454212960e+01
-1.868855395058204527e+00 3.182307146096612982e+01
-1.866225418657962321e+00 3.136980781866834533e+01
-1.860922117523146513e+00 3.091655522197101646e+01
-1.853238016384613163e+00 3.046331543418556365e+01
-1.843440821900561133e+00 3.001008977110598863e+01
-1.831761721125610087e+00 2.955687709234842941e+01
-1.818409255348802045e+00 2.910367572996775820e+01
-1.803569578220205250e+00 2.865048668269395904e+01
-1.787406281339077418e+00 2.819731222716169938e+01
-1.770066937413590669e+00 2.774415300851671873e+01
-1.751683846107750853e+00 2.729100864559148221e+01
-1.732371802211783773e+00 2.683788253690978109e+01
-1.712234559990740701e+00 2.638477682527016910e+01
-1.691362925673044026e+00 2.593169442277815762e+01
-1.669839558323144457e+00 2.547863668576659890e+01
-1.647736129664757687e+00 2.502560766738059073e+01
-1.625117514471483782e+00 2.457260940498896318e+01
-1.602040365924057186e+00 2.411964734332716986e+01
-1.578555596443417253e+00 2.366672587282625884e+01
-1.554708124159793536e+00 2.321384962566819965e+01
-1.530538317761283018e+00 2.276102437554748903e+01
-1.506081971143525378e+00 2.230825611427871991e+01
-1.481370889839416449e+00 2.185555203740814534e+01
-1.456433345256616052e+00 2.140292016143853360e+01
-1.431294750728076659e+00 2.095036955226536790e+01
-1.405977511161219606e+00 2.049791050174850326e+01
-1.380501539445597059e+00 2.004555436486199937e+01
-1.354884755811859076e+00 1.959331398885149866e+01
-1.329143012881952357e+00 1.914120457343073411e+01
-1.303290040890802137e+00 1.868924156519867097e+01
-1.277338111620479388e+00 1.823744317711257423e+01
-1.251298031705486702e+00 1.778583035947380964e+01
-1.225179817745678967e+00 1.733442614354261124e+01
-1.198992290910276814e+00 1.688325690825509184e+01
-1.172743363664910721e+00 1.643235069303997875e+01
-1.146440372847252531e+00 1.598174052312297633e+01
-1.120089411168539550e+00 1.553146331642064837e+01
-1.093695555435558964e+00 1.508155994370200226e+01
-1.067264430510080908e+00 1.463207656070774298e+01
-1.040799955762365947e+00 1.418306559296305025e+01
-1.014305730896032598e+00 1.373458633457565448e+01
-9.877854483275450015e-01 1.328670408130447456e+01
-9.612421174408493085e-01 1.283949324632607514e+01
-9.346784985952928393e-01 1.239303848211203807e+01
-9.080968863063223484e-01 1.194743593171658347e+01
-8.815003759837891639e-01 1.150279004765747537e+01
-8.548909280390446508e-01 1.105922052116138588e+01
-8.282695309760019775e-01 1.061686481973216445e+01
-8.016381361639155489e-01 1.017587404996003997e+01
-7.749988680927907270e-01 9.736418869836336754e+00
-7.483525271816879876e-01 9.298692852361554628e+00
-7.217006910737086001e-01 8.862910215397549862e+00
-6.950442683098084773e-01 8.429314291889426158e+00
-6.683841676473544213e-01 7.998178651788292903e+00
-6.417211047828497161e-01 7.569810791070572087e+00
-6.150557102141209764e-01 7.144557234492813436e+00
-5.883883084797658647e-01 6.722802705370110488e+00
-5.617203350674697671e-01 6.304989947906669556e+00
-5.350524302265834420e-01 5.891605362517837285e+00
-5.083862924187347865e-01 5.483200024739291578e+00
-4.817231710008337275e-01 5.080404831746446526e+00
-4.550632306136595528e-01 4.683910892115203950e+00
-4.284075992060828453e-01 4.294506888950941459e+00
-4.017566311370940890e-01 3.913062986676218546e+00
-3.751110202313090447e-01 3.540593490774395224e+00
-3.484699160886441938e-01 3.178200374959367469e+00
-3.218307410076945985e-01 2.827114399611270201e+00
-2.951851478864803702e-01 2.488712083508431760e+00
-2.685194978374981778e-01 2.164483106528806822e+00
-2.417960607536671358e-01 1.855907046939361704e+00
-2.149593851981501380e-01 1.564255190307464627e+00
-1.880269386697734080e-01 1.290531053183885390e+00
-1.610800483143955963e-01 1.035260656447648531e+00
-1.341441831376975757e-01 8.013625728272524285e-01
-1.072575572818451617e-01 5.887427626900652022e-01
-8.030539375014913994e-02 4.022235392861311376e-01
-5.347683987643594289e-02 2.467148184198503236e-01
-2.681507877372158247e-02 1.189044519537838795e-01
-6.854872837693466215e-05 3.460449515096052087e-02
