-4.507042253521145625e+01 -9.389671361502300861e-01
-7.911706938199301931e+01 -9.292414614792636751e-01
-1.018971552462105166e+02 -9.195157868082973751e-01
-1.169722038548726175e+02 -9.097901121373311861e-01
-1.267778895051862662e+02 -9.000644374663653302e-01
-1.329799344376312433e+02 -8.903387627953994743e-01
-1.367175018751435687e+02 -8.806130881244342845e-01
-1.387696489840107859e+02 -8.708874134534694278e-01
-1.396691616338289350e+02 -8.611617387825053482e-01
-1.397804043348353105e+02 -8.514360641115426009e-01
-1.393525606782185946e+02 -8.417103894405815190e-01
-1.385560436992032862e+02 -8.319847147696229905e-01
-1.375073963950065945e+02 -8.222590400986679038e-01
-1.362863208270491100e+02 -8.125333654277180351e-01
-1.349473240763773561e+02 -8.028076907567757159e-01
-1.335276827432602715e+02 -7.930820160858441659e-01
-1.320528897526710637e+02 -7.833563414149286031e-01
-1.305403793453665173e+02 -7.736306667440363549e-01
-1.290020745451301423e+02 -7.639049920731776355e-01
-1.274461293345830342e+02 -7.541793174023684321e-01
-1.258781201038919306e+02 -7.444536427316311711e-01
-1.243018604652188941e+02 -7.347279680609993813e-01
-1.227199584924768203e+02 -7.250022933905214684e-01
-1.211341978094969818e+02 -7.152766187202684867e-01
-1.195457982106862573e+02 -7.055509440503441310e-01
-1.179555938957054906e+02 -6.958252693809006129e-01
-1.163641553615748876e+02 -6.860995947121596439e-01
-1.147718727629125652e+02 -6.763739200444461863e-01
-1.131790129207901003e+02 -6.666482453782348605e-01
-1.115857583102597630e+02 -6.569225707142199999e-01
-1.099922337233579270e+02 -6.471968960534165705e-01
-1.083985245035453744e+02 -6.374712213973089403e-01
-1.068046890159764502e+02 -6.277455467480677065e-01
-1.052107671757347731e+02 -6.180198721088663305e-01
-1.036167862801703876e+02 -6.082941974843455446e-01
-1.020227649975509792e+02 -5.985685228812909209e-01
-1.004287160948433240e+02 -5.888428483096248556e-01
-9.883464830320501449e+01 -5.791171737838560762e-01
-9.724056759376908587e+01 -5.693914993251991685e-01
-9.564647805013777315e+01 -5.596658249646756511e-01
-9.405238246507285282e+01 -5.499401507476459061e-01
-9.245828274857014151e+01 -5.402144767404370995e-01
-9.086418020694547693e+01 -5.304888030400354282e-01
-8.927007573371173521e+01 -5.207631297882571175e-01
-8.767596994013776168e+01 -5.110374571924704012e-01
-8.608186324456610805e+01 -5.013117855558960612e-01
-8.448775593354064029e+01 -4.915861153219138746e-01
-8.289364820367597986e+01 -4.818604471388481802e-01
-8.129954019038653712e+01 -4.721347819547002667e-01
-7.970543198767306592e+01 -4.624091211556692338e-01
-7.811132366185798048e+01 -4.526834667687012481e-01
-7.651721526127622042e+01 -4.429578217576641830e-01
-7.492310682333794603e+01 -4.332321904564239712e-01
-7.332899837999478621e+01 -4.235065792021033282e-01
-7.173488996240868687e+01 -4.137809972610526632e-01
-7.014078160550509722e+01 -4.040554581828375014e-01
-6.854667335307638609e+01 -3.943299817800812734e-01
-6.695256526418060616e+01 -3.846045970234592271e-01
-6.535845742177100703e+01 -3.748793462748533645e-01
-6.376434994481707008e+01 -3.651542914772124004e-01
-6.217024300568817097e+01 -3.554295232055699194e-01
-6.057613685533993220e+01 -3.457051739017436565e-01
-5.898203185998348630e+01 -3.359814372265512161e-01
-5.738792855459581688e+01 -3.262585963572623426e-01
-5.579382772108978372e+01 -3.165370653650710908e-01
-5.419973050256619729e+01 -3.068174497186086369e-01
-5.260563857034211566e+01 -2.971006347541851333e-01
-5.101155436816139854e+01 -2.873879150399121229e-01
-4.941748146927120189e+01 -2.776811835362114067e-01
-4.782342509853989299e+01 -2.679832081925843101e-01
-4.622939289590771494e+01 -2.582980363965835524e-01
-4.463538273442184590e+01 -2.485716046142192326e-01
-4.304122315590426950e+01 -2.385641127439343256e-01
-4.144707836679026514e+01 -2.286767798128218621e-01
-3.985292629058302794e+01 -2.189223471454668501e-01
-3.825874734042775316e+01 -2.091973279528451524e-01
-3.666457075549997313e+01 -1.994843956456632261e-01
-3.507039637951102407e+01 -1.897875042584025451e-01
-3.347622203821666176e+01 -1.801366686172366782e-01
-3.188208010138174231e+01 -1.705223682025611975e-01
-3.028800396934051520e+01 -1.609361031881731408e-01
-2.869394068349796356e+01 -1.514118135245791641e-01
-2.710004526674663339e+01 -1.418873508883091716e-01
-2.550593484511033182e+01 -1.321864310236464113e-01
-2.391177379663026414e+01 -1.224656314921775679e-01
-2.231760453564382374e+01 -1.127659231509387100e-01
-2.072343610372866252e+01 -1.030802655303429960e-01
-1.912927260278674879e+01 -9.341429195669462282e-02
-1.753511690074161677e+01 -8.376229789880938748e-02
-1.594097705177286173e+01 -7.413616593830929524e-02
-1.434684608516804083e+01 -6.456649480769871552e-02
-1.275272987682117787e+01 -5.511439317372010538e-02
-1.115864743256502045e+01 -4.585475084079720237e-02
-9.564567829187192061e+00 -3.694826654511439157e-02
-7.970466025864618942e+00 -2.849459275731914404e-02
-6.376353753491732057e+00 -2.057285253663069038e-02
-4.782225178111129793e+00 -1.346885660118393203e-02
-3.188107177401160897e+00 -7.467671557920834910e-03
-1.594029491627494854e+00 -2.873512625822278056e-03
-2.540191724695133346e-13 -7.774443221929602586e-14
