3.611418855370027359e+01 2.377704339560376212e+01
6.714539613802202211e+01 2.353036841305623739e+01
8.847591672563508780e+01 2.328369343050871265e+01
1.030016352854838999e+02 2.303701844796119147e+01
1.127539464925569348e+02 2.279034346541367029e+01
1.191578255685309671e+02 2.254366848286614911e+01
1.232128588603595460e+02 2.229699350031863148e+01
1.256202325008375027e+02 2.205031851777112095e+01
1.268718119444322809e+02 2.180364353522361043e+01
1.273126291505384273e+02 2.155696855267611056e+01
1.271847158616220241e+02 2.131029357012862135e+01
1.266578516090168591e+02 2.106361858758114636e+01
1.258511327102812203e+02 2.081694360503369268e+01
1.248481024096714123e+02 2.057026862248627452e+01
1.237073643131088687e+02 2.032359363993889545e+01
1.224700274612774678e+02 2.007691865739158388e+01
1.211649288719576703e+02 1.983024367484436112e+01
1.198122970297027905e+02 1.958356869229726982e+01
1.184263217370243808e+02 1.933689370975035615e+01
1.170169568040949741e+02 1.909021872720370894e+01
1.155911845928519455e+02 1.884354374465743476e+01
1.141539030647175395e+02 1.859686876211169704e+01
1.127085480235518986e+02 1.835019377956671605e+01
1.112575296043383588e+02 1.810351879702282218e+01
1.098025384596515011e+02 1.785684381448047020e+01
1.083447605422086752e+02 1.761016883194032090e+01
1.068850277697399349e+02 1.736349384940330864e+01
1.054239237128245463e+02 1.711681886687076570e+01
1.039618577324041979e+02 1.687014388434460344e+01
1.024991169854931599e+02 1.662346890182752546e+01
1.010359029059531792e+02 1.637679391932340067e+01
9.957235679489532743e+01 1.613011893683774645e+01
9.810857777174442163e+01 1.588344395437842316e+01
9.664463536649077469e+01 1.563676897195663251e+01
9.518057835286440138e+01 1.539009398958834929e+01
9.371644094460886265e+01 1.514341900729634105e+01
9.225224714203652354e+01 1.489674402511306539e+01
9.078801378105745812e+01 1.465006904308480173e+01
8.932375267203390479e+01 1.440339406127751687e+01
8.785947210018278497e+01 1.415671907978524580e+01
8.639517787813987582e+01 1.391004409874205017e+01
8.493087408440409547e+01 1.366336911833904466e+01
8.346656358147482990e+01 1.341669413884866202e+01
8.200224837950744927e+01 1.317001916065929379e+01
8.053792989168579197e+01 1.292334418432459664e+01
7.907360911375481294e+01 1.267666921063385566e+01
7.760928675052119274e+01 1.242999424071224723e+01
7.614496330539284941e+01 1.218331927616378252e+01
7.468063914433244577e+01 1.193664431927507863e+01
7.321631454234984915e+01 1.168996937330586405e+01
7.175198971843954610e+01 1.144329444290308828e+01
7.028766486340211372e+01 1.119661953469128157e+01
6.882334016408368882e+01 1.094994465811414130e+01
6.735901582711314006e+01 1.070326982663427096e+01
6.589469210515241571e+01 1.045659505944348489e+01
6.443036932899509850e+01 1.020992038390096468e+01
6.296604794959074525e+01 9.963245839008989080e+00
6.150172859533415703e+01 9.716571480367850455e+00
6.003741215189730696e+01 9.469897387239369024e+00
5.857309987474624791e+01 9.223223672616413182e+00
5.710879354863703128e+01 8.976550497577656884e+00
5.564449571435325481e+01 8.729878091751196223e+00
5.418020999149033656e+01 8.483206782486794495e+00
5.271594153829325080e+01 8.236537036442786786e+00
5.125169770696623317e+01 7.989869518870920118e+00
4.978748897770574189e+01 7.743205178130738275e+00
4.832333029011726921e+01 7.496545366170338731e+00
4.685924294116095012e+01 7.249892010279478605e+00
4.539525729074317439e+01 7.003247857934820075e+00
4.393141520397939814e+01 6.756616811531238831e+00
4.246685949753857159e+01 6.509958747913710653e+00
4.100222977499748112e+01 6.263297116918093543e+00
3.953761057915163235e+01 6.016632459341621164e+00
3.807302158962785654e+01 5.769965350122670422e+00
3.660846824212504913e+01 5.523290574171648259e+00
3.514396267484380587e+01 5.276622207227601002e+00
3.367949630109533388e+01 5.029966738976381357e+00
3.221505655966461035e+01 4.783334541130613182e+00
3.075063959190928387e+01 4.536740712650781049e+00
2.928621815707279907e+01 4.290217739122008211e+00
2.782175736394335175e+01 4.043786060775322433e+00
2.635724820270355195e+01 3.797470783417007834e+00
2.489267351824149443e+01 3.551323695322380125e+00
2.342801060462642937e+01 3.305414592854096334e+00
2.196336235775936174e+01 3.059805685471797876e+00
2.049880450551974675e+01 2.814653386248240352e+00
1.903494074722290463e+01 2.570198611071123018e+00
1.757093519067017340e+01 2.326669778333277705e+00
1.610684249483891151e+01 2.084454531787768072e+00
1.464271012640520375e+01 1.844075691604960765e+00
1.317857469327786646e+01 1.606091706630970783e+00
1.171443959223419995e+01 1.370975087320164709e+00
1.025021799334617256e+01 1.140239521043613147e+00
8.785935519111314207e+00 9.162787203418544246e-01
7.321621745977879847e+00 7.021083383838738756e-01
5.857291504931198212e+00 5.018312482022689869e-01
4.392952835794959654e+00 3.213275557809480154e-01
2.928615059255016195e+00 1.689257637039680293e-01
1.464287398948352692e+00 5.640328100331371691e-02
2.580577418773453600e-13 1.247547618673101747e-13
