-4.790209790209810592e+01 -1.398601398601389212e+00
-8.290613518123126369e+01 -1.384008340948989169e+00
-1.061997329488559529e+02 -1.369415283296588903e+00
-1.215250009739040991e+02 -1.354822225644188638e+00
-1.314282454426176798e+02 -1.340229167991788151e+00
-1.376420919577845439e+02 -1.325636110339387885e+00
-1.413454998667354801e+02 -1.311043052686987398e+00
-1.433406881488172928e+02 -1.296449995034586689e+00
-1.441735240489703642e+02 -1.281856937382186201e+00
-1.442154411243282084e+02 -1.267263879729785270e+00
-1.437191801074474427e+02 -1.252670822077384338e+00
-1.428567175918976204e+02 -1.238077764424983185e+00
-1.417450744806277214e+02 -1.223484706772581809e+00
-1.404638772590960230e+02 -1.208891649120179990e+00
-1.390673075053508398e+02 -1.194298591467777726e+00
-1.375922328945497668e+02 -1.179705533815375240e+00
-1.360637399140281616e+02 -1.165112476162972088e+00
-1.344988985809254984e+02 -1.150519418510568270e+00
-1.329093241318129230e+02 -1.135926360858163120e+00
-1.313029201159078525e+02 -1.121333303205756637e+00
-1.296850644770730128e+02 -1.106740245553348156e+00
-1.280594166193806984e+02 -1.092147187900936789e+00
-1.264284665721999943e+02 -1.077554130248520980e+00
-1.247939086677599931e+02 -1.062961072596099399e+00
-1.231568958088089687e+02 -1.048368014943669158e+00
-1.215182124841998075e+02 -1.033774957291226260e+00
-1.198783924967717809e+02 -1.019181899638764932e+00
-1.182377990708971964e+02 -1.004588841986276737e+00
-1.165966793613961272e+02 -9.899957843337493513e-01
-1.149552015439467567e+02 -9.754027266811643448e-01
-1.133134800531319257e+02 -9.608096690284947394e-01
-1.116715927555845838e+02 -9.462166113757013441e-01
-1.100295926353974210e+02 -9.316235537227260943e-01
-1.083875157454215525e+02 -9.170304960694832808e-01
-1.067453866177010440e+02 -9.024374384158481144e-01
-1.051032219449857337e+02 -8.878443807616360761e-01
-1.034610330858043454e+02 -8.732513231065769377e-01
-1.018188277690338026e+02 -8.586582654502725731e-01
-1.001766112537681721e+02 -8.440652077921387830e-01
-9.853438711854848009e+01 -8.294721501313166989e-01
-9.689215779839278753e+01 -8.148790924665436641e-01
-9.524992495021817263e+01 -8.002860347959648291e-01
-9.360768970149352697e+01 -7.856929771168539300e-01
-9.196545281943834027e+01 -7.710999194252040612e-01
-9.032321482615888897e+01 -7.565068617151272656e-01
-8.868097607700056528e+01 -7.419138039779699101e-01
-8.703873681387432271e+01 -7.273207462010146118e-01
-8.539649720156023704e+01 -7.127276883655717654e-01
-8.375425735243588576e+01 -6.981346304441742312e-01
-8.211201734334086666e+01 -6.835415723964565204e-01
-8.046977722710802539e+01 -6.689485141630957532e-01
-7.882753704049211763e+01 -6.543554556569101122e-01
-7.718529680968546813e+01 -6.397623967497749753e-01
-7.554305655424880683e+01 -6.251693372533958515e-01
-7.390081629004660613e+01 -6.105762768910504290e-01
-7.225857603162786802e+01 -5.959832152560614604e-01
-7.061633579440956510e+01 -5.813901517507669148e-01
-6.897409559699018189e+01 -5.667970854968288341e-01
-6.733185546394082621e+01 -5.522040152034217719e-01
-6.568961542949251964e+01 -5.376109389735191924e-01
-6.404737554267340727e+01 -5.230178540192074177e-01
-6.240513587466616485e+01 -5.084247562433047429e-01
-6.076289652949053988e+01 -4.938316396244996076e-01
-5.912065765961344255e+01 -4.792384953137346359e-01
-5.747841948882960139e+01 -4.646453103062329615e-01
-5.583618234584636042e+01 -4.500520654898775841e-01
-5.419394671361263960e+01 -4.354587327770638727e-01
-5.255171330179480549e+01 -4.208652708896068462e-01
-5.090948315327604945e+01 -4.062716191641420616e-01
-4.926725780066133353e+01 -3.916776884484028387e-01
-4.762503949627474498e+01 -3.770833477221806063e-01
-4.598283155016471824e+01 -3.624884044351801560e-01
-4.434055026479602901e+01 -3.478981894852293255e-01
-4.269824523023282836e+01 -3.333107279967451042e-01
-4.105593891168311416e+01 -3.187229444616679896e-01
-3.941367141710087196e+01 -3.041280084554371377e-01
-3.777143597266199748e+01 -2.895312149993944373e-01
-3.612921267533891267e+01 -2.749326551893144233e-01
-3.448696704976614313e+01 -2.603077612607351821e-01
-3.284470677004959072e+01 -2.456693103754135632e-01
-3.120245880706437092e+01 -2.310396491461831070e-01
-2.956023036131810855e+01 -2.164184573051179949e-01
-2.791798583912129672e+01 -2.018318427477264199e-01
-2.627572706093049248e+01 -1.873044704914694214e-01
-2.463348154484140906e+01 -1.728520920983981357e-01
-2.299134579891558161e+01 -1.584722087312702699e-01
-2.134934132407635943e+01 -1.441195007464500522e-01
-1.970712409195168036e+01 -1.297988601339253589e-01
-1.806482154381099292e+01 -1.155167070076872360e-01
-1.642249804892377085e+01 -1.013290437683325024e-01
-1.478018372312753570e+01 -8.730639397569453508e-02
-1.313789183813992878e+01 -7.352715054176617304e-02
-1.149561283997820382e+01 -6.011546769446850930e-02
-9.853348334983035528e+00 -4.723615553430159097e-02
-8.211078878722370078e+00 -3.512140231978546495e-02
-6.568792506358934524e+00 -2.405918245991084392e-02
-4.926504572947328242e+00 -1.447560845966214607e-02
-3.284247642810810941e+00 -7.016742612850952569e-03
-1.642042321165886554e+00 -2.277798859150512601e-03
-2.529706521867048124e-13 8.862500393665723378e-14
