3.663093938293305740e+01 4.103448368143150304e+01
7.303242179293640390e+01 4.060455682999204896e+01
9.818622010721456661e+01 4.017462997855233908e+01
1.154151308900990074e+02 3.974470312711207498e+01
1.270603454875103040e+02 3.931477627567102928e+01
1.347714142742081549e+02 3.888484942422891777e+01
1.397105730678870543e+02 3.845492257278547044e+01
1.426967068909855243e+02 3.802499572134042438e+01
1.443067835753527106e+02 3.759506886989353092e+01
1.449473215818167944e+02 3.716514201844450582e+01
1.449047446065273448e+02 3.673521516699310041e+01
1.443808602956373761e+02 3.630528831553903757e+01
1.435178577437771139e+02 3.587536146408207571e+01
1.424159201650719240e+02 3.544543461262194484e+01
1.411456343820619850e+02 3.501550776115841757e+01
1.397567342704103055e+02 3.458558090969123811e+01
1.382842611919265323e+02 3.415565405822015776e+01
1.367529044960859324e+02 3.372572720674500601e+01
1.351800597390468397e+02 3.329580035526556259e+01
1.335779834354731292e+02 3.286587350378169958e+01
1.319553112478423600e+02 3.243594665229332463e+01
1.303181276682311989e+02 3.200601980080044484e+01
1.286707196918619616e+02 3.157609294930315258e+01
1.270161078384059579e+02 3.114616609780165390e+01
1.253564202975603763e+02 3.071623924629643554e+01
1.236931565435440774e+02 3.028631239478827197e+01
1.220273730718975855e+02 2.985638554327833560e+01
1.203598142654237790e+02 2.942645869176848095e+01
1.186910045993644900e+02 2.899653184026136898e+01
1.170213136070790370e+02 2.856660498876095389e+01
1.153510016533893463e+02 2.813667813727288802e+01
1.136802521854432371e+02 2.770675128580541369e+01
1.120091944559423780e+02 2.727682443437026194e+01
1.103379195334161835e+02 2.684689758298421580e+01
1.086664915827000470e+02 2.641697073167121346e+01
1.069949558129087706e+02 2.598704388046536096e+01
1.053233440774028793e+02 2.555711702941514929e+01
1.036516788194063281e+02 2.512719017858953308e+01
1.019799758520087636e+02 2.469726332808648195e+01
1.003082463169072298e+02 2.426733647804515215e+01
9.863649806451186919e+01 2.383740962866315982e+01
9.696473662636681468e+01 2.340748278022110540e+01
9.529296590033754910e+01 2.297755593311733335e+01
9.362118863343835073e+01 2.254762908791735043e+01
9.194940676210576669e+01 2.211770224542384966e+01
9.027762165206763711e+01 2.168777540677624316e+01
8.860583426751956893e+01 2.125784857359176527e+01
8.693404529056444119e+01 2.082792174816587760e+01
8.526225520570973515e+01 2.039799493375661399e+01
8.359046435988899759e+01 1.996806813498820077e+01
8.191867300544240038e+01 1.953814135842382882e+01
8.024688133138005242e+01 1.910821461337869920e+01
7.857508948680099081e+01 1.867828791307390190e+01
7.690329759936832943e+01 1.824836127627410320e+01
7.523150579112919445e+01 1.781843472961192987e+01
7.355971419363879704e+01 1.738850831088689830e+01
7.188792296426269957e+01 1.695858207374761406e+01
7.021613230567572828e+01 1.652865609433710503e+01
6.854434249097339205e+01 1.609873048072453372e+01
6.687255389750615109e+01 1.566880538629148312e+01
6.520076705362738778e+01 1.523888102873100792e+01
6.352898270414571158e+01 1.480895771701280950e+01
6.185720190258919615e+01 1.437903588965456514e+01
6.018542614170966942e+01 1.394911616904018281e+01
5.851365753839261430e+01 1.351919943851297035e+01
5.684189909587687595e+01 1.308928695179337254e+01
5.517015507576483913e+01 1.265938048827433882e+01
5.349843152590248252e+01 1.222948257343058209e+01
5.182673702951719008e+01 1.179959679164314146e+01
5.015508376840652005e+01 1.136972823018820122e+01
4.848348903187265080e+01 1.093988410938597511e+01
4.681197735831024431e+01 1.051007467696466158e+01
4.514058357472060123e+01 1.008031447742227549e+01
4.346935711064922714e+01 9.650624153619135726e+00
4.179836812090261589e+01 9.221033003760050306e+00
4.012771617544987635e+01 8.791582610493486882e+00
3.845754259301239131e+01 8.362331991441578793e+00
3.678653182365674468e+01 7.932839164413565847e+00
3.511456269247072726e+01 7.503381798641191480e+00
3.344215210220784229e+01 7.074234273533425821e+00
3.176957522017887570e+01 6.645377505356629300e+00
3.009706973323413592e+01 6.216979802482330619e+00
2.842466943982654115e+01 5.789132700307153101e+00
2.675228839072176612e+01 5.361922273817765650e+00
2.507992752164064498e+01 4.935751055959393341e+00
2.340763783942196241e+01 4.511009430688470268e+00
2.173543584788654215e+01 4.088152834160162286e+00
2.006333863241462723e+01 3.667943858816986591e+00
1.839130517967002021e+01 3.251248057582992068e+00
1.671942328089872021e+01 2.839089353242749247e+00
1.504741399325392237e+01 2.433388614380047166e+00
1.337534091435130179e+01 2.036582264850678392e+00
1.170319242004501881e+01 1.651757014844655647e+00
1.003101215149837522e+01 1.283962583228029697e+00
8.358874834767876294e+00 9.383064047972792254e-01
6.686799428058479045e+00 6.242589111532326207e-01
5.014949497677744894e+00 3.502925304614312729e-01
3.343239537312767240e+00 1.376789819661373981e-01
1.671829774401722535e+00 9.007925365570570303e-03
8.432833184176565097e-04 3.384864067174462188e-04
