-4.284244832797745062e+01 -3.455036155482034133e+00
-7.477673531626696501e+01 -3.419220642880646643e+00
-9.614050440455365276e+01 -3.383405130279258710e+00
-1.102756079024283196e+02 -3.347589617677871665e+00
-1.194673768624565469e+02 -3.311774105076484176e+00
-1.252786385839873446e+02 -3.275958592475098019e+00
-1.287781350179290314e+02 -3.240143079873710974e+00
-1.306967270585769825e+02 -3.204327567272324817e+00
-1.315342150986791694e+02 -3.168512054670939104e+00
-1.316323884370485189e+02 -3.132696542069554724e+00
-1.312249802329183694e+02 -3.096881029468170787e+00
-1.304718292814614813e+02 -3.061065516866788183e+00
-1.294822415986751878e+02 -3.025250004265407355e+00
-1.283309662786095657e+02 -2.989434491664029192e+00
-1.270691206089118310e+02 -2.953618979062653249e+00
-1.257316612285835760e+02 -2.917803466461281303e+00
-1.243424932911752308e+02 -2.881987953859915574e+00
-1.229179643742169503e+02 -2.846172441258556951e+00
-1.214692537947768329e+02 -2.810356928657209430e+00
-1.200040065467311905e+02 -2.774541416055877896e+00
-1.185274506713827805e+02 -2.738725903454569011e+00
-1.170431613731471003e+02 -2.702910390853292544e+00
-1.155535835612880078e+02 -2.667094878252063150e+00
-1.140603891909201764e+02 -2.631279365650902147e+00
-1.125647216312257513e+02 -2.595463853049840175e+00
-1.110673627770506613e+02 -2.559648340448923864e+00
-1.095688473284372861e+02 -2.523832827848218940e+00
-1.080695409408658065e+02 -2.488017315247823102e+00
-1.065696936684219196e+02 -2.452201802647878015e+00
-1.050694765109927857e+02 -2.416386290048591512e+00
-1.035690064071253005e+02 -2.380570777450267350e+00
-1.020683633254325571e+02 -2.344755264853350063e+00
-1.005676019525792810e+02 -2.308939752258489353e+00
-9.906675968612985628e+01 -2.273124239666635571e+00
-9.756586210047001373e+01 -2.237308727079176496e+00
-9.606492668468669649e+01 -2.201493214498145168e+00
-9.456396539872324070e+01 -2.165677701926510768e+00
-9.306298642141092614e+01 -2.129862189368617376e+00
-9.156199534586359334e+01 -2.094046676830816800e+00
-9.006099599695137670e+01 -2.058231164322396278e+00
-8.855999099033292055e+01 -2.022415651856937391e+00
-8.705898211475252424e+01 -1.986600139454301583e+00
-8.555797059347801792e+01 -1.950784627143531180e+00
-8.405695726309005522e+01 -1.914969114967095098e+00
-8.255594269575441047e+01 -1.879153602987094995e+00
-8.105492728284808379e+01 -1.843338091294344006e+00
-7.955391129216185675e+01 -1.807522580021637681e+00
-7.805289490703987099e+01 -1.771707069363164022e+00
-7.655187825317661066e+01 -1.735891559602885437e+00
-7.505086141698812696e+01 -1.700076051156040213e+00
-7.354984445824233319e+01 -1.664260544629836192e+00
-7.204882741879448815e+01 -1.628445040912193997e+00
-7.054781032870468493e+01 -1.592629541301527007e+00
-6.904679321063132136e+01 -1.556814047696510883e+00
-6.754577608314281179e+01 -1.520998562873590698e+00
-6.604475896343146246e+01 -1.485183090892776114e+00
-6.454374186982626327e+01 -1.449367637691043598e+00
-6.304272482447180437e+01 -1.413552211950065418e+00
-6.154170785656488363e+01 -1.377736826365099976e+00
-6.004069100662177050e+01 -1.341921499500493109e+00
-5.853967433240004681e+01 -1.306106258502992334e+00
-5.703865791734016000e+01 -1.270291143069436801e+00
-5.553764188276097968e+01 -1.234476211248734634e+00
-5.403662640559129926e+01 -1.198661547926128002e+00
-5.253561174422934954e+01 -1.162847277229777765e+00
-5.103459827630947387e+01 -1.127033580672984092e+00
-4.953358655389611442e+01 -1.091220723683655081e+00
-4.803257738417200784e+01 -1.055409094398497283e+00
-4.653157194741369551e+01 -1.019599260391973905e+00
-4.503057196949743002e+01 -9.837920516313799491e-01
-4.352957997414826252e+01 -9.479886817825056156e-01
-4.202859965180071811e+01 -9.121909255956065499e-01
-4.052763899576839179e+01 -8.761765890059919348e-01
-3.902661977063552712e+01 -8.401636547808684075e-01
-3.752565836629721474e+01 -8.041522023123429674e-01
-3.602476101138375952e+01 -7.684282945112487218e-01
-3.452368444276600457e+01 -7.327522132396120380e-01
-3.302258122114955086e+01 -6.970386002950894611e-01
-3.152147298957541821e+01 -6.612988537467171524e-01
-3.002038682134411829e+01 -6.255430632240650546e-01
-2.851933143331042331e+01 -5.897840854610097994e-01
-2.701831436001965869e+01 -5.540477981532759832e-01
-2.551730229703052544e+01 -5.183256788285678374e-01
-2.401627354500701728e+01 -4.826032482354335462e-01
-2.251521612747461987e+01 -4.469200275538012801e-01
-2.101415016106259870e+01 -4.113069617253001797e-01
-1.951310988384488354e+01 -3.757955263142717106e-01
-1.801213702101894043e+01 -3.403999163319642585e-01
-1.651110921568300682e+01 -3.051516123677520675e-01
-1.501004707166136320e+01 -2.701688407595854713e-01
-1.350903235570137184e+01 -2.355588924905305803e-01
-1.200804515638771974e+01 -2.015069281303621951e-01
-1.050705691159445010e+01 -1.682357728362219307e-01
-9.006072802906055941e+00 -1.359209273730508094e-01
-7.505071905364978591e+00 -1.049825532550657942e-01
-6.004021758967267530e+00 -7.603530463819348217e-02
-4.502936515016491725e+00 -5.014820505081001023e-02
-3.001912108781855881e+00 -2.841741784684134395e-02
-1.500937297150378269e+00 -1.157913649170972011e-02
-2.874984302767811551e-13 -2.738476431852773661e-13
