-4.738372093023264853e+01 -2.180232558139535204e+00
-8.553545990933587007e+01 -2.157658114011913320e+00
-1.114901245594995913e+02 -2.135083669884291879e+00
-1.289713764365861550e+02 -2.112509225756670439e+00
-1.405660753513288057e+02 -2.089934781629048999e+00
-1.480713351337564347e+02 -2.067360337501427114e+00
-1.527356262671479783e+02 -2.044785893373806118e+00
-1.554262719680822045e+02 -2.022211449246184678e+00
-1.567458091584098554e+02 -1.999637005118563460e+00
-1.571128254364493273e+02 -1.977062560990942686e+00
-1.568181172183400918e+02 -1.954488116863322578e+00
-1.560637032833753892e+02 -1.931913672735703580e+00
-1.549899278205549535e+02 -1.909339228608085692e+00
-1.536942891488713201e+02 -1.886764784480469359e+00
-1.522445201917472275e+02 -1.864190340352855690e+00
-1.506876755954864393e+02 -1.841615896225245352e+00
-1.490564446288652221e+02 -1.819041452097640343e+00
-1.473735368089465396e+02 -1.796467007970042662e+00
-1.456547286331725104e+02 -1.773892563842454972e+00
-1.439109801704363178e+02 -1.751318119714882382e+00
-1.421499054751618871e+02 -1.728743675587331108e+00
-1.403767940966518495e+02 -1.706169231459810920e+00
-1.385953207304451666e+02 -1.683594787332334697e+00
-1.368080382192381421e+02 -1.661020343204922645e+00
-1.350167200448779568e+02 -1.638445899077601853e+00
-1.332225982605054639e+02 -1.615871454950413177e+00
-1.314265287840679264e+02 -1.593297010823414572e+00
-1.296291062291481637e+02 -1.570722566696689526e+00
-1.278307436789326346e+02 -1.548148122570357499e+00
-1.260317281058751178e+02 -1.525573678444592129e+00
-1.242322588722154109e+02 -1.502999234319642108e+00
-1.224324744766218060e+02 -1.480424790195865370e+00
-1.206324711353144181e+02 -1.457850346073777725e+00
-1.188323156905319138e+02 -1.435275901954121247e+00
-1.170320545781547565e+02 -1.412701457837963970e+00
-1.152317200575906497e+02 -1.390127013726844218e+00
-1.134313345397296331e+02 -1.367552569622975112e+00
-1.116309135936120782e+02 -1.344978125529543433e+00
-1.098304680351871809e+02 -1.322403681451135515e+00
-1.080300053783917065e+02 -1.299829237394353632e+00
-1.062295308432275647e+02 -1.277254793368701291e+00
-1.044290480560824363e+02 -1.254680349387858218e+00
-1.026285595362499095e+02 -1.232105905471516438e+00
-1.008280670339202203e+02 -1.209531461648020612e+00
-9.902757176498778335e+01 -1.186957017958172322e+00
-9.722707457417671151e+01 -1.164382574460702813e+00
-9.542657604836995233e+01 -1.141808131240153568e+00
-9.362607659534602078e+01 -1.119233688418217687e+00
-9.182557649848702397e+01 -1.096659246170066826e+00
-9.002507595479754343e+01 -1.074084804747851951e+00
-8.822457510133487801e+01 -1.051510364514532947e+00
-8.642407403359686668e+01 -1.028935925992572109e+00
-8.462357281833391198e+01 -1.006361489934029851e+00
-8.282307150250434802e+01 -9.837870574214621078e-01
-8.102257011957439659e+01 -9.612126300131551560e-01
-7.922206869400798723e+01 -9.386382099521886069e-01
-7.742156724454893890e+01 -9.160638004673690160e-01
-7.562106578673557067e+01 -8.934894062064089315e-01
-7.382056433498540571e+01 -8.709150338594702223e-01
-7.202006290452941073e+01 -8.483406930567216619e-01
-7.021956151345536057e+01 -8.257663976603336620e-01
-6.841906018513459742e+01 -8.031921676242395058e-01
-6.661855895135749961e+01 -7.806180316711771594e-01
-6.481805785659845753e+01 -7.580440311461601466e-01
-6.301755696398279127e+01 -7.354702255633678298e-01
-6.121705636375547499e+01 -7.128967005906278187e-01
-5.941655618538865014e+01 -6.903235795427004051e-01
-5.761605661495166686e+01 -6.677510399253123730e-01
-5.581555792007437589e+01 -6.451793372495078227e-01
-5.401506048585264352e+01 -6.226088393112718666e-01
-5.221456486651311479e+01 -6.000400755354166060e-01
-5.041407185976894567e+01 -5.774738080037575827e-01
-4.861358261384174995e+01 -5.549111336967901265e-01
-4.681309878150815251e+01 -5.323536316657185852e-01
-4.501262274183815748e+01 -5.098035748795864963e-01
-4.321209132639813078e+01 -4.872537543952036865e-01
-4.141156388054963600e+01 -4.647043132320242131e-01
-3.961101978865325890e+01 -4.421639836849290961e-01
-3.781044741672370435e+01 -4.196215778865537427e-01
-3.600992296260963599e+01 -3.970526555646248235e-01
-3.420947384216400877e+01 -3.744384029541327208e-01
-3.240909893309763135e+01 -3.518165170267775199e-01
-3.060866241769538121e+01 -3.291762931628447464e-01
-2.880817764814820947e+01 -3.066242782567942804e-01
-2.700764424978032707e+01 -2.841471003360053760e-01
-2.520708175850039723e+01 -2.617207096231117802e-01
-2.340650236203596890e+01 -2.393629165127255654e-01
-2.160592449958950212e+01 -2.170999590043957705e-01
-1.980537417237609787e+01 -1.949794289304301875e-01
-1.800485572959857805e+01 -1.730587508578171896e-01
-1.620437689188281638e+01 -1.513798924638500021e-01
-1.440402497505584556e+01 -1.299724964802026483e-01
-1.260359944405391630e+01 -1.086942993056820156e-01
-1.080308292933296066e+01 -8.797919446804593202e-02
-9.002561282457701708e+00 -6.811618943749465915e-02
-7.202046010909066709e+00 -4.942429654382791970e-02
-5.401515686367719837e+00 -3.242497333282880201e-02
-3.600981542407810210e+00 -1.782262262614388304e-02
-1.800462854987966654e+00 -6.605342976097171130e-03
-2.033767444606111553e-13 -4.684212387979598961e-14
