-4.064509688258631570e+01 8.670519381890036126e-01
-6.962145850317675411e+01 8.579927111334045842e-01
-8.878806167138016292e+01 8.489334840778038904e-01
-1.013172400252335308e+02 8.398742570222004211e-01
-1.093554575670349749e+02 8.308150299665929550e-01
-1.143550374485404433e+02 8.217558029109797157e-01
-1.172986388404393381e+02 8.126965758553599262e-01
-1.188511406605156964e+02 8.036373487997325871e-01
-1.194624079162406787e+02 7.945781217440959221e-01
-1.194368246382476286e+02 7.855188946884505974e-01
-1.189803406926835834e+02 7.764596676327955027e-01
-1.182323042157279218e+02 7.674004405771311932e-01
-1.172869998185495604e+02 7.583412135214590011e-01
-1.162082215937278420e+02 7.492819864657813689e-01
-1.150391333852470552e+02 7.402227594101030705e-01
-1.138089403648009892e+02 7.311635323544314335e-01
-1.125374030999067401e+02 7.221043052987775601e-01
-1.112378918262386520e+02 7.130450782431603240e-01
-1.099194530047225697e+02 7.039858511876067038e-01
-1.085882075787167054e+02 6.949266241321579995e-01
-1.072482970514989944e+02 6.858673970768757178e-01
-1.059025236135796035e+02 6.768081700218514518e-01
-1.045527832604762182e+02 6.677489429672216481e-01
-1.032003588453664378e+02 6.586897159131884782e-01
-1.018461183620081982e+02 6.496304888600512584e-01
-1.004906491053281599e+02 6.405712618082537446e-01
-9.913434844607640173e+01 6.315120347584513016e-01
-9.777748525004034263e+01 6.224528077116141533e-01
-9.642024143501738820e+01 6.133935806691773740e-01
-9.506274008875864467e+01 6.043343536332606014e-01
-9.370506449390492776e+01 5.952751266070001046e-01
-9.234727100048586124e+01 5.862158995950300655e-01
-9.098939773560672961e+01 5.771566726042001161e-01
-8.963147049652727105e+01 5.680974456446353793e-01
-8.827350673799011815e+01 5.590382187313005513e-01
-8.691551827009638487e+01 5.499789918863128291e-01
-8.555751308372290964e+01 5.409197651423622855e-01
-8.419949658562502748e+01 5.318605385477631620e-01
-8.284147243412685668e+01 5.228013121739227831e-01
-8.148344310456747053e+01 5.137420861263773952e-01
-8.012541027189972453e+01 5.046828605611062279e-01
-7.876737506957861967e+01 4.956236357086389877e-01
-7.740933826475321666e+01 4.865644119096875775e-01
-7.605130037684106981e+01 4.775051896678090824e-01
-7.469326175781229438e+01 4.684459697272357337e-01
-7.333522264659194434e+01 4.593867531879071153e-01
-7.197718320599024366e+01 4.503275416754807248e-01
-7.061914354786777892e+01 4.412683375925990359e-01
-6.926110375042568990e+01 4.322091444902491641e-01
-6.790306387029384894e+01 4.231499676166159407e-01
-6.654502395128429271e+01 4.140908147282587604e-01
-6.518698403116367501e+01 4.050316972889904665e-01
-6.382894414749141276e+01 3.959726322417610467e-01
-6.247090434342567988e+01 3.869136446274162311e-01
-6.111286467439483516e+01 3.778547714550922754e-01
-5.975482521666526026e+01 3.687960674224668445e-01
-5.839678607913013053e+01 3.597376133700115886e-01
-5.703874742014103560e+01 3.506795287759568169e-01
-5.568070947198382470e+01 3.416219902232354166e-01
-5.432267257678228134e+01 3.325652586927135279e-01
-5.296463723937839063e+01 3.235097199012411662e-01
-5.160660420536290616e+01 3.144559439192997630e-01
-5.024857457631687652e+01 3.054047732829466844e-01
-4.889054998007579655e+01 2.963574532189219846e-01
-4.753253282233337274e+01 2.873158241109346478e-01
-4.617452665847330451e+01 2.782826059553415443e-01
-4.481653674310041424e+01 2.692618187726108503e-01
-4.345857084220832434e+01 2.602594039547312943e-01
-4.210064043351474794e+01 2.512841425860391498e-01
-4.074276248058164640e+01 2.423490126758599816e-01
-3.938473889456491150e+01 2.326566335976730238e-01
-3.802670731998203024e+01 2.234010496780788890e-01
-3.666854736014868621e+01 2.142754981532886682e-01
-3.531037380049853880e+01 2.051844826794959886e-01
-3.395221465452848975e+01 1.961227372384633516e-01
-3.259408270765624849e+01 1.871002010761620427e-01
-3.123597180811947283e+01 1.781330153148545925e-01
-2.987787682165099312e+01 1.691978575427598719e-01
-2.851981505875509626e+01 1.602814722250500701e-01
-2.716181506824831970e+01 1.514636399483972884e-01
-2.580383532974839866e+01 1.427906295005524351e-01
-2.444585933748439999e+01 1.340362570395131625e-01
-2.308779900668256246e+01 1.250737647406658659e-01
-2.172969661693520749e+01 1.160376030806657965e-01
-2.037161052437378572e+01 1.069945556144271948e-01
-1.901355398130129259e+01 9.790397039732154361e-02
-1.765554092250136620e+01 8.868340308858263521e-02
-1.629760491961752322e+01 7.938043740864335340e-02
-1.493970556949949646e+01 7.018609265311971657e-02
-1.358165663990179972e+01 6.115565497867033601e-02
-1.222357155295111220e+01 5.231990932591475824e-02
-1.086546857131922827e+01 4.365608527880757150e-02
-9.507359069493626080e+00 3.525445869731142629e-02
-8.149247299606381389e+00 2.720449471577246134e-02
-6.791143509445531912e+00 1.966081913659213642e-02
-5.433054724920747702e+00 1.286645387220921796e-02
-4.074976582433634142e+00 7.081707160965900784e-03
-2.716922406036123228e+00 2.721331277518948804e-03
-1.358936351191954550e+00 2.478759590578864325e-04
-1.066723463162842387e-03 2.591985638141189080e-05
