-3.942915516803411435e+01 3.887894730869203386e+01
-7.856555217757474452e+01 3.847309445576981801e+01
-1.056090312455413454e+02 3.806724160284745295e+01
-1.241320852295354769e+02 3.766138874992473262e+01
-1.366518519490543895e+02 3.725553589700153623e+01
-1.449418463735036653e+02 3.684968304407766482e+01
-1.502516446370213430e+02 3.644383019115294076e+01
-1.534616681295483147e+02 3.603797733822721483e+01
-1.551922406572193438e+02 3.563212448530032361e+01
-1.558804275034462989e+02 3.522627163237208237e+01
-1.558341743894850993e+02 3.482041877944232766e+01
-1.552704524882999237e+02 3.441456592651091739e+01
-1.543421344869565246e+02 3.400871307357765261e+01
-1.531569308159324123e+02 3.360286022064238409e+01
-1.517907316623582403e+02 3.319700736770494842e+01
-1.502970074327164696e+02 3.279115451476518217e+01
-1.487134320935108747e+02 3.238530166182295744e+01
-1.470665498183259103e+02 3.197944880887815700e+01
-1.453750629954733995e+02 3.157359595593062807e+01
-1.436521488793580090e+02 3.116774310298034578e+01
-1.419070918474920404e+02 3.076189025002721422e+01
-1.401464334496576498e+02 3.035603739707125470e+01
-1.383747827049761270e+02 2.995018454411253828e+01
-1.365953870177964404e+02 2.954433169115124969e+01
-1.348105344313437968e+02 2.913847883818771578e+01
-1.330218370459965058e+02 2.873262598522244460e+01
-1.312304307090088287e+02 2.832677313225629234e+01
-1.294371157111027344e+02 2.792092027929049181e+01
-1.276424559179130966e+02 2.751506742632688329e+01
-1.258468486156272945e+02 2.710921457336816687e+01
-1.240505737225486058e+02 2.670336172041821854e+01
-1.222538284623842202e+02 2.629750886748261962e+01
-1.204567517942127921e+02 2.589165601456939569e+01
-1.186594416252546864e+02 2.548580316168995097e+01
-1.168619669385775666e+02 2.507995030886060306e+01
-1.150643763379884348e+02 2.467409745610454763e+01
-1.132667040685606281e+02 2.426824460345476098e+01
-1.114689742585557752e+02 2.386239175095817444e+01
-1.096712039081822923e+02 2.345653889868141562e+01
-1.078734049954080376e+02 2.305068604671916432e+01
-1.060755859596712014e+02 2.264483319520584814e+01
-1.042777527472761250e+02 2.223898034433231885e+01
-1.024799095479663293e+02 2.183312749436954547e+01
-1.006820593139137685e+02 2.142727464570215901e+01
-9.888420412541093185e+01 2.102142179887614759e+01
-9.708634544856384707e+01 2.061556895466653216e+01
-9.528848431690627763e+01 2.020971611417330749e+01
-9.349062145943098301e+01 1.980386327895780596e+01
-9.169275739089890465e+01 1.939801045123607182e+01
-8.989489247561040486e+01 1.899215763415336866e+01
-8.809702697253965198e+01 1.858630483217387308e+01
-8.629916106742223292e+01 1.818045205163356570e+01
-8.450129489577059871e+01 1.777459930152515710e+01
-8.270342855966889317e+01 1.736874659461199855e+01
-8.090556214042621264e+01 1.696289394900909642e+01
-7.910769570865718947e+01 1.655704139042699907e+01
-7.730982933303755544e+01 1.615118895535655597e+01
-7.551196308881958430e+01 1.574533669558902460e+01
-7.371409706716214316e+01 1.533948468463139569e+01
-7.191623138643093682e+01 1.493363302681164306e+01
-7.011836620686909782e+01 1.452778187020170542e+01
-6.832050175045479534e+01 1.412193142495901377e+01
-6.652263832840597502e+01 1.371608198935841649e+01
-6.472477637973912579e+01 1.331023398673915104e+01
-6.292691652565802940e+01 1.290438801794335788e+01
-6.112905964650999380e+01 1.249854493574163250e+01
-5.933120699084183514e+01 1.209270595046469765e+01
-5.753336033006368666e+01 1.168687277992550300e+01
-5.573552217787948138e+01 1.128104786220260358e+01
-5.393769610166405215e+01 1.087523465764183683e+01
-5.213988716435655135e+01 1.046943807748501776e+01
-5.034210255160713388e+01 1.006366509221923700e+01
-4.854435246186029929e+01 9.657925595002238239e+00
-4.674665136962829592e+01 9.252233627115359127e+00
-4.494901981843376859e+01 8.846609117239211173e+00
-4.315148696551113261e+01 8.441080349994022569e+00
-4.135409419347402604e+01 8.035687469519666948e+00
-3.955690023632070051e+01 7.630487452079226074e+00
-3.775998845472697951e+01 7.225561163636325723e+00
-3.596347716197458766e+01 6.821023375896382746e+00
-3.416574189382988180e+01 6.417036632568033028e+00
-3.236752954425453055e+01 6.013485883738805882e+00
-3.056920457498695853e+01 5.610395698795602293e+00
-2.877078349425784154e+01 5.208124475413423937e+00
-2.697232553972218838e+01 4.807029625317322363e+00
-2.517376303748984157e+01 4.407458869965052983e+00
-2.337527861973262588e+01 4.009832580598613028e+00
-2.157690184312725634e+01 3.614630615325540752e+00
-1.977856054159594024e+01 3.222705423993766249e+00
-1.798016388069617122e+01 2.835203519465299582e+00
-1.618158522091356843e+01 2.453794592396244756e+00
-1.438292657597117774e+01 2.080669844540259827e+00
-1.258418126157196504e+01 1.718193857564458416e+00
-1.078546497913273505e+01 1.369639084098504656e+00
-8.986884206239864170e+00 1.038602039908512520e+00
-7.190060610272967168e+00 7.165915259275433824e-01
-5.392935791218852692e+00 4.372428193615268133e-01
-3.595615530549772121e+00 2.132407047616352858e-01
-1.798311806894931530e+00 6.393429426652753877e-02
-1.570522064417332339e-03 2.978817744527447755e-04
